/*--------------------------------*- C++ -*----------------------------------*\
| =========                 |                                                 |
| \\      /  F ield         | OpenFOAM: The Open Source CFD Toolbox           |
|  \\    /   O peration     | Version:  2212                                  |
|   \\  /    A nd           | Website:  www.openfoam.com                      |
|    \\/     M anipulation  |                                                 |
\*---------------------------------------------------------------------------*/
FoamFile
{
    version     2.0;
    format      ascii;
    arch        "LSB;label=32;scalar=64";
    class       volScalarField;
    location    "0.0045";
    object      p;
}
// * * * * * * * * * * * * * * * * * * * * * * * * * * * * * * * * * * * * * //

dimensions      [0 2 -2 0 0 0 0];

internalField   nonuniform List<scalar> 
10000
(
4.46703e-07
-3.06696e-05
-6.85777e-05
8.72653e-05
0.000274298
0.000373523
0.000401127
0.000407264
0.00044133
0.000538799
0.000721676
0.00101369
0.00143675
0.0020026
0.00271847
0.00358882
0.00461589
0.00580211
0.00714448
0.00863018
0.0102493
0.0119969
0.0138691
0.0158606
0.0179674
0.0201868
0.0225171
0.0249574
0.0275082
0.030168
0.0329297
0.0357842
0.0387266
0.0417572
0.0448757
0.04808
0.0513668
0.054731
0.0581656
0.0616634
0.06522
0.0688345
0.0725043
0.0762219
0.0799786
0.0837672
0.0875832
0.0914244
0.0952874
0.0991693
0.103067
0.106976
0.110887
0.114791
0.118682
0.122555
0.126404
0.130224
0.134005
0.137744
0.141434
0.145072
0.14865
0.152162
0.155602
0.158963
0.162238
0.165421
0.168504
0.171481
0.174348
0.177105
0.179749
0.182277
0.184687
0.186976
0.189138
0.191166
0.193055
0.194798
0.196386
0.197812
0.199074
0.200172
0.201104
0.201862
0.202443
0.202846
0.203068
0.203111
0.202974
0.202667
0.202207
0.201616
0.200927
0.200183
0.199447
0.198804
0.198364
0.198215
0.000276766
0.000690443
0.00091174
0.00116107
0.00136311
0.00147361
0.00153071
0.0015795
0.00166194
0.00180737
0.00203858
0.00237335
0.00282776
0.00341831
0.00415239
0.00503041
0.00605583
0.00723142
0.00855475
0.0100204
0.0116201
0.0133457
0.0151916
0.0171536
0.0192294
0.0214163
0.0237111
0.026112
0.0286197
0.0312339
0.0339499
0.0367616
0.0396643
0.0426538
0.0457266
0.0488803
0.0521144
0.0554269
0.0588112
0.0622588
0.0657643
0.0693245
0.0729371
0.0765965
0.0802951
0.084027
0.0877876
0.091571
0.0953741
0.0991962
0.103034
0.106882
0.110732
0.114577
0.118406
0.122218
0.126009
0.12977
0.133493
0.137176
0.140814
0.144398
0.147923
0.151383
0.15477
0.158078
0.161302
0.164437
0.167472
0.170401
0.173224
0.17594
0.178544
0.181032
0.183403
0.185655
0.187781
0.189776
0.191634
0.193349
0.194914
0.196322
0.197573
0.198667
0.199603
0.200375
0.200977
0.201411
0.20168
0.201785
0.20173
0.201524
0.201183
0.200733
0.2002
0.199624
0.199054
0.198554
0.198201
0.198054
0.00108525
0.00161085
0.00190144
0.00214262
0.00231295
0.00240646
0.00246984
0.00253972
0.0026442
0.00281527
0.00307495
0.00343387
0.00390858
0.00451395
0.00525692
0.0061421
0.00716931
0.00833795
0.00964778
0.0110971
0.0126789
0.0143857
0.0162105
0.0181491
0.0202005
0.0223627
0.0246321
0.0270067
0.0294851
0.0320653
0.0347446
0.0375206
0.0403904
0.0433482
0.0463872
0.0495045
0.0526996
0.0559715
0.0593147
0.0627217
0.0661877
0.0697082
0.0732777
0.0768921
0.0805458
0.0842331
0.0879498
0.0916896
0.0954473
0.0992227
0.103014
0.106812
0.110612
0.114406
0.118187
0.121951
0.125694
0.12941
0.133089
0.13673
0.140327
0.143872
0.147356
0.150773
0.154118
0.157386
0.160569
0.163664
0.166662
0.169558
0.172349
0.175035
0.177611
0.180071
0.182413
0.184634
0.186733
0.188702
0.190536
0.192231
0.19378
0.195179
0.196426
0.197522
0.198463
0.199245
0.199862
0.200318
0.200619
0.200768
0.20077
0.200633
0.200374
0.200014
0.199579
0.199099
0.198613
0.198172
0.19782
0.19759
0.00250414
0.00284448
0.00301667
0.00314006
0.00321756
0.00325285
0.00329038
0.00335214
0.00345968
0.00363885
0.00390656
0.00427856
0.0047655
0.00537573
0.00612094
0.0070074
0.00803432
0.00919975
0.0105022
0.0119387
0.0135053
0.0151959
0.0170035
0.0189243
0.0209565
0.0230979
0.0253472
0.0277032
0.0301625
0.03272
0.035373
0.0381207
0.0409617
0.043891
0.0469029
0.0499946
0.0531632
0.0564042
0.0597133
0.0630861
0.0665194
0.0700089
0.0735469
0.0771276
0.0807474
0.0844009
0.0880822
0.0917865
0.09551
0.0992503
0.103003
0.106761
0.110517
0.114268
0.118009
0.121735
0.125442
0.129121
0.132768
0.136378
0.139945
0.143458
0.146909
0.150293
0.153605
0.156839
0.15999
0.163055
0.166025
0.168895
0.171664
0.174331
0.176887
0.179325
0.181644
0.183843
0.18592
0.187868
0.189684
0.191365
0.192906
0.194302
0.19555
0.196648
0.197594
0.19838
0.199006
0.199475
0.199796
0.199975
0.200016
0.199924
0.199716
0.199411
0.199029
0.198593
0.198135
0.197693
0.197284
0.196913
0.00414692
0.00417665
0.0041519
0.00413001
0.00410081
0.00406763
0.00405922
0.00409738
0.00419757
0.00437163
0.00463901
0.00501472
0.00550574
0.00611928
0.00686378
0.00774512
0.0087662
0.00992581
0.0112211
0.0126474
0.0142009
0.0158769
0.0176705
0.0195783
0.0215959
0.0237208
0.0259527
0.028291
0.030732
0.0332706
0.0359044
0.0386313
0.0414478
0.0443506
0.0473373
0.0504063
0.0535527
0.0567689
0.0600502
0.0633947
0.0667999
0.0702609
0.0737719
0.0773269
0.0809202
0.084546
0.0881987
0.0918731
0.0955668
0.0992775
0.102998
0.106719
0.110438
0.114154
0.11786
0.121553
0.125228
0.12888
0.132499
0.136083
0.139624
0.14311
0.146532
0.149887
0.153171
0.156378
0.159503
0.162541
0.165489
0.16834
0.171092
0.173741
0.17628
0.178699
0.180998
0.183179
0.185239
0.187172
0.188975
0.190645
0.192181
0.193575
0.194823
0.195922
0.196868
0.197655
0.198285
0.198764
0.199101
0.199302
0.19937
0.199311
0.199137
0.198865
0.198512
0.198093
0.197634
0.197163
0.196669
0.196134
0.0057426
0.00545068
0.00521613
0.00504777
0.00491653
0.00481023
0.00475121
0.00475706
0.00483663
0.00500035
0.00526133
0.00563081
0.00611888
0.00673264
0.00747555
0.00835173
0.00936485
0.0105156
0.0118015
0.0132181
0.01476
0.0164233
0.0182049
0.0201014
0.0221082
0.0242229
0.0264436
0.0287673
0.0311908
0.0337123
0.0363301
0.0390406
0.0418386
0.0447217
0.0476889
0.0507378
0.0538631
0.0570585
0.0603194
0.0636431
0.0670268
0.0704654
0.0739537
0.077488
0.0810611
0.0846648
0.0882945
0.0919465
0.0956166
0.0993009
0.102993
0.106685
0.110375
0.114061
0.117741
0.121407
0.125057
0.128684
0.132282
0.135844
0.139362
0.142824
0.146222
0.149554
0.152816
0.156002
0.159105
0.162123
0.165052
0.167888
0.170625
0.173258
0.17578
0.178183
0.180468
0.182635
0.184684
0.186607
0.188401
0.190064
0.191594
0.192984
0.194229
0.195325
0.196267
0.197055
0.197689
0.198177
0.198527
0.198744
0.19883
0.19879
0.198637
0.198383
0.198041
0.197621
0.197143
0.196627
0.196039
0.195337
0.00719239
0.00661614
0.00618852
0.00588103
0.0056426
0.00546296
0.00535132
0.0053158
0.00536733
0.00551512
0.0057642
0.0061233
0.00660325
0.00721063
0.0079486
0.00881972
0.00982557
0.010967
0.0122422
0.013648
0.0151794
0.0168326
0.0186039
0.0204897
0.0224873
0.0245948
0.0268082
0.0291223
0.0315342
0.0340432
0.0366474
0.0393432
0.0421272
0.0449976
0.0479523
0.050987
0.0540953
0.0572738
0.06052
0.0638294
0.0671978
0.0706212
0.0740944
0.0776124
0.0811685
0.0847547
0.0883668
0.0920015
0.0956537
0.0993176
0.102987
0.106656
0.110325
0.113991
0.11765
0.121296
0.124925
0.128532
0.132112
0.135655
0.139152
0.142595
0.145976
0.149292
0.152539
0.15571
0.158797
0.1618
0.164714
0.167536
0.170258
0.172876
0.175383
0.177775
0.180051
0.182211
0.184254
0.186171
0.187958
0.189615
0.191138
0.192521
0.19376
0.194849
0.195788
0.196577
0.197217
0.197713
0.198073
0.198301
0.198397
0.198368
0.198224
0.197977
0.197634
0.197201
0.196693
0.196124
0.195438
0.194579
0.00845426
0.00764097
0.00704702
0.00660964
0.00626601
0.00601124
0.00584374
0.00576513
0.00578471
0.00590891
0.00614225
0.00649076
0.00696077
0.00755806
0.00828747
0.00915125
0.0101495
0.0112812
0.0125454
0.0139395
0.0154606
0.0171051
0.0188681
0.020746
0.0227372
0.0248386
0.0270455
0.0293533
0.0317593
0.0342619
0.0368573
0.0395423
0.0423167
0.0451796
0.0481266
0.0511522
0.0542509
0.0574193
0.0606557
0.063956
0.0673152
0.0707291
0.0741928
0.0776999
0.0812426
0.0848149
0.0884142
0.0920367
0.0956756
0.0993243
0.102978
0.106633
0.110289
0.113942
0.117587
0.121217
0.124831
0.128424
0.131988
0.135514
0.138996
0.142425
0.145795
0.149102
0.152341
0.155502
0.15858
0.161571
0.164474
0.167283
0.169993
0.172597
0.175093
0.177478
0.17975
0.181909
0.183949
0.185863
0.187645
0.189294
0.19081
0.192186
0.193417
0.194502
0.195441
0.196232
0.196878
0.197382
0.197748
0.19798
0.19808
0.198054
0.197912
0.197663
0.197311
0.196858
0.196314
0.195688
0.194907
0.193906
0.00951378
0.00850387
0.00776381
0.00721443
0.00677536
0.00644129
0.00621677
0.00609696
0.00608206
0.00617832
0.00639265
0.00672826
0.00718753
0.00777494
0.00849467
0.00934888
0.0103379
0.0114598
0.012713
0.014096
0.0156068
0.0172419
0.0189977
0.0208713
0.0228595
0.024957
0.0271592
0.0294636
0.0318675
0.0343669
0.0369582
0.0396392
0.0424101
0.0452697
0.0482128
0.0512338
0.0543287
0.0574946
0.0607277
0.0640236
0.0673789
0.070789
0.0742474
0.0777469
0.0812812
0.0848454
0.0884373
0.0920523
0.0956828
0.099323
0.102969
0.106619
0.11027
0.113917
0.117554
0.121175
0.124779
0.128361
0.131914
0.135428
0.138899
0.142321
0.145688
0.148992
0.152227
0.155384
0.158455
0.16144
0.164335
0.167135
0.169834
0.17243
0.17492
0.177302
0.179575
0.181735
0.183775
0.185686
0.187463
0.189107
0.190616
0.191987
0.193215
0.194298
0.195238
0.196032
0.196683
0.19719
0.197558
0.19779
0.197889
0.197862
0.197717
0.197462
0.197095
0.196616
0.196032
0.195348
0.194478
0.193349
0.0103695
0.00919161
0.00832532
0.0076804
0.0071542
0.006746
0.00646401
0.00630073
0.00625191
0.00632145
0.00651426
0.00683324
0.00728066
0.0078584
0.00856842
0.00941255
0.010391
0.0115025
0.0127457
0.0141192
0.0156207
0.0172474
0.0189976
0.0208685
0.022855
0.0249512
0.0271531
0.0294579
0.0318619
0.0343604
0.0369512
0.0396341
0.0424078
0.0452683
0.0482113
0.0512329
0.0543295
0.0574975
0.0607329
0.064031
0.067388
0.0707988
0.0742557
0.0777521
0.0812834
0.0848461
0.0884369
0.0920502
0.0956787
0.099318
0.102966
0.106618
0.110271
0.113918
0.117554
0.121172
0.124772
0.128349
0.131895
0.135403
0.138869
0.14229
0.145658
0.148964
0.152199
0.155355
0.158426
0.161408
0.1643
0.167095
0.169789
0.172381
0.174869
0.177253
0.179528
0.181688
0.183727
0.185635
0.18741
0.18905
0.190557
0.191926
0.193154
0.194238
0.195178
0.195975
0.196626
0.197134
0.1975
0.197729
0.197825
0.197795
0.197647
0.197382
0.196997
0.196488
0.195862
0.195121
0.194169
0.192929
0.0110186
0.00970181
0.00872557
0.00799237
0.00739261
0.00691911
0.00657945
0.00637095
0.00628937
0.00633342
0.00650431
0.00680548
0.00723953
0.00780657
0.00850691
0.0093412
0.010309
0.0114105
0.0126448
0.0140101
0.0155044
0.017126
0.0188735
0.0207429
0.0227283
0.0248255
0.0270309
0.0293393
0.0317456
0.0342467
0.0368418
0.0395304
0.0423102
0.0451762
0.0481242
0.0511514
0.0542547
0.0574295
0.0606719
0.0639774
0.0673412
0.0707569
0.0742167
0.0777154
0.0812503
0.0848181
0.0884142
0.092032
0.0956654
0.0993116
0.102968
0.10663
0.11029
0.113942
0.117582
0.121205
0.124807
0.128384
0.131929
0.135437
0.138906
0.142331
0.145703
0.149013
0.152251
0.155409
0.158483
0.161469
0.164363
0.167159
0.169854
0.172446
0.174937
0.177323
0.179599
0.181758
0.183793
0.1857
0.187474
0.189117
0.190626
0.191997
0.193227
0.194312
0.195252
0.196046
0.196696
0.197202
0.197566
0.197793
0.197887
0.197854
0.197699
0.197421
0.197015
0.196475
0.195807
0.195013
0.193988
0.192651
0.0114592
0.0100317
0.00895893
0.0081476
0.0074825
0.00695069
0.00655871
0.00630693
0.00619164
0.00620953
0.00635982
0.00664386
0.00706331
0.00761848
0.0083087
0.00913321
0.010092
0.0111852
0.0124117
0.0137702
0.0152602
0.0168806
0.018628
0.0204974
0.0224847
0.0245858
0.0267965
0.0291106
0.0315225
0.0340307
0.0366351
0.0393334
0.0421222
0.0449974
0.0479556
0.050994
0.0541083
0.0572943
0.0605484
0.0638656
0.0672399
0.0706641
0.0741316
0.0776392
0.0811846
0.0847637
0.0883702
0.0919983
0.0956433
0.0993026
0.102973
0.106647
0.110319
0.113982
0.117632
0.121265
0.124876
0.128459
0.13201
0.135525
0.139001
0.142434
0.145813
0.149129
0.152371
0.155537
0.158619
0.161614
0.164517
0.167321
0.170023
0.172621
0.175115
0.177504
0.179779
0.181936
0.183969
0.185877
0.187656
0.189305
0.19082
0.192196
0.193428
0.194513
0.195451
0.196243
0.196891
0.197396
0.197759
0.197983
0.198074
0.198036
0.197872
0.197578
0.197147
0.196576
0.195868
0.195025
0.193936
0.192516
0.0116903
0.0101752
0.00902563
0.00814527
0.0074175
0.006834
0.00639753
0.00610612
0.00595708
0.00594861
0.00607861
0.00634587
0.00675064
0.00729314
0.00797239
0.00878756
0.00973901
0.0108256
0.0120465
0.0134013
0.0148902
0.0165117
0.0182609
0.0201334
0.0221264
0.0242354
0.0264534
0.0287747
0.0311964
0.0337174
0.0363358
0.0390476
0.0418495
0.0447386
0.0477118
0.0507656
0.0538953
0.0570971
0.0603673
0.0636997
0.0670871
0.0705235
0.0740044
0.0775275
0.0810897
0.0846851
0.0883071
0.0919508
0.0956127
0.0992897
0.102977
0.106667
0.110353
0.114032
0.117699
0.121348
0.124973
0.128569
0.132133
0.135661
0.13915
0.142594
0.145982
0.149306
0.152557
0.155735
0.158832
0.161843
0.164761
0.16758
0.170294
0.172903
0.175404
0.177795
0.180071
0.182228
0.184264
0.186178
0.187967
0.189626
0.191148
0.192528
0.193762
0.194847
0.195784
0.196576
0.197224
0.197728
0.19809
0.198311
0.198396
0.19835
0.198171
0.197856
0.197399
0.196795
0.19605
0.195163
0.194017
0.192526
0.0117141
0.0101313
0.00892141
0.00798094
0.00719719
0.00656692
0.00609085
0.00576422
0.00558438
0.00555011
0.00565911
0.00590917
0.00629927
0.00682879
0.00749699
0.00830376
0.00924846
0.0103299
0.0115477
0.0129028
0.0143939
0.0160178
0.0177711
0.0196511
0.0216537
0.0237725
0.0260008
0.0283342
0.0307711
0.0333094
0.0359455
0.0386751
0.0414953
0.0444036
0.0473963
0.0504695
0.0536192
0.0568412
0.0601311
0.0634817
0.0668858
0.0703394
0.07384
0.0773849
0.0809693
0.084586
0.0882287
0.0918934
0.0955771
0.0992751
0.102981
0.10669
0.110396
0.114096
0.117786
0.121457
0.125103
0.128719
0.132302
0.13585
0.139356
0.142814
0.146214
0.149549
0.152816
0.156011
0.15913
0.162162
0.1651
0.167938
0.170671
0.173294
0.175806
0.178204
0.180485
0.182648
0.184692
0.186617
0.188417
0.190086
0.191615
0.192998
0.194234
0.195321
0.19626
0.197054
0.197704
0.198209
0.198568
0.198783
0.198859
0.1988
0.198604
0.198265
0.19778
0.197144
0.196363
0.195435
0.194238
0.192685
0.0115425
0.00990122
0.0086394
0.00765206
0.00682142
0.00614802
0.00563529
0.00527762
0.00507045
0.00501151
0.00509936
0.00533162
0.0057064
0.00622316
0.00688157
0.00768064
0.0086189
0.009697
0.0109151
0.0122727
0.0137675
0.0153965
0.0171578
0.0190487
0.0210633
0.0231945
0.0254371
0.0277884
0.0302457
0.0328051
0.0354625
0.0382144
0.041058
0.0439902
0.0470067
0.0501041
0.0532784
0.0565251
0.0598381
0.0632104
0.0666364
0.0701141
0.0736416
0.0772146
0.0808264
0.0844699
0.0881393
0.091831
0.095541
0.0992635
0.102993
0.106725
0.110457
0.114184
0.117901
0.1216
0.125272
0.128914
0.132523
0.136095
0.139622
0.143098
0.146515
0.149868
0.153155
0.156374
0.159517
0.162574
0.165536
0.168397
0.171151
0.173794
0.176322
0.178733
0.181026
0.183201
0.185258
0.187195
0.189007
0.190682
0.192214
0.193601
0.194841
0.195933
0.196877
0.197675
0.198328
0.198833
0.199188
0.199395
0.19946
0.199386
0.199171
0.198808
0.198295
0.197628
0.196812
0.195845
0.194603
0.192995
0.0111868
0.00948852
0.00818113
0.00715555
0.00628612
0.00557532
0.00502891
0.00464229
0.0044099
0.00432807
0.00439508
0.0046093
0.00496934
0.00547436
0.00612367
0.00691565
0.00784974
0.00892698
0.0101472
0.0115082
0.0130079
0.0146454
0.0164187
0.0183228
0.020351
0.0224978
0.0247598
0.0271337
0.029615
0.0321988
0.0348814
0.0376598
0.040531
0.0434911
0.0465359
0.0496625
0.0528667
0.0561422
0.0594824
0.0628817
0.0663367
0.0698465
0.0734082
0.0770152
0.0806602
0.0843369
0.0880399
0.0917644
0.0955056
0.0992572
0.103015
0.106777
0.110541
0.114302
0.118051
0.121781
0.125485
0.129158
0.132798
0.136398
0.139951
0.143449
0.14689
0.150267
0.153579
0.156825
0.159994
0.163077
0.166064
0.16895
0.171731
0.174398
0.176949
0.17938
0.181691
0.183883
0.185956
0.187906
0.189725
0.191404
0.19294
0.194332
0.195579
0.19668
0.197632
0.198435
0.199089
0.199592
0.199941
0.20014
0.200194
0.200106
0.199872
0.199486
0.198945
0.198248
0.197398
0.196395
0.195113
0.193455
0.0106499
0.00889994
0.00755033
0.00648944
0.00558699
0.00484442
0.00426766
0.00385314
0.0035961
0.00349246
0.00353994
0.00373754
0.00408444
0.00457919
0.00522033
0.00600702
0.00693999
0.0080186
0.00924132
0.0106066
0.0121142
0.0137633
0.0155502
0.0174686
0.0195131
0.0216799
0.0239656
0.0263651
0.0288727
0.0314839
0.0341954
0.0370039
0.0399059
0.0428977
0.0459757
0.0491368
0.0523754
0.055684
0.0590567
0.06249
0.0659821
0.0695315
0.0731334
0.07678
0.0804644
0.0841811
0.0879242
0.0916871
0.0954646
0.0992513
0.103044
0.106844
0.110647
0.114446
0.118232
0.121997
0.125736
0.129446
0.133122
0.136756
0.140339
0.143867
0.147338
0.150746
0.154088
0.157362
0.160558
0.163665
0.166679
0.169595
0.172405
0.175103
0.177683
0.180142
0.182478
0.184692
0.186781
0.188743
0.19057
0.192256
0.193798
0.195199
0.196457
0.197568
0.198527
0.199333
0.199986
0.200486
0.200831
0.201024
0.201068
0.200967
0.200714
0.200304
0.199735
0.199008
0.198126
0.197089
0.195768
0.194065
0.00993266
0.00813829
0.006749
0.00565437
0.00472098
0.00394953
0.00334471
0.00290321
0.00262202
0.00249742
0.00252744
0.00271121
0.00304711
0.0035334
0.00416898
0.00495391
0.0058876
0.00696822
0.00819447
0.00956664
0.0110851
0.0127474
0.0145483
0.0164829
0.0185479
0.0207393
0.0230516
0.0254784
0.0280145
0.0306562
0.0333998
0.0362412
0.0391771
0.0422049
0.0453211
0.0485212
0.051798
0.0551441
0.0585555
0.0620305
0.065567
0.0691616
0.0728085
0.0764998
0.0802296
0.0839925
0.0877812
0.0915878
0.0954075
0.099237
0.103074
0.106919
0.110767
0.114608
0.118435
0.122241
0.126021
0.129773
0.13349
0.137162
0.140783
0.144349
0.147858
0.151303
0.154678
0.157982
0.161205
0.16434
0.167384
0.170333
0.173179
0.175913
0.178528
0.18102
0.183387
0.185625
0.187735
0.189712
0.19155
0.193246
0.194801
0.196216
0.197487
0.198608
0.199571
0.200378
0.201031
0.201529
0.201871
0.20206
0.202097
0.201982
0.201709
0.201275
0.200677
0.199919
0.199004
0.197933
0.196574
0.19483
0.00903643
0.00720122
0.00577682
0.00465042
0.00368542
0.00288472
0.00225282
0.0017854
0.001481
0.00133745
0.00135259
0.0015249
0.00185244
0.00233365
0.00296751
0.00375322
0.00468847
0.00577208
0.00700457
0.00838686
0.0099179
0.0115939
0.0134107
0.0153657
0.0174556
0.0196746
0.0220156
0.0244723
0.0270402
0.0297152
0.0324933
0.0353704
0.0383442
0.0414127
0.0445714
0.0478137
0.0511323
0.0545211
0.0579779
0.0615013
0.0650875
0.0687313
0.0724271
0.0761682
0.0799488
0.0837632
0.0876024
0.0914581
0.0953272
0.099208
0.103098
0.106995
0.110893
0.114782
0.118655
0.122508
0.126336
0.130135
0.133899
0.137618
0.141284
0.144897
0.14845
0.151937
0.155349
0.158685
0.161939
0.165107
0.168186
0.171172
0.174058
0.176832
0.179487
0.182016
0.184416
0.186684
0.188817
0.190814
0.192671
0.194385
0.195957
0.197388
0.198672
0.1998
0.200767
0.201575
0.202229
0.20273
0.203073
0.203259
0.203289
0.203159
0.202866
0.202406
0.20178
0.20099
0.200042
0.198936
0.19754
0.195754
0.00796095
0.00608819
0.00463126
0.00347406
0.00247707
0.00164559
0.000986289
0.000494269
0.000168538
8.56708e-06
1.14222e-05
0.000174678
0.000497114
0.000977038
0.00161213
0.00239954
0.00333769
0.00442725
0.00566936
0.0070637
0.00860799
0.0102997
0.012137
0.0141176
0.0162359
0.0184849
0.0208573
0.0233476
0.0259508
0.028662
0.0314774
0.0343941
0.0374107
0.0405245
0.0437288
0.0470164
0.0503811
0.0538188
0.0573274
0.0609044
0.0645439
0.0682405
0.0719897
0.0757859
0.0796224
0.0834925
0.0873868
0.0912981
0.0952246
0.0991652
0.103116
0.107071
0.111024
0.114966
0.118893
0.1228
0.126682
0.130534
0.134352
0.138124
0.141845
0.14551
0.149114
0.152646
0.1561
0.159474
0.162766
0.165972
0.169092
0.17212
0.175049
0.177864
0.180559
0.183127
0.185563
0.187864
0.190028
0.192051
0.193932
0.195669
0.197262
0.19871
0.200005
0.201139
0.202111
0.202924
0.203584
0.20409
0.204436
0.20462
0.20464
0.204495
0.204181
0.203696
0.203042
0.202221
0.201239
0.200098
0.198666
0.196838
0.00670923
0.00479967
0.00330915
0.00212125
0.00109264
0.000229414
-0.000457907
-0.000972811
-0.00131724
-0.00149168
-0.00149888
-0.00134137
-0.00102072
-0.000539932
9.71636e-05
0.000887585
0.00183174
0.00293084
0.00418471
0.00559198
0.00715171
0.00886383
0.0107271
0.0127371
0.0148867
0.0171686
0.0195765
0.0221043
0.024746
0.0274967
0.0303538
0.0333156
0.0363801
0.0395428
0.0427959
0.046133
0.0495499
0.053043
0.0566092
0.0602438
0.0639403
0.0676941
0.0715023
0.075359
0.0792561
0.0831861
0.0871408
0.0911145
0.0951064
0.0991135
0.10313
0.107149
0.111162
0.115164
0.119152
0.123121
0.127064
0.130976
0.134853
0.138685
0.142465
0.146189
0.149848
0.153431
0.156933
0.160353
0.163691
0.166943
0.170108
0.173181
0.176153
0.17901
0.181745
0.184353
0.18683
0.189169
0.191368
0.193425
0.195335
0.197097
0.198711
0.200175
0.201482
0.202626
0.203606
0.204429
0.205099
0.205612
0.205959
0.206138
0.206147
0.205987
0.205653
0.205144
0.204463
0.203611
0.202594
0.201418
0.199948
0.19808
0.00528383
0.00333536
0.0018091
0.000588968
-0.000471187
-0.00136509
-0.00207918
-0.00261537
-0.0029768
-0.00316405
-0.00317865
-0.00302386
-0.00270356
-0.00222169
-0.00158188
-0.000785421
0.000168158
0.00127873
0.00254533
0.00396783
0.00554773
0.00728566
0.00917863
0.0112205
0.0134041
0.015723
0.0181704
0.0207389
0.0234225
0.0262174
0.0291222
0.0321351
0.0352521
0.0384673
0.0417736
0.0451665
0.0486426
0.0521975
0.0558257
0.0595219
0.0632804
0.0670977
0.0709711
0.0748935
0.0788553
0.0828499
0.0868709
0.0909142
0.0949779
0.0990566
0.103143
0.10723
0.111311
0.11538
0.119436
0.123474
0.127484
0.131462
0.135404
0.139302
0.143146
0.146932
0.150651
0.154291
0.157849
0.161325
0.164718
0.168023
0.171238
0.174358
0.177373
0.180273
0.183051
0.185704
0.188225
0.190608
0.192848
0.194941
0.196883
0.198672
0.200308
0.20179
0.203113
0.204272
0.205267
0.206104
0.206784
0.207301
0.207647
0.207819
0.207817
0.20764
0.207287
0.206755
0.206046
0.205162
0.20411
0.202899
0.20139
0.199481
0.0036821
0.00169386
0.000129941
-0.00112448
-0.00221529
-0.00313721
-0.00387627
-0.0044327
-0.0048094
-0.00500709
-0.00502731
-0.00487482
-0.00455512
-0.00407164
-0.00342662
-0.00262115
-0.00165656
-0.000533761
0.000747732
0.00219006
0.00379534
0.0055625
0.007487
0.00956296
0.0117842
0.0141437
0.0166333
0.0192456
0.0219755
0.0248208
0.0277798
0.0308488
0.0340222
0.0372944
0.0406603
0.0441163
0.0476582
0.0512798
0.0549743
0.0587373
0.0625644
0.066452
0.0703963
0.074389
0.0784205
0.0824855
0.0865795
0.0906986
0.094839
0.0989932
0.103153
0.107314
0.11147
0.115616
0.119748
0.12386
0.127943
0.131993
0.136006
0.139974
0.143887
0.147739
0.151522
0.155227
0.15885
0.162392
0.165848
0.169212
0.17248
0.175649
0.178711
0.181658
0.184485
0.187188
0.189759
0.192188
0.194471
0.196603
0.198578
0.200397
0.202059
0.203564
0.204908
0.206087
0.2071
0.207951
0.20864
0.20916
0.209503
0.209667
0.209654
0.209463
0.209091
0.208535
0.207798
0.206881
0.205794
0.204545
0.202999
0.201047
0.00189935
-0.000127597
-0.00172897
-0.00301801
-0.00413857
-0.00508671
-0.00584942
-0.00642452
-0.00681417
-0.00702069
-0.0070471
-0.00689822
-0.00657866
-0.00609146
-0.00543877
-0.00462322
-0.00364698
-0.00250968
-0.0012089
0.000258093
0.00189189
0.00368986
0.00564778
0.00776082
0.0100226
0.0124249
0.0149591
0.017619
0.0204012
0.0233032
0.0263214
0.0294503
0.0326845
0.0360198
0.0394525
0.0429781
0.0465908
0.050283
0.0540488
0.0578849
0.0617878
0.0657522
0.0697727
0.0738406
0.0779477
0.0820901
0.0862639
0.0904641
0.0946854
0.0989193
0.103159
0.107401
0.11164
0.11587
0.120085
0.124277
0.12844
0.132568
0.136657
0.140699
0.144684
0.148607
0.152461
0.156239
0.159936
0.163549
0.167074
0.170501
0.173827
0.17705
0.180165
0.183166
0.186048
0.188806
0.19143
0.193909
0.196236
0.198407
0.200419
0.202271
0.203963
0.205496
0.206866
0.208067
0.209099
0.209964
0.21066
0.211182
0.211523
0.211682
0.21166
0.211455
0.211064
0.210485
0.20972
0.20877
0.207647
0.206362
0.204778
0.202781
-6.57955e-05
-0.00213103
-0.00376796
-0.00509086
-0.00624146
-0.00721476
-0.00799912
-0.00859135
-0.00899344
-0.00920958
-0.00924343
-0.00909814
-0.0087771
-0.00828429
-0.00762322
-0.00679715
-0.00580684
-0.00465048
-0.00332558
-0.00183086
-0.000167053
0.00166359
0.00365789
0.00581089
0.00811506
0.0105619
0.0131443
0.0158574
0.0186977
0.021661
0.0247417
0.0279344
0.031235
0.0346404
0.0381462
0.0417461
0.0454332
0.0492006
0.0530436
0.05696
0.0609451
0.0649919
0.0690936
0.0732427
0.0774327
0.0816603
0.0859201
0.0902062
0.0945127
0.098832
0.103158
0.107489
0.111819
0.116139
0.120443
0.124722
0.12897
0.133181
0.137353
0.141473
0.145535
0.149535
0.153468
0.157326
0.161103
0.164793
0.168389
0.171883
0.175274
0.178559
0.181736
0.184799
0.187742
0.190559
0.193238
0.195767
0.19814
0.200353
0.202405
0.204294
0.206022
0.207586
0.208982
0.210205
0.211255
0.212132
0.212837
0.213363
0.213704
0.213859
0.213828
0.21361
0.213201
0.2126
0.211807
0.210826
0.209669
0.20835
0.206728
0.204687
-0.00221133
-0.0043174
-0.00598917
-0.00734504
-0.00852588
-0.00952316
-0.0103274
-0.0109373
-0.011354
-0.0115812
-0.0116222
-0.0114791
-0.0111556
-0.0106568
-0.00998682
-0.00914774
-0.00813885
-0.00695865
-0.00560632
-0.00408193
-0.00238587
-0.000519282
0.00151461
0.00370977
0.00605835
0.00855328
0.0111891
0.0139611
0.0168639
0.0198915
0.0230383
0.0263
0.0296736
0.0331553
0.0367389
0.0404166
0.0441823
0.0480308
0.0519581
0.0559612
0.060034
0.0641681
0.0683571
0.0725944
0.076875
0.0811945
0.085546
0.0899228
0.0943201
0.0987319
0.103153
0.107581
0.112007
0.116422
0.12082
0.125192
0.129531
0.133833
0.138092
0.142298
0.146444
0.150527
0.154546
0.15849
0.162352
0.166123
0.169795
0.173361
0.176823
0.180181
0.183429
0.186561
0.189569
0.192447
0.195183
0.197765
0.200187
0.202448
0.204546
0.206478
0.208244
0.20984
0.211262
0.212505
0.213572
0.214464
0.215179
0.215712
0.216054
0.216205
0.216165
0.215934
0.215508
0.214885
0.214067
0.213056
0.211867
0.210514
0.208853
0.206767
-0.00453582
-0.00668777
-0.00839552
-0.00978301
-0.0109937
-0.0120156
-0.0128408
-0.0134704
-0.0139038
-0.0141424
-0.0141893
-0.0140477
-0.013722
-0.0132166
-0.0125351
-0.0116786
-0.0106467
-0.0094396
-0.00805763
-0.0065008
-0.00476862
-0.00286224
-0.000785912
0.00145404
0.0038511
0.0063999
0.00909511
0.0119303
0.0148985
0.0179939
0.0212119
0.0245494
0.0280025
0.0315655
0.0352308
0.0389908
0.0428409
0.0467773
0.0507956
0.054891
0.0590561
0.063283
0.0675659
0.0718991
0.0762768
0.080694
0.0851425
0.089616
0.0941113
0.0986235
0.103147
0.107677
0.112204
0.11672
0.121217
0.125689
0.130127
0.134526
0.13888
0.143179
0.147417
0.151593
0.155704
0.159739
0.163689
0.167544
0.171296
0.174942
0.178485
0.181923
0.18525
0.188455
0.191532
0.194473
0.197269
0.199909
0.202389
0.204705
0.206854
0.208832
0.210636
0.212263
0.213711
0.214976
0.216063
0.216973
0.217701
0.218241
0.218585
0.218732
0.218684
0.21844
0.217998
0.217354
0.216511
0.215471
0.21425
0.212863
0.211162
0.209027
-0.00703942
-0.00924282
-0.0109889
-0.0124072
-0.0136485
-0.0146988
-0.0155482
-0.0161987
-0.016649
-0.0168987
-0.0169513
-0.0168116
-0.0164831
-0.0159689
-0.0152718
-0.0143938
-0.0133364
-0.0121004
-0.0106861
-0.00909283
-0.00732021
-0.00537051
-0.00324837
-0.000958858
0.00149308
0.00410214
0.00686147
0.00976308
0.0128004
0.0159689
0.0192652
0.0226852
0.0262233
0.029872
0.0336238
0.0374723
0.0414141
0.0454454
0.0495604
0.0537528
0.0580152
0.062341
0.0667252
0.0711611
0.075642
0.0801619
0.0847135
0.0892917
0.0938936
0.098514
0.103147
0.107784
0.112417
0.117037
0.121641
0.126219
0.130764
0.135268
0.139724
0.144123
0.148462
0.152739
0.156947
0.161076
0.165117
0.169061
0.1729
0.176633
0.180263
0.183788
0.187197
0.190478
0.193625
0.196634
0.199495
0.202202
0.204747
0.207124
0.209329
0.211354
0.213196
0.214856
0.216332
0.217624
0.218735
0.219665
0.220407
0.220954
0.221299
0.221444
0.22139
0.221136
0.220679
0.220016
0.219147
0.218078
0.216824
0.215402
0.213659
0.211472
-0.00972282
-0.0119831
-0.0137717
-0.0152231
-0.0164977
-0.0175802
-0.0184565
-0.0191277
-0.0195941
-0.0198555
-0.0199146
-0.0197758
-0.0194419
-0.0189156
-0.0182
-0.0172988
-0.0162144
-0.0149474
-0.0134972
-0.0118633
-0.0100466
-0.00804973
-0.00587648
-0.00353055
-0.001017
0.00165733
0.00448427
0.00745613
0.010568
0.0138168
0.0171984
0.0207069
0.0243346
0.0280741
0.0319188
0.0358634
0.0399043
0.0440365
0.0482534
0.0525481
0.0569142
0.061346
0.0658384
0.0703833
0.0749729
0.0796018
0.0842641
0.0889559
0.0936733
0.0984091
0.103156
0.107906
0.112649
0.11738
0.122096
0.126788
0.131445
0.13606
0.140625
0.145132
0.149578
0.15396
0.158271
0.162498
0.166634
0.170671
0.174604
0.178432
0.182156
0.185769
0.189261
0.192619
0.195841
0.198924
0.20186
0.204641
0.207257
0.2097
0.211962
0.214036
0.21592
0.217617
0.219127
0.220452
0.22159
0.22254
0.223296
0.22385
0.224198
0.224343
0.224286
0.224024
0.223552
0.222868
0.221974
0.220875
0.219589
0.21813
0.216343
0.2141
-0.0125895
-0.0149118
-0.0167491
-0.0182389
-0.019549
-0.0206648
-0.0215688
-0.0222611
-0.0227438
-0.023017
-0.0230819
-0.0229413
-0.0225989
-0.0220583
-0.0213236
-0.0203989
-0.0192859
-0.0179848
-0.0164951
-0.0148174
-0.0129527
-0.0109034
-0.00867214
-0.00626306
-0.00368294
-0.000939984
0.00195821
0.00500579
0.00819931
0.0115353
0.015008
0.0186096
0.0223321
0.0261687
0.0301139
0.0341623
0.0383088
0.0425475
0.0468716
0.0512755
0.0557529
0.060298
0.0649048
0.0695645
0.0742693
0.0790146
0.0837964
0.0886108
0.0934515
0.0983085
0.103174
0.10804
0.1129
0.117749
0.122583
0.127393
0.132169
0.1369
0.141579
0.146199
0.150758
0.15525
0.159668
0.163999
0.168236
0.172374
0.176409
0.180338
0.184159
0.187864
0.19144
0.194881
0.198184
0.20135
0.204369
0.20723
0.209921
0.212432
0.214753
0.21688
0.218814
0.220556
0.222108
0.223468
0.224635
0.225605
0.226374
0.226937
0.227292
0.227441
0.227381
0.22711
0.226622
0.225916
0.224995
0.223865
0.222544
0.221047
0.219212
0.216911
-0.0156485
-0.0180362
-0.0199275
-0.0214607
-0.0228075
-0.023956
-0.0248883
-0.0256028
-0.0261014
-0.0263845
-0.0264525
-0.0263079
-0.0259556
-0.0254005
-0.024647
-0.0236977
-0.0225539
-0.0212158
-0.0196836
-0.0179583
-0.0160407
-0.0139324
-0.0116369
-0.00916018
-0.0065105
-0.00369563
-0.00072112
0.00240886
0.00569071
0.00911945
0.0126876
0.016387
0.0202104
0.0241514
0.0282045
0.0323631
0.0366209
0.0409717
0.04541
0.0499308
0.0545274
0.0591927
0.0639196
0.0686999
0.0735271
0.0783974
0.0833069
0.0882513
0.0932214
0.0982049
0.103194
0.108183
0.113166
0.11814
0.123099
0.128033
0.132931
0.137783
0.142582
0.147321
0.151997
0.156606
0.161137
0.16558
0.169929
0.174177
0.178321
0.182357
0.18628
0.19008
0.193747
0.197276
0.20067
0.203926
0.207034
0.209978
0.212745
0.215325
0.217711
0.219899
0.221891
0.223687
0.225286
0.226684
0.227878
0.228869
0.229655
0.230232
0.230598
0.230751
0.230688
0.230406
0.2299
0.22917
0.22822
0.227057
0.225699
0.224161
0.222276
0.219911
-0.0189105
-0.0213648
-0.0233122
-0.0248918
-0.0262771
-0.0274583
-0.0284192
-0.029156
-0.0296689
-0.0299589
-0.0300277
-0.0298788
-0.0295172
-0.0289479
-0.0281744
-0.0271986
-0.0260215
-0.0246435
-0.0230653
-0.0212876
-0.0193108
-0.0171378
-0.0147741
-0.0122273
-0.00950521
-0.0066137
-0.00355651
-0.000337723
0.00303767
0.00656332
0.0102313
0.0140343
0.0179654
0.0220178
0.0261847
0.0304587
0.0348334
0.0393032
0.0438633
0.0485087
0.0532316
0.058023
0.0628755
0.0677828
0.0727403
0.077744
0.0827889
0.087869
0.0929735
0.0980894
0.103209
0.108329
0.113445
0.118553
0.123644
0.128708
0.133733
0.138712
0.143637
0.148502
0.153302
0.158034
0.162686
0.16725
0.17172
0.176088
0.180348
0.184496
0.188525
0.192427
0.196193
0.19982
0.20331
0.206662
0.20986
0.212887
0.215731
0.218384
0.220842
0.2231
0.225158
0.227014
0.228662
0.230098
0.231323
0.232339
0.233147
0.233742
0.23412
0.234278
0.234211
0.233916
0.23339
0.232635
0.231655
0.230458
0.229061
0.227478
0.22554
0.223107
-0.022383
-0.0249048
-0.0269082
-0.0285362
-0.0299631
-0.031178
-0.0321662
-0.0329237
-0.0334491
-0.0337446
-0.0338142
-0.0336619
-0.0332915
-0.0327071
-0.0319115
-0.0309065
-0.0296931
-0.0282716
-0.0266423
-0.0248062
-0.0227649
-0.0205236
-0.0180896
-0.0154701
-0.012671
-0.00969655
-0.00655031
-0.0032375
0.000235716
0.00386278
0.0076363
0.0115493
0.0155947
0.0197641
0.0240495
0.0284439
0.0329418
0.0375382
0.0422279
0.0470048
0.0518598
0.0567832
0.0617678
0.0668095
0.0719053
0.0770502
0.0822369
0.0874579
0.0927024
0.0979582
0.103218
0.108479
0.113737
0.118987
0.124218
0.129419
0.134579
0.139691
0.144749
0.149747
0.154679
0.159541
0.164322
0.169015
0.173614
0.178109
0.182492
0.186757
0.190899
0.19491
0.198783
0.202516
0.206109
0.209557
0.212845
0.215955
0.21888
0.221614
0.224151
0.226487
0.228617
0.230533
0.232232
0.23371
0.234971
0.236019
0.236853
0.237469
0.237859
0.238019
0.237947
0.237639
0.237094
0.236314
0.235305
0.234073
0.232635
0.231006
0.229011
0.226506
-0.026069
-0.0286621
-0.0307227
-0.0324003
-0.0338713
-0.0351205
-0.0361342
-0.0369107
-0.0374492
-0.037752
-0.0378237
-0.0376681
-0.0372881
-0.0366866
-0.0358664
-0.0348291
-0.0335751
-0.0321046
-0.0304183
-0.0285186
-0.0264095
-0.0240977
-0.0215907
-0.0188937
-0.0160111
-0.0129471
-0.00970621
-0.00629474
-0.00271877
0.00101581
0.00490178
0.00893143
0.0130965
0.0173875
0.0217964
0.026317
0.0309453
0.0356764
0.0405032
0.0454177
0.0504105
0.0554725
0.0605973
0.0657816
0.0710231
0.0763158
0.0816503
0.087018
0.092409
0.0978128
0.103223
0.108635
0.114044
0.119444
0.124823
0.130169
0.135472
0.140725
0.145923
0.15106
0.156132
0.161131
0.166049
0.170877
0.175609
0.180237
0.184749
0.18914
0.193404
0.197534
0.201523
0.205369
0.209068
0.212615
0.215993
0.219192
0.222204
0.225026
0.227651
0.230069
0.232273
0.234253
0.236006
0.237532
0.238836
0.239921
0.240784
0.24142
0.24182
0.241983
0.241906
0.241586
0.241023
0.24022
0.239181
0.237912
0.236431
0.234753
0.232697
0.230117
-0.0299711
-0.0326427
-0.0347639
-0.036491
-0.0380062
-0.0392908
-0.0403305
-0.0411271
-0.0416811
-0.0419938
-0.0420686
-0.0419089
-0.0415175
-0.0408967
-0.0400487
-0.0389746
-0.0376746
-0.0361492
-0.0344008
-0.0324341
-0.0302549
-0.0278697
-0.0252844
-0.0225032
-0.0195302
-0.0163707
-0.0130301
-0.0095143
-0.00582884
-0.00197919
0.00202644
0.00617863
0.0104681
0.014886
0.0194247
0.0240793
0.0288462
0.0337197
0.0386905
0.0437489
0.0488863
0.0540949
0.0593688
0.0647041
0.070098
0.0755438
0.0810314
0.0865522
0.092097
0.0976568
0.103226
0.108797
0.114365
0.11992
0.125454
0.130953
0.136408
0.141812
0.147158
0.152443
0.157661
0.162805
0.167866
0.172836
0.177708
0.182474
0.187124
0.19165
0.196047
0.200306
0.204419
0.208383
0.212194
0.215843
0.219319
0.222614
0.225722
0.228639
0.231356
0.233859
0.236138
0.238186
0.240001
0.241583
0.242935
0.24406
0.244953
0.245608
0.24602
0.246186
0.246105
0.245776
0.245197
0.24437
0.2433
0.241992
0.240465
0.238734
0.236612
0.233952
-0.034093
-0.0368508
-0.0390371
-0.0408139
-0.0423731
-0.0436955
-0.0447655
-0.0455856
-0.0461575
-0.0464814
-0.0465593
-0.0463946
-0.0459899
-0.045347
-0.0444669
-0.0433507
-0.0419991
-0.0404143
-0.0386009
-0.0365649
-0.0343123
-0.0318484
-0.029178
-0.0263055
-0.0232362
-0.0199757
-0.016529
-0.0129014
-0.00909825
-0.00512578
-0.000993891
0.00328647
0.00770616
0.0122577
0.0169349
0.0217325
0.0266461
0.031669
0.0367906
0.0420003
0.0472901
0.052654
0.0580855
0.0635795
0.0691318
0.0747355
0.0803819
0.0860628
0.0917689
0.0974916
0.103225
0.108961
0.114693
0.120412
0.126108
0.131769
0.137386
0.14295
0.148454
0.153894
0.159267
0.164564
0.169775
0.174893
0.179913
0.184825
0.189621
0.194294
0.198834
0.20323
0.207475
0.211562
0.21549
0.219251
0.222835
0.226234
0.229445
0.232462
0.235271
0.23786
0.240219
0.242343
0.244226
0.24587
0.247275
0.24844
0.249363
0.250039
0.250465
0.250638
0.250557
0.250219
0.249623
0.248773
0.247671
0.246323
0.244746
0.242958
0.240766
0.238017
-0.0384394
-0.0412893
-0.0435456
-0.0453751
-0.0469805
-0.0483449
-0.0494502
-0.050297
-0.0508878
-0.051223
-0.0513038
-0.0511331
-0.0507128
-0.0500439
-0.0491272
-0.0479641
-0.0465573
-0.0449106
-0.0430299
-0.0409215
-0.0385903
-0.036041
-0.0332789
-0.0303093
-0.0271381
-0.0237703
-0.0202098
-0.0164618
-0.0125327
-0.00843067
-0.00416654
0.000248359
0.0048057
0.00949964
0.0143246
0.0192741
0.024342
0.0295209
0.0348004
0.0401696
0.0456208
0.051148
0.0567447
0.0624043
0.0681212
0.0738891
0.0797009
0.0855494
0.0914243
0.0973161
0.103218
0.109124
0.115026
0.120916
0.126783
0.132615
0.138402
0.144136
0.149809
0.155415
0.16095
0.166407
0.171776
0.177052
0.182227
0.187295
0.192245
0.197072
0.201762
0.206304
0.210687
0.214907
0.218961
0.222844
0.226545
0.230057
0.233376
0.236494
0.239398
0.242078
0.244524
0.24673
0.248689
0.250397
0.251855
0.253063
0.254019
0.25472
0.255163
0.255345
0.255264
0.254918
0.254307
0.253432
0.252296
0.250905
0.249276
0.247427
0.245161
0.242318
-0.0430169
-0.0459629
-0.0482947
-0.0501835
-0.05184
-0.0532494
-0.0543926
-0.0552681
-0.0558783
-0.0562244
-0.0563075
-0.056129
-0.0556899
-0.0549911
-0.054034
-0.0528215
-0.0513577
-0.0496475
-0.0476967
-0.045511
-0.043095
-0.0404542
-0.037595
-0.0345232
-0.0312439
-0.0277611
-0.0240783
-0.0202018
-0.0161403
-0.0119029
-0.00750046
-0.00294335
0.00176072
0.00660635
0.0115877
0.0166968
0.0219259
0.0272675
0.0327125
0.0382501
0.0438714
0.0495698
0.0553383
0.0611702
0.0670595
0.0729998
0.0789854
0.0850093
0.0910603
0.0971274
0.103203
0.109283
0.115362
0.12143
0.127477
0.13349
0.139457
0.14537
0.15122
0.157002
0.162711
0.168338
0.173874
0.179315
0.184656
0.189887
0.195001
0.199987
0.204835
0.209528
0.214058
0.21842
0.222612
0.226627
0.230454
0.234086
0.237518
0.240742
0.243748
0.246525
0.249066
0.251359
0.253397
0.255173
0.256688
0.257942
0.258936
0.259666
0.260128
0.260319
0.260238
0.259884
0.259255
0.258354
0.257183
0.255746
0.254061
0.252148
0.249803
0.246863
-0.047836
-0.0508817
-0.053294
-0.055249
-0.0569614
-0.0584173
-0.0595986
-0.0605036
-0.0611336
-0.0614902
-0.0615738
-0.0613846
-0.0609235
-0.060192
-0.0591929
-0.0579301
-0.056408
-0.0546316
-0.0526062
-0.0503377
-0.0478316
-0.0450945
-0.0421335
-0.0389534
-0.0355585
-0.0319525
-0.0281401
-0.0241293
-0.0199299
-0.0155516
-0.0110037
-0.00629568
-0.0014355
0.00357037
0.00871537
0.0139909
0.0193882
0.0249004
0.030519
0.0362335
0.0420334
0.0479103
0.0538572
0.0598689
0.0659398
0.0720629
0.0782318
0.084439
0.0906731
0.0969222
0.103179
0.10944
0.115702
0.121958
0.128194
0.134396
0.140552
0.146653
0.152691
0.15866
0.164553
0.170361
0.176076
0.181693
0.187207
0.192611
0.197895
0.203048
0.208057
0.21291
0.217596
0.222112
0.226452
0.230609
0.234569
0.238327
0.241878
0.245215
0.248332
0.251216
0.253856
0.256241
0.25836
0.260208
0.261785
0.263093
0.264129
0.26489
0.26537
0.26557
0.26549
0.265127
0.26448
0.263551
0.262342
0.260857
0.259113
0.257133
0.254705
0.251662
-0.052909
-0.0560587
-0.0585551
-0.0605798
-0.0623515
-0.0638551
-0.0650748
-0.0660095
-0.0666593
-0.0670247
-0.0671061
-0.0669036
-0.0664186
-0.0656536
-0.0646119
-0.0632975
-0.0617145
-0.0598676
-0.0577628
-0.0554066
-0.0528061
-0.0499683
-0.0468995
-0.0436038
-0.0400853
-0.0363492
-0.0324018
-0.0282519
-0.0239093
-0.019383
-0.0146813
-0.00981344
-0.00478852
0.000385134
0.00570044
0.0111493
0.0167234
0.0224151
0.0282159
0.0341151
0.0401008
0.0461636
0.0522968
0.0584967
0.064759
0.0710755
0.0774376
0.0838363
0.0902606
0.0966995
0.103146
0.109598
0.116054
0.122504
0.128937
0.135337
0.14169
0.147988
0.154224
0.160391
0.166482
0.172485
0.17839
0.184192
0.189889
0.195472
0.200932
0.206258
0.211438
0.216457
0.221309
0.225988
0.230486
0.234791
0.238892
0.242782
0.246461
0.249922
0.253157
0.256153
0.258897
0.261376
0.26358
0.265506
0.267152
0.268519
0.2696
0.270392
0.270892
0.271102
0.271023
0.270652
0.269987
0.269029
0.26778
0.266244
0.264441
0.262392
0.25988
0.256729
-0.0582456
-0.0615051
-0.0640882
-0.0661838
-0.0680171
-0.069571
-0.0708299
-0.0717939
-0.0724625
-0.0728349
-0.0729121
-0.0726951
-0.0721858
-0.0713867
-0.0703008
-0.0689319
-0.0672839
-0.0653621
-0.0631734
-0.0607256
-0.058026
-0.0550812
-0.0518971
-0.0484779
-0.044829
-0.0409573
-0.0368702
-0.0325758
-0.0280826
-0.0233993
-0.0185347
-0.0134984
-0.00830111
-0.00295224
0.00254096
0.00817156
0.0139317
0.0198126
0.0258041
0.0318947
0.038073
0.0443295
0.0506578
0.0570553
0.0635184
0.0700377
0.0766024
0.0832015
0.0898246
0.0964628
0.10311
0.109765
0.116422
0.123076
0.129712
0.136316
0.142876
0.14938
0.155823
0.162199
0.168499
0.174707
0.180813
0.186811
0.192698
0.198468
0.204112
0.20962
0.214979
0.220175
0.225201
0.23005
0.234712
0.239174
0.243424
0.247458
0.251275
0.254869
0.258228
0.26134
0.264191
0.266769
0.269066
0.271077
0.272798
0.274225
0.275352
0.276176
0.276698
0.276921
0.276844
0.276465
0.275781
0.274794
0.273505
0.271919
0.270056
0.267937
0.265339
0.262074
-0.0638514
-0.0672284
-0.0699024
-0.0720705
-0.0739679
-0.0755749
-0.0768744
-0.0778675
-0.0785538
-0.0789328
-0.0790055
-0.078774
-0.0782397
-0.0774045
-0.0762713
-0.0748437
-0.0731265
-0.0711257
-0.0688492
-0.0663048
-0.0634995
-0.0604396
-0.0571318
-0.053582
-0.049797
-0.0457844
-0.0415512
-0.0371041
-0.0324508
-0.0276003
-0.0225634
-0.017351
-0.0119737
-0.00644126
-0.000760816
0.00506118
0.011017
0.0170963
0.0232867
0.0295757
0.0359535
0.0424118
0.0489447
0.0555494
0.0622215
0.0689516
0.0757273
0.0825364
0.0893685
0.0962165
0.103076
0.109943
0.116813
0.123677
0.130522
0.137336
0.144108
0.150828
0.157488
0.164083
0.170599
0.177022
0.183339
0.189542
0.19563
0.201595
0.207433
0.213134
0.218683
0.224067
0.229276
0.234303
0.239137
0.243765
0.248177
0.252368
0.256335
0.260069
0.263557
0.266788
0.269752
0.272437
0.274835
0.276937
0.278736
0.280224
0.281398
0.282258
0.282806
0.283044
0.282972
0.282585
0.281882
0.280864
0.279535
0.277898
0.275975
0.273785
0.271094
0.26771
-0.069732
-0.0732354
-0.0760069
-0.0782514
-0.0802155
-0.0818783
-0.0832205
-0.0842435
-0.0849486
-0.0853351
-0.0854042
-0.0851574
-0.0845959
-0.0837212
-0.0825367
-0.0810468
-0.0792567
-0.0771728
-0.0748029
-0.0721548
-0.0692353
-0.0660517
-0.0626127
-0.0589263
-0.0549993
-0.0508383
-0.0464495
-0.041839
-0.0370149
-0.0319875
-0.0267695
-0.0213728
-0.0158072
-0.0100815
-0.004203
0.00182074
0.0079813
0.0142674
0.0206647
0.0271602
0.0337454
0.0404139
0.0471604
0.0539808
0.0608694
0.0678168
0.0748111
0.0818399
0.0888924
0.0959615
0.103043
0.110132
0.117223
0.124305
0.131367
0.138398
0.145389
0.152332
0.159219
0.16604
0.172782
0.179427
0.185963
0.192382
0.198682
0.204856
0.210901
0.216805
0.222555
0.228136
0.233537
0.238752
0.243769
0.248576
0.253163
0.257523
0.261648
0.265527
0.26915
0.272508
0.275593
0.278394
0.2809
0.283095
0.284972
0.286525
0.287751
0.288653
0.289231
0.289488
0.289421
0.289027
0.288304
0.287256
0.285886
0.284198
0.282212
0.279946
0.277155
0.273641
-0.0758963
-0.0795345
-0.0824112
-0.0847378
-0.0867718
-0.0884936
-0.089882
-0.0909384
-0.0916645
-0.09206
-0.0921251
-0.091861
-0.0912691
-0.0903518
-0.0891129
-0.0875573
-0.0856902
-0.0835173
-0.0810465
-0.0782858
-0.0752434
-0.0719288
-0.0683525
-0.0645229
-0.060446
-0.0561267
-0.0515707
-0.0467854
-0.0417804
-0.0365671
-0.0311593
-0.0255692
-0.0198056
-0.013876
-0.00778865
-0.00155306
0.00482076
0.0113212
0.0179338
0.0246451
0.0314467
0.0383338
0.0453015
0.0523449
0.059457
0.0666284
0.0738487
0.0811066
0.0883907
0.0956924
0.103006
0.110327
0.117647
0.124957
0.132245
0.139503
0.146723
0.153897
0.161018
0.168074
0.175048
0.181923
0.188687
0.195333
0.201858
0.208255
0.214519
0.220639
0.226598
0.232385
0.237989
0.243403
0.248616
0.253615
0.258388
0.262923
0.267212
0.271244
0.275011
0.278506
0.281723
0.284647
0.287262
0.289553
0.291512
0.293134
0.29442
0.29537
0.295983
0.296261
0.296201
0.2958
0.295059
0.29398
0.292569
0.290827
0.288772
0.286423
0.283525
0.279871
-0.0823566
-0.0861366
-0.0891254
-0.0915404
-0.0936498
-0.0954352
-0.0968748
-0.0979686
-0.0987179
-0.0991223
-0.0991819
-0.0988982
-0.0982739
-0.0973118
-0.0960159
-0.0943905
-0.0924403
-0.0901707
-0.0875901
-0.0847084
-0.0815363
-0.0780849
-0.074365
-0.0703841
-0.066147
-0.0616578
-0.0569232
-0.0519527
-0.0467576
-0.04135
-0.035743
-0.0299489
-0.0239766
-0.0178329
-0.0115266
-0.00506985
0.00152573
0.00824866
0.0150854
0.0220222
0.0290501
0.0361639
0.0433599
0.0506331
0.0579759
0.0653791
0.0728337
0.0803296
0.0878555
0.0954007
0.102957
0.110519
0.11808
0.125628
0.133155
0.140651
0.14811
0.155525
0.162887
0.170184
0.177398
0.184512
0.191515
0.198399
0.205161
0.211794
0.218289
0.224634
0.230814
0.236816
0.242634
0.248261
0.253684
0.258887
0.263855
0.268574
0.273034
0.277229
0.281152
0.284798
0.288155
0.291206
0.293933
0.296324
0.298371
0.300072
0.301424
0.302426
0.303077
0.303378
0.303326
0.30292
0.302159
0.301049
0.299592
0.29779
0.29566
0.29322
0.290206
0.286405
-0.0891259
-0.0930541
-0.0961612
-0.0986721
-0.100864
-0.102719
-0.104214
-0.105348
-0.106121
-0.106533
-0.106586
-0.106282
-0.105625
-0.104616
-0.103259
-0.101558
-0.0995167
-0.0971421
-0.0944442
-0.0914353
-0.0881279
-0.0845338
-0.0806624
-0.0765201
-0.0721114
-0.0674414
-0.0625182
-0.0573532
-0.051959
-0.0463475
-0.0405309
-0.0345214
-0.0283292
-0.0219617
-0.0154279
-0.00874101
-0.00191436
0.00504036
0.0121106
0.0192832
0.0265475
0.0338971
0.0413289
0.0488392
0.0564211
0.0640655
0.0717634
0.0795057
0.0872816
0.0950794
0.102889
0.110704
0.118516
0.126315
0.134094
0.141842
0.149551
0.157215
0.164825
0.17237
0.179833
0.187197
0.194449
0.201584
0.208594
0.215473
0.22221
0.228791
0.235201
0.241433
0.247479
0.253333
0.258978
0.264394
0.269565
0.274477
0.279122
0.283494
0.287587
0.291394
0.294897
0.29808
0.300925
0.303424
0.30557
0.307357
0.308781
0.309838
0.31053
0.310857
0.310816
0.310404
0.309622
0.308476
0.306968
0.305098
0.302884
0.300346
0.297208
0.293251
-0.0962177
-0.100302
-0.103535
-0.106149
-0.108431
-0.11036
-0.111912
-0.113087
-0.113884
-0.114304
-0.114351
-0.114027
-0.113335
-0.112276
-0.110853
-0.109068
-0.106929
-0.104442
-0.101621
-0.0984799
-0.0950314
-0.0912866
-0.0872537
-0.0829388
-0.0783475
-0.0734869
-0.0683662
-0.0629973
-0.0573937
-0.0515675
-0.0455301
-0.0392939
-0.0328708
-0.02627
-0.0195
-0.0125737
-0.00550548
0.00169189
0.00900606
0.0164243
0.0239354
0.0315312
0.0392083
0.0469647
0.054795
0.0626903
0.070641
0.0786375
0.08667
0.0947278
0.1028
0.110879
0.118955
0.127019
0.135061
0.143072
0.151043
0.158967
0.166835
0.174637
0.182358
0.189982
0.197496
0.204892
0.212161
0.219294
0.226281
0.233108
0.239763
0.246238
0.252527
0.258619
0.264494
0.270131
0.275514
0.280632
0.285477
0.290042
0.294318
0.298293
0.301949
0.30527
0.308245
0.310863
0.313116
0.314996
0.316497
0.317615
0.318352
0.318708
0.318678
0.31826
0.317456
0.316269
0.314704
0.312759
0.310455
0.307813
0.304545
0.300423
-0.103647
-0.107899
-0.111265
-0.113989
-0.116366
-0.118371
-0.119982
-0.121198
-0.12202
-0.12245
-0.122491
-0.122147
-0.121417
-0.120303
-0.118806
-0.116932
-0.114688
-0.112084
-0.109135
-0.105855
-0.102257
-0.0983508
-0.0941452
-0.0896468
-0.0848628
-0.079802
-0.0744743
-0.0688913
-0.0630665
-0.0570133
-0.0507436
-0.0442699
-0.0376054
-0.0307607
-0.0237446
-0.0165687
-0.00924773
-0.00179611
0.0057728
0.0134469
0.0212151
0.0290687
0.0370035
0.0450172
0.0531057
0.0612612
0.0694734
0.0777322
0.0860283
0.0943528
0.102697
0.111051
0.119403
0.127743
0.136059
0.144344
0.152587
0.16078
0.168917
0.176987
0.184977
0.192871
0.200658
0.208325
0.215861
0.223258
0.230504
0.237589
0.244502
0.251236
0.25778
0.264118
0.270232
0.276099
0.281708
0.287047
0.292108
0.296879
0.301346
0.305497
0.309314
0.312787
0.315903
0.318651
0.32102
0.322999
0.324581
0.325767
0.326554
0.326941
0.326924
0.3265
0.32567
0.32444
0.322813
0.320789
0.318389
0.315636
0.312231
0.307934
-0.111431
-0.115863
-0.119371
-0.122209
-0.124684
-0.126768
-0.128439
-0.129698
-0.130547
-0.130988
-0.131024
-0.130656
-0.129884
-0.128709
-0.127133
-0.125164
-0.12281
-0.120083
-0.116999
-0.113571
-0.109812
-0.105733
-0.101343
-0.0966508
-0.0916639
-0.0863923
-0.0808465
-0.0750373
-0.0689788
-0.0626862
-0.0561729
-0.0494509
-0.0425338
-0.0354336
-0.0281599
-0.0207238
-0.0131394
-0.00542253
0.00241216
0.0103526
0.0183889
0.0265128
0.0347185
0.0430025
0.0513601
0.0597844
0.0682662
0.0767956
0.0853635
0.0939628
0.102586
0.111224
0.119862
0.128488
0.137089
0.145656
0.15418
0.162654
0.171071
0.179421
0.187691
0.195867
0.203934
0.21188
0.219693
0.227364
0.234884
0.242241
0.249427
0.256431
0.263239
0.269835
0.276198
0.28231
0.28816
0.293736
0.299026
0.304012
0.30868
0.313017
0.31701
0.320648
0.323918
0.326805
0.329296
0.331381
0.333054
0.334313
0.335155
0.335576
0.335573
0.335142
0.334285
0.333009
0.331316
0.329209
0.326708
0.323836
0.320283
0.315799
-0.119587
-0.124211
-0.12787
-0.130827
-0.133402
-0.135569
-0.137304
-0.138608
-0.139486
-0.139939
-0.139967
-0.139572
-0.138754
-0.137512
-0.135853
-0.133783
-0.131313
-0.128456
-0.125226
-0.121639
-0.117707
-0.113442
-0.108856
-0.103959
-0.0987576
-0.0932626
-0.0874855
-0.0814378
-0.0751336
-0.0685895
-0.0618206
-0.0548392
-0.0476581
-0.0402901
-0.0327467
-0.0250395
-0.0171822
-0.00919028
-0.00107893
0.00713949
0.0154556
0.0238618
0.0323515
0.0409185
0.0495566
0.058259
0.0670184
0.0758268
0.084676
0.0935591
0.10247
0.111398
0.120329
0.129249
0.138143
0.147
0.155815
0.16458
0.173289
0.181932
0.190495
0.198962
0.207319
0.215554
0.223655
0.231615
0.239423
0.24707
0.254541
0.261826
0.268909
0.275773
0.282399
0.288773
0.29488
0.300707
0.306235
0.311445
0.316325
0.320863
0.325048
0.328865
0.332299
0.335334
0.337957
0.340159
0.341931
0.343269
0.34417
0.344628
0.344641
0.344204
0.343321
0.341997
0.340237
0.338041
0.33543
0.332431
0.328717
0.324031
-0.128129
-0.13296
-0.13678
-0.139862
-0.142544
-0.144798
-0.1466
-0.147953
-0.148861
-0.149324
-0.149343
-0.148917
-0.148047
-0.146736
-0.144987
-0.14281
-0.140216
-0.137218
-0.133831
-0.130071
-0.125954
-0.121491
-0.116697
-0.111581
-0.106152
-0.10042
-0.0943979
-0.0880995
-0.081538
-0.0747306
-0.0676936
-0.0604402
-0.052983
-0.0453354
-0.0375107
-0.029522
-0.0213825
-0.0131062
-0.00470751
0.00380086
0.0124091
0.0211091
0.0298938
0.0387552
0.0476851
0.0566763
0.0657229
0.0748194
0.0839593
0.0931359
0.102342
0.111567
0.120797
0.130016
0.13921
0.148369
0.157485
0.166553
0.175566
0.184513
0.193379
0.202148
0.210807
0.219342
0.227746
0.236009
0.244123
0.252072
0.259842
0.26742
0.27479
0.281937
0.288843
0.295494
0.301873
0.307961
0.313736
0.319183
0.32429
0.329046
0.333437
0.337445
0.341053
0.344248
0.347016
0.349346
0.351225
0.352649
0.353613
0.354113
0.354145
0.353706
0.352797
0.351425
0.349594
0.347301
0.344572
0.341433
0.337547
0.332644
-0.137075
-0.142126
-0.146118
-0.149335
-0.15213
-0.154478
-0.156352
-0.157757
-0.158696
-0.159168
-0.159174
-0.158715
-0.15779
-0.156403
-0.154558
-0.152266
-0.149537
-0.146385
-0.142829
-0.138884
-0.134568
-0.129894
-0.124877
-0.119528
-0.113857
-0.107874
-0.101595
-0.0950332
-0.0882027
-0.0811195
-0.0738007
-0.0662615
-0.0585158
-0.0505773
-0.0424604
-0.0341795
-0.0257474
-0.0171766
-0.00848012
0.000329647
0.00924147
0.0182461
0.0273355
0.0365012
0.045734
0.0550262
0.064372
0.0737673
0.0832076
0.0926868
0.102197
0.111726
0.12126
0.130785
0.140288
0.149757
0.159186
0.168568
0.177895
0.187156
0.196335
0.205419
0.214392
0.223244
0.231966
0.240549
0.248982
0.257247
0.265329
0.273214
0.280888
0.288336
0.29554
0.302483
0.309145
0.315504
0.321541
0.327241
0.332593
0.337583
0.342193
0.346404
0.350201
0.35357
0.356497
0.358963
0.360958
0.362474
0.363508
0.364055
0.364111
0.363671
0.362738
0.361315
0.359406
0.357007
0.354148
0.350858
0.346787
0.341652
-0.146439
-0.151727
-0.155904
-0.159266
-0.162184
-0.164632
-0.166585
-0.168045
-0.169015
-0.169497
-0.169489
-0.168993
-0.168007
-0.166536
-0.164586
-0.162167
-0.159292
-0.155977
-0.152238
-0.148096
-0.143567
-0.138667
-0.133411
-0.127814
-0.121886
-0.115639
-0.109089
-0.102251
-0.0951374
-0.0877642
-0.0801493
-0.0723103
-0.0642632
-0.0560225
-0.0476026
-0.0390176
-0.0302808
-0.0214041
-0.0123989
-0.00327738
0.00594824
0.0152674
0.0246711
0.034151
0.0436979
0.0533039
0.0629625
0.072669
0.0824196
0.0922099
0.102032
0.111874
0.121721
0.131559
0.141378
0.151167
0.160919
0.170625
0.180276
0.18986
0.199363
0.208772
0.218074
0.227259
0.236316
0.245235
0.254
0.262593
0.271002
0.279211
0.287208
0.294975
0.302493
0.309742
0.316699
0.323344
0.329661
0.335634
0.341249
0.346487
0.351329
0.355758
0.359761
0.363321
0.366418
0.369032
0.37115
0.372767
0.373879
0.37448
0.374563
0.374125
0.373165
0.371687
0.369691
0.367177
0.364177
0.360726
0.356455
0.351072
-0.15624
-0.16178
-0.166156
-0.169676
-0.172727
-0.175285
-0.177323
-0.178843
-0.179849
-0.180339
-0.180315
-0.179774
-0.17872
-0.177156
-0.17509
-0.172534
-0.169502
-0.16601
-0.162076
-0.157722
-0.152965
-0.147823
-0.142312
-0.136451
-0.130253
-0.123728
-0.116892
-0.109761
-0.102348
-0.0946694
-0.0867441
-0.0785916
-0.0702302
-0.0616749
-0.0529392
-0.0440369
-0.0349817
-0.0257862
-0.0164615
-0.007019
0.00252931
0.0121723
0.0219004
0.0317051
0.0415775
0.0515094
0.0614936
0.0715238
0.0815957
0.0917059
0.101848
0.112012
0.122181
0.132343
0.142487
0.152604
0.162686
0.172725
0.18271
0.192627
0.202464
0.21221
0.221855
0.231386
0.240792
0.250059
0.259169
0.268105
0.276855
0.285407
0.293745
0.301849
0.309696
0.317265
0.324534
0.331486
0.338102
0.344367
0.35026
0.355762
0.360854
0.365522
0.369749
0.373514
0.376793
0.379565
0.381819
0.383547
0.384746
0.385407
0.385522
0.385086
0.384097
0.382556
0.380466
0.377828
0.374678
0.371055
0.366573
0.360923
-0.166493
-0.172305
-0.176895
-0.180586
-0.183784
-0.186463
-0.188595
-0.190181
-0.191224
-0.191721
-0.191674
-0.191082
-0.18995
-0.188282
-0.18609
-0.183386
-0.180184
-0.176502
-0.172358
-0.167775
-0.162773
-0.157373
-0.151593
-0.145453
-0.138968
-0.132149
-0.12501
-0.117567
-0.109837
-0.101837
-0.0935879
-0.0851086
-0.076419
-0.0675345
-0.0584684
-0.049234
-0.0398462
-0.030319
-0.0206643
-0.0108922
-0.00101299
0.00896306
0.0190261
0.0291666
0.0393754
0.0496439
0.0599641
0.0703291
0.0807337
0.0911743
0.101646
0.11214
0.122642
0.133138
0.143617
0.154071
0.164491
0.174869
0.185194
0.195455
0.205638
0.215735
0.225733
0.235623
0.245388
0.255014
0.264482
0.273778
0.282888
0.2918
0.300496
0.308952
0.317144
0.325052
0.332655
0.339936
0.346873
0.353447
0.359637
0.365422
0.370787
0.375715
0.380184
0.384168
0.387642
0.390586
0.392989
0.394841
0.396135
0.396862
0.397012
0.396577
0.395555
0.393946
0.391755
0.388986
0.385678
0.381871
0.377163
0.371228
-0.177217
-0.183321
-0.188143
-0.192022
-0.195382
-0.198196
-0.200431
-0.202088
-0.203167
-0.203668
-0.203591
-0.20294
-0.201719
-0.199939
-0.197608
-0.194742
-0.191355
-0.187466
-0.183095
-0.178266
-0.173003
-0.167329
-0.161264
-0.154829
-0.148039
-0.140906
-0.133444
-0.125671
-0.117606
-0.109271
-0.100683
-0.091863
-0.0828295
-0.0735993
-0.0641865
-0.0546052
-0.0448711
-0.0350002
-0.0250048
-0.0148939
-0.00467491
0.00564368
0.0160519
0.0265387
0.0370938
0.0477078
0.0583726
0.0690815
0.0798292
0.0906117
0.101424
0.112259
0.123102
0.133942
0.144765
0.155564
0.166331
0.177056
0.187731
0.198345
0.208886
0.219345
0.22971
0.239967
0.250103
0.260099
0.26994
0.27961
0.289098
0.298387
0.307457
0.316281
0.324838
0.333107
0.341068
0.3487
0.355979
0.362882
0.36939
0.375484
0.381145
0.386353
0.39108
0.395299
0.398987
0.402121
0.404688
0.406675
0.408074
0.408873
0.40906
0.408625
0.407566
0.405886
0.403589
0.400682
0.397206
0.393205
0.388252
0.382007
-0.188433
-0.194857
-0.199932
-0.204016
-0.207556
-0.210516
-0.212862
-0.214592
-0.215707
-0.216206
-0.216093
-0.215374
-0.214056
-0.21215
-0.209667
-0.206622
-0.203032
-0.198916
-0.1943
-0.189208
-0.183668
-0.177704
-0.171338
-0.164588
-0.157471
-0.150001
-0.142196
-0.134075
-0.125659
-0.116972
-0.108031
-0.0988548
-0.0894604
-0.0798666
-0.0700904
-0.0601479
-0.0500555
-0.0398291
-0.0294812
-0.0190199
-0.00845056
0.0022204
0.0129831
0.0238253
0.0347349
0.0457021
0.056719
0.0677795
0.0788791
0.0900139
0.101178
0.112363
0.123557
0.134748
0.145925
0.157078
0.168201
0.179284
0.190319
0.201296
0.212205
0.223038
0.23378
0.244417
0.254933
0.265313
0.275541
0.285602
0.295483
0.305165
0.314624
0.323836
0.33278
0.341433
0.349775
0.357778
0.36542
0.372676
0.379529
0.385959
0.39194
0.397446
0.402451
0.406927
0.410848
0.414191
0.416938
0.419075
0.420589
0.421466
0.421692
0.421259
0.420163
0.41841
0.416004
0.41295
0.409295
0.405083
0.399867
0.393285
-0.20017
-0.206944
-0.212297
-0.216607
-0.220341
-0.223458
-0.225919
-0.227724
-0.228872
-0.229367
-0.229212
-0.228417
-0.226991
-0.224944
-0.222291
-0.219048
-0.215234
-0.210873
-0.205992
-0.20062
-0.194785
-0.188512
-0.181822
-0.174734
-0.167266
-0.159438
-0.151269
-0.142783
-0.134001
-0.124945
-0.115633
-0.106083
-0.0963097
-0.0863351
-0.0761795
-0.0658618
-0.055399
-0.0448053
-0.0340918
-0.0232662
-0.0123337
-0.00130018
0.00982507
0.0210294
0.0323002
0.0436276
0.055004
0.0664236
0.0778825
0.0893773
0.100902
0.112446
0.123998
0.135549
0.147087
0.158605
0.170094
0.181546
0.192952
0.204303
0.215592
0.226808
0.237938
0.248967
0.259878
0.270656
0.281286
0.291753
0.302041
0.31213
0.321998
0.33162
0.340974
0.350036
0.358779
0.367176
0.375205
0.382844
0.390072
0.396862
0.403185
0.409013
0.414319
0.419075
0.423254
0.426826
0.42977
0.432071
0.433711
0.434674
0.434945
0.434516
0.433386
0.431558
0.429037
0.425828
0.421978
0.417537
0.412033
0.405085
-0.212462
-0.219618
-0.225276
-0.22983
-0.233771
-0.237055
-0.239638
-0.24152
-0.242702
-0.243188
-0.242986
-0.242106
-0.240557
-0.238352
-0.235508
-0.232046
-0.227988
-0.223361
-0.218196
-0.212525
-0.206373
-0.199766
-0.192726
-0.185275
-0.177432
-0.169223
-0.160672
-0.151802
-0.142634
-0.13319
-0.123488
-0.113544
-0.103376
-0.0930055
-0.0824565
-0.0717498
-0.0609029
-0.0499284
-0.0388354
-0.0276311
-0.0163223
-0.00491586
0.00657911
0.0181512
0.0297891
0.0414835
0.053227
0.0650133
0.0768381
0.0886982
0.100588
0.112499
0.124419
0.136337
0.148245
0.160136
0.172001
0.183833
0.195622
0.207362
0.219042
0.230654
0.242183
0.253616
0.264937
0.276129
0.287176
0.298063
0.308774
0.31929
0.329586
0.33964
0.349426
0.358917
0.368084
0.376902
0.385349
0.393401
0.401031
0.408206
0.414896
0.421072
0.426709
0.431774
0.436233
0.440056
0.443217
0.445698
0.447476
0.448535
0.448859
0.448442
0.44728
0.445375
0.44273
0.439352
0.435291
0.430601
0.424781
0.417433
-0.225341
-0.232916
-0.238906
-0.243723
-0.247886
-0.251347
-0.254059
-0.256021
-0.257238
-0.257713
-0.257456
-0.256478
-0.25479
-0.252408
-0.249353
-0.24565
-0.241326
-0.236411
-0.23094
-0.224943
-0.218447
-0.211478
-0.20406
-0.196218
-0.187978
-0.179366
-0.170411
-0.161136
-0.151563
-0.14171
-0.131595
-0.121238
-0.110659
-0.0998811
-0.0889265
-0.0778172
-0.0665707
-0.0551996
-0.0437126
-0.0321168
-0.02042
-0.00863069
0.00324186
0.0151884
0.0271999
0.0392683
0.0513861
0.0635462
0.0757431
0.0879736
0.100234
0.112516
0.12481
0.137106
0.149393
0.161665
0.173916
0.186139
0.198324
0.210464
0.22255
0.234569
0.246512
0.258363
0.270108
0.281729
0.293209
0.304534
0.315686
0.326647
0.337393
0.3479
0.358138
0.36808
0.377697
0.386966
0.395862
0.404357
0.412416
0.420004
0.42709
0.433648
0.439646
0.445047
0.449813
0.453911
0.457312
0.459991
0.461924
0.463092
0.463482
0.463083
0.46189
0.459903
0.457125
0.453563
0.449272
0.444308
0.438143
0.430356
-0.238843
-0.246875
-0.253225
-0.258327
-0.262729
-0.266379
-0.269228
-0.271275
-0.272526
-0.272986
-0.272664
-0.271573
-0.269729
-0.26715
-0.263862
-0.259896
-0.255282
-0.250055
-0.244248
-0.237895
-0.231024
-0.223661
-0.215835
-0.207577
-0.198915
-0.189878
-0.180494
-0.17079
-0.160786
-0.150502
-0.139956
-0.129169
-0.118165
-0.106965
-0.095593
-0.0840669
-0.0724047
-0.0606205
-0.048725
-0.0367263
-0.024632
-0.0124506
-0.000191161
0.0121388
0.0245323
0.0369821
0.0494806
0.0620201
0.0745948
0.0872014
0.0998368
0.112496
0.12517
0.137849
0.150525
0.163189
0.175836
0.188459
0.201051
0.213603
0.226104
0.238546
0.250916
0.263201
0.275385
0.28745
0.299381
0.311161
0.322774
0.3342
0.345417
0.356397
0.36711
0.377529
0.387627
0.397379
0.406755
0.415721
0.424238
0.432271
0.439791
0.446766
0.453157
0.458925
0.464027
0.468427
0.472093
0.474992
0.4771
0.478395
0.478863
0.478489
0.477266
0.475191
0.472269
0.468507
0.463964
0.458699
0.452154
0.443884
-0.253003
-0.261534
-0.268277
-0.273689
-0.278349
-0.282202
-0.285196
-0.287333
-0.288616
-0.289053
-0.288655
-0.287437
-0.285417
-0.28262
-0.279077
-0.274821
-0.26989
-0.264319
-0.258145
-0.251402
-0.244121
-0.236333
-0.228069
-0.219366
-0.210255
-0.200766
-0.190927
-0.180766
-0.170305
-0.159567
-0.14857
-0.137338
-0.125894
-0.114259
-0.102454
-0.0904957
-0.0784022
-0.0661897
-0.0538723
-0.0414601
-0.0289597
-0.0163773
-0.00372034
0.00900392
0.0217892
0.0346284
0.0475133
0.0604367
0.0733939
0.0863825
0.0994001
0.112442
0.125501
0.138569
0.151639
0.164703
0.177756
0.19079
0.203798
0.216771
0.229699
0.242574
0.255386
0.26812
0.280759
0.293286
0.305684
0.317937
0.33003
0.341943
0.353651
0.365127
0.376342
0.387268
0.39788
0.408146
0.418032
0.4275
0.43651
0.445029
0.453021
0.460448
0.467268
0.473435
0.478907
0.483642
0.487599
0.490746
0.493052
0.494495
0.495054
0.494711
0.493459
0.491293
0.488215
0.484236
0.479416
0.47382
0.466855
0.458053
-0.267857
-0.276938
-0.284111
-0.28986
-0.294799
-0.298871
-0.30202
-0.304248
-0.305561
-0.305967
-0.305479
-0.304116
-0.3019
-0.298862
-0.295036
-0.290462
-0.285181
-0.279232
-0.272652
-0.265481
-0.257755
-0.249509
-0.240777
-0.231598
-0.222007
-0.212035
-0.201711
-0.191063
-0.180119
-0.168904
-0.157439
-0.145745
-0.133844
-0.121756
-0.1095
-0.0970937
-0.084555
-0.0719022
-0.0591517
-0.0463152
-0.0333986
-0.0204053
-0.00734031
0.00578909
0.0189756
0.0322117
0.0454889
0.0588013
0.072146
0.0855224
0.0989285
0.11236
0.12581
0.139271
0.152739
0.16621
0.179676
0.19313
0.206562
0.219964
0.233328
0.246648
0.259913
0.27311
0.28622
0.299225
0.312107
0.324852
0.337445
0.349865
0.362087
0.374085
0.38583
0.397297
0.408454
0.419265
0.429694
0.4397
0.449245
0.458291
0.466796
0.474714
0.481999
0.488607
0.494487
0.499591
0.503874
0.507299
0.509832
0.511444
0.512109
0.511808
0.510529
0.508268
0.505024
0.500807
0.495682
0.489721
0.482294
0.472904
-0.283447
-0.293135
-0.300781
-0.306898
-0.312141
-0.316447
-0.319761
-0.322082
-0.32342
-0.323785
-0.323191
-0.321663
-0.319227
-0.315918
-0.311779
-0.306852
-0.301183
-0.294816
-0.287792
-0.280154
-0.271946
-0.263206
-0.253972
-0.244283
-0.234177
-0.223687
-0.212845
-0.201681
-0.190227
-0.178512
-0.166557
-0.154381
-0.142004
-0.129444
-0.116719
-0.103849
-0.0908528
-0.0777504
-0.0645576
-0.0512859
-0.037941
-0.0245254
-0.0110426
0.00250046
0.0160957
0.0297351
0.0434113
0.0571194
0.0708581
0.0846278
0.0984275
0.112253
0.126099
0.139959
0.153832
0.167714
0.181598
0.195476
0.209338
0.223175
0.236984
0.250758
0.264488
0.27816
0.291754
0.305251
0.318635
0.331892
0.345004
0.357953
0.370715
0.383264
0.395573
0.407612
0.419345
0.430735
0.441744
0.452332
0.462457
0.472073
0.48113
0.489582
0.49738
0.504471
0.510802
0.516315
0.520965
0.524705
0.527495
0.529299
0.53009
0.529844
0.528546
0.526186
0.522763
0.518287
0.512828
0.506464
0.498527
0.488486
-0.299819
-0.31018
-0.318347
-0.324868
-0.330442
-0.335003
-0.338491
-0.340909
-0.342266
-0.342574
-0.341854
-0.340134
-0.337447
-0.333835
-0.329344
-0.324025
-0.317926
-0.311098
-0.303588
-0.295443
-0.286711
-0.277438
-0.267663
-0.257425
-0.246765
-0.235721
-0.224328
-0.212619
-0.200629
-0.188388
-0.175919
-0.163238
-0.150362
-0.137309
-0.124098
-0.11075
-0.0972861
-0.0837251
-0.0700816
-0.0563642
-0.0425787
-0.0287293
-0.0148201
-0.000857513
0.0131512
0.0271993
0.0412811
0.0553928
0.069533
0.083702
0.0978993
0.112123
0.126368
0.140634
0.154918
0.169215
0.18352
0.197824
0.212118
0.226398
0.240658
0.254896
0.269102
0.283259
0.297348
0.311351
0.325253
0.339038
0.352692
0.366195
0.379525
0.392656
0.40556
0.418202
0.430545
0.442552
0.454185
0.4654
0.476149
0.486379
0.496037
0.505073
0.513434
0.521059
0.527887
0.533858
0.538918
0.543014
0.546096
0.548125
0.549066
0.548893
0.547583
0.545123
0.541509
0.536752
0.530928
0.524121
0.515617
0.504851
-0.317029
-0.328137
-0.336881
-0.343848
-0.349785
-0.354622
-0.358297
-0.36081
-0.362176
-0.36241
-0.361537
-0.359592
-0.356617
-0.352661
-0.347776
-0.342019
-0.335443
-0.328107
-0.320064
-0.311366
-0.302067
-0.292215
-0.281855
-0.271027
-0.259775
-0.24814
-0.236162
-0.223878
-0.211323
-0.198528
-0.185516
-0.172303
-0.158906
-0.14534
-0.131628
-0.11779
-0.103847
-0.0898169
-0.0757122
-0.0615394
-0.0473036
-0.0330113
-0.0186691
-0.00428272
0.0101432
0.0246046
0.0390978
0.0536197
0.0681681
0.0827422
0.0973419
0.111967
0.126618
0.141294
0.155992
0.170709
0.185438
0.20017
0.214901
0.229627
0.244347
0.259057
0.273745
0.288395
0.30299
0.317512
0.331947
0.346281
0.360498
0.374581
0.388507
0.40225
0.415778
0.429057
0.442048
0.454715
0.467016
0.478904
0.490323
0.501216
0.511529
0.521206
0.530186
0.538399
0.54578
0.552263
0.557785
0.562283
0.565701
0.567992
0.569116
0.569037
0.567725
0.565166
0.561351
0.55629
0.550067
0.542772
0.533637
0.522062
-0.335138
-0.347082
-0.356469
-0.363929
-0.370266
-0.375404
-0.379273
-0.381879
-0.383238
-0.383371
-0.382313
-0.380106
-0.3768
-0.372452
-0.367123
-0.360876
-0.353771
-0.345873
-0.337244
-0.327942
-0.318026
-0.307547
-0.296555
-0.285093
-0.273207
-0.260944
-0.248347
-0.235455
-0.222304
-0.208924
-0.195339
-0.181566
-0.167623
-0.153527
-0.139299
-0.124959
-0.110526
-0.0960153
-0.0814371
-0.0667991
-0.0521067
-0.037367
-0.0225879
-0.00777376
0.00707372
0.0219532
0.0368625
0.0517986
0.0667589
0.0817424
0.0967497
0.111783
0.126844
0.141933
0.157049
0.172187
0.187342
0.202507
0.21768
0.232859
0.248044
0.26323
0.278406
0.293557
0.308667
0.323722
0.338707
0.353608
0.368411
0.383098
0.397648
0.412032
0.426217
0.440168
0.453848
0.467218
0.480234
0.492841
0.50498
0.516594
0.527622
0.538001
0.547658
0.556522
0.564519
0.571578
0.577621
0.582577
0.586382
0.588981
0.590324
0.590365
0.589068
0.586413
0.582388
0.577001
0.570341
0.562505
0.55267
0.540188
-0.354226
-0.367107
-0.377212
-0.385218
-0.391995
-0.397455
-0.401526
-0.404216
-0.405547
-0.405549
-0.404267
-0.401753
-0.398066
-0.393272
-0.38744
-0.380643
-0.372948
-0.364429
-0.355154
-0.34519
-0.3346
-0.323442
-0.311768
-0.299626
-0.287065
-0.274134
-0.26088
-0.247344
-0.233563
-0.219567
-0.205378
-0.191018
-0.176506
-0.161862
-0.147104
-0.13225
-0.117314
-0.102309
-0.0872455
-0.0721333
-0.0569797
-0.0417911
-0.026573
-0.0113274
0.00394647
0.019249
0.0345779
0.04993
0.0653034
0.0806984
0.0961177
0.111564
0.12704
0.142545
0.158079
0.173639
0.189222
0.204826
0.220448
0.236087
0.251741
0.267406
0.283074
0.298733
0.314369
0.329969
0.34552
0.361007
0.376417
0.391732
0.406932
0.421986
0.436861
0.451522
0.465933
0.480051
0.493827
0.507203
0.520121
0.532518
0.544326
0.55547
0.565873
0.575459
0.584146
0.591849
0.598481
0.603961
0.608215
0.611177
0.612782
0.612977
0.611717
0.608974
0.604731
0.598994
0.591857
0.583425
0.572806
0.559307
-0.374384
-0.388318
-0.399226
-0.407838
-0.415091
-0.420894
-0.42517
-0.427932
-0.429211
-0.429046
-0.427494
-0.42462
-0.420493
-0.415188
-0.408786
-0.401367
-0.393014
-0.383805
-0.373819
-0.36313
-0.351806
-0.33991
-0.327499
-0.314627
-0.301345
-0.287704
-0.273754
-0.259537
-0.24509
-0.230443
-0.215623
-0.200652
-0.18555
-0.170339
-0.155035
-0.13965
-0.124196
-0.108686
-0.0931283
-0.0775355
-0.0619167
-0.0462768
-0.0306174
-0.0149369
0.000767251
0.0164958
0.0322463
0.0480154
0.0638026
0.0796107
0.0954439
0.111306
0.127197
0.14312
0.159073
0.175058
0.191075
0.207122
0.223197
0.239298
0.255423
0.271571
0.287737
0.303912
0.320085
0.336244
0.352374
0.368463
0.3845
0.400467
0.416342
0.432095
0.447694
0.463103
0.478286
0.493196
0.507781
0.521984
0.535743
0.548989
0.561643
0.573624
0.584852
0.595241
0.604698
0.613125
0.620427
0.626509
0.631285
0.634672
0.636595
0.636987
0.635791
0.632972
0.628508
0.622398
0.614742
0.60565
0.594155
0.579511
-0.395717
-0.410836
-0.422641
-0.431919
-0.43969
-0.445856
-0.450336
-0.453153
-0.454349
-0.453975
-0.452099
-0.4488
-0.444162
-0.438271
-0.431219
-0.423101
-0.414009
-0.404035
-0.393264
-0.381779
-0.369654
-0.356958
-0.343751
-0.330093
-0.31604
-0.301645
-0.286956
-0.272018
-0.256869
-0.241541
-0.226062
-0.210456
-0.194744
-0.178947
-0.163077
-0.147145
-0.13116
-0.115134
-0.0990764
-0.0829993
-0.0669111
-0.0508154
-0.0347103
-0.0185914
-0.002455
0.0136997
0.029871
0.0460572
0.0622594
0.0784817
0.0947288
0.111004
0.127309
0.143648
0.160022
0.176437
0.192892
0.209385
0.225914
0.242477
0.259074
0.275709
0.29238
0.309081
0.3258
0.342527
0.359249
0.375957
0.39264
0.40928
0.425855
0.442336
0.458692
0.474887
0.490883
0.506631
0.52208
0.537171
0.551837
0.565999
0.579573
0.592475
0.604615
0.615897
0.626214
0.635459
0.643523
0.650299
0.655681
0.659571
0.661876
0.662517
0.661424
0.65855
0.653864
0.647359
0.639137
0.629316
0.616843
0.600907
-0.418348
-0.434799
-0.447603
-0.457613
-0.465943
-0.47249
-0.477171
-0.480021
-0.481094
-0.480458
-0.478193
-0.474393
-0.469158
-0.462591
-0.4548
-0.445892
-0.435975
-0.42515
-0.413514
-0.401154
-0.388153
-0.374586
-0.360518
-0.346014
-0.331136
-0.315937
-0.300467
-0.284769
-0.268882
-0.252841
-0.236677
-0.220413
-0.204071
-0.187667
-0.171212
-0.154716
-0.138187
-0.121637
-0.105076
-0.0885121
-0.0719505
-0.055393
-0.0388364
-0.0222756
-0.00570679
0.010872
0.0274616
0.0440633
0.06068
0.0773156
0.0939736
0.110658
0.127372
0.144124
0.160921
0.177766
0.19466
0.211599
0.22858
0.245604
0.262676
0.279803
0.296985
0.314217
0.331489
0.348793
0.36612
0.383462
0.400808
0.418141
0.43544
0.452677
0.469822
0.486841
0.503693
0.52033
0.536701
0.552743
0.568381
0.583533
0.598112
0.612026
0.625174
0.637447
0.648728
0.658899
0.667836
0.675411
0.681498
0.685981
0.688751
0.689708
0.688768
0.685869
0.680967
0.674047
0.665211
0.654586
0.641018
0.623627
-0.442416
-0.460366
-0.474283
-0.485096
-0.494027
-0.500971
-0.505845
-0.508696
-0.509595
-0.508628
-0.505892
-0.501498
-0.495567
-0.488222
-0.479589
-0.469791
-0.45895
-0.44718
-0.434586
-0.421263
-0.407303
-0.392787
-0.377788
-0.362375
-0.346612
-0.330558
-0.314261
-0.297762
-0.281103
-0.26432
-0.247443
-0.230498
-0.213502
-0.196471
-0.179414
-0.162341
-0.145259
-0.128179
-0.111109
-0.0940533
-0.0770136
-0.0599891
-0.0429769
-0.0259726
-0.00897173
0.00802947
0.025035
0.0420491
0.0590762
0.0761196
0.0931825
0.11027
0.127389
0.144552
0.161768
0.179041
0.196369
0.213748
0.231177
0.248661
0.266211
0.283833
0.301529
0.319295
0.337126
0.355015
0.372958
0.390947
0.408971
0.427014
0.445058
0.463079
0.481048
0.498928
0.516681
0.534259
0.551609
0.568665
0.585348
0.601573
0.617249
0.632273
0.646533
0.65991
0.672277
0.683499
0.693433
0.701928
0.708837
0.714025
0.717359
0.718717
0.717995
0.715113
0.71001
0.702658
0.693162
0.681653
0.666862
0.647826
-0.468089
-0.487726
-0.502883
-0.514576
-0.52415
-0.531501
-0.536551
-0.539359
-0.540016
-0.538629
-0.535321
-0.530224
-0.523482
-0.515241
-0.505647
-0.494844
-0.482967
-0.470145
-0.456489
-0.442105
-0.427094
-0.411546
-0.395541
-0.379151
-0.362444
-0.345479
-0.328306
-0.310967
-0.293502
-0.275946
-0.258329
-0.240676
-0.223006
-0.205329
-0.187655
-0.169994
-0.152353
-0.134737
-0.117152
-0.0995983
-0.0820754
-0.0645811
-0.0471128
-0.0296661
-0.012235
0.00518709
0.0226066
0.0400292
0.0574596
0.0749018
0.0923605
0.109844
0.127364
0.144934
0.162564
0.180255
0.198006
0.215816
0.233689
0.251632
0.269659
0.287775
0.305985
0.324287
0.34268
0.361162
0.379729
0.398374
0.417087
0.435857
0.454668
0.4735
0.492323
0.511104
0.529802
0.548373
0.566761
0.584897
0.602703
0.620092
0.636962
0.653202
0.668691
0.683301
0.696891
0.709305
0.720376
0.729933
0.737806
0.743833
0.747853
0.749719
0.7493
0.746492
0.741215
0.733424
0.723223
0.710745
0.694587
0.673694
-0.495571
-0.517108
-0.533647
-0.546301
-0.556559
-0.564319
-0.569509
-0.572211
-0.572539
-0.570624
-0.56662
-0.560687
-0.552997
-0.543723
-0.533034
-0.521092
-0.508051
-0.494053
-0.47922
-0.463669
-0.447508
-0.430838
-0.413747
-0.39631
-0.378596
-0.360664
-0.342565
-0.324344
-0.306037
-0.287678
-0.269296
-0.250912
-0.232545
-0.214207
-0.195906
-0.17765
-0.159444
-0.141287
-0.123181
-0.105124
-0.0871136
-0.0691492
-0.0512271
-0.0333416
-0.0154838
0.00235595
0.0201856
0.0380108
0.0558362
0.0736674
0.0915128
0.109385
0.127299
0.145267
0.163298
0.181394
0.199558
0.217791
0.236101
0.2545
0.272998
0.291604
0.310324
0.329162
0.34812
0.367199
0.386394
0.4057
0.425113
0.444624
0.464224
0.483892
0.5036
0.523316
0.543004
0.562619
0.582105
0.601393
0.620406
0.639051
0.657219
0.674791
0.691642
0.70763
0.722594
0.736355
0.748727
0.759514
0.76852
0.775548
0.780404
0.78291
0.782902
0.78025
0.774844
0.766618
0.755669
0.742132
0.72445
0.701458
-0.525111
-0.54879
-0.566863
-0.580562
-0.59154
-0.599698
-0.604976
-0.607483
-0.607367
-0.604791
-0.59994
-0.593013
-0.584214
-0.573745
-0.561803
-0.548569
-0.534216
-0.518902
-0.502764
-0.485929
-0.468515
-0.45063
-0.432369
-0.41381
-0.395022
-0.376066
-0.356993
-0.337845
-0.318661
-0.29947
-0.280297
-0.261162
-0.242082
-0.22307
-0.204134
-0.185277
-0.1665
-0.147799
-0.129169
-0.110605
-0.0921084
-0.0736762
-0.0553043
-0.0369842
-0.0187043
-0.000452852
0.0177792
0.035998
0.0542093
0.0724211
0.0906454
0.108898
0.127193
0.145546
0.163963
0.182451
0.201015
0.219662
0.238402
0.257247
0.276208
0.295297
0.314523
0.333896
0.353418
0.373091
0.392914
0.412885
0.433006
0.453274
0.473679
0.494203
0.514822
0.535509
0.55623
0.57694
0.597584
0.618098
0.638402
0.658399
0.677977
0.697013
0.71537
0.732891
0.749393
0.764682
0.778546
0.790762
0.801098
0.809318
0.815193
0.818504
0.819051
0.816663
0.811196
0.802553
0.790821
0.776135
0.756756
0.731395
-0.557015
-0.583107
-0.602882
-0.617706
-0.629429
-0.637958
-0.643246
-0.645442
-0.644733
-0.641327
-0.635448
-0.627337
-0.617234
-0.60538
-0.591998
-0.577296
-0.561465
-0.54468
-0.527097
-0.508854
-0.490077
-0.470878
-0.451357
-0.431597
-0.411668
-0.39163
-0.371532
-0.351417
-0.33132
-0.311268
-0.291282
-0.27138
-0.251575
-0.231881
-0.212303
-0.19284
-0.173488
-0.154238
-0.135083
-0.116018
-0.0970395
-0.0781459
-0.0593299
-0.0405805
-0.0218846
-0.00322971
0.0153942
0.0339952
0.0525822
0.071166
0.0897608
0.108382
0.127046
0.145766
0.164553
0.183419
0.202372
0.221422
0.240581
0.259859
0.279273
0.298835
0.318562
0.338462
0.358542
0.378804
0.399251
0.41989
0.440727
0.46176
0.482982
0.504379
0.525934
0.547624
0.569416
0.591269
0.613133
0.634946
0.656628
0.678079
0.699188
0.719825
0.739841
0.759062
0.777292
0.794313
0.809888
0.82376
0.835656
0.8453
0.852419
0.856743
0.858025
0.856045
0.850614
0.841593
0.829057
0.813133
0.791872
0.763841
-0.591649
-0.62046
-0.642119
-0.658147
-0.670622
-0.679468
-0.684659
-0.686388
-0.684898
-0.680449
-0.673318
-0.663792
-0.652158
-0.638693
-0.623657
-0.607285
-0.58979
-0.571366
-0.552185
-0.532398
-0.512139
-0.491523
-0.470652
-0.449609
-0.428469
-0.407289
-0.38612
-0.364999
-0.343957
-0.323017
-0.302198
-0.281515
-0.260978
-0.240596
-0.220372
-0.200299
-0.180369
-0.160571
-0.140896
-0.121335
-0.101886
-0.0825401
-0.0632892
-0.0441196
-0.0250173
-0.00596971
0.0130345
0.0320063
0.0509579
0.0699029
0.088856
0.107833
0.126849
0.145921
0.165065
0.184295
0.203625
0.223064
0.242626
0.262325
0.282178
0.302206
0.322422
0.342839
0.363464
0.384306
0.405375
0.426682
0.448235
0.470036
0.492081
0.514365
0.536876
0.559596
0.582494
0.605537
0.62868
0.651864
0.675011
0.698023
0.720787
0.743168
0.765005
0.786112
0.806278
0.825262
0.842797
0.858585
0.872314
0.883661
0.892295
0.89789
0.900136
0.898753
0.893492
0.884165
0.870824
0.853578
0.830237
0.7992
-0.629462
-0.66133
-0.685068
-0.702373
-0.715584
-0.724656
-0.729597
-0.730657
-0.728145
-0.722389
-0.71373
-0.702514
-0.689077
-0.673742
-0.656804
-0.638533
-0.619168
-0.598921
-0.577979
-0.556503
-0.534634
-0.512491
-0.490174
-0.467768
-0.445348
-0.422972
-0.400685
-0.378521
-0.356507
-0.334659
-0.312991
-0.291517
-0.270242
-0.249169
-0.228296
-0.207614
-0.18711
-0.166769
-0.14658
-0.126535
-0.106625
-0.0868388
-0.0671651
-0.0475884
-0.0280938
-0.00866733
0.0107045
0.0300356
0.0493401
0.0686328
0.0879287
0.107244
0.126597
0.146007
0.165495
0.185077
0.204768
0.224581
0.24453
0.264635
0.284915
0.305393
0.326083
0.347001
0.368159
0.389572
0.411256
0.433224
0.455488
0.478053
0.500925
0.524105
0.547587
0.571356
0.595391
0.619666
0.644143
0.668768
0.693466
0.718145
0.74269
0.766962
0.790794
0.813991
0.836323
0.857525
0.877297
0.895305
0.91119
0.92457
0.935049
0.942231
0.94573
0.94519
0.940289
0.930769
0.916646
0.898009
0.872379
0.837965
-0.670996
-0.706297
-0.732318
-0.750956
-0.764859
-0.774019
-0.778495
-0.778619
-0.774781
-0.767391
-0.756869
-0.74363
-0.728072
-0.710565
-0.691448
-0.671023
-0.649559
-0.627288
-0.604407
-0.581087
-0.557473
-0.533687
-0.50983
-0.485983
-0.462219
-0.438593
-0.415148
-0.39191
-0.368899
-0.346127
-0.323601
-0.301329
-0.279312
-0.257548
-0.236029
-0.214743
-0.193672
-0.172799
-0.15211
-0.131593
-0.111234
-0.0910209
-0.0709386
-0.0509707
-0.0311006
-0.0113118
0.00841249
0.0280884
0.0477314
0.067356
0.086978
0.106616
0.12629
0.146024
0.165842
0.185761
0.205797
0.225966
0.246287
0.266782
0.287474
0.308383
0.329529
0.35093
0.372606
0.394577
0.416863
0.43948
0.462443
0.485766
0.509462
0.53354
0.557998
0.58283
0.608027
0.633573
0.659434
0.685564
0.711896
0.738344
0.764797
0.791113
0.817124
0.842626
0.867372
0.891074
0.9134
0.933977
0.952392
0.968196
0.980918
0.990077
0.995194
0.995819
0.99153
0.981984
0.967147
0.947068
0.918937
0.880743
-0.716912
-0.756061
-0.784571
-0.804573
-0.819075
-0.828123
-0.831846
-0.830683
-0.825133
-0.815706
-0.802915
-0.787258
-0.769203
-0.74918
-0.727568
-0.704708
-0.680894
-0.656377
-0.631367
-0.60604
-0.580544
-0.555
-0.529507
-0.504145
-0.478978
-0.454057
-0.429415
-0.405076
-0.38105
-0.357342
-0.333953
-0.310881
-0.288125
-0.265675
-0.243518
-0.221637
-0.200012
-0.178622
-0.157449
-0.136476
-0.115685
-0.0950616
-0.0745879
-0.0542467
-0.0340196
-0.0138867
0.00617162
0.0261739
0.0461365
0.0660746
0.0860052
0.105949
0.12593
0.145974
0.166105
0.186343
0.206707
0.227216
0.247892
0.268759
0.289841
0.311161
0.332741
0.354607
0.376783
0.399295
0.422164
0.445411
0.469057
0.493125
0.517636
0.542604
0.568037
0.593942
0.62032
0.647164
0.67445
0.702141
0.730183
0.7585
0.786984
0.8155
0.843881
0.871914
0.899341
0.925855
0.951092
0.974637
0.996014
1.0147
1.03015
1.04176
1.04896
1.05116
1.04782
1.03849
1.02306
1.00152
0.970676
0.928257
-0.768005
-0.811463
-0.842669
-0.864025
-0.878965
-0.887616
-0.890203
-0.887301
-0.87955
-0.867588
-0.852039
-0.833496
-0.812509
-0.78957
-0.765109
-0.7395
-0.713062
-0.686064
-0.658724
-0.631222
-0.603705
-0.57629
-0.549072
-0.522125
-0.495503
-0.469246
-0.443381
-0.417919
-0.392864
-0.368214
-0.343961
-0.320096
-0.296609
-0.273485
-0.250704
-0.228244
-0.206081
-0.184192
-0.162553
-0.141143
-0.11994
-0.0989271
-0.0780836
-0.0573905
-0.0368269
-0.0163705
0.00400134
0.0243087
0.0445692
0.0647999
0.08502
0.105253
0.125524
0.145861
0.166287
0.186825
0.207497
0.228327
0.249338
0.270556
0.292005
0.313712
0.335704
0.358013
0.380668
0.403696
0.427124
0.450977
0.475285
0.500079
0.525386
0.551229
0.57763
0.604609
0.632178
0.660337
0.689077
0.718377
0.748198
0.778473
0.809108
0.839978
0.87092
0.901722
0.932118
0.961783
0.990327
1.01729
1.04213
1.06425
1.08299
1.09764
1.10749
1.11179
1.10987
1.1011
1.08527
1.0623
1.02853
0.981388
-0.825235
-0.873519
-0.907627
-0.93027
-0.945395
-0.953248
-0.954189
-0.948968
-0.938402
-0.923289
-0.904389
-0.882406
-0.85798
-0.831672
-0.803963
-0.775259
-0.745903
-0.716174
-0.686299
-0.656454
-0.626783
-0.597393
-0.568369
-0.539774
-0.511653
-0.48403
-0.45692
-0.430326
-0.404239
-0.378648
-0.353539
-0.328894
-0.304692
-0.280912
-0.257527
-0.23451
-0.211831
-0.189464
-0.16738
-0.145554
-0.123962
-0.102582
-0.081393
-0.0603727
-0.039497
-0.0187402
0.00192225
0.0225119
0.0430478
0.0635491
0.0840379
0.10454
0.125081
0.14569
0.166391
0.187208
0.208168
0.229296
0.25062
0.272163
0.293954
0.316023
0.338403
0.36113
0.384235
0.407751
0.431707
0.456138
0.481081
0.506572
0.532649
0.559348
0.586703
0.614746
0.643499
0.672977
0.703191
0.734136
0.76579
0.798102
0.830999
0.864372
0.898067
0.93188
0.965546
0.998728
1.03101
1.06189
1.09077
1.11695
1.13967
1.15809
1.1713
1.17839
1.17848
1.17074
1.15483
1.13052
1.09361
1.04122
-0.889772
-0.943465
-0.980668
-1.00445
-1.01939
-1.02589
-1.0245
-1.01622
-1.00206
-0.983043
-0.960076
-0.933997
-0.905545
-0.875354
-0.843953
-0.811781
-0.779194
-0.746481
-0.713863
-0.681514
-0.649562
-0.618104
-0.587206
-0.556917
-0.527263
-0.498255
-0.469894
-0.442168
-0.415058
-0.388542
-0.362596
-0.337192
-0.3123
-0.287888
-0.263925
-0.240376
-0.217209
-0.19439
-0.171887
-0.14967
-0.127713
-0.105993
-0.0844852
-0.0631644
-0.0420027
-0.0209711
-4.31549e-05
0.020804
0.0415913
0.0623403
0.0830759
0.103825
0.124614
0.145471
0.166421
0.187494
0.208718
0.230121
0.25173
0.273572
0.295678
0.318082
0.340822
0.363935
0.387459
0.411427
0.435878
0.460853
0.486396
0.512551
0.539367
0.566892
0.595175
0.624257
0.654176
0.684967
0.716659
0.749269
0.782793
0.817208
0.852464
0.888475
0.925109
0.962178
0.999423
1.03651
1.073
1.10836
1.14192
1.17291
1.20043
1.22347
1.24094
1.25169
1.25458
1.24853
1.23297
1.20752
1.1673
1.10906
-0.963058
-1.02282
-1.06329
-1.08796
-1.10216
-1.10654
-1.10192
-1.0896
-1.0709
-1.04704
-1.01914
-0.988199
-0.955048
-0.920396
-0.884819
-0.84878
-0.812642
-0.776688
-0.741131
-0.706126
-0.671783
-0.638178
-0.605357
-0.573342
-0.542142
-0.511748
-0.482143
-0.453301
-0.425192
-0.397779
-0.371028
-0.344897
-0.319347
-0.294337
-0.269827
-0.24578
-0.222155
-0.198915
-0.176023
-0.153446
-0.131156
-0.109125
-0.0873277
-0.0657341
-0.0443129
-0.023033
-0.00186663
0.019211
0.0402235
0.0611958
0.0821541
0.103125
0.124136
0.145213
0.166388
0.18769
0.209152
0.230802
0.252667
0.274778
0.297168
0.319877
0.342945
0.366411
0.390314
0.414697
0.439605
0.465084
0.491185
0.517964
0.545479
0.573793
0.602964
0.633048
0.664102
0.696183
0.72934
0.763613
0.799025
0.835587
0.873281
0.912051
0.951797
0.992355
1.03349
1.07488
1.11608
1.15653
1.19552
1.23216
1.26544
1.29416
1.31699
1.33251
1.33924
1.33577
1.32122
1.29495
1.2513
1.18653
-1.04689
-1.1135
-1.15736
-1.18248
-1.19513
-1.19634
-1.18729
-1.16969
-1.14521
-1.11538
-1.08154
-1.04483
-1.00622
-0.966469
-0.926198
-0.885877
-0.845866
-0.806427
-0.767749
-0.729959
-0.693137
-0.65733
-0.622557
-0.588811
-0.556073
-0.524314
-0.493494
-0.463572
-0.434504
-0.406239
-0.378725
-0.351912
-0.325746
-0.300178
-0.275163
-0.250655
-0.22661
-0.202984
-0.179739
-0.156838
-0.134249
-0.111943
-0.0898879
-0.0680506
-0.0463977
-0.0248974
-0.00352099
0.0177591
0.0389702
0.0601394
0.0812934
0.102458
0.12366
0.144931
0.166301
0.187806
0.209476
0.231341
0.25343
0.275779
0.298423
0.321403
0.34476
0.368537
0.39278
0.417537
0.442858
0.468796
0.495409
0.522765
0.550932
0.579982
0.609987
0.641023
0.673167
0.706497
0.741083
0.776994
0.814291
0.853022
0.893205
0.934828
0.977832
1.0221
1.06743
1.11352
1.15996
1.20616
1.25137
1.29465
1.33481
1.37048
1.40004
1.42174
1.43368
1.43398
1.42138
1.39483
1.34765
1.27559
-1.1435
-1.21789
-1.26519
-1.29007
-1.30002
-1.29659
-1.28151
-1.25702
-1.22524
-1.18806
-1.14705
-1.10356
-1.05863
-1.0131
-0.967597
-0.922582
-0.878389
-0.835244
-0.793292
-0.75262
-0.713266
-0.675237
-0.638516
-0.603063
-0.568826
-0.535749
-0.503769
-0.472827
-0.442859
-0.4138
-0.385582
-0.358139
-0.331409
-0.305335
-0.279864
-0.254943
-0.230522
-0.206554
-0.182995
-0.15981
-0.136962
-0.114416
-0.0921355
-0.0700856
-0.0482316
-0.0265418
-0.00498482
0.01647
0.0378525
0.0591904
0.0805097
0.101837
0.123201
0.144635
0.166173
0.187849
0.209694
0.231741
0.254023
0.276576
0.299438
0.32265
0.346255
0.370302
0.394841
0.419926
0.445612
0.471958
0.499033
0.52691
0.555668
0.585392
0.616168
0.648092
0.681263
0.715777
0.751733
0.789236
0.828387
0.869274
0.911963
0.956497
1.00287
1.05103
1.10083
1.15202
1.20422
1.25687
1.3092
1.36019
1.40855
1.45268
1.49067
1.52034
1.53929
1.54501
1.53568
1.50967
1.459
1.37873
-1.25575
-1.33908
-1.38972
-1.41327
-1.41881
-1.40874
-1.3855
-1.35204
-1.31107
-1.26485
-1.21528
-1.16384
-1.11168
-1.05965
-1.00837
-0.958268
-0.90962
-0.862589
-0.817258
-0.773654
-0.731762
-0.691538
-0.652917
-0.615819
-0.580155
-0.545838
-0.512782
-0.480903
-0.450117
-0.42034
-0.391488
-0.363483
-0.336254
-0.309736
-0.283866
-0.258587
-0.233841
-0.209579
-0.185757
-0.162332
-0.139265
-0.116515
-0.0940436
-0.0718143
-0.049793
-0.0279459
-0.00623864
0.0153622
0.0368866
0.0583619
0.0798147
0.101274
0.122771
0.14434
0.166014
0.187827
0.209815
0.232011
0.254452
0.277173
0.300212
0.323614
0.347424
0.371696
0.396485
0.421849
0.447848
0.474549
0.502025
0.530359
0.559638
0.589961
0.621433
0.654166
0.688278
0.72389
0.761135
0.800156
0.841093
0.884084
0.929257
0.976717
1.02653
1.07872
1.13323
1.18987
1.24835
1.30816
1.36854
1.42846
1.48652
1.5409
1.58939
1.62931
1.6576
1.671
1.66684
1.64263
1.58867
1.49909
-1.38739
-1.48107
-1.53473
-1.5552
-1.55388
-1.53434
-1.5001
-1.45503
-1.40251
-1.34529
-1.28553
-1.22486
-1.16449
-1.10525
-1.04769
-0.992163
-0.938846
-0.887815
-0.839067
-0.792549
-0.748176
-0.70584
-0.665418
-0.626782
-0.589802
-0.554359
-0.52034
-0.487633
-0.456131
-0.42573
-0.396332
-0.367849
-0.3402
-0.31331
-0.287108
-0.261531
-0.236519
-0.212021
-0.187988
-0.164372
-0.141129
-0.118214
-0.0955889
-0.073217
-0.0510636
-0.0290919
-0.00726539
0.0144497
0.036083
0.0576628
0.0792183
0.10078
0.122381
0.144053
0.165829
0.187747
0.209844
0.232156
0.254719
0.277568
0.300744
0.324292
0.348263
0.372713
0.397703
0.423294
0.44955
0.476545
0.504356
0.533073
0.562796
0.593635
0.625712
0.659156
0.694104
0.730708
0.769134
0.809561
0.852179
0.897182
0.944762
0.995102
1.04836
1.10466
1.16403
1.22643
1.29166
1.35932
1.42873
1.49888
1.56831
1.63506
1.69655
1.74959
1.79033
1.81447
1.8182
1.79774
1.74099
1.64076
-1.54342
-1.64924
-1.7051
-1.71976
-1.70795
-1.67504
-1.62602
-1.56595
-1.49902
-1.42847
-1.35672
-1.28548
-1.21592
-1.1488
-1.08453
-1.02333
-0.96523
-0.910185
-0.858076
-0.808748
-0.762027
-0.717729
-0.675663
-0.635647
-0.597511
-0.561096
-0.526256
-0.492854
-0.460757
-0.429846
-0.400009
-0.371147
-0.343169
-0.31599
-0.289533
-0.26373
-0.238519
-0.213846
-0.189657
-0.165901
-0.142527
-0.11949
-0.0967532
-0.0742785
-0.052029
-0.0299667
-0.00805496
0.0137395
0.0354476
0.0571001
0.0787283
0.100363
0.122035
0.143777
0.165624
0.187615
0.209787
0.232179
0.254824
0.277761
0.301031
0.324682
0.348768
0.373349
0.398489
0.424251
0.450705
0.477925
0.505998
0.535018
0.565097
0.596357
0.628934
0.662975
0.698637
0.736101
0.775569
0.817258
0.861407
0.908273
0.958124
1.01123
1.06785
1.12823
1.19255
1.2609
1.33327
1.40941
1.4888
1.57054
1.6532
1.73473
1.81225
1.88201
1.93925
1.97835
1.99391
1.98023
1.92173
1.80917
-1.73084
-1.851
-1.9073
-1.91177
-1.8841
-1.83238
-1.76358
-1.68424
-1.59947
-1.51296
-1.42727
-1.3441
-1.26446
-1.1889
-1.11764
-1.05067
-0.987821
-0.928885
-0.873595
-0.821669
-0.772826
-0.726792
-0.683306
-0.642127
-0.603039
-0.565842
-0.530357
-0.496418
-0.463873
-0.432586
-0.402434
-0.373306
-0.3451
-0.317724
-0.291096
-0.265146
-0.239809
-0.215027
-0.190741
-0.166895
-0.143439
-0.120328
-0.0975238
-0.074987
-0.0526796
-0.0305641
-0.00860454
0.0132334
0.0349831
0.0566772
0.0783471
0.100022
0.121733
0.143513
0.165399
0.187429
0.209643
0.232077
0.254766
0.277749
0.30107
0.32478
0.348936
0.373599
0.398835
0.42471
0.451295
0.47867
0.506923
0.536159
0.566499
0.598075
0.631034
0.665538
0.701773
0.739943
0.78028
0.823044
0.868528
0.917053
0.968966
1.02464
1.08444
1.14877
1.21797
1.29235
1.37209
1.45721
1.54745
1.64212
1.73998
1.83898
1.9361
2.02707
2.1061
2.16596
2.19911
2.19697
2.13876
2.01187
-1.95982
-2.09678
-2.14997
-2.13714
-2.08564
-2.00753
-1.9124
-1.80853
-1.70192
-1.59657
-1.495
-1.39865
-1.30822
-1.2239
-1.14558
-1.07294
-1.00558
-0.943049
-0.884906
-0.83072
-0.780087
-0.732634
-0.688024
-0.645957
-0.606168
-0.568418
-0.532493
-0.498203
-0.465379
-0.433869
-0.40354
-0.374269
-0.345946
-0.318472
-0.291765
-0.265752
-0.240366
-0.215542
-0.191218
-0.167339
-0.143855
-0.120719
-0.0978926
-0.0753359
-0.0530118
-0.0308835
-0.00891451
0.0129317
0.03469
0.0563932
0.0780716
0.0997541
0.121471
0.143257
0.165149
0.187186
0.209405
0.231842
0.254536
0.277526
0.300857
0.324583
0.348761
0.373455
0.398731
0.424656
0.451303
0.478754
0.507104
0.536464
0.56696
0.598734
0.631943
0.666768
0.703411
0.742102
0.783102
0.826715
0.873285
0.923197
0.976882
1.03481
1.09751
1.1655
1.23936
1.31962
1.40677
1.50117
1.60292
1.71173
1.82672
1.94613
2.06696
2.1846
2.29228
2.38089
2.44007
2.45707
2.40315
2.25973
-2.24592
-2.40174
-2.44469
-2.40297
-2.31576
-2.20079
-2.07091
-1.93619
-1.8033
-1.67618
-1.55694
-1.44647
-1.34489
-1.25183
-1.16672
-1.08882
-1.01741
-0.951794
-0.891298
-0.835329
-0.78335
-0.734886
-0.689525
-0.646906
-0.606715
-0.568676
-0.532546
-0.498115
-0.465199
-0.433635
-0.403278
-0.373995
-0.345672
-0.318208
-0.29152
-0.265531
-0.240171
-0.215374
-0.191078
-0.167227
-0.143768
-0.120659
-0.0978569
-0.0753251
-0.0530274
-0.0309272
-0.00898649
0.0128325
0.0345651
0.056243
0.0778956
0.099552
0.121243
0.143003
0.164867
0.186874
0.209061
0.231466
0.254126
0.277083
0.300383
0.32408
0.348234
0.372907
0.398164
0.424072
0.450708
0.478156
0.506515
0.535898
0.566438
0.598283
0.6316
0.666583
0.70345
0.74245
0.783876
0.828067
0.875415
0.926372
0.981448
1.04123
1.10636
1.17756
1.25563
1.34139
1.43568
1.53931
1.65289
1.77675
1.91063
2.05338
2.20244
2.35326
2.49834
2.62663
2.7243
2.77269
2.73079
2.56923
-2.61422
-2.78838
-2.8069
-2.71725
-2.57674
-2.4107
-2.23553
-2.06274
-1.89898
-1.74745
-1.60928
-1.48432
-1.37177
-1.27051
-1.17929
-1.09691
-1.02224
-0.954271
-0.892113
-0.834987
-0.782224
-0.733252
-0.687584
-0.644803
-0.60455
-0.566519
-0.530445
-0.496104
-0.463299
-0.431857
-0.401625
-0.372468
-0.344268
-0.316925
-0.290354
-0.264477
-0.239223
-0.214525
-0.190322
-0.166559
-0.143183
-0.120151
-0.0974219
-0.0749611
-0.0527331
-0.0307009
-0.0088258
0.0129301
0.034601
0.056218
0.0778103
0.099407
0.121039
0.142738
0.164539
0.186481
0.208601
0.230937
0.253526
0.27641
0.299638
0.323263
0.347344
0.37194
0.397116
0.422941
0.449491
0.476851
0.505124
0.534426
0.564892
0.596673
0.629945
0.664908
0.701793
0.740867
0.782444
0.826897
0.874661
0.926242
0.982231
1.04331
1.11027
1.18402
1.26559
1.35613
1.45691
1.56924
1.69446
1.8337
1.9877
2.15641
2.33835
2.52974
2.72308
2.90578
3.06026
3.15993
3.14519
2.96676
-3.10787
-3.29082
-3.25652
-3.08777
-2.86834
-2.6325
-2.39953
-2.18107
-1.98235
-1.80467
-1.64727
-1.50838
-1.38588
-1.27761
-1.18153
-1.09587
-1.01905
-0.949735
-0.886801
-0.829296
-0.776428
-0.727535
-0.682066
-0.639558
-0.599617
-0.561917
-0.526181
-0.492172
-0.459687
-0.428548
-0.398599
-0.369705
-0.341751
-0.314639
-0.288283
-0.262605
-0.237536
-0.213009
-0.188966
-0.165351
-0.142113
-0.119209
-0.0966013
-0.0742567
-0.0521402
-0.030215
-0.00844278
0.0132132
0.0347862
0.056307
0.0778047
0.0993075
0.120844
0.142448
0.164152
0.185995
0.208013
0.230243
0.252723
0.275497
0.298612
0.322121
0.346077
0.370539
0.395572
0.421243
0.447629
0.474817
0.502908
0.53202
0.562287
0.593862
0.626923
0.661675
0.698354
0.737239
0.778662
0.823019
0.870777
0.92249
0.978811
1.04052
1.10853
1.18392
1.26798
1.36219
1.46827
1.58816
1.72402
1.87807
2.05247
2.24888
2.46781
2.7075
2.96193
3.21837
3.45618
3.63945
3.68167
3.49736
-3.80516
-3.96087
-3.81685
-3.51862
-3.18412
-2.85524
-2.55109
-2.2803
-2.04423
-1.84047
-1.6652
-1.51434
-1.384
-1.27077
-1.17175
-1.08449
-1.00698
-0.937591
-0.87496
-0.817994
-0.765798
-0.717643
-0.67293
-0.631163
-0.591934
-0.554904
-0.519793
-0.486362
-0.454407
-0.423751
-0.394242
-0.365749
-0.338163
-0.311387
-0.28534
-0.259947
-0.235139
-0.210855
-0.187035
-0.163626
-0.140579
-0.117854
-0.0954142
-0.0732286
-0.0512637
-0.0294838
-0.00785212
0.0136674
0.0351074
0.0564976
0.0778657
0.099239
0.120647
0.142121
0.163694
0.185403
0.207283
0.229371
0.251707
0.274333
0.297294
0.320638
0.344417
0.368688
0.393514
0.41896
0.445104
0.472032
0.499843
0.528652
0.558591
0.589811
0.622487
0.656822
0.693054
0.731468
0.772403
0.816265
0.863541
0.914816
0.970792
1.03231
1.1004
1.1763
1.26149
1.35779
1.46738
1.59285
1.7373
1.90427
2.09771
2.32174
2.58007
2.87479
3.204
3.55807
3.91647
4.23531
4.39354
4.24215
-4.84873
-4.87362
-4.50999
-4.00405
-3.50647
-3.05853
-2.67154
-2.34515
-2.07283
-1.8461
-1.65678
-1.49773
-1.36304
-1.24791
-1.14853
-1.06185
-0.985473
-0.917499
-0.856411
-0.801009
-0.750336
-0.703621
-0.660247
-0.619708
-0.581597
-0.545579
-0.511379
-0.478767
-0.447546
-0.417546
-0.388627
-0.360667
-0.333563
-0.307227
-0.281579
-0.256551
-0.232078
-0.208102
-0.184565
-0.161418
-0.138612
-0.116112
-0.0938836
-0.0718978
-0.0501234
-0.0285266
-0.00707113
0.0142775
0.0355501
0.0567748
0.0779788
0.0991892
0.120434
0.141745
0.163155
0.184695
0.206403
0.228315
0.25047
0.272908
0.29567
0.318801
0.342351
0.366373
0.390928
0.41608
0.441903
0.468483
0.495914
0.524306
0.553784
0.584494
0.616604
0.650309
0.685844
0.723489
0.763576
0.806512
0.852787
0.902994
0.957858
1.01826
1.08529
1.1603
1.24493
1.34126
1.45188
1.58001
1.72966
1.9058
2.11453
2.3631
2.65973
3.01285
3.42871
3.90707
4.43542
4.97008
5.35728
5.34746
-6.4963
-6.12794
-5.34773
-4.52348
-3.80463
-3.21261
-2.73684
-2.35796
-2.05591
-1.81344
-1.6168
-1.45539
-1.32117
-1.20806
-1.11147
-1.0279
-0.954677
-0.88974
-0.831498
-0.778711
-0.73041
-0.685827
-0.644354
-0.605506
-0.568894
-0.534203
-0.501177
-0.469601
-0.439296
-0.41011
-0.381915
-0.354603
-0.328084
-0.302275
-0.277106
-0.252513
-0.228438
-0.204826
-0.181625
-0.158785
-0.136266
-0.114031
-0.0920527
-0.0703038
-0.048755
-0.027374
-0.00612678
0.0150192
0.0360931
0.0571216
0.0781307
0.0991475
0.1202
0.141318
0.162532
0.183873
0.205377
0.22708
0.249019
0.27123
0.293752
0.316624
0.339894
0.363613
0.387836
0.412628
0.438059
0.464207
0.491163
0.519028
0.547919
0.57797
0.609337
0.642206
0.676798
0.713376
0.752259
0.793836
0.83858
0.88707
0.94002
0.998312
1.06305
1.13562
1.21775
1.31169
1.42028
1.54723
1.69735
1.87694
2.09428
2.36018
2.68863
3.09707
3.60571
4.23402
4.99197
5.85547
6.67244
7.07469
-9.32378
-7.84631
-6.28157
-5.00338
-4.01206
-3.26598
-2.71132
-2.29575
-1.97942
-1.73429
-1.54075
-1.38504
-1.25745
-1.15106
-1.06085
-0.983144
-0.915195
-0.854949
-0.800846
-0.751693
-0.70657
-0.664762
-0.625706
-0.588964
-0.554187
-0.521098
-0.489471
-0.459119
-0.429887
-0.401646
-0.374289
-0.347724
-0.321873
-0.296665
-0.272039
-0.247939
-0.224313
-0.201112
-0.178288
-0.155795
-0.133598
-0.111664
-0.0899695
-0.0684892
-0.0471963
-0.0260603
-0.00504911
0.0158671
0.0367149
0.0575198
0.0783076
0.0991047
0.119938
0.140836
0.161825
0.182939
0.20421
0.225673
0.247362
0.269309
0.29155
0.314121
0.337065
0.36043
0.384269
0.40864
0.433611
0.459251
0.485644
0.512879
0.541063
0.570315
0.600775
0.632612
0.666026
0.701255
0.73859
0.778386
0.821079
0.867207
0.917436
0.972601
1.03376
1.10225
1.17978
1.26859
1.3716
1.4927
1.63715
1.81213
2.02763
2.29773
2.64243
3.09026
3.68173
4.47021
5.51036
6.84177
8.46338
10.0056
-14.8336
-10.0992
-6.96543
-5.12435
-3.90305
-3.07069
-2.50056
-2.09836
-1.80431
-1.58249
-1.41043
-1.27354
-1.16207
-1.06936
-0.990713
-0.922779
-0.863101
-0.809866
-0.761716
-0.717628
-0.676819
-0.638694
-0.60279
-0.568751
-0.536299
-0.505214
-0.475321
-0.446475
-0.418556
-0.391466
-0.365125
-0.339461
-0.314414
-0.289926
-0.265949
-0.242438
-0.219347
-0.196635
-0.17426
-0.152184
-0.130373
-0.108803
-0.0874512
-0.0662964
-0.045313
-0.0244733
-0.00374843
0.0168885
0.037462
0.0579958
0.0785151
0.0990452
0.119611
0.140238
0.160954
0.181788
0.202772
0.223937
0.245315
0.266932
0.288822
0.311017
0.333556
0.356483
0.379844
0.403694
0.428091
0.453095
0.478779
0.505218
0.532503
0.560735
0.590031
0.620534
0.652411
0.685863
0.721133
0.758523
0.798401
0.841224
0.887563
0.938142
0.993876
1.05594
1.12585
1.2056
1.29784
1.40614
1.53542
1.69264
1.88785
2.13603
2.46014
2.8968
3.50682
4.38674
5.66731
7.5811
10.8035
15.6468
-24.1174
-12.3031
-6.69049
-4.4131
-3.21165
-2.48792
-2.03251
-1.72702
-1.50843
-1.34434
-1.21661
-1.11415
-1.0298
-0.95873
-0.897557
-0.843865
-0.795891
-0.752337
-0.71224
-0.674882
-0.639722
-0.606355
-0.574477
-0.543857
-0.514322
-0.485735
-0.457989
-0.430999
-0.404694
-0.379016
-0.353917
-0.329353
-0.305284
-0.281672
-0.258484
-0.235687
-0.213248
-0.191131
-0.169304
-0.147736
-0.126401
-0.105278
-0.0843491
-0.0635954
-0.0429944
-0.0225213
-0.00215091
0.01814
0.0383735
0.058572
0.0787586
0.0989567
0.119189
0.13948
0.159853
0.180336
0.200959
0.221748
0.242731
0.263932
0.285379
0.307101
0.329132
0.351509
0.374272
0.397467
0.42114
0.445342
0.470129
0.495562
0.521706
0.54864
0.576451
0.605245
0.635145
0.666296
0.698877
0.733107
0.769257
0.807659
0.848736
0.893019
0.941188
0.994128
1.05296
1.11918
1.19475
1.28231
1.3855
1.50948
1.66174
1.85379
2.10429
2.44621
2.94333
3.71693
4.98574
7.35776
13.0859
25.0213
)
;

boundaryField
{
    movingWall
    {
        type            zeroGradient;
    }
    fixedWalls
    {
        type            zeroGradient;
    }
    frontAndBack
    {
        type            empty;
    }
}


// ************************************************************************* //
