/*--------------------------------*- C++ -*----------------------------------*\
| =========                 |                                                 |
| \\      /  F ield         | OpenFOAM: The Open Source CFD Toolbox           |
|  \\    /   O peration     | Version:  2212                                  |
|   \\  /    A nd           | Website:  www.openfoam.com                      |
|    \\/     M anipulation  |                                                 |
\*---------------------------------------------------------------------------*/
FoamFile
{
    version     2.0;
    format      ascii;
    arch        "LSB;label=32;scalar=64";
    class       volScalarField;
    location    "0.0065";
    object      p;
}
// * * * * * * * * * * * * * * * * * * * * * * * * * * * * * * * * * * * * * //

dimensions      [0 2 -2 0 0 0 0];

internalField   nonuniform List<scalar> 
10000
(
-2.02914e-07
-7.15289e-05
-0.000433611
-0.00106057
-0.00184316
-0.0026882
-0.00352708
-0.0043135
-0.00501559
-0.00560982
-0.00607851
-0.00640998
-0.00659744
-0.00663554
-0.00651926
-0.00624606
-0.00581625
-0.00523145
-0.00449347
-0.00360225
-0.00255737
-0.00136066
-1.64898e-05
0.0014703
0.00309581
0.00485775
0.0067546
0.0087839
0.0109409
0.0132188
0.0156102
0.0181075
0.0207042
0.023394
0.0261715
0.0290318
0.0319698
0.0349811
0.0380615
0.0412069
0.0444139
0.0476787
0.0509967
0.054363
0.0577716
0.061217
0.0646942
0.0681971
0.0717193
0.0752544
0.0787956
0.0823363
0.0858706
0.0893925
0.0928961
0.0963759
0.0998252
0.103237
0.106606
0.109928
0.113199
0.116414
0.119571
0.122663
0.125686
0.128634
0.131501
0.134279
0.136962
0.139542
0.142014
0.144371
0.14661
0.148725
0.150712
0.152565
0.154282
0.155855
0.157279
0.158548
0.159659
0.160611
0.161405
0.162039
0.162514
0.162831
0.162993
0.162999
0.162853
0.16256
0.162129
0.161574
0.160914
0.160175
0.159392
0.158609
0.157882
0.157283
0.156905
0.156807
0.000131324
2.3919e-05
-0.000301703
-0.000817545
-0.0014463
-0.00212089
-0.00279266
-0.00342371
-0.0039871
-0.00446102
-0.00482714
-0.00507228
-0.00518813
-0.0051689
-0.00501022
-0.00470816
-0.00426014
-0.00366616
-0.00292715
-0.00204336
-0.00101441
0.000160059
0.00147907
0.00293942
0.00453668
0.00626671
0.00812623
0.0101125
0.012222
0.0144502
0.0167911
0.0192377
0.0217825
0.024419
0.027141
0.0299436
0.0328226
0.0357742
0.0387948
0.0418804
0.0450269
0.0482298
0.0514848
0.0547866
0.0581309
0.0615123
0.064925
0.0683632
0.071821
0.0752913
0.0787678
0.0822446
0.0857146
0.0891717
0.0926109
0.0960262
0.0994107
0.102759
0.106065
0.109324
0.112532
0.115685
0.118781
0.121812
0.124776
0.127666
0.130475
0.133196
0.135824
0.138352
0.140774
0.143085
0.145279
0.147353
0.149301
0.151118
0.1528
0.154343
0.155741
0.15699
0.158087
0.159034
0.159831
0.160478
0.160974
0.161324
0.161529
0.161591
0.161515
0.161307
0.160977
0.16054
0.160014
0.159422
0.158796
0.158173
0.157597
0.157119
0.156805
0.156705
0.000542094
0.000338579
-9.81084e-06
-0.000486111
-0.00103642
-0.00161271
-0.00217963
-0.00270822
-0.0031758
-0.00356333
-0.00385454
-0.00403566
-0.0040968
-0.00403268
-0.00383939
-0.00351297
-0.00304986
-0.00244755
-0.00170525
-0.000823909
0.000196357
0.00135606
0.00265565
0.00409419
0.00566843
0.00737364
0.00920533
0.0111598
0.0132336
0.0154233
0.017724
0.0201297
0.0226331
0.0252271
0.0279059
0.0306637
0.0334969
0.036402
0.0393754
0.0424139
0.0455126
0.0486663
0.0518709
0.0551217
0.0584143
0.0617448
0.065107
0.068494
0.0719006
0.07532
0.0787452
0.0821704
0.0855894
0.0889953
0.0923827
0.0957464
0.0990797
0.102376
0.105632
0.108842
0.112001
0.115106
0.118153
0.121136
0.124052
0.126894
0.129657
0.132334
0.134919
0.137407
0.139792
0.142069
0.144231
0.146273
0.14819
0.149979
0.151635
0.153153
0.154531
0.155765
0.156855
0.157802
0.158604
0.159263
0.15978
0.160156
0.160394
0.1605
0.160476
0.160331
0.160076
0.159722
0.159287
0.158793
0.158264
0.157732
0.157232
0.156803
0.156487
0.156318
0.00113799
0.000804964
0.000394924
-8.39417e-05
-0.00060317
-0.00112939
-0.00163689
-0.00210308
-0.0025081
-0.002836
-0.00307333
-0.00320761
-0.00322912
-0.00313128
-0.00291001
-0.0025627
-0.00208606
-0.00147639
-0.000731228
0.000150351
0.00116787
0.00232056
0.00360801
0.00502982
0.0065841
0.00826755
0.0100762
0.0120059
0.0140525
0.0162122
0.0184806
0.0208522
0.0233206
0.0258792
0.0285224
0.0312447
0.0340418
0.0369103
0.0398464
0.0428463
0.0459061
0.0490198
0.0521829
0.0553922
0.0586433
0.0619319
0.0652528
0.068599
0.0719643
0.0753424
0.0787265
0.0821097
0.0854863
0.0888506
0.0921964
0.0955179
0.0988091
0.102065
0.10528
0.108449
0.111569
0.114635
0.117641
0.120585
0.12346
0.126263
0.128987
0.131627
0.134178
0.136635
0.138993
0.141243
0.14338
0.145398
0.147291
0.149056
0.15069
0.152189
0.153552
0.154777
0.155864
0.156813
0.157624
0.158296
0.15883
0.159227
0.159493
0.159632
0.159649
0.159551
0.159348
0.159052
0.158678
0.158242
0.157766
0.157276
0.1568
0.156368
0.155999
0.155706
0.00184283
0.00136258
0.000876802
0.000375962
-0.00013881
-0.000642339
-0.00111627
-0.00154302
-0.00190617
-0.00219138
-0.00238715
-0.00248415
-0.00247389
-0.00234925
-0.00210542
-0.00173939
-0.00124887
-0.000631075
0.000116985
0.000998122
0.00201319
0.00316151
0.00444161
0.00585177
0.00739014
0.00905432
0.0108414
0.012748
0.0147702
0.016904
0.0191445
0.0214862
0.0239235
0.0264504
0.0290617
0.0317526
0.0345184
0.0373553
0.0402594
0.0432259
0.0462506
0.0493289
0.052456
0.0556288
0.0588438
0.0620961
0.06538
0.06869
0.0720197
0.0753615
0.0787088
0.0820555
0.0853952
0.088722
0.0920308
0.0953158
0.0985703
0.101789
0.104968
0.108103
0.111187
0.114216
0.117187
0.120095
0.122934
0.125701
0.128391
0.130999
0.133521
0.135952
0.138286
0.140513
0.142628
0.144624
0.146496
0.148241
0.149856
0.15134
0.152692
0.153911
0.154998
0.155952
0.156771
0.157454
0.158001
0.158418
0.158708
0.158876
0.158928
0.158868
0.158706
0.158453
0.158119
0.15772
0.157273
0.156798
0.156317
0.155854
0.155404
0.15496
0.00260642
0.00197601
0.00140312
0.000863016
0.000331975
-0.000171334
-0.000631581
-0.00103718
-0.00137502
-0.00163252
-0.00179957
-0.0018684
-0.0018327
-0.0016868
-0.00142551
-0.00104476
-0.000541841
8.5233e-05
0.000838568
0.00172053
0.00273321
0.00387704
0.00515077
0.00655216
0.00807878
0.009728
0.0114971
0.0133835
0.0153841
0.0174949
0.0197111
0.0220274
0.0244384
0.0269385
0.0295224
0.0321859
0.0349247
0.0377345
0.0406109
0.0435493
0.046544
0.0495913
0.052688
0.0558301
0.0590139
0.0622353
0.0654882
0.0687665
0.0720646
0.0753754
0.078691
0.0820056
0.0853139
0.0886095
0.0918863
0.095139
0.0983622
0.10155
0.104698
0.107801
0.110853
0.113851
0.116791
0.119667
0.122476
0.125214
0.127875
0.130458
0.132956
0.135364
0.137676
0.139884
0.141979
0.143956
0.145811
0.147541
0.149143
0.150616
0.151961
0.153177
0.154264
0.15522
0.156045
0.156737
0.157298
0.157731
0.158043
0.158237
0.158316
0.158285
0.158152
0.157926
0.157617
0.157236
0.156797
0.156316
0.155811
0.155299
0.154753
0.154146
0.003384
0.0026046
0.00193858
0.00134627
0.000782759
0.000262842
-0.00020088
-0.000599565
-0.000924552
-0.00116628
-0.00131562
-0.00136564
-0.00131116
-0.00114811
-0.00087263
-0.000480599
3.17078e-05
0.000666706
0.00142624
0.00231164
0.00332432
0.00446493
0.00573288
0.00712643
0.00864323
0.0102807
0.0120359
0.0139065
0.0158897
0.0179815
0.0201775
0.0224727
0.0248618
0.0273397
0.0299014
0.0325421
0.0352582
0.0380455
0.0408986
0.0438128
0.0467834
0.0498056
0.0528769
0.0559942
0.0591526
0.0623477
0.0655745
0.0688269
0.0720981
0.0753816
0.0786708
0.0819593
0.0852414
0.0885109
0.0917618
0.0949884
0.0981851
0.101346
0.104467
0.107543
0.110569
0.113541
0.116455
0.119307
0.122093
0.124807
0.127447
0.130009
0.132488
0.134878
0.137171
0.13936
0.141439
0.143401
0.145244
0.146964
0.148558
0.150025
0.151366
0.15258
0.153666
0.154623
0.155452
0.156152
0.156724
0.157173
0.157504
0.157718
0.157817
0.157805
0.157689
0.157478
0.157179
0.156802
0.156356
0.155853
0.15531
0.154737
0.154088
0.153322
0.00413291
0.00321129
0.00245007
0.0017977
0.00119247
0.000644499
0.000165253
-0.000238459
-0.000560732
-0.000795129
-0.000934968
-0.00097401
-0.000907504
-0.00073197
-0.000444621
-4.25485e-05
0.000477485
0.00111867
0.00188319
0.00277239
0.00378676
0.0049263
0.00619041
0.00757777
0.00908642
0.0107143
0.0124589
0.0143178
0.016288
0.0183656
0.0205459
0.0228246
0.0251963
0.0276559
0.0301996
0.0328224
0.0355201
0.0382889
0.0411233
0.0440179
0.0469689
0.0499723
0.0530242
0.0561213
0.0592595
0.062434
0.0656394
0.0688701
0.0721195
0.0753811
0.0786485
0.0819159
0.0851775
0.0884267
0.0916569
0.0948625
0.0980379
0.101177
0.104276
0.107329
0.110334
0.113285
0.11618
0.119015
0.121784
0.124482
0.127107
0.129653
0.132116
0.134489
0.136766
0.13894
0.141006
0.142959
0.144794
0.146509
0.148099
0.149563
0.150901
0.152112
0.153197
0.154155
0.154987
0.155694
0.156278
0.156741
0.157086
0.157314
0.157426
0.157424
0.157317
0.157111
0.156812
0.156427
0.155963
0.155429
0.154838
0.154198
0.153447
0.152529
0.00481887
0.00376441
0.00290996
0.00219419
0.0015417
0.000959737
0.000457364
3.9691e-05
-0.000288461
-0.000522857
-0.000659078
-0.000692674
-0.000619719
-0.000436643
-0.000140708
0.000270014
0.000797645
0.00144494
0.00221403
0.00310641
0.0041225
0.00526201
0.00652408
0.00790741
0.00941035
0.0110313
0.0127685
0.0146192
0.0165801
0.0186477
0.020817
0.0230835
0.0254422
0.0278881
0.0304174
0.0330264
0.0357105
0.0384648
0.0412846
0.0441651
0.0471018
0.0500912
0.0531295
0.0562125
0.0593356
0.0624945
0.065684
0.0688981
0.0721305
0.0753753
0.0786266
0.0818784
0.0851246
0.0883583
0.0915728
0.0947624
0.0979213
0.101043
0.104124
0.10716
0.110148
0.113086
0.115968
0.118791
0.121549
0.124238
0.126851
0.129387
0.131837
0.134197
0.136461
0.138624
0.140681
0.142627
0.144459
0.146171
0.147759
0.149221
0.150557
0.151768
0.152852
0.153812
0.154648
0.155362
0.155956
0.15643
0.156785
0.15702
0.157138
0.157141
0.157036
0.156828
0.156521
0.15612
0.155631
0.155059
0.154416
0.153707
0.152858
0.1518
0.0054161
0.00424021
0.0032978
0.002518
0.00181516
0.0011956
0.000665806
0.000228709
-0.000112142
-0.000353093
-0.000491082
-0.000523511
-0.000447633
-0.000260487
4.05463e-05
0.000457469
0.000992019
0.00164561
0.0024199
0.00331589
0.00433395
0.00547393
0.00673501
0.00811603
0.00961583
0.0112329
0.0129657
0.0148116
0.0167668
0.0188279
0.0209902
0.0232485
0.025598
0.0280347
0.0305544
0.0331534
0.0358278
0.0385726
0.0413825
0.0442536
0.047182
0.0501631
0.0531928
0.0562671
0.0593812
0.0625303
0.0657093
0.0689122
0.0721332
0.0753669
0.0786075
0.0818489
0.0850845
0.0883076
0.0915112
0.0946892
0.0978359
0.100945
0.104013
0.107038
0.110016
0.112945
0.11582
0.118637
0.121389
0.124072
0.126679
0.129207
0.131649
0.133999
0.136254
0.138411
0.140463
0.142407
0.144236
0.145947
0.147535
0.148997
0.150333
0.151544
0.152631
0.153595
0.154436
0.155158
0.155758
0.156238
0.156597
0.156835
0.156954
0.156957
0.156848
0.156633
0.156312
0.15589
0.15537
0.154757
0.154059
0.153283
0.152342
0.151157
0.00590624
0.00462086
0.00359706
0.00275538
0.00200148
0.00134139
0.00078123
0.00032134
-3.62829e-05
-0.000288857
-0.000433951
-0.000469347
-0.000393408
-0.000204402
9.97392e-05
0.000521019
0.00106105
0.00172053
0.00250028
0.0034007
0.00442175
0.00556323
0.00682459
0.00820494
0.00970375
0.0113198
0.0130509
0.0148948
0.0168479
0.0189059
0.0210643
0.0233182
0.0256626
0.0280939
0.0306086
0.0332026
0.0358714
0.0386109
0.0414164
0.0442837
0.0472087
0.0501868
0.0532134
0.0562845
0.0593953
0.0625406
0.0657148
0.0689125
0.0721281
0.0753564
0.0785916
0.0818273
0.0850571
0.0882742
0.0914714
0.0946424
0.0977818
0.100884
0.103946
0.106965
0.10994
0.112866
0.115738
0.118553
0.121304
0.123984
0.126589
0.129114
0.131551
0.133898
0.136151
0.138305
0.140356
0.142299
0.144128
0.145838
0.147427
0.14889
0.150229
0.151445
0.152538
0.153507
0.154355
0.15508
0.155684
0.156165
0.156524
0.156761
0.156879
0.156878
0.156762
0.156534
0.156195
0.155747
0.155193
0.154536
0.153784
0.152944
0.151917
0.150619
0.00627742
0.00489271
0.00379399
0.00289459
0.00209065
0.0013888
0.000795701
0.000310442
-6.6581e-05
-0.00033393
-0.00048979
-0.000532091
-0.000459399
-0.000270656
3.5393e-05
0.000460175
0.00100473
0.00166963
0.00245473
0.00336008
0.00438527
0.00552964
0.00679303
0.008175
0.00967498
0.0112922
0.0130244
0.0148689
0.0168226
0.0188809
0.0210385
0.0232911
0.0256347
0.0280653
0.0305793
0.0331726
0.0358407
0.0385799
0.0413859
0.0442543
0.0471808
0.0501608
0.0531896
0.056263
0.059376
0.062523
0.0656985
0.0688971
0.0721133
0.0753417
0.0785766
0.0818113
0.0850397
0.0882554
0.0914512
0.0946205
0.0977584
0.10086
0.103922
0.106943
0.10992
0.112848
0.115723
0.118539
0.121292
0.123975
0.126581
0.129108
0.131548
0.133897
0.136152
0.138309
0.140361
0.142304
0.144133
0.145844
0.147435
0.148904
0.150249
0.151472
0.152573
0.153549
0.154401
0.155129
0.155732
0.156212
0.15657
0.156805
0.156918
0.156911
0.156784
0.15654
0.15618
0.155703
0.155114
0.154413
0.153609
0.152707
0.151602
0.150203
0.00652123
0.00504639
0.00387842
0.00292447
0.00207313
0.00133022
0.000702891
0.000190095
-0.000208779
-0.000492971
-0.00066164
-0.000713566
-0.000647065
-0.000460919
-0.000154395
0.000273055
0.000821708
0.00149177
0.00228246
0.0031932
0.00422347
0.0053724
0.00663983
0.00802591
0.00952975
0.0111502
0.0128859
0.0147341
0.0166908
0.0187517
0.020912
0.0231675
0.0255142
0.0279484
0.0304662
0.0330634
0.0357358
0.0384798
0.0412909
0.0441649
0.0470975
0.050084
0.0531199
0.0562008
0.0593213
0.0624757
0.0656584
0.0688638
0.0720862
0.0753201
0.0785596
0.0817981
0.0850299
0.0882492
0.0914488
0.0946223
0.0977653
0.100873
0.103943
0.106971
0.109956
0.112891
0.115772
0.118595
0.121354
0.124043
0.126656
0.12919
0.131638
0.133995
0.136257
0.138418
0.140473
0.142418
0.144248
0.145963
0.14756
0.149036
0.150391
0.151624
0.152732
0.153715
0.15457
0.155299
0.155903
0.156382
0.156738
0.156969
0.157077
0.15706
0.15692
0.156658
0.156273
0.155768
0.155143
0.1544
0.153546
0.152587
0.151411
0.149921
0.00663059
0.0050749
0.00384239
0.00283655
0.00194019
0.0011578
0.000496621
-4.47524e-05
-0.000467314
-0.000770385
-0.00095365
-0.00101672
-0.00095813
-0.000776481
-0.000471126
-4.21322e-05
0.000510178
0.00118517
0.00198191
0.00289888
0.00393526
0.00509072
0.00636469
0.00775696
0.00926713
0.0108939
0.0126356
0.0144897
0.0164521
0.0185184
0.0206846
0.0229468
0.0253011
0.0277432
0.0302693
0.0328751
0.0355568
0.0383105
0.0411317
0.0440158
0.0469589
0.0499566
0.0530045
0.0560978
0.0592311
0.0623984
0.0655939
0.0688119
0.072046
0.0752903
0.0785394
0.0817869
0.0850274
0.0882556
0.0914647
0.0946486
0.0978034
0.100925
0.104008
0.10705
0.110047
0.112994
0.115885
0.118718
0.121488
0.124187
0.126813
0.129359
0.13182
0.134188
0.136459
0.138628
0.140688
0.142637
0.144473
0.146195
0.147801
0.149287
0.150653
0.151895
0.153011
0.153999
0.154859
0.155591
0.156196
0.156676
0.157029
0.157256
0.157355
0.157326
0.157171
0.156889
0.15648
0.155945
0.155286
0.154503
0.153603
0.152591
0.15135
0.149779
0.00659911
0.00497103
0.00367948
0.00262466
0.00168484
0.000864518
0.000170449
-0.000399204
-0.000846132
-0.00116983
-0.00136946
-0.00144481
-0.00139513
-0.00121912
-0.000916205
-0.00048664
6.87711e-05
0.000748502
0.00155138
0.00247573
0.00352
0.00468377
0.00596664
0.00736778
0.00888664
0.0105223
0.0122729
0.0141352
0.0161057
0.0181805
0.0203562
0.0226291
0.0249949
0.0274493
0.0299883
0.032608
0.0353042
0.0380726
0.0409086
0.0438077
0.0467663
0.0497803
0.052845
0.0559558
0.0591071
0.0622927
0.0655064
0.0687422
0.071993
0.0752529
0.0785169
0.0817789
0.0850337
0.0882766
0.091501
0.0947015
0.0978741
0.101014
0.104116
0.107177
0.110191
0.113154
0.116061
0.118909
0.121694
0.124409
0.127051
0.129613
0.13209
0.134472
0.136756
0.138935
0.141005
0.142963
0.144809
0.146543
0.14816
0.149658
0.151034
0.152285
0.15341
0.154404
0.15527
0.156007
0.156616
0.157096
0.157447
0.157667
0.157756
0.157714
0.157542
0.157239
0.156806
0.156243
0.155551
0.154729
0.153785
0.152724
0.151424
0.149781
0.00642185
0.00472865
0.00338362
0.00228301
0.0013019
0.000444914
-0.000281311
-0.000878679
-0.0013498
-0.0016947
-0.00191184
-0.00200053
-0.00196053
-0.00179083
-0.00149098
-0.00106147
-0.000503548
0.000181097
0.000990414
0.00192283
0.00297688
0.00415123
0.00544499
0.00685743
0.00838783
0.010035
0.0117966
0.0136696
0.0156511
0.0177379
0.0199268
0.022214
0.0245953
0.0270663
0.0296233
0.0322621
0.0349779
0.0377661
0.0406221
0.0435418
0.0465213
0.0495568
0.0526436
0.0557768
0.0589512
0.0621601
0.065397
0.0686555
0.0719281
0.075209
0.0784935
0.0817759
0.0850512
0.0883146
0.0915602
0.0947828
0.0979787
0.101142
0.104268
0.107351
0.110388
0.113372
0.1163
0.11917
0.121976
0.124712
0.127373
0.129955
0.13245
0.13485
0.13715
0.139344
0.141429
0.143402
0.145263
0.147011
0.148642
0.150152
0.151537
0.152798
0.153932
0.154936
0.155811
0.156555
0.157169
0.157649
0.157996
0.158207
0.158285
0.158229
0.158039
0.157716
0.157259
0.156668
0.155944
0.155086
0.1541
0.152994
0.151639
0.149931
0.0060973
0.00434433
0.00294952
0.00180646
0.000786701
-0.000105411
-0.000863279
-0.00148834
-0.0019832
-0.00234881
-0.00258368
-0.00268625
-0.00265618
-0.00249322
-0.00219683
-0.00176754
-0.00120724
-0.000517767
0.000298789
0.00124052
0.00230562
0.00349228
0.00479919
0.00622547
0.00777007
0.0094311
0.0112061
0.0130927
0.0150886
0.0171911
0.0193967
0.0217017
0.0241022
0.0265944
0.0291743
0.031837
0.0345774
0.0373908
0.0402725
0.0432183
0.0462244
0.0492867
0.0524006
0.0555613
0.0587636
0.0620005
0.0652652
0.0685511
0.0718508
0.0751586
0.0784699
0.0817792
0.0850812
0.0883713
0.0916439
0.0948942
0.0981184
0.10131
0.104464
0.107575
0.11064
0.113652
0.116608
0.119505
0.122337
0.125097
0.127782
0.130387
0.132903
0.135324
0.137644
0.139859
0.141964
0.143957
0.145837
0.147602
0.149248
0.150769
0.152166
0.153438
0.154584
0.1556
0.156486
0.157238
0.157855
0.158335
0.158677
0.158881
0.158947
0.158878
0.158671
0.158327
0.157846
0.157228
0.156473
0.155579
0.154555
0.153405
0.152
0.150232
0.00562599
0.00381629
0.00237457
0.00119146
0.000134787
-0.000790738
-0.00157938
-0.00223224
-0.00275078
-0.00313627
-0.00338812
-0.00350453
-0.00348437
-0.00332777
-0.00303483
-0.00260611
-0.00204323
-0.00134844
-0.000523799
0.00042844
0.00150585
0.00270646
0.00402881
0.00547143
0.00703252
0.00870986
0.0105013
0.012405
0.0144191
0.0165406
0.0187661
0.0210925
0.0235164
0.0260341
0.0286411
0.0313323
0.0341023
0.036946
0.039859
0.0428365
0.0458745
0.048969
0.052115
0.0553081
0.0585429
0.0618123
0.0651093
0.0684276
0.0717602
0.0751012
0.0784461
0.0817888
0.0851241
0.0884473
0.0917529
0.0950363
0.0982935
0.101519
0.104705
0.10785
0.110948
0.113995
0.116985
0.119914
0.122777
0.125566
0.128278
0.130908
0.133449
0.135895
0.13824
0.14048
0.14261
0.144626
0.146528
0.148311
0.149972
0.151507
0.152918
0.154205
0.155366
0.156397
0.157294
0.158053
0.158674
0.159153
0.159491
0.159688
0.159744
0.159661
0.159437
0.159073
0.158568
0.157923
0.157139
0.156212
0.15515
0.153959
0.152508
0.150684
0.00500743
0.0031437
0.00165746
0.000435644
-0.000657137
-0.00161521
-0.00243354
-0.00311361
-0.00365582
-0.00406088
-0.00432872
-0.00445805
-0.00444754
-0.00429697
-0.00400701
-0.00357856
-0.0030128
-0.0023119
-0.00147827
-0.000514556
0.000576605
0.00179311
0.00313307
0.00459421
0.00617414
0.00787077
0.00968239
0.0116073
0.0136431
0.0157869
0.018036
0.0203877
0.022839
0.0253861
0.0280242
0.030748
0.0335521
0.0364314
0.0393808
0.0423953
0.0454705
0.0486022
0.0517855
0.0550158
0.0582878
0.0615942
0.0649284
0.0682846
0.0716561
0.075037
0.078422
0.0818047
0.0851797
0.0885423
0.0918868
0.0952086
0.0985038
0.101767
0.104991
0.108175
0.111313
0.1144
0.117429
0.120395
0.123293
0.126115
0.128858
0.131518
0.134088
0.136562
0.138936
0.141205
0.143363
0.145405
0.14733
0.149134
0.150813
0.152366
0.153795
0.155101
0.156279
0.157324
0.158231
0.158997
0.159621
0.160101
0.160437
0.160629
0.160676
0.16058
0.160338
0.159953
0.159425
0.158755
0.157942
0.156983
0.155885
0.154657
0.153162
0.151287
0.00424101
0.00232554
0.000796441
-0.000462762
-0.00159152
-0.00258222
-0.00342942
-0.00413586
-0.00470133
-0.0051256
-0.00540878
-0.00555012
-0.00554858
-0.00540373
-0.00511628
-0.00468717
-0.00411773
-0.00340995
-0.0025665
-0.0015902
-0.000483659
0.000750691
0.00211018
0.00359193
0.00519353
0.00691319
0.0087491
0.010699
0.0127602
0.0149301
0.0172067
0.0195879
0.0220706
0.0246508
0.0273238
0.0300844
0.0329273
0.035847
0.0388379
0.0418944
0.0450119
0.0481862
0.051412
0.0546845
0.0579983
0.0613467
0.0647234
0.0681233
0.0715399
0.0749668
0.078398
0.0818267
0.0852474
0.0886554
0.0920446
0.0954101
0.0987485
0.102055
0.105323
0.108551
0.111734
0.114865
0.117937
0.120945
0.123882
0.126741
0.129521
0.132216
0.13482
0.137328
0.139735
0.142036
0.144223
0.146294
0.148244
0.150072
0.151774
0.15335
0.154802
0.156128
0.157324
0.158382
0.159299
0.160073
0.160703
0.161186
0.161522
0.161708
0.161746
0.161636
0.161377
0.160971
0.16042
0.159726
0.158885
0.157895
0.156764
0.155499
0.153963
0.15204
0.00332719
0.00136051
-0.000210703
-0.00150595
-0.00267035
-0.00369441
-0.00457038
-0.00530222
-0.0058903
-0.00633346
-0.00663146
-0.00678415
-0.0067909
-0.00665128
-0.00636565
-0.00593492
-0.00536075
-0.00464525
-0.003791
-0.00280069
-0.00167714
-0.000423439
0.000957262
0.00246208
0.0040888
0.00583544
0.00769947
0.00967806
0.0117686
0.013969
0.0162778
0.0186928
0.0212109
0.0238282
0.0265402
0.0293423
0.0322286
0.0351932
0.0382303
0.0413338
0.0444991
0.0477213
0.0509949
0.0543146
0.0576755
0.0610714
0.0644966
0.0679462
0.0714133
0.0748915
0.0783745
0.0818548
0.0853271
0.0887862
0.0922259
0.0956412
0.0990288
0.102384
0.105702
0.10898
0.112212
0.115391
0.11851
0.121564
0.124546
0.127449
0.130271
0.133007
0.135652
0.138198
0.140642
0.142976
0.145196
0.147296
0.149276
0.151133
0.152864
0.154467
0.155944
0.157292
0.158505
0.159576
0.160505
0.161288
0.161926
0.162415
0.162751
0.162933
0.162961
0.162836
0.162561
0.162135
0.161563
0.160843
0.159975
0.158955
0.157791
0.156492
0.154916
0.152946
0.00226587
0.000247964
-0.00136593
-0.00269717
-0.0038962
-0.00495377
-0.0058592
-0.00661596
-0.00722583
-0.00768753
-0.0080002
-0.0081638
-0.00817818
-0.008043
-0.00775823
-0.00732502
-0.00674517
-0.00602088
-0.00515451
-0.00414875
-0.00300695
-0.00173263
-0.000328795
0.001202
0.00285736
0.00463446
0.00652998
0.008541
0.0106653
0.0129013
0.0152472
0.0177006
0.0202585
0.0229174
0.0256734
0.0285214
0.0314555
0.0344695
0.0375575
0.0407132
0.0439315
0.0472071
0.0505339
0.0539066
0.0573204
0.0607699
0.0642497
0.0677546
0.0712776
0.0748123
0.0783521
0.0818897
0.0854192
0.0889354
0.0924319
0.0959038
0.0993475
0.102758
0.106132
0.109464
0.112749
0.11598
0.119151
0.122257
0.125289
0.128243
0.131114
0.133898
0.136587
0.139176
0.141659
0.14403
0.146285
0.14842
0.150434
0.152324
0.154086
0.155719
0.157221
0.15859
0.159821
0.160909
0.161851
0.162648
0.163297
0.163791
0.164127
0.164303
0.164322
0.164184
0.163893
0.16345
0.162856
0.162112
0.161217
0.160168
0.158972
0.157639
0.156024
0.154007
0.00105539
-0.00101338
-0.00267113
-0.00403952
-0.00527259
-0.00636301
-0.00729844
-0.00808038
-0.00871141
-0.00919119
-0.00951851
-0.00969287
-0.00971416
-0.00958234
-0.00929756
-0.00886097
-0.00827434
-0.00753982
-0.00665987
-0.00563756
-0.00447648
-0.0031799
-0.00175045
-0.000190733
0.00149615
0.00330652
0.00523681
0.00728445
0.00944745
0.0117238
0.0141115
0.0166081
0.0192109
0.0219167
0.0247214
0.02762
0.0306062
0.033674
0.0368176
0.0400306
0.0433071
0.0466414
0.0500272
0.0534591
0.0569325
0.0604422
0.0639828
0.0675488
0.071133
0.0747293
0.0783314
0.0819318
0.0855245
0.0891041
0.0926641
0.0961997
0.0997067
0.10318
0.106614
0.110005
0.113348
0.116636
0.119863
0.123026
0.126115
0.129126
0.132052
0.134887
0.137626
0.14026
0.142787
0.145199
0.147493
0.149667
0.151719
0.153645
0.155441
0.157104
0.158631
0.160023
0.161275
0.162381
0.163342
0.164154
0.164813
0.165312
0.165647
0.165819
0.16583
0.165682
0.165377
0.164915
0.164301
0.163534
0.162612
0.161534
0.160307
0.15894
0.157286
0.155221
-0.000307889
-0.00242657
-0.00412865
-0.00553592
-0.00680358
-0.00792596
-0.00889111
-0.00969878
-0.0103511
-0.0108485
-0.0111902
-0.011375
-0.0114026
-0.0112732
-0.0109875
-0.0105463
-0.00995141
-0.00920512
-0.00831032
-0.00727031
-0.00608833
-0.00476712
-0.00330934
-0.00171824
2.38112e-06
0.00184865
0.00381726
0.00590581
0.008112
0.0104333
0.0128676
0.0154125
0.0180656
0.0208235
0.0236818
0.0266352
0.0296778
0.0328039
0.0360078
0.039283
0.0426228
0.0460214
0.0494724
0.0529703
0.0565104
0.0600869
0.0636946
0.0673274
0.0709787
0.0746422
0.0783121
0.0819811
0.085643
0.0892921
0.0929224
0.0965285
0.100105
0.103647
0.107147
0.110602
0.114007
0.117357
0.120647
0.123872
0.127024
0.130095
0.13308
0.135973
0.138764
0.14145
0.144024
0.146483
0.148822
0.151039
0.153133
0.155097
0.156928
0.158621
0.160177
0.161595
0.16287
0.163999
0.164979
0.165807
0.166475
0.166979
0.167315
0.167485
0.167491
0.167334
0.167015
0.166537
0.165901
0.165111
0.164163
0.163055
0.161796
0.160396
0.158701
0.156588
-0.00182853
-0.00399616
-0.00574206
-0.0071896
-0.00849318
-0.00964711
-0.0106413
-0.011475
-0.0121491
-0.0126642
-0.0130197
-0.0132143
-0.0132477
-0.01312
-0.0128321
-0.0123847
-0.0117799
-0.0110203
-0.0101092
-0.0090496
-0.00784412
-0.00649549
-0.00500691
-0.00338233
-0.0016257
0.000259456
0.00227006
0.00440341
0.00665674
0.0090273
0.011513
0.0141117
0.0168205
0.0196354
0.0225519
0.0255646
0.0286683
0.0318574
0.0351264
0.0384684
0.0418767
0.0453453
0.0488678
0.0524386
0.056052
0.059702
0.0633828
0.0670888
0.0708131
0.0745499
0.0782933
0.0820364
0.0857733
0.0894982
0.0932047
0.0968873
0.10054
0.104155
0.107726
0.111251
0.114724
0.118143
0.121502
0.124795
0.128013
0.13115
0.134199
0.137152
0.140002
0.142744
0.145373
0.147884
0.150274
0.15254
0.154678
0.156683
0.15855
0.160277
0.161866
0.163314
0.164617
0.16577
0.16677
0.167611
0.16829
0.1688
0.169139
0.16931
0.169312
0.169147
0.168816
0.16832
0.167665
0.16685
0.165875
0.164737
0.163445
0.162009
0.160272
0.158109
-0.00350986
-0.00572704
-0.00751614
-0.00900413
-0.010345
-0.0115312
-0.0125541
-0.0134138
-0.0141101
-0.0146429
-0.0150117
-0.0152158
-0.0152543
-0.0151273
-0.0148356
-0.0143804
-0.0137641
-0.0129897
-0.01206
-0.0109777
-0.00974558
-0.00836678
-0.0068451
-0.00518463
-0.00338906
-0.0014616
0.000594475
0.00277607
0.00508029
0.00750458
0.0100469
0.0127048
0.0154744
0.0183513
0.0213307
0.0244078
0.0275776
0.0308345
0.0341731
0.0375868
0.0410689
0.0446134
0.0482135
0.0518632
0.0555563
0.0592858
0.063046
0.0668313
0.0706351
0.0744513
0.078274
0.0820968
0.0859143
0.0897207
0.0935092
0.0972736
0.101007
0.104702
0.108351
0.111952
0.115502
0.118996
0.12243
0.125796
0.129086
0.132292
0.135408
0.138428
0.141343
0.144148
0.146838
0.149409
0.151855
0.154172
0.156358
0.158407
0.160315
0.162081
0.163706
0.165188
0.16652
0.167698
0.168716
0.169573
0.170263
0.170782
0.171127
0.1713
0.171299
0.171126
0.170782
0.170271
0.169595
0.168756
0.167753
0.166583
0.165257
0.163782
0.162002
0.159785
-0.00535298
-0.00762311
-0.00945597
-0.0109836
-0.0123628
-0.0135828
-0.0146348
-0.0155202
-0.0162388
-0.0167895
-0.0171716
-0.0173845
-0.0174272
-0.0172998
-0.0170029
-0.0165386
-0.0159092
-0.0151176
-0.0141662
-0.0130579
-0.011796
-0.0103843
-0.00882677
-0.00712718
-0.00528905
-0.00331576
-0.00121089
0.00102244
0.0033817
0.00586459
0.00846876
0.0111909
0.0140263
0.0169704
0.0200181
0.023165
0.0264061
0.0297359
0.033149
0.0366394
0.0402009
0.0438268
0.0475101
0.0512441
0.0550222
0.0588372
0.0626832
0.0665544
0.0704443
0.0743466
0.0782549
0.0821633
0.086067
0.0899603
0.0938361
0.0976876
0.101508
0.105288
0.109023
0.112709
0.116343
0.11992
0.123435
0.12688
0.130245
0.133525
0.136714
0.139805
0.142792
0.145667
0.148425
0.151059
0.153564
0.155937
0.158175
0.160272
0.162226
0.164036
0.165702
0.167219
0.168582
0.169783
0.170822
0.171695
0.1724
0.172929
0.173282
0.173456
0.173452
0.173272
0.172916
0.172389
0.171692
0.170828
0.169796
0.168593
0.16723
0.165716
0.163889
0.161617
-0.00735795
-0.0096866
-0.0115659
-0.0131331
-0.0145507
-0.0158059
-0.0168882
-0.0177996
-0.0185403
-0.0191089
-0.0195042
-0.0197252
-0.0197714
-0.0196424
-0.0193396
-0.0188648
-0.0182203
-0.0174087
-0.0164325
-0.0152952
-0.0140006
-0.0125529
-0.0109559
-0.00921322
-0.0073287
-0.00530604
-0.00314882
-0.000859696
0.0015593
0.00410577
0.00677669
0.00956792
0.0124744
0.0154912
0.0186131
0.0218355
0.0251534
0.0285614
0.0320546
0.0356274
0.0392736
0.0429863
0.0467579
0.0505811
0.0544496
0.0583561
0.0622944
0.0662584
0.0702413
0.0742365
0.0782372
0.0822375
0.0862331
0.0902186
0.094187
0.098131
0.102043
0.105916
0.109745
0.113524
0.11725
0.120916
0.124518
0.128047
0.131494
0.134853
0.13812
0.14129
0.144353
0.147303
0.150132
0.152833
0.155402
0.157835
0.16013
0.162283
0.164289
0.166147
0.167855
0.169409
0.170802
0.17203
0.173092
0.173985
0.174706
0.175247
0.175605
0.175781
0.175775
0.175588
0.175221
0.174677
0.17396
0.17307
0.172007
0.170769
0.169367
0.167812
0.165936
0.163607
-0.00952609
-0.0119189
-0.0138489
-0.0154572
-0.0169133
-0.0182045
-0.0193184
-0.0202565
-0.0210194
-0.0216058
-0.022014
-0.0222426
-0.0222915
-0.0221606
-0.021851
-0.0213643
-0.0207024
-0.0198682
-0.0188648
-0.0176959
-0.0163657
-0.0148783
-0.0132376
-0.0114478
-0.00951302
-0.00743722
-0.0052235
-0.00287391
-0.000390341
0.00222442
0.00496672
0.00783197
0.0108149
0.0139102
0.0171123
0.0204161
0.0238167
0.0273091
0.0308887
0.0345499
0.0382864
0.0420911
0.0459558
0.0498734
0.0538377
0.0578419
0.0618794
0.0659431
0.0700259
0.0741208
0.0782209
0.0823198
0.0864134
0.0904966
0.0945629
0.0986052
0.102616
0.106588
0.110517
0.114397
0.118221
0.121984
0.125679
0.129297
0.132832
0.136277
0.13963
0.142883
0.146028
0.149056
0.15196
0.154732
0.15737
0.15987
0.162229
0.164443
0.166506
0.168415
0.170169
0.171762
0.173189
0.174447
0.175536
0.176452
0.17719
0.177742
0.178106
0.178285
0.178278
0.178085
0.177706
0.177146
0.176406
0.17549
0.174394
0.173119
0.171677
0.170077
0.16815
0.16576
-0.0118613
-0.0143222
-0.016307
-0.0179595
-0.0194554
-0.0207833
-0.0219299
-0.0228955
-0.0236809
-0.0242847
-0.0247052
-0.0249413
-0.0249925
-0.0248591
-0.0245416
-0.0240414
-0.0233604
-0.0225018
-0.0214692
-0.0202663
-0.0188972
-0.0173662
-0.0156778
-0.013837
-0.0118481
-0.00971492
-0.00743996
-0.00502509
-0.00247237
0.000215072
0.00303336
0.00597774
0.00904262
0.0122222
0.0155104
0.0189017
0.0223914
0.025975
0.0296478
0.0334039
0.0372366
0.0411385
0.0451017
0.0491193
0.0531852
0.0572931
0.0614362
0.0656064
0.0697959
0.0739974
0.0782036
0.082408
0.0866061
0.090793
0.0949631
0.0991097
0.103226
0.107304
0.111339
0.115325
0.119254
0.12312
0.126915
0.13063
0.13426
0.137799
0.141244
0.144586
0.147816
0.150926
0.153909
0.156759
0.159472
0.162045
0.164475
0.166755
0.168879
0.170843
0.172646
0.174282
0.175748
0.177042
0.178161
0.179101
0.179855
0.180419
0.180791
0.180974
0.180966
0.180767
0.180378
0.1798
0.179038
0.178093
0.176965
0.175651
0.174165
0.172518
0.170537
0.168081
-0.0143695
-0.0169006
-0.0189432
-0.0206435
-0.0221816
-0.0235475
-0.0247275
-0.0257213
-0.0265292
-0.0271502
-0.027583
-0.0278262
-0.0278792
-0.0277421
-0.0274154
-0.0269003
-0.026199
-0.0253148
-0.0242511
-0.0230114
-0.0216002
-0.0200222
-0.0182826
-0.016387
-0.0143398
-0.0121444
-0.00980328
-0.00731843
-0.00469211
-0.00192749
0.000971663
0.00400042
0.00715265
0.0104219
0.013802
0.0172872
0.020873
0.0245549
0.0283279
0.0321855
0.0361203
0.0401252
0.0441927
0.0483162
0.0524897
0.0567072
0.0609618
0.0652449
0.0695475
0.0738622
0.0781813
0.0824982
0.0868078
0.0911054
0.0953859
0.0996433
0.103871
0.108061
0.112207
0.116305
0.120345
0.12432
0.128223
0.132043
0.135777
0.139417
0.142961
0.146397
0.149718
0.152915
0.155983
0.158916
0.161711
0.164364
0.166869
0.169219
0.171407
0.17343
0.175287
0.176973
0.178484
0.179816
0.180967
0.181931
0.182703
0.18328
0.183663
0.183851
0.183844
0.183639
0.183237
0.182642
0.181858
0.180884
0.179721
0.178366
0.176834
0.175138
0.1731
0.170574
-0.0170566
-0.0196598
-0.0217622
-0.0235134
-0.0250969
-0.0265024
-0.0277166
-0.0287393
-0.0295702
-0.0302085
-0.0306531
-0.0309026
-0.0309564
-0.0308142
-0.0304768
-0.0299456
-0.029223
-0.0283116
-0.0272146
-0.0259356
-0.0244793
-0.0228512
-0.0210571
-0.0191026
-0.0169924
-0.0147298
-0.0123176
-0.00975809
-0.0070534
-0.00420655
-0.00122132
0.00189702
0.00514172
0.00850601
0.0119837
0.0155693
0.0192581
0.0230453
0.0269252
0.0308908
0.0349342
0.0390484
0.0432265
0.0474622
0.0517494
0.0560822
0.0604538
0.0648555
0.0692776
0.073712
0.0781509
0.0825875
0.0870163
0.0914325
0.0958309
0.100206
0.104551
0.108858
0.113122
0.117337
0.121494
0.125585
0.129603
0.133538
0.137382
0.141132
0.144779
0.148316
0.151733
0.155024
0.158184
0.161207
0.164091
0.166829
0.169412
0.171835
0.174091
0.176179
0.178096
0.179837
0.181397
0.182771
0.183955
0.184945
0.185738
0.186332
0.186727
0.186922
0.186915
0.186704
0.18629
0.185678
0.18487
0.183867
0.182666
0.181269
0.179689
0.177941
0.17584
0.17324
-0.019927
-0.0226056
-0.0247703
-0.0265747
-0.0282066
-0.029654
-0.0309039
-0.0319563
-0.0328109
-0.0334665
-0.0339221
-0.0341766
-0.0342295
-0.0340808
-0.0337314
-0.0331829
-0.0324372
-0.0314966
-0.0303639
-0.029043
-0.0275389
-0.0258577
-0.0240053
-0.0219876
-0.0198094
-0.0174746
-0.0149863
-0.0123468
-0.00955824
-0.00662356
-0.00354687
-0.000333891
0.00300827
0.00647283
0.0100539
0.0137463
0.0175447
0.0214436
0.0254369
0.0295172
0.0336762
0.0379066
0.0422021
0.0465564
0.0509635
0.0554175
0.0599117
0.0644376
0.0689854
0.0735461
0.0781117
0.0826753
0.0872315
0.0917747
0.0962992
0.100799
0.105268
0.109699
0.114086
0.118423
0.122702
0.126917
0.131058
0.135114
0.139077
0.142941
0.146699
0.150343
0.153865
0.157258
0.160518
0.163638
0.166615
0.169441
0.172107
0.174608
0.176938
0.179097
0.181081
0.182883
0.184494
0.185911
0.18713
0.18815
0.188969
0.189583
0.189992
0.190194
0.190187
0.18997
0.189546
0.188916
0.188084
0.187049
0.185811
0.184368
0.182737
0.180932
0.178765
0.176086
-0.0229843
-0.0257434
-0.0279736
-0.0298339
-0.0315167
-0.0330089
-0.0342965
-0.0353799
-0.0362587
-0.0369316
-0.0373973
-0.0376554
-0.0377059
-0.0375491
-0.0371862
-0.0366184
-0.0358473
-0.034875
-0.033704
-0.0323386
-0.030784
-0.0290462
-0.0271314
-0.0250457
-0.0227946
-0.0203824
-0.0178125
-0.0150871
-0.0122084
-0.00917997
-0.00600636
-0.00269363
0.000751223
0.00432162
0.00801194
0.0118171
0.0157312
0.019748
0.0238611
0.028063
0.0323449
0.0366991
0.0411191
0.0455989
0.0501325
0.0547139
0.0593366
0.0639924
0.0686718
0.0733654
0.0780648
0.0827632
0.0874547
0.0921333
0.0967922
0.101425
0.106024
0.110585
0.115101
0.119567
0.123977
0.128321
0.132591
0.136774
0.140863
0.144848
0.148724
0.152483
0.156118
0.159622
0.162989
0.166212
0.169286
0.172204
0.174959
0.177544
0.179957
0.182193
0.184248
0.186112
0.187777
0.18924
0.1905
0.191555
0.192403
0.193039
0.193462
0.193672
0.193666
0.193445
0.19301
0.192363
0.191505
0.190438
0.189159
0.187668
0.185983
0.184117
0.181881
0.179117
-0.026232
-0.0290778
-0.0313783
-0.0332974
-0.0350342
-0.0365742
-0.0379021
-0.039018
-0.0399216
-0.0406115
-0.0410868
-0.0413474
-0.041394
-0.0412276
-0.0408491
-0.0402595
-0.0394603
-0.0384533
-0.0372415
-0.0358287
-0.0342202
-0.0324219
-0.0304403
-0.0282821
-0.0259532
-0.0234581
-0.0208005
-0.0179827
-0.0150076
-0.0118793
-0.00860308
-0.00518496
-0.00163155
0.00205073
0.00585623
0.00977983
0.0138155
0.0179565
0.022196
0.0265265
0.0309389
0.0354246
0.0399765
0.0445889
0.0492559
0.0539716
0.0587294
0.0635213
0.0683382
0.0731712
0.0780116
0.0828522
0.0876869
0.0925087
0.0973102
0.102083
0.106821
0.111519
0.116172
0.120775
0.125321
0.129801
0.134204
0.13852
0.142738
0.146852
0.150855
0.154737
0.158493
0.162115
0.165596
0.168928
0.172105
0.175121
0.177971
0.180649
0.18315
0.185469
0.187598
0.189526
0.191248
0.192763
0.194069
0.195164
0.196043
0.196702
0.19714
0.197359
0.197356
0.197132
0.196686
0.196021
0.195137
0.194035
0.192713
0.191172
0.189428
0.1875
0.18519
0.182338
-0.0296751
-0.032614
-0.0349899
-0.036972
-0.038766
-0.0403569
-0.0417278
-0.0428778
-0.0438069
-0.044514
-0.0449987
-0.0452613
-0.045303
-0.0451251
-0.0447286
-0.0441145
-0.0432842
-0.0422399
-0.0409841
-0.0395205
-0.0378543
-0.0359916
-0.0339392
-0.031704
-0.0292922
-0.0267085
-0.0239567
-0.0210401
-0.0179621
-0.0147277
-0.0113426
-0.00781258
-0.00414406
-0.00034341
0.00358339
0.00763125
0.0117944
0.016066
0.0204388
0.024905
0.0294552
0.03408
0.0387716
0.0435241
0.048332
0.0531894
0.0580895
0.0630241
0.0679849
0.0729636
0.0779517
0.0829417
0.0879266
0.0928991
0.0978508
0.102773
0.107658
0.112501
0.117298
0.122045
0.126734
0.131355
0.135897
0.14035
0.144705
0.148954
0.153091
0.157106
0.160991
0.164738
0.168338
0.171784
0.175072
0.178195
0.181149
0.183926
0.186521
0.188926
0.191132
0.19313
0.194916
0.196488
0.197845
0.198982
0.199893
0.200576
0.201033
0.201263
0.201266
0.201038
0.200581
0.199896
0.198985
0.197846
0.196479
0.194883
0.19308
0.191086
0.188698
0.185751
-0.0333198
-0.0363577
-0.0388144
-0.0408641
-0.0427191
-0.0443637
-0.0457799
-0.0469662
-0.047922
-0.048647
-0.0491413
-0.0494057
-0.0494415
-0.0492503
-0.0488334
-0.0481922
-0.0473281
-0.0462433
-0.04494
-0.0434219
-0.0416943
-0.0397633
-0.037636
-0.0353192
-0.0328192
-0.0301409
-0.0272887
-0.0242669
-0.0210797
-0.0177326
-0.0142315
-0.0105825
-0.0067918
-0.00286605
0.00118851
0.00536688
0.00966386
0.0140727
0.0185857
0.0231944
0.0278893
0.0326605
0.0374996
0.0424003
0.047357
0.052364
0.0574141
0.0624987
0.06761
0.0727406
0.0778827
0.0830287
0.0881707
0.0933006
0.0984098
0.103489
0.10853
0.113527
0.118478
0.123376
0.128213
0.132981
0.137669
0.142265
0.146763
0.151156
0.155435
0.15959
0.163611
0.167489
0.171215
0.174785
0.178192
0.181432
0.184497
0.18738
0.190073
0.192568
0.194856
0.196932
0.198788
0.200424
0.201835
0.203016
0.203962
0.204673
0.205152
0.205396
0.205404
0.205173
0.204704
0.203999
0.203058
0.20188
0.200464
0.198813
0.196946
0.194883
0.192412
0.189364
-0.0371739
-0.0403164
-0.0428587
-0.0449806
-0.0469005
-0.0486016
-0.0500653
-0.0512896
-0.0522738
-0.0530179
-0.0535224
-0.0537883
-0.0538174
-0.0536113
-0.0531721
-0.0525013
-0.0516005
-0.0504717
-0.0491172
-0.0475408
-0.0457477
-0.0437444
-0.0415377
-0.0391343
-0.0365406
-0.033762
-0.0308037
-0.0276706
-0.0243678
-0.0209009
-0.0172763
-0.0135007
-0.00958066
-0.00552282
-0.00133351
0.00298234
0.0074199
0.0119727
0.0166327
0.0213906
0.0262366
0.0311612
0.0361558
0.0412131
0.046327
0.0514916
0.0566995
0.061942
0.0672111
0.0725001
0.0778023
0.0831104
0.088416
0.0937103
0.0989841
0.104228
0.109434
0.114596
0.119708
0.124765
0.129758
0.13468
0.13952
0.144268
0.148918
0.153462
0.157891
0.162192
0.166356
0.170372
0.174234
0.177935
0.181472
0.184836
0.188019
0.191013
0.193809
0.1964
0.198779
0.200938
0.202872
0.204576
0.206043
0.207271
0.208256
0.208999
0.209502
0.209762
0.209776
0.209542
0.209061
0.208334
0.207361
0.206142
0.204676
0.202966
0.201033
0.198895
0.196336
0.193179
-0.0412455
-0.0444985
-0.047131
-0.049329
-0.0513176
-0.0530781
-0.0545912
-0.0558554
-0.0568698
-0.0576342
-0.0581494
-0.0584168
-0.0584384
-0.0582166
-0.0577533
-0.0570504
-0.0561096
-0.054933
-0.0535233
-0.0518843
-0.0500215
-0.0479411
-0.0456498
-0.0431545
-0.0404616
-0.0375773
-0.0345072
-0.0312568
-0.0278318
-0.0242381
-0.0204825
-0.0165727
-0.0125158
-0.00831842
-0.00398672
0.000474275
0.0050597
0.00976322
0.0145766
0.0194904
0.0244943
0.0295793
0.0347369
0.0399591
0.0452387
0.0505693
0.0559433
0.0613518
0.0667867
0.0722415
0.0777104
0.0831868
0.0886625
0.0941283
0.0995745
0.104991
0.11037
0.115705
0.120988
0.126212
0.13137
0.136455
0.141456
0.146365
0.151175
0.155877
0.160462
0.164916
0.169229
0.173392
0.177398
0.181241
0.184914
0.188409
0.191716
0.194826
0.197732
0.200427
0.202905
0.205155
0.20717
0.208944
0.210472
0.211752
0.212781
0.213561
0.21409
0.214365
0.214385
0.214148
0.213655
0.212905
0.211899
0.210636
0.209117
0.207346
0.205342
0.203125
0.200472
0.1972
-0.0455428
-0.048913
-0.0516406
-0.0539183
-0.0559787
-0.0578015
-0.0593664
-0.0606721
-0.0617182
-0.062504
-0.0630307
-0.0632997
-0.0633136
-0.0630749
-0.0625856
-0.0618479
-0.0608635
-0.0596351
-0.0581658
-0.0564595
-0.0545217
-0.0523586
-0.049977
-0.047384
-0.0445866
-0.0415911
-0.0384036
-0.0350298
-0.0314758
-0.0277482
-0.0238543
-0.0198027
-0.0156012
-0.0112563
-0.00677396
-0.00215964
0.00258132
0.00744255
0.0124161
0.0174925
0.0226615
0.0279141
0.033242
0.0386371
0.0440911
0.0495963
0.0551449
0.0607281
0.0663376
0.0719666
0.0776098
0.0832614
0.088914
0.0945584
0.100184
0.105782
0.111342
0.116856
0.122318
0.127719
0.133052
0.138308
0.143479
0.148558
0.153536
0.158404
0.163151
0.167765
0.172235
0.176554
0.180714
0.184706
0.188522
0.192153
0.195589
0.198823
0.201847
0.204656
0.207239
0.209585
0.211686
0.213535
0.215131
0.216469
0.217548
0.218366
0.218922
0.219214
0.219242
0.219003
0.218496
0.217722
0.21668
0.215372
0.213798
0.211961
0.209882
0.207581
0.204828
0.201435
-0.050074
-0.0535689
-0.0563971
-0.0587583
-0.0608934
-0.0627813
-0.0644005
-0.0657497
-0.0668287
-0.0676373
-0.0681762
-0.0684473
-0.068453
-0.068196
-0.0676785
-0.0669027
-0.0658711
-0.0645867
-0.0630528
-0.0612736
-0.0592548
-0.0570028
-0.0545248
-0.0518283
-0.0489205
-0.0458081
-0.042497
-0.0389932
-0.0353035
-0.0314349
-0.0273957
-0.0231947
-0.0188402
-0.0143392
-0.00969783
-0.00492173
-1.70489e-05
0.00500954
0.0101506
0.015397
0.0207387
0.0261663
0.0316721
0.0372478
0.0428844
0.0485731
0.0543054
0.0600721
0.0658651
0.0716773
0.0775033
0.0833379
0.0891744
0.0950044
0.100817
0.106602
0.11235
0.118052
0.123701
0.129287
0.134804
0.140242
0.145593
0.15085
0.156004
0.161045
0.165962
0.170744
0.175381
0.179864
0.184185
0.188334
0.1923
0.196073
0.199647
0.203013
0.206165
0.209095
0.211789
0.214236
0.216427
0.21836
0.22003
0.221432
0.222564
0.223422
0.224008
0.22432
0.224357
0.224116
0.223595
0.222796
0.221718
0.220362
0.218729
0.216821
0.214662
0.212274
0.209415
0.205892
-0.0548473
-0.058475
-0.0614102
-0.0638591
-0.0660723
-0.0680281
-0.0697043
-0.0710993
-0.0722132
-0.0730458
-0.0735979
-0.0738711
-0.0738679
-0.0735908
-0.0730425
-0.0722255
-0.0711429
-0.0697979
-0.068194
-0.0663357
-0.0642294
-0.061882
-0.0593011
-0.0564947
-0.0534701
-0.0502341
-0.0467927
-0.0431522
-0.0393196
-0.0353031
-0.0311111
-0.0267527
-0.0222368
-0.017571
-0.0127618
-0.00781529
-0.00273811
0.00246252
0.00777937
0.0132039
0.0187263
0.0243368
0.0300278
0.0357913
0.0416183
0.0474993
0.0534241
0.0593834
0.0653687
0.0713732
0.0773913
0.0834175
0.0894457
0.0954682
0.101475
0.107454
0.113396
0.119293
0.125136
0.130917
0.136627
0.142257
0.147798
0.153241
0.158578
0.1638
0.168897
0.173857
0.178671
0.183327
0.187817
0.192128
0.196251
0.200176
0.203897
0.207405
0.210693
0.213748
0.216559
0.219113
0.221404
0.223427
0.225177
0.226648
0.227834
0.228737
0.229356
0.229691
0.229738
0.229495
0.228961
0.228136
0.22702
0.225613
0.223918
0.221936
0.219693
0.217211
0.214242
0.210582
-0.0598715
-0.06364
-0.0666886
-0.0692307
-0.0715261
-0.0735534
-0.0752899
-0.0767336
-0.0778846
-0.0787427
-0.0793086
-0.0795836
-0.0795701
-0.0792711
-0.0786895
-0.0778283
-0.0766907
-0.0752801
-0.0736005
-0.0716569
-0.0694564
-0.0670068
-0.0643163
-0.0613928
-0.0582442
-0.0548771
-0.051298
-0.0475132
-0.0435304
-0.0393584
-0.0350059
-0.0304819
-0.0257959
-0.0209565
-0.0159708
-0.0108449
-0.0055859
-0.000201584
0.00530035
0.0109116
0.0166227
0.0224242
0.0283079
0.0342665
0.0402913
0.0463724
0.0524985
0.0586591
0.0648457
0.0710514
0.0772708
0.0834978
0.0897263
0.0959486
0.102155
0.108336
0.11448
0.120579
0.126625
0.132609
0.138521
0.144351
0.15009
0.155728
0.161258
0.166672
0.171959
0.177108
0.182107
0.186945
0.19161
0.196092
0.200381
0.204469
0.208346
0.212005
0.215435
0.218623
0.221556
0.224226
0.226625
0.228747
0.230582
0.232124
0.233371
0.234322
0.234979
0.235339
0.235398
0.235154
0.234606
0.233754
0.232597
0.231138
0.229376
0.227317
0.224986
0.222406
0.219318
0.215511
-0.0651552
-0.0690728
-0.0722415
-0.0748825
-0.0772658
-0.0793693
-0.08117
-0.0826659
-0.0838566
-0.0847416
-0.0853214
-0.0855974
-0.0855723
-0.0852495
-0.0846321
-0.0837234
-0.0825266
-0.0810454
-0.0792843
-0.0772493
-0.0749481
-0.0723893
-0.0695816
-0.0665334
-0.0632525
-0.0597461
-0.0560209
-0.0520838
-0.0479428
-0.0436069
-0.0390855
-0.0343878
-0.0295234
-0.0245016
-0.0193303
-0.014016
-0.00856545
-0.00298737
0.00270949
0.00851653
0.0144247
0.020425
0.0265095
0.0326707
0.0389005
0.0451889
0.0515242
0.0578949
0.0642915
0.0707075
0.0771371
0.0835743
0.0900121
0.0964426
0.102857
0.109245
0.115599
0.121909
0.128166
0.134361
0.140484
0.146522
0.152468
0.158312
0.164046
0.169661
0.175149
0.180495
0.185689
0.190717
0.195569
0.200232
0.204699
0.208959
0.213003
0.216821
0.220399
0.223728
0.226794
0.229589
0.232104
0.234329
0.236255
0.237875
0.239187
0.240194
0.240892
0.241279
0.241351
0.241107
0.240546
0.239666
0.238467
0.23695
0.235119
0.232979
0.230554
0.227868
0.224653
0.220689
-0.0707069
-0.0747827
-0.0780788
-0.0808254
-0.083303
-0.0854886
-0.0873584
-0.08891
-0.0901426
-0.0910553
-0.0916489
-0.0919251
-0.0918871
-0.0915384
-0.0908826
-0.0899228
-0.0886622
-0.0871052
-0.085257
-0.0831245
-0.080716
-0.0780407
-0.075108
-0.0719267
-0.0685048
-0.0648499
-0.0609695
-0.0568711
-0.052563
-0.0480543
-0.0433552
-0.0384756
-0.0334247
-0.028212
-0.022846
-0.0173335
-0.0116818
-0.00590004
1.65749e-06
0.00601382
0.0121277
0.0183352
0.0246288
0.0310009
0.0374432
0.043946
0.0504979
0.0570866
0.0637021
0.0703371
0.0769859
0.0836423
0.0902986
0.0969466
0.103577
0.110182
0.116754
0.123283
0.129761
0.136175
0.142516
0.148772
0.154934
0.160994
0.166942
0.172771
0.178469
0.184023
0.18942
0.194649
0.199698
0.204555
0.209211
0.213654
0.217873
0.221857
0.225594
0.229073
0.232284
0.235213
0.23785
0.240184
0.242206
0.243911
0.245298
0.246364
0.247107
0.247524
0.247611
0.247368
0.246793
0.245883
0.244639
0.243064
0.24116
0.238932
0.236406
0.233608
0.230255
0.226122
-0.0765355
-0.08078
-0.0842118
-0.0870713
-0.0896506
-0.0919248
-0.0938685
-0.095479
-0.0967554
-0.0976966
-0.0983038
-0.0985794
-0.0985268
-0.09815
-0.0974524
-0.0964371
-0.0951081
-0.0934701
-0.0915291
-0.0892927
-0.08677
-0.0839708
-0.0809047
-0.0775813
-0.0740091
-0.0701961
-0.0661506
-0.0618811
-0.0573961
-0.0527054
-0.0478198
-0.0427497
-0.037504
-0.0320917
-0.0265215
-0.0208013
-0.0149388
-0.00894402
-0.00282786
0.00339915
0.00972817
0.0161519
0.0226634
0.0292548
0.0359177
0.0426424
0.0494177
0.056232
0.0630748
0.069938
0.0768151
0.0836996
0.0905837
0.097459
0.104316
0.111148
0.117946
0.124704
0.13141
0.138054
0.144622
0.151105
0.157493
0.163779
0.169953
0.176005
0.181922
0.187693
0.193305
0.198745
0.204003
0.209066
0.213922
0.218558
0.22296
0.22712
0.231027
0.234669
0.238033
0.241104
0.24387
0.24632
0.248448
0.250247
0.251713
0.252844
0.253635
0.254085
0.25419
0.253949
0.253359
0.252418
0.251127
0.24949
0.247508
0.245187
0.242552
0.239631
0.236134
0.231821
-0.0826512
-0.0870762
-0.0906537
-0.0936344
-0.0963228
-0.0986917
-0.100714
-0.102386
-0.103708
-0.104679
-0.105299
-0.105573
-0.105504
-0.105096
-0.104352
-0.103277
-0.101875
-0.10015
-0.09811
-0.095763
-0.0931187
-0.0901875
-0.0869795
-0.0835047
-0.0797723
-0.075791
-0.0715698
-0.0671184
-0.0624466
-0.0575644
-0.052483
-0.0472132
-0.0417636
-0.0361426
-0.0303589
-0.0244214
-0.018339
-0.0121221
-0.00578217
0.000669619
0.00722393
0.0138736
0.0206121
0.0274318
0.0343237
0.0412781
0.0482845
0.0553317
0.0624097
0.0695098
0.0766244
0.0837462
0.0908675
0.0979798
0.105074
0.112143
0.119178
0.126173
0.133117
0.139998
0.146805
0.153525
0.16015
0.166671
0.173079
0.179364
0.185511
0.191509
0.197346
0.20301
0.208489
0.213769
0.218835
0.223673
0.228272
0.232621
0.23671
0.240525
0.24405
0.247271
0.250175
0.252752
0.254995
0.256896
0.258449
0.259648
0.260492
0.260979
0.261105
0.260867
0.260261
0.259287
0.257947
0.256243
0.254178
0.251756
0.249005
0.245954
0.242301
0.237798
-0.0890664
-0.0936851
-0.0974192
-0.10053
-0.103335
-0.105804
-0.107909
-0.109646
-0.111015
-0.112016
-0.11265
-0.112921
-0.112832
-0.11239
-0.111596
-0.110455
-0.108973
-0.107155
-0.105009
-0.102544
-0.0997704
-0.0966988
-0.0933397
-0.0897036
-0.0858006
-0.0816402
-0.0772323
-0.0725882
-0.067719
-0.0626352
-0.0573479
-0.0518682
-0.0462047
-0.0403653
-0.0343587
-0.0281946
-0.0218833
-0.0154355
-0.00886272
-0.00217626
0.00461381
0.0114997
0.0184749
0.0255318
0.0326615
0.0398541
0.0470995
0.0543873
0.0617082
0.0690532
0.076414
0.0837824
0.09115
0.0985088
0.10585
0.113166
0.120449
0.127691
0.134882
0.14201
0.149065
0.156033
0.162905
0.169672
0.176324
0.18285
0.189237
0.195475
0.20155
0.20745
0.213161
0.218668
0.223954
0.229007
0.233815
0.238367
0.242651
0.246649
0.250345
0.253725
0.256778
0.259494
0.261863
0.263872
0.265517
0.266791
0.267695
0.268223
0.268371
0.268136
0.267515
0.266509
0.265117
0.263342
0.261186
0.258655
0.25578
0.252592
0.248774
0.244067
-0.0957954
-0.100622
-0.104524
-0.107774
-0.110702
-0.113277
-0.11547
-0.117275
-0.118693
-0.119725
-0.120372
-0.120638
-0.120528
-0.120046
-0.119197
-0.117985
-0.116416
-0.114498
-0.112238
-0.109647
-0.106735
-0.103513
-0.0999935
-0.0961855
-0.0921008
-0.0877501
-0.0831445
-0.0782965
-0.0732186
-0.0679222
-0.0624181
-0.0567171
-0.0508285
-0.0447604
-0.0385215
-0.032122
-0.0255727
-0.018885
-0.0120702
-0.00513936
0.00189671
0.0090292
0.0162508
0.023554
0.0309304
0.0383701
0.0458631
0.0533996
0.0609709
0.0685684
0.0761835
0.083807
0.0914302
0.0990446
0.106642
0.114215
0.121755
0.129255
0.136703
0.144089
0.151402
0.158628
0.165759
0.172782
0.179688
0.186467
0.193105
0.199594
0.205919
0.212067
0.218022
0.223766
0.229286
0.234567
0.239599
0.244367
0.248855
0.253046
0.256924
0.260477
0.263692
0.266558
0.269059
0.271186
0.27293
0.274288
0.275257
0.27583
0.276003
0.275774
0.275139
0.274099
0.272651
0.270799
0.268548
0.265902
0.262896
0.259562
0.255569
0.250644
-0.102854
-0.107902
-0.111984
-0.115383
-0.118441
-0.121129
-0.123413
-0.125291
-0.126761
-0.127825
-0.128486
-0.128746
-0.128611
-0.128085
-0.127174
-0.125884
-0.124221
-0.122193
-0.119811
-0.117084
-0.114024
-0.110642
-0.10695
-0.102959
-0.0986812
-0.0941288
-0.0893142
-0.0842508
-0.0789524
-0.0734311
-0.0676979
-0.0617633
-0.0556377
-0.0493301
-0.0428493
-0.0362052
-0.0294089
-0.0224719
-0.0154056
-0.0082212
-0.000929581
0.00645939
0.0139372
0.0214962
0.029128
0.0368237
0.0445732
0.052367
0.0601967
0.0680541
0.0759309
0.0838177
0.0917053
0.0995844
0.107447
0.115286
0.123093
0.13086
0.138577
0.146232
0.153813
0.161309
0.168708
0.175999
0.183172
0.190215
0.197119
0.203871
0.210458
0.216865
0.223075
0.229072
0.234839
0.240364
0.245632
0.250627
0.255332
0.259729
0.263803
0.267543
0.270933
0.273957
0.276601
0.278854
0.280708
0.282159
0.283198
0.283821
0.284023
0.283802
0.283155
0.282078
0.280571
0.278638
0.276285
0.273518
0.270373
0.266883
0.262702
0.257543
-0.110256
-0.115543
-0.119817
-0.123373
-0.126571
-0.129378
-0.13176
-0.133714
-0.135239
-0.136338
-0.137011
-0.137264
-0.1371
-0.136526
-0.135547
-0.13417
-0.132404
-0.130258
-0.127743
-0.12487
-0.12165
-0.118097
-0.114221
-0.110035
-0.105552
-0.100786
-0.0957505
-0.0904598
-0.0849281
-0.0791686
-0.0731929
-0.0670122
-0.0606375
-0.054079
-0.047346
-0.0404478
-0.0333949
-0.0261989
-0.0188717
-0.0114247
-0.00386877
0.00378575
0.0115294
0.0193536
0.0272503
0.0352109
0.043226
0.0512861
0.0593826
0.0675079
0.0756539
0.0838117
0.0919718
0.100125
0.108261
0.116375
0.124458
0.132503
0.140499
0.148434
0.156296
0.164072
0.171751
0.179322
0.186775
0.194097
0.20128
0.208308
0.21517
0.221848
0.228328
0.234591
0.240623
0.246406
0.251923
0.257158
0.262092
0.26671
0.270997
0.274938
0.278514
0.281708
0.284506
0.286897
0.288872
0.290422
0.291539
0.292218
0.292454
0.292245
0.291584
0.290468
0.288899
0.286881
0.284422
0.281526
0.278233
0.274575
0.27019
0.264778
-0.118017
-0.123559
-0.128038
-0.131763
-0.13511
-0.138044
-0.14053
-0.142566
-0.144151
-0.145285
-0.145972
-0.146215
-0.146018
-0.145389
-0.144335
-0.142864
-0.140985
-0.138711
-0.136052
-0.133021
-0.129629
-0.12589
-0.121818
-0.117424
-0.112723
-0.107732
-0.102463
-0.0969322
-0.0911537
-0.085142
-0.0789102
-0.0724705
-0.0658345
-0.0590134
-0.052017
-0.0448542
-0.0375347
-0.0300699
-0.0224723
-0.0147538
-0.00692529
0.00100315
0.00902174
0.017121
0.0252924
0.0335272
0.0418169
0.0501521
0.0585245
0.0669264
0.0753499
0.0837866
0.0922272
0.100662
0.109082
0.11748
0.125849
0.134181
0.142466
0.150692
0.158845
0.166914
0.174886
0.18275
0.190496
0.198113
0.205587
0.212906
0.220056
0.227021
0.233785
0.240331
0.246641
0.252696
0.258477
0.263966
0.269147
0.274004
0.278518
0.282672
0.286447
0.289824
0.29279
0.295332
0.297439
0.299097
0.3003
0.301042
0.301318
0.301122
0.300448
0.299293
0.297659
0.295553
0.29298
0.289948
0.286493
0.282654
0.278048
0.272362
-0.126151
-0.131968
-0.136668
-0.140574
-0.14408
-0.14715
-0.149748
-0.151871
-0.153519
-0.154691
-0.15539
-0.15562
-0.155386
-0.154696
-0.153558
-0.151983
-0.149983
-0.147569
-0.144754
-0.141551
-0.137974
-0.134036
-0.129753
-0.125138
-0.120207
-0.114976
-0.109461
-0.103676
-0.0976366
-0.0913586
-0.084857
-0.0781455
-0.0712361
-0.0641401
-0.0568679
-0.0494288
-0.0418322
-0.0340889
-0.0262115
-0.0182125
-0.0101028
-0.00189222
0.00640998
0.0147939
0.02325
0.0317689
0.0403422
0.0489615
0.0576188
0.0663064
0.0750166
0.0837411
0.0924709
0.101197
0.109909
0.118601
0.127265
0.135894
0.144477
0.153004
0.16146
0.169833
0.178112
0.186283
0.194336
0.202259
0.210039
0.217663
0.225116
0.232384
0.23945
0.246295
0.252898
0.259239
0.265299
0.271061
0.276508
0.28162
0.286378
0.290759
0.294747
0.298323
0.301473
0.30418
0.306428
0.308205
0.309504
0.310318
0.310638
0.310458
0.309772
0.308577
0.306877
0.304678
0.301983
0.298803
0.295174
0.291137
0.286293
0.280313
-0.134675
-0.140789
-0.145726
-0.149825
-0.153503
-0.156721
-0.159439
-0.161656
-0.163369
-0.16458
-0.165289
-0.165501
-0.165224
-0.164465
-0.163237
-0.161549
-0.159416
-0.156851
-0.153866
-0.150477
-0.146699
-0.142547
-0.138038
-0.133188
-0.128013
-0.122529
-0.116752
-0.110698
-0.104383
-0.0978248
-0.09104
-0.0840435
-0.0768479
-0.0694642
-0.0619033
-0.0541753
-0.0462901
-0.0382582
-0.0300918
-0.0218031
-0.0134032
-0.00490149
0.00369306
0.0123707
0.0211211
0.029934
0.0388004
0.0477126
0.0566638
0.0656466
0.0746533
0.0836753
0.0927034
0.101729
0.110743
0.119738
0.128707
0.137642
0.146534
0.155371
0.16414
0.17283
0.181427
0.189919
0.198293
0.206536
0.214636
0.222579
0.230353
0.237941
0.245325
0.252483
0.259395
0.266039
0.272398
0.278453
0.284184
0.289569
0.294585
0.299213
0.303433
0.307227
0.310575
0.313459
0.315862
0.317772
0.319178
0.320071
0.320441
0.32028
0.319584
0.318351
0.316582
0.314283
0.311458
0.308115
0.304298
0.300049
0.294948
0.288649
-0.143607
-0.150042
-0.155235
-0.159545
-0.163408
-0.166783
-0.169631
-0.171946
-0.173728
-0.174975
-0.175692
-0.175882
-0.175555
-0.174721
-0.173392
-0.171582
-0.169304
-0.166573
-0.163404
-0.159813
-0.155818
-0.151437
-0.146687
-0.141586
-0.136151
-0.130396
-0.124341
-0.118003
-0.111398
-0.104546
-0.0974644
-0.0901692
-0.0826735
-0.0749886
-0.0671256
-0.0590956
-0.0509096
-0.0425785
-0.0341134
-0.0255256
-0.0168257
-0.00802317
0.000872962
0.00985298
0.0189063
0.0280222
0.0371912
0.0464057
0.0556599
0.0649471
0.0742596
0.0835887
0.0929248
0.102259
0.111583
0.12089
0.130173
0.139425
0.148635
0.157792
0.166886
0.175903
0.184831
0.193655
0.202363
0.210941
0.219375
0.227654
0.235764
0.243688
0.251406
0.258896
0.266134
0.273101
0.279779
0.286147
0.292181
0.297857
0.303152
0.308046
0.312519
0.316548
0.320112
0.323189
0.325763
0.327819
0.329344
0.330324
0.330751
0.330617
0.329916
0.328644
0.326803
0.324396
0.32143
0.317913
0.313893
0.309415
0.304037
0.297393
-0.152969
-0.159751
-0.165223
-0.16976
-0.173823
-0.177369
-0.180354
-0.182772
-0.184623
-0.185906
-0.186626
-0.186788
-0.186404
-0.185487
-0.184048
-0.182103
-0.179666
-0.176754
-0.173385
-0.169576
-0.165348
-0.16072
-0.155712
-0.150342
-0.144628
-0.138586
-0.132236
-0.125596
-0.118687
-0.111527
-0.104134
-0.0965255
-0.088715
-0.0807145
-0.0725357
-0.0641907
-0.0556916
-0.0470495
-0.038275
-0.0293779
-0.020368
-0.0112545
-0.00204723
0.00724369
0.0166078
0.0260348
0.0355151
0.0450413
0.0546076
0.0642079
0.0738349
0.0834798
0.093133
0.102785
0.112429
0.122057
0.131663
0.14124
0.150778
0.160267
0.169695
0.17905
0.188319
0.197488
0.206543
0.215469
0.224254
0.232885
0.241348
0.249625
0.257693
0.265531
0.273116
0.280429
0.287448
0.294148
0.300504
0.306492
0.312089
0.317273
0.32202
0.326303
0.3301
0.33339
0.336153
0.338372
0.340027
0.341107
0.341601
0.341501
0.340798
0.339487
0.337569
0.335048
0.331931
0.328229
0.323991
0.319266
0.313587
0.306568
-0.162785
-0.169945
-0.17572
-0.180504
-0.184783
-0.188511
-0.191641
-0.194166
-0.196087
-0.197404
-0.198123
-0.198252
-0.197804
-0.196792
-0.195231
-0.193136
-0.190526
-0.187417
-0.183829
-0.179785
-0.175306
-0.170413
-0.165127
-0.159468
-0.153455
-0.147107
-0.140443
-0.133485
-0.126255
-0.118771
-0.111052
-0.103115
-0.094974
-0.0866429
-0.0781345
-0.0694615
-0.0606367
-0.0516714
-0.0425754
-0.0333579
-0.0240274
-0.0145932
-0.00506557
0.00454477
0.0142274
0.0239728
0.0337724
0.0436189
0.0535061
0.0634279
0.0733771
0.0833456
0.0933241
0.103304
0.113277
0.123235
0.133174
0.143085
0.15296
0.16279
0.172563
0.182268
0.19189
0.201415
0.210829
0.220119
0.22927
0.23827
0.247103
0.255748
0.264185
0.272392
0.280347
0.288027
0.295407
0.30246
0.309162
0.315486
0.32141
0.326908
0.33195
0.33651
0.340563
0.344088
0.34706
0.349457
0.351259
0.352452
0.353025
0.352967
0.352266
0.350916
0.348918
0.346277
0.343001
0.3391
0.334627
0.329635
0.323627
0.316201
-0.173085
-0.180656
-0.18676
-0.191812
-0.196324
-0.200247
-0.203529
-0.206167
-0.208158
-0.209507
-0.21022
-0.210309
-0.209787
-0.208669
-0.206971
-0.204712
-0.201909
-0.198585
-0.194761
-0.190461
-0.18571
-0.180531
-0.174946
-0.168976
-0.162643
-0.155967
-0.148971
-0.141678
-0.134109
-0.126284
-0.118223
-0.10994
-0.101453
-0.0927763
-0.0839243
-0.0749103
-0.0657468
-0.056445
-0.0470149
-0.0374648
-0.027803
-0.0180388
-0.00818214
0.00175599
0.0117653
0.0218368
0.031963
0.0421374
0.0523532
0.0626039
0.0728828
0.083182
0.0934933
0.103808
0.114119
0.124419
0.134699
0.144954
0.155177
0.165357
0.175486
0.185551
0.195538
0.205433
0.215221
0.224888
0.234421
0.243806
0.253024
0.262057
0.270884
0.279482
0.287828
0.295895
0.303658
0.311089
0.318161
0.32485
0.331128
0.336962
0.342324
0.347185
0.351521
0.355305
0.358507
0.361101
0.363069
0.364393
0.365058
0.36505
0.364356
0.362969
0.36089
0.358124
0.35468
0.350566
0.345839
0.340555
0.33419
0.326316
-0.183898
-0.191918
-0.19838
-0.203723
-0.208486
-0.212616
-0.216061
-0.218814
-0.220878
-0.222257
-0.22296
-0.223
-0.222392
-0.221154
-0.219303
-0.216859
-0.213845
-0.210285
-0.206203
-0.201626
-0.196581
-0.191092
-0.185184
-0.17888
-0.172203
-0.165179
-0.157831
-0.150181
-0.142255
-0.134071
-0.125649
-0.117004
-0.108155
-0.0991181
-0.0899083
-0.0805396
-0.0710239
-0.0613723
-0.0515945
-0.0416995
-0.0316958
-0.0215922
-0.0113982
-0.00112409
0.00922037
0.0196264
0.0300868
0.0405954
0.051146
0.0617322
0.0723473
0.0829844
0.093636
0.104294
0.114951
0.1256
0.136232
0.146841
0.15742
0.167962
0.178457
0.188893
0.199257
0.209535
0.219711
0.229772
0.239702
0.249487
0.259109
0.26855
0.277788
0.286799
0.295558
0.304036
0.312205
0.32004
0.327513
0.334594
0.34125
0.347449
0.353159
0.358352
0.362999
0.367066
0.370521
0.373337
0.375493
0.376966
0.377738
0.37779
0.37711
0.37569
0.373531
0.370636
0.367011
0.362669
0.357666
0.352064
0.345307
0.336942
-0.195256
-0.203767
-0.21062
-0.216277
-0.221311
-0.225663
-0.229279
-0.232155
-0.234293
-0.235699
-0.236386
-0.236368
-0.235661
-0.234285
-0.232262
-0.229613
-0.226365
-0.222545
-0.218182
-0.213303
-0.207937
-0.202113
-0.195856
-0.189193
-0.18215
-0.174754
-0.167031
-0.159005
-0.1507
-0.142136
-0.133334
-0.124311
-0.115084
-0.105671
-0.0960891
-0.0863511
-0.0764693
-0.0664541
-0.0563156
-0.0460636
-0.0357071
-0.0252545
-0.0147146
-0.00409598
0.00659226
0.0173413
0.0281435
0.0389926
0.0498834
0.0608103
0.0717678
0.0827496
0.0937487
0.104757
0.115768
0.126773
0.137764
0.148737
0.159684
0.170597
0.181469
0.192288
0.203041
0.213715
0.224293
0.234762
0.245105
0.255308
0.265354
0.275223
0.284894
0.29434
0.303534
0.312447
0.321052
0.32932
0.337222
0.344722
0.351787
0.358381
0.364473
0.370031
0.375017
0.379396
0.383133
0.3862
0.388568
0.39021
0.391104
0.391231
0.390575
0.389129
0.38689
0.38386
0.380043
0.375453
0.370151
0.364201
0.357014
0.348111
-0.207196
-0.216245
-0.223523
-0.229522
-0.234847
-0.239437
-0.243236
-0.246239
-0.248453
-0.249884
-0.250547
-0.250458
-0.249636
-0.248103
-0.245885
-0.243008
-0.239501
-0.235394
-0.230721
-0.225513
-0.219799
-0.213611
-0.206978
-0.19993
-0.192494
-0.184701
-0.17658
-0.168154
-0.159448
-0.150483
-0.141282
-0.131861
-0.122241
-0.112437
-0.102467
-0.0923442
-0.0820814
-0.071689
-0.0611776
-0.0505572
-0.0398371
-0.0290254
-0.0181297
-0.00715766
0.00388265
0.0149825
0.0261337
0.0373299
0.0485663
0.0598393
0.0711447
0.0824771
0.09383
0.105195
0.116566
0.127934
0.139292
0.150637
0.16196
0.173255
0.184514
0.195727
0.206882
0.217964
0.228958
0.239849
0.250622
0.261262
0.271751
0.28207
0.292195
0.302098
0.311752
0.321128
0.330198
0.338929
0.347289
0.35524
0.362746
0.369773
0.376283
0.382238
0.387597
0.392322
0.396376
0.399723
0.40233
0.404165
0.405202
0.40542
0.404803
0.403338
0.401019
0.397847
0.393827
0.388969
0.383341
0.377013
0.369355
0.359859
-0.219756
-0.229395
-0.237139
-0.243508
-0.249147
-0.253993
-0.257986
-0.261123
-0.263413
-0.264865
-0.265494
-0.265318
-0.264362
-0.262649
-0.26021
-0.257076
-0.253281
-0.248859
-0.243846
-0.238276
-0.232183
-0.225601
-0.218563
-0.2111
-0.203245
-0.19503
-0.186483
-0.177632
-0.168501
-0.159113
-0.149491
-0.139655
-0.129623
-0.119412
-0.109038
-0.0985148
-0.0878559
-0.0770731
-0.0661769
-0.0551773
-0.0440833
-0.0329019
-0.0216401
-0.010305
0.00109538
0.0125528
0.0240594
0.035609
0.0471975
0.0588226
0.0704812
0.0821691
0.0938803
0.105607
0.117343
0.12908
0.140812
0.152535
0.164242
0.175928
0.187584
0.199202
0.210768
0.222271
0.233694
0.245023
0.256242
0.267336
0.278289
0.289078
0.299679
0.310064
0.320206
0.330074
0.339639
0.348866
0.357716
0.366153
0.37414
0.381638
0.388604
0.394993
0.400763
0.405873
0.41028
0.413942
0.416818
0.418874
0.420081
0.420413
0.419849
0.418373
0.415976
0.412657
0.408419
0.403275
0.397294
0.390552
0.382379
0.372231
-0.232981
-0.24327
-0.251523
-0.258293
-0.264272
-0.269392
-0.273591
-0.276869
-0.279233
-0.280698
-0.281279
-0.280999
-0.279884
-0.277965
-0.275276
-0.271854
-0.267737
-0.262966
-0.257578
-0.251613
-0.245107
-0.238097
-0.230621
-0.222714
-0.214411
-0.205743
-0.196743
-0.187439
-0.177858
-0.168024
-0.15796
-0.147687
-0.137225
-0.126589
-0.115794
-0.104855
-0.0937862
-0.0825999
-0.0713075
-0.0599183
-0.0484398
-0.0368786
-0.0252408
-0.0135337
-0.00176564
0.0100555
0.021923
0.033832
0.0457793
0.0577627
0.0697799
0.0818273
0.0938999
0.105992
0.118097
0.130208
0.14232
0.154428
0.166525
0.178608
0.190669
0.202699
0.214689
0.226624
0.238489
0.250269
0.261951
0.273518
0.284953
0.296233
0.307333
0.318227
0.328886
0.339278
0.34937
0.359123
0.368501
0.377465
0.385975
0.393985
0.401447
0.408314
0.41454
0.420079
0.42488
0.428893
0.432075
0.434387
0.435794
0.436265
0.435772
0.434296
0.431826
0.428356
0.423889
0.418436
0.412074
0.404882
0.396142
0.385275
-0.246924
-0.257928
-0.266738
-0.273947
-0.280293
-0.285707
-0.290124
-0.293545
-0.29598
-0.297446
-0.297961
-0.297552
-0.296251
-0.294094
-0.291121
-0.287375
-0.282901
-0.277742
-0.271941
-0.265542
-0.258585
-0.251112
-0.243164
-0.234779
-0.225994
-0.216843
-0.207359
-0.197574
-0.187515
-0.17721
-0.166682
-0.155952
-0.145039
-0.133958
-0.122726
-0.111357
-0.0998639
-0.0882618
-0.0765618
-0.0647721
-0.0528992
-0.0409486
-0.0289266
-0.0168403
-0.00469813
0.00749265
0.0197268
0.0320008
0.0443125
0.0566597
0.06904
0.0814503
0.0938871
0.106347
0.118824
0.131314
0.14381
0.156307
0.168801
0.181286
0.193758
0.20621
0.218631
0.231008
0.243328
0.255574
0.267734
0.279791
0.291727
0.30352
0.315145
0.326576
0.337781
0.348728
0.359379
0.369697
0.379644
0.389178
0.398254
0.40682
0.414824
0.422218
0.428951
0.434966
0.440206
0.444616
0.448149
0.450757
0.4524
0.453038
0.452639
0.451179
0.448641
0.445019
0.440312
0.434531
0.427757
0.420074
0.410712
0.399049
-0.261647
-0.273438
-0.28286
-0.290546
-0.29729
-0.303018
-0.307664
-0.311229
-0.313727
-0.315177
-0.315603
-0.315036
-0.313516
-0.311084
-0.307789
-0.30368
-0.298805
-0.293215
-0.286958
-0.280081
-0.272633
-0.264657
-0.256199
-0.2473
-0.237998
-0.22833
-0.218331
-0.208033
-0.197469
-0.186667
-0.17565
-0.164439
-0.153054
-0.14151
-0.129823
-0.118008
-0.106079
-0.0940502
-0.0819312
-0.0697303
-0.0574532
-0.0451054
-0.0326929
-0.0202224
-0.00770109
0.00486497
0.0174715
0.030116
0.0427966
0.055511
0.0682572
0.0810332
0.0938374
0.106668
0.119521
0.132391
0.145275
0.158165
0.171058
0.183952
0.196842
0.209722
0.222583
0.235413
0.248197
0.260923
0.273576
0.28614
0.298597
0.310926
0.323102
0.335097
0.346878
0.358412
0.369659
0.380582
0.391142
0.401292
0.410979
0.42015
0.42875
0.436726
0.444018
0.450561
0.456293
0.461155
0.465089
0.468041
0.46996
0.4708
0.470522
0.469097
0.466504
0.462731
0.457775
0.451646
0.444427
0.436209
0.426161
0.413619
-0.277221
-0.289881
-0.299975
-0.308181
-0.315354
-0.321418
-0.3263
-0.330007
-0.332555
-0.333967
-0.334275
-0.333516
-0.331737
-0.32899
-0.325328
-0.320807
-0.315484
-0.309414
-0.302652
-0.295251
-0.287266
-0.278745
-0.269735
-0.260282
-0.250424
-0.240203
-0.229653
-0.218812
-0.207713
-0.196386
-0.184854
-0.17314
-0.16126
-0.149233
-0.137074
-0.1248
-0.112423
-0.0999555
-0.0874066
-0.0747843
-0.0620947
-0.0493432
-0.0365357
-0.0236774
-0.0107732
0.00217279
0.0151569
0.0281764
0.0412288
0.0543123
0.0674259
0.0805698
0.0937443
0.106949
0.12018
0.133434
0.146705
0.159991
0.173287
0.186594
0.199908
0.213224
0.226532
0.239823
0.253083
0.266301
0.279462
0.292551
0.305549
0.318436
0.331187
0.343774
0.356163
0.368317
0.380201
0.391773
0.402991
0.413802
0.424151
0.433982
0.443238
0.451854
0.459763
0.466895
0.473181
0.478554
0.482948
0.486297
0.48854
0.489624
0.489503
0.48814
0.485508
0.48159
0.476378
0.469878
0.46218
0.453379
0.442577
0.42906
-0.293726
-0.307349
-0.318181
-0.326954
-0.33459
-0.341008
-0.346132
-0.349973
-0.352552
-0.3539
-0.354053
-0.353062
-0.35098
-0.347867
-0.343787
-0.338801
-0.332974
-0.326369
-0.319047
-0.311071
-0.302498
-0.293384
-0.283778
-0.273725
-0.263271
-0.252456
-0.241321
-0.229904
-0.21824
-0.206359
-0.194286
-0.182042
-0.169647
-0.157118
-0.144471
-0.131723
-0.118885
-0.105967
-0.0929785
-0.0799263
-0.0668175
-0.0536576
-0.0404512
-0.0272018
-0.0139114
-0.000582492
0.0127821
0.0261788
0.0396046
0.0530584
0.0665409
0.0800545
0.0936014
0.107182
0.120793
0.134431
0.148092
0.161775
0.175479
0.189203
0.202946
0.216703
0.230465
0.244225
0.257972
0.271694
0.285378
0.299008
0.312567
0.326034
0.339386
0.352593
0.36562
0.378433
0.390994
0.403258
0.415179
0.426702
0.437769
0.448322
0.458295
0.467615
0.476206
0.483996
0.490907
0.496862
0.50178
0.505587
0.508212
0.509592
0.509671
0.508404
0.505756
0.501702
0.496229
0.489338
0.481125
0.471688
0.460057
0.445459
-0.31126
-0.325946
-0.33759
-0.346979
-0.355111
-0.3619
-0.367269
-0.371232
-0.373818
-0.375066
-0.375025
-0.373752
-0.371314
-0.367779
-0.363219
-0.357705
-0.351311
-0.344108
-0.336169
-0.327559
-0.318344
-0.308583
-0.298328
-0.28763
-0.276533
-0.265085
-0.253328
-0.241301
-0.22904
-0.216575
-0.203932
-0.191135
-0.178203
-0.165154
-0.152004
-0.138766
-0.125453
-0.112074
-0.0986367
-0.085148
-0.0716151
-0.0580431
-0.0444343
-0.0307901
-0.0171108
-0.00339739
0.0103477
0.0241211
0.0379203
0.0517453
0.0655983
0.0794832
0.0934032
0.107359
0.121349
0.135372
0.149425
0.163509
0.177623
0.191768
0.205943
0.220145
0.234368
0.248607
0.262851
0.277089
0.291308
0.305495
0.319633
0.333703
0.34768
0.361535
0.375236
0.388745
0.402023
0.415024
0.427696
0.439986
0.451834
0.463172
0.473927
0.48402
0.493371
0.501898
0.509513
0.516124
0.521642
0.525979
0.529054
0.530792
0.531126
0.529998
0.527362
0.523187
0.517451
0.510151
0.501385
0.491257
0.478713
0.462919
-0.329932
-0.345794
-0.358329
-0.368384
-0.377045
-0.38422
-0.389831
-0.393898
-0.396461
-0.397568
-0.397282
-0.395671
-0.392813
-0.388788
-0.383677
-0.377564
-0.370533
-0.362665
-0.35404
-0.344733
-0.334814
-0.324346
-0.313387
-0.30199
-0.290205
-0.278081
-0.265662
-0.252989
-0.240098
-0.227019
-0.21378
-0.200405
-0.186915
-0.173327
-0.159657
-0.145917
-0.132116
-0.118265
-0.10437
-0.0904392
-0.0764784
-0.0624907
-0.0484764
-0.0344344
-0.0203642
-0.00626626
0.00785752
0.0220053
0.0361764
0.0503723
0.0645964
0.0788529
0.093145
0.107475
0.121843
0.13625
0.150696
0.165182
0.179709
0.194276
0.208886
0.223537
0.238227
0.252951
0.267701
0.282466
0.297233
0.311992
0.326728
0.341421
0.356048
0.370581
0.384987
0.39923
0.413266
0.42705
0.440529
0.453646
0.466337
0.478527
0.490136
0.501081
0.511277
0.520627
0.529032
0.536388
0.542593
0.547546
0.551153
0.553323
0.553975
0.553038
0.550454
0.546179
0.540183
0.532457
0.523101
0.512225
0.498679
0.48156
-0.349869
-0.36703
-0.38054
-0.391315
-0.400536
-0.408109
-0.413954
-0.418101
-0.420601
-0.421518
-0.420926
-0.418908
-0.415555
-0.41096
-0.405218
-0.398425
-0.390677
-0.382066
-0.372682
-0.362606
-0.351913
-0.340673
-0.328948
-0.316797
-0.304274
-0.291428
-0.278307
-0.264951
-0.251396
-0.237673
-0.223811
-0.209834
-0.195765
-0.181621
-0.167415
-0.153158
-0.138858
-0.124524
-0.110165
-0.0957868
-0.0813939
-0.0669869
-0.0525641
-0.0381229
-0.023662
-0.00918123
0.00531886
0.0198386
0.0343795
0.0489446
0.0635376
0.0781627
0.092824
0.107525
0.12227
0.13706
0.151898
0.166786
0.181723
0.196714
0.21176
0.226865
0.242027
0.257242
0.272504
0.287803
0.303131
0.318477
0.333827
0.349164
0.364465
0.379705
0.39485
0.409862
0.4247
0.439316
0.453656
0.467662
0.481262
0.494376
0.506921
0.518809
0.52994
0.540209
0.549501
0.557702
0.564695
0.570365
0.574599
0.577289
0.578337
0.577656
0.575172
0.570829
0.564585
0.556421
0.546439
0.534753
0.520109
0.501525
-0.371218
-0.389814
-0.404389
-0.415939
-0.42575
-0.433728
-0.439791
-0.443985
-0.446374
-0.447037
-0.446065
-0.443558
-0.439621
-0.434364
-0.427898
-0.420334
-0.411779
-0.402339
-0.39211
-0.381184
-0.369642
-0.357558
-0.345003
-0.332039
-0.318724
-0.305109
-0.291241
-0.277162
-0.262908
-0.248511
-0.234
-0.2194
-0.204732
-0.190013
-0.175255
-0.160467
-0.145658
-0.130835
-0.116006
-0.101175
-0.086345
-0.0715147
-0.0566813
-0.0418414
-0.0269923
-0.0121318
0.00274192
0.0176315
0.0325398
0.0474704
0.0624273
0.0774154
0.0924408
0.10751
0.122628
0.1378
0.153027
0.168312
0.183657
0.199069
0.214553
0.230113
0.245749
0.261459
0.277238
0.293079
0.308977
0.324923
0.340903
0.356903
0.372902
0.388875
0.404791
0.420612
0.436295
0.451794
0.467054
0.482011
0.49659
0.510708
0.524279
0.537204
0.549371
0.560662
0.570953
0.580115
0.588014
0.594516
0.599488
0.602803
0.604341
0.603997
0.601678
0.597311
0.590838
0.582229
0.571587
0.559032
0.543186
0.522983
-0.394153
-0.414333
-0.430069
-0.442448
-0.452876
-0.461259
-0.467519
-0.471713
-0.473928
-0.474259
-0.472816
-0.46972
-0.465096
-0.45907
-0.451774
-0.443333
-0.433871
-0.423503
-0.412336
-0.400471
-0.387996
-0.374993
-0.361537
-0.347697
-0.333532
-0.319097
-0.304438
-0.289595
-0.274607
-0.259506
-0.24432
-0.229074
-0.213788
-0.198477
-0.183152
-0.167822
-0.152495
-0.137177
-0.121872
-0.106584
-0.0913131
-0.0760567
-0.0608122
-0.0455753
-0.0303413
-0.0151048
0.000139392
0.0153956
0.0306672
0.0459576
0.0612715
0.0766158
0.0919995
0.107432
0.122919
0.138466
0.154076
0.169752
0.185502
0.201333
0.217253
0.233267
0.249376
0.265581
0.28188
0.298269
0.314746
0.331302
0.347926
0.364606
0.381324
0.398057
0.414775
0.431442
0.448015
0.464449
0.480686
0.49666
0.512294
0.527505
0.542197
0.556259
0.569571
0.582004
0.593421
0.603676
0.612615
0.620082
0.625922
0.629986
0.63213
0.632223
0.630151
0.625818
0.619149
0.610098
0.598768
0.585281
0.568125
0.546136
-0.41888
-0.440804
-0.457806
-0.471069
-0.482137
-0.490917
-0.497336
-0.501471
-0.50343
-0.503331
-0.501308
-0.497505
-0.49207
-0.485152
-0.476902
-0.467465
-0.45698
-0.445573
-0.433364
-0.420461
-0.406963
-0.392959
-0.378529
-0.363746
-0.348672
-0.333361
-0.317862
-0.302215
-0.286458
-0.270623
-0.254737
-0.238824
-0.222901
-0.206982
-0.191077
-0.175196
-0.159344
-0.143525
-0.127741
-0.111993
-0.0962782
-0.0805956
-0.0649413
-0.0493099
-0.0336938
-0.0180844
-0.00247396
0.0131432
0.0287709
0.0444132
0.0600765
0.0757704
0.0915061
0.107294
0.123142
0.139055
0.155039
0.171101
0.18725
0.203496
0.219847
0.23631
0.252889
0.269587
0.286407
0.30335
0.32041
0.337584
0.354863
0.372238
0.389695
0.407213
0.424764
0.442312
0.45982
0.477239
0.494512
0.511574
0.528346
0.54474
0.560651
0.57596
0.590539
0.604248
0.616933
0.628429
0.638559
0.647146
0.65401
0.658971
0.661859
0.662513
0.66079
0.656571
0.649754
0.640276
0.628236
0.613757
0.595175
0.571217
-0.445639
-0.469486
-0.487863
-0.502065
-0.513788
-0.522945
-0.52947
-0.533466
-0.535066
-0.534416
-0.53168
-0.527028
-0.520637
-0.512683
-0.503337
-0.492767
-0.481126
-0.468557
-0.45519
-0.441144
-0.426526
-0.411433
-0.39595
-0.380153
-0.364105
-0.347863
-0.331475
-0.314982
-0.298421
-0.281823
-0.265212
-0.24861
-0.232033
-0.215492
-0.198999
-0.182559
-0.166176
-0.149852
-0.133586
-0.117375
-0.101218
-0.0851123
-0.069052
-0.0530294
-0.037034
-0.0210552
-0.00508378
0.0108866
0.0268612
0.0428461
0.0588507
0.0748867
0.0909666
0.107101
0.123299
0.139568
0.155917
0.172356
0.188898
0.20555
0.222325
0.239229
0.256272
0.273461
0.290802
0.308296
0.325942
0.343737
0.36168
0.379764
0.397978
0.416302
0.434713
0.453178
0.471661
0.490117
0.508488
0.52671
0.544702
0.562372
0.579608
0.596286
0.612268
0.627399
0.641509
0.654412
0.665908
0.675795
0.683862
0.689898
0.693696
0.695063
0.693821
0.689817
0.682923
0.673047
0.660285
0.644755
0.624626
0.598501
-0.474717
-0.500679
-0.520548
-0.535739
-0.548124
-0.557622
-0.56418
-0.567931
-0.569041
-0.567692
-0.56408
-0.558411
-0.550893
-0.541733
-0.531129
-0.519267
-0.506323
-0.492453
-0.477801
-0.462496
-0.446655
-0.43038
-0.413761
-0.396874
-0.379787
-0.362556
-0.345229
-0.32785
-0.310451
-0.293061
-0.275701
-0.25839
-0.241142
-0.223969
-0.206879
-0.189876
-0.172959
-0.156128
-0.139378
-0.122706
-0.106111
-0.0895861
-0.0731249
-0.0567157
-0.0403459
-0.0240034
-0.00767856
0.00863605
0.0249479
0.0412662
0.0576031
0.0739717
0.090385
0.106854
0.12339
0.140005
0.15671
0.173517
0.19044
0.207488
0.224674
0.242011
0.259511
0.277186
0.295043
0.313084
0.331313
0.349733
0.368346
0.387148
0.406131
0.42528
0.444575
0.46399
0.48349
0.503032
0.522562
0.542015
0.561312
0.580355
0.59903
0.617207
0.634737
0.651451
0.667159
0.681656
0.69472
0.706115
0.715595
0.722914
0.727823
0.730089
0.729491
0.725838
0.71896
0.708737
0.695252
0.678619
0.656816
0.62831
-0.506444
-0.534735
-0.556218
-0.572446
-0.585484
-0.595267
-0.601758
-0.605127
-0.605584
-0.60335
-0.598666
-0.591779
-0.582934
-0.572371
-0.560318
-0.546987
-0.532572
-0.517248
-0.501172
-0.484484
-0.467308
-0.449752
-0.431908
-0.413855
-0.395661
-0.377384
-0.359071
-0.340764
-0.322494
-0.304283
-0.286152
-0.268115
-0.250185
-0.23237
-0.214677
-0.197107
-0.179656
-0.162317
-0.145087
-0.12796
-0.110931
-0.0939938
-0.0771373
-0.060348
-0.0436114
-0.0269146
-0.0102468
0.00640173
0.0230413
0.0396838
0.0563428
0.0730321
0.0897655
0.106557
0.123419
0.140368
0.157418
0.174581
0.191871
0.209301
0.226887
0.244647
0.262596
0.280747
0.299109
0.317691
0.3365
0.355543
0.374827
0.394351
0.414111
0.434099
0.454301
0.474694
0.495248
0.515923
0.536671
0.557428
0.578114
0.598632
0.618866
0.63868
0.657912
0.676382
0.693883
0.710188
0.725045
0.738185
0.749325
0.758173
0.764436
0.767828
0.768079
0.764945
0.758212
0.747717
0.733527
0.715747
0.692138
0.661021
-0.541209
-0.572062
-0.595288
-0.612591
-0.626258
-0.636242
-0.642531
-0.645343
-0.644939
-0.641595
-0.635603
-0.627257
-0.616849
-0.604655
-0.590937
-0.575933
-0.55986
-0.542913
-0.525261
-0.507056
-0.488426
-0.469483
-0.450323
-0.431026
-0.411658
-0.392279
-0.372934
-0.35366
-0.334486
-0.31543
-0.296508
-0.27773
-0.259108
-0.240646
-0.222348
-0.204209
-0.186223
-0.168382
-0.150678
-0.133104
-0.11565
-0.098308
-0.0810639
-0.0639032
-0.0468104
-0.0297713
-0.0127728
0.00419805
0.0211544
0.0381098
0.0550784
0.0720748
0.0891144
0.106214
0.123391
0.140662
0.158041
0.175544
0.193186
0.210985
0.228959
0.247129
0.265513
0.284126
0.302981
0.322094
0.341475
0.361138
0.381088
0.401333
0.421874
0.442712
0.463837
0.485233
0.506873
0.528726
0.550746
0.572876
0.595038
0.617135
0.639052
0.660645
0.681746
0.702162
0.72167
0.740017
0.756923
0.772081
0.785167
0.795838
0.803743
0.808538
0.80989
0.807494
0.801074
0.790417
0.775564
0.756604
0.731056
0.697075
-0.579467
-0.613139
-0.638243
-0.656649
-0.670894
-0.680959
-0.686866
-0.688895
-0.687374
-0.682643
-0.675056
-0.664968
-0.652718
-0.638629
-0.622997
-0.606092
-0.588155
-0.569398
-0.550006
-0.530137
-0.509927
-0.489489
-0.46892
-0.448299
-0.427694
-0.407159
-0.386738
-0.366462
-0.346354
-0.32643
-0.3067
-0.287173
-0.267853
-0.248742
-0.229837
-0.211132
-0.192617
-0.174281
-0.156112
-0.1381
-0.120232
-0.102496
-0.084876
-0.0673563
-0.0499206
-0.0325528
-0.0152368
0.00204328
0.0193027
0.0365563
0.0538191
0.0711073
0.0884391
0.105834
0.12331
0.140886
0.158579
0.176405
0.194383
0.212535
0.230882
0.249445
0.268246
0.287305
0.30664
0.326271
0.346213
0.366482
0.387089
0.40805
0.429374
0.451067
0.473127
0.495542
0.518296
0.541365
0.564711
0.58828
0.612001
0.635782
0.659506
0.683028
0.706176
0.728743
0.75049
0.771141
0.790383
0.807873
0.823236
0.836072
0.845966
0.8525
0.855266
0.853882
0.847998
0.83733
0.821887
0.801733
0.77411
0.736992
-0.621751
-0.658531
-0.685652
-0.70517
-0.719909
-0.729886
-0.735175
-0.736134
-0.733174
-0.726716
-0.717192
-0.705021
-0.690605
-0.674315
-0.656488
-0.637426
-0.617395
-0.596625
-0.575314
-0.553628
-0.531705
-0.509661
-0.48759
-0.46557
-0.443664
-0.421924
-0.400386
-0.379076
-0.358011
-0.337203
-0.316655
-0.296371
-0.276351
-0.256591
-0.237085
-0.217821
-0.198785
-0.179964
-0.161343
-0.142905
-0.124637
-0.106521
-0.0885403
-0.070678
-0.0529157
-0.0352346
-0.0176161
-4.22726e-05
0.0175036
0.0350379
0.0525775
0.070141
0.0877489
0.105422
0.123181
0.141044
0.159031
0.177162
0.195459
0.213946
0.232645
0.251582
0.270781
0.290267
0.310065
0.330197
0.350682
0.37154
0.392792
0.41446
0.436561
0.459108
0.482104
0.505551
0.529441
0.55376
0.578477
0.603548
0.628909
0.654475
0.680132
0.705739
0.731117
0.756053
0.780292
0.803535
0.825438
0.845616
0.863639
0.879043
0.891337
0.900018
0.904585
0.904562
0.899501
0.889032
0.873113
0.851771
0.821936
0.781382
-0.66869
-0.708902
-0.738186
-0.758801
-0.773903
-0.783563
-0.787924
-0.787446
-0.782646
-0.774046
-0.762167
-0.747513
-0.730551
-0.711707
-0.691365
-0.66986
-0.647483
-0.62448
-0.60106
-0.577395
-0.553625
-0.529863
-0.506199
-0.482708
-0.459445
-0.436454
-0.413765
-0.391397
-0.369359
-0.347655
-0.326285
-0.305245
-0.284528
-0.264126
-0.244027
-0.224215
-0.204673
-0.185382
-0.166322
-0.147474
-0.128821
-0.110342
-0.0920204
-0.0738348
-0.0557647
-0.0377888
-0.0198862
-0.00203737
0.0157759
0.0335717
0.0513693
0.0691898
0.087055
0.104987
0.123007
0.141136
0.159397
0.177814
0.196409
0.215209
0.234239
0.253527
0.273103
0.292996
0.313235
0.333844
0.354849
0.376277
0.398157
0.420518
0.443384
0.466774
0.490704
0.515188
0.54023
0.565824
0.591949
0.618576
0.645652
0.673101
0.700817
0.728664
0.756464
0.783999
0.811001
0.837151
0.862076
0.885344
0.906468
0.924912
0.940097
0.951419
0.958266
0.960041
0.956176
0.946189
0.929963
0.907473
0.875292
0.830967
-0.721031
-0.765047
-0.796642
-0.818306
-0.833578
-0.842609
-0.845637
-0.843255
-0.836113
-0.824859
-0.810125
-0.792509
-0.772558
-0.750758
-0.72754
-0.703275
-0.678277
-0.652807
-0.627081
-0.601272
-0.575519
-0.54993
-0.524588
-0.499559
-0.474889
-0.45061
-0.426745
-0.403302
-0.380283
-0.357684
-0.335495
-0.313706
-0.292303
-0.271272
-0.250595
-0.230252
-0.210221
-0.190477
-0.170999
-0.151761
-0.132743
-0.113924
-0.0952809
-0.0767929
-0.0584361
-0.0401868
-0.0220219
-0.00392018
0.0141387
0.0321749
0.05021
0.0682664
0.0863671
0.104535
0.122794
0.141167
0.15968
0.178359
0.197229
0.216318
0.235654
0.25527
0.275198
0.295473
0.316125
0.337185
0.358685
0.380659
0.403145
0.426177
0.449786
0.474003
0.49886
0.524379
0.550577
0.577459
0.605023
0.633251
0.662109
0.691532
0.721428
0.75167
0.782086
0.812459
0.842513
0.871913
0.900256
0.927066
0.951797
0.973831
0.99249
1.00705
1.01677
1.02089
1.01871
1.00958
0.993292
0.969738
0.935076
0.886604
-0.779671
-0.827926
-0.861982
-0.884597
-0.899761
-0.907739
-0.908904
-0.90402
-0.89391
-0.879375
-0.861182
-0.840039
-0.816582
-0.791367
-0.764872
-0.737499
-0.709585
-0.681402
-0.653166
-0.625049
-0.597182
-0.569663
-0.542566
-0.515942
-0.489825
-0.464235
-0.439179
-0.414657
-0.39066
-0.367173
-0.344179
-0.321658
-0.299589
-0.27795
-0.256717
-0.235865
-0.215367
-0.195195
-0.175322
-0.155719
-0.136361
-0.117225
-0.0982867
-0.0795204
-0.0609007
-0.0424017
-0.0239987
-0.00566826
0.0126121
0.0308651
0.0491142
0.0673829
0.085695
0.104075
0.122548
0.141141
0.159882
0.178797
0.197916
0.217267
0.236883
0.2568
0.277053
0.297679
0.318714
0.340195
0.362162
0.384655
0.407716
0.431388
0.455714
0.480738
0.506503
0.533045
0.560391
0.588565
0.617585
0.64745
0.678143
0.709621
0.741809
0.774595
0.807821
0.841276
0.874685
0.907701
0.939896
0.970754
0.999666
1.02593
1.04875
1.06727
1.08058
1.08776
1.08788
1.08011
1.06411
1.03963
1.00236
0.949316
-0.845699
-0.898705
-0.935375
-0.95877
-0.973429
-0.979782
-0.978386
-0.970236
-0.956371
-0.937785
-0.915406
-0.890071
-0.862515
-0.833366
-0.803147
-0.772293
-0.741153
-0.710002
-0.679055
-0.648471
-0.618368
-0.58883
-0.559914
-0.531652
-0.504063
-0.47715
-0.450905
-0.425314
-0.400354
-0.376001
-0.352226
-0.329
-0.306293
-0.284075
-0.262317
-0.240987
-0.220053
-0.199482
-0.179242
-0.159302
-0.139634
-0.120211
-0.101004
-0.0819873
-0.0631315
-0.0444093
-0.0257943
-0.00726129
0.0112148
0.0296592
0.0480966
0.0665517
0.085049
0.103614
0.122276
0.141063
0.160004
0.17913
0.198469
0.218054
0.237922
0.258109
0.278655
0.2996
0.320986
0.342856
0.365255
0.38823
0.411831
0.436108
0.461119
0.48692
0.513565
0.541102
0.569577
0.599037
0.629516
0.661037
0.693605
0.727203
0.761781
0.79725
0.833472
0.870252
0.907326
0.944344
0.980861
1.01633
1.05007
1.0813
1.1091
1.13245
1.15026
1.16135
1.16458
1.15885
1.14361
1.11845
1.07846
1.02033
-0.920447
-0.978827
-1.01825
-1.04215
-1.05574
-1.05969
-1.05481
-1.04241
-1.02381
-1.00023
-0.972798
-0.942494
-0.910161
-0.876497
-0.842071
-0.807338
-0.772653
-0.738283
-0.70443
-0.671234
-0.638791
-0.607162
-0.576381
-0.54646
-0.517394
-0.489165
-0.461749
-0.435114
-0.409224
-0.384041
-0.359523
-0.335631
-0.312325
-0.289568
-0.267323
-0.245553
-0.224221
-0.203287
-0.182716
-0.162473
-0.142527
-0.122848
-0.103405
-0.0841675
-0.0651052
-0.046189
-0.0273909
-0.00868329
0.00996155
0.0285706
0.0471695
0.0657835
0.0844384
0.103162
0.121985
0.140938
0.160052
0.179358
0.198889
0.218679
0.238766
0.259191
0.279996
0.301226
0.322927
0.345149
0.367941
0.391357
0.415455
0.440298
0.465954
0.492491
0.519973
0.548468
0.578042
0.608762
0.640687
0.673863
0.708328
0.744092
0.781138
0.81941
0.8588
0.899142
0.940191
0.981609
1.02295
1.06363
1.10293
1.13998
1.17372
1.20295
1.22635
1.24248
1.24986
1.24706
1.23325
1.20776
1.16495
1.10114
-1.00558
-1.07009
-1.1124
-1.13636
-1.14807
-1.14855
-1.13898
-1.12107
-1.0965
-1.06678
-1.03326
-0.997084
-0.959207
-0.920393
-0.881244
-0.842222
-0.803673
-0.765845
-0.72891
-0.692979
-0.658117
-0.624354
-0.591692
-0.560115
-0.52959
-0.500077
-0.471529
-0.443896
-0.417126
-0.391164
-0.365955
-0.341448
-0.317594
-0.294347
-0.271665
-0.249503
-0.227817
-0.206564
-0.185702
-0.165196
-0.14501
-0.125111
-0.105465
-0.0860395
-0.0668027
-0.0477242
-0.0287737
-0.00992067
0.00886472
0.0276104
0.0463424
0.0650868
0.0838712
0.102726
0.121682
0.140773
0.16003
0.179487
0.199179
0.219142
0.239417
0.260044
0.281072
0.30255
0.324528
0.347059
0.3702
0.394011
0.41856
0.443921
0.470172
0.49739
0.525657
0.55506
0.585686
0.617625
0.650959
0.685771
0.722127
0.760078
0.799645
0.840814
0.883521
0.92764
0.972965
1.01919
1.06587
1.11243
1.15809
1.20191
1.24271
1.27908
1.30943
1.332
1.34489
1.34624
1.33479
1.3095
1.26382
1.1936
-1.10318
-1.1748
-1.22004
-1.24339
-1.25206
-1.2476
-1.23173
-1.2067
-1.17462
-1.13736
-1.09654
-1.05347
-1.0092
-0.964548
-0.92014
-0.876422
-0.833709
-0.79221
-0.752051
-0.713299
-0.675976
-0.64007
-0.605545
-0.572347
-0.540413
-0.509672
-0.480056
-0.451493
-0.423911
-0.397239
-0.371406
-0.34635
-0.322013
-0.29834
-0.275279
-0.25278
-0.230791
-0.209267
-0.188163
-0.167439
-0.147055
-0.126976
-0.107164
-0.0875857
-0.0682091
-0.0490015
-0.0299297
-0.010961
0.00793556
0.026788
0.0456234
0.0644694
0.0833555
0.102313
0.121375
0.140573
0.159944
0.179522
0.199344
0.219447
0.239873
0.260668
0.281882
0.303567
0.325779
0.348573
0.372013
0.396169
0.421118
0.44694
0.473724
0.50156
0.530548
0.560793
0.592406
0.625499
0.660188
0.696586
0.734802
0.774926
0.817031
0.861156
0.907293
0.955375
1.00525
1.05667
1.10922
1.16234
1.21525
1.26693
1.31608
1.36108
1.40006
1.43084
1.45102
1.45814
1.45037
1.4261
1.37758
1.30003
-1.21599
-1.2959
-1.34404
-1.3657
-1.36964
-1.35823
-1.33393
-1.29969
-1.25819
-1.21174
-1.1622
-1.11107
-1.05948
-1.00829
-0.958091
-0.909293
-0.862153
-0.816814
-0.773339
-0.731731
-0.691955
-0.653946
-0.617617
-0.582873
-0.549612
-0.517735
-0.487144
-0.457743
-0.429438
-0.402141
-0.375768
-0.350244
-0.325501
-0.301474
-0.278104
-0.25533
-0.233099
-0.21136
-0.190066
-0.169173
-0.148637
-0.128419
-0.108482
-0.0887917
-0.0693126
-0.0500098
-0.0308483
-0.0117948
0.00718167
0.0261101
0.0450193
0.0639385
0.0828981
0.10193
0.121067
0.140345
0.159799
0.179467
0.199385
0.219594
0.240136
0.261062
0.282422
0.304272
0.326669
0.349678
0.373366
0.397812
0.423099
0.449316
0.476561
0.504941
0.534572
0.565578
0.598092
0.632254
0.668213
0.70612
0.746125
0.788372
0.83299
0.880081
0.929714
0.981897
1.03656
1.09352
1.15246
1.21286
1.27395
1.33469
1.39367
1.44909
1.49874
1.53997
1.56976
1.58487
1.58264
1.56062
1.50942
1.42342
-1.34758
-1.43731
-1.48808
-1.50635
-1.50313
-1.48197
-1.4464
-1.40029
-1.34703
-1.28939
-1.22951
-1.16905
-1.10919
-1.05074
-0.994259
-0.940053
-0.888288
-0.839013
-0.792201
-0.747771
-0.705614
-0.665596
-0.627575
-0.591403
-0.556941
-0.524052
-0.492608
-0.462487
-0.433572
-0.405757
-0.378945
-0.353049
-0.327988
-0.30369
-0.280085
-0.257108
-0.234702
-0.212812
-0.191385
-0.170375
-0.149735
-0.129426
-0.109408
-0.0896463
-0.0701021
-0.0507389
-0.0315214
-0.0124164
0.00660768
0.0255816
0.0445355
0.0634991
0.0825028
0.101579
0.120763
0.14009
0.159597
0.179323
0.199304
0.219583
0.240207
0.261223
0.282687
0.304654
0.327189
0.350359
0.37424
0.398913
0.42447
0.451007
0.478634
0.507471
0.537651
0.569319
0.602628
0.63775
0.674866
0.714168
0.755853
0.800123
0.847173
0.897185
0.950313
1.00666
1.06628
1.12909
1.19489
1.26325
1.33349
1.40458
1.47507
1.54299
1.6058
1.66033
1.70278
1.7289
1.73489
1.71702
1.66357
1.56768
-1.50286
-1.60434
-1.65699
-1.66918
-1.6552
-1.6204
-1.56979
-1.50843
-1.44055
-1.3694
-1.2974
-1.22626
-1.15716
-1.09081
-1.02762
-0.967778
-0.911293
-0.858085
-0.808008
-0.760876
-0.716485
-0.674622
-0.635078
-0.597653
-0.562158
-0.528421
-0.496278
-0.46558
-0.436191
-0.407985
-0.380853
-0.354693
-0.329416
-0.304937
-0.281181
-0.25808
-0.235571
-0.213595
-0.192097
-0.171025
-0.150335
-0.129984
-0.109932
-0.0901397
-0.0705684
-0.0511814
-0.0319437
-0.0128216
0.00621801
0.0252069
0.0441755
0.0631533
0.0821713
0.101263
0.120463
0.139809
0.159338
0.179088
0.199098
0.219413
0.240078
0.261144
0.282666
0.304703
0.327324
0.3506
0.374611
0.399444
0.425195
0.451968
0.479886
0.509083
0.539705
0.571914
0.605891
0.641836
0.679963
0.720506
0.763715
0.809854
0.859193
0.912003
0.968542
1.02904
1.09368
1.16254
1.23558
1.31254
1.39288
1.47568
1.55953
1.64235
1.72132
1.79271
1.85183
1.89311
1.9112
1.90043
1.84569
1.73811
-1.68873
-1.80432
-1.85721
-1.859
-1.82892
-1.77506
-1.70442
-1.62357
-1.53764
-1.45036
-1.3643
-1.28114
-1.20191
-1.12713
-1.05697
-0.991399
-0.930243
-0.873239
-0.82009
-0.77048
-0.724092
-0.680626
-0.639798
-0.601348
-0.565039
-0.530655
-0.497999
-0.466897
-0.437192
-0.408742
-0.381423
-0.355121
-0.329735
-0.305175
-0.28136
-0.258219
-0.235684
-0.213691
-0.192184
-0.171111
-0.150426
-0.130085
-0.110044
-0.090264
-0.0707056
-0.0513333
-0.032112
-0.0130069
0.00601592
0.0249882
0.0439399
0.062901
0.0819029
0.100979
0.120166
0.139499
0.159017
0.178757
0.198762
0.219074
0.239741
0.260812
0.282345
0.304403
0.327055
0.350378
0.374453
0.39937
0.425231
0.452152
0.480262
0.509705
0.540644
0.573259
0.607754
0.644354
0.68331
0.724898
0.769423
0.817213
0.86862
0.924016
0.98378
1.04829
1.11789
1.19286
1.27338
1.35944
1.45074
1.5466
1.64576
1.74618
1.84486
1.93757
2.0186
2.0808
2.11665
2.11766
2.06355
1.94212
-1.91533
-2.04767
-2.09736
-2.08171
-2.02761
-1.94714
-1.84994
-1.74434
-1.63639
-1.53011
-1.42805
-1.33166
-1.24161
-1.15807
-1.08089
-1.00972
-0.944136
-0.883644
-0.82776
-0.776016
-0.727974
-0.683233
-0.641431
-0.602245
-0.565386
-0.530595
-0.497647
-0.466341
-0.4365
-0.407968
-0.380607
-0.354292
-0.328915
-0.304382
-0.280607
-0.257513
-0.235029
-0.213091
-0.191642
-0.170629
-0.150005
-0.129724
-0.109741
-0.0900163
-0.0705126
-0.0511942
-0.0320256
-0.0129718
0.00600088
0.0249236
0.0438263
0.0627392
0.0816941
0.100724
0.119865
0.139153
0.158626
0.178323
0.198285
0.218555
0.23918
0.260211
0.281708
0.303734
0.326361
0.349665
0.373731
0.398653
0.424538
0.451506
0.479697
0.509264
0.54038
0.573245
0.608081
0.64514
0.684705
0.727096
0.772669
0.821821
0.874991
0.932655
0.995328
1.06355
1.13787
1.21882
1.30685
1.4023
1.50524
1.61537
1.73179
1.85273
1.97523
2.0947
2.20447
2.2955
2.3575
2.37777
2.32814
2.19049
-2.19823
-2.34957
-2.38905
-2.34443
-2.25448
-2.13695
-2.0048
-1.86816
-1.73376
-1.60559
-1.48578
-1.37521
-1.27399
-1.18173
-1.0978
-1.02146
-0.951924
-0.888452
-0.830339
-0.776947
-0.727706
-0.682111
-0.63972
-0.600144
-0.563044
-0.528126
-0.495134
-0.463847
-0.434069
-0.405632
-0.378384
-0.352195
-0.326952
-0.302556
-0.278919
-0.255961
-0.233608
-0.211799
-0.190475
-0.169584
-0.149077
-0.128905
-0.109026
-0.0894012
-0.0699936
-0.0507678
-0.0316883
-0.0127207
0.00616755
0.0250071
0.0438281
0.062661
0.0815372
0.100489
0.119551
0.13876
0.158154
0.177772
0.197653
0.217839
0.238378
0.259324
0.280734
0.302674
0.325214
0.348432
0.372413
0.397255
0.423068
0.449979
0.47813
0.507684
0.538824
0.571763
0.60674
0.644029
0.683945
0.726846
0.77314
0.82329
0.877817
0.937311
1.00243
1.07388
1.15246
1.23898
1.33425
1.43905
1.55396
1.67927
1.81472
1.95913
2.10997
2.26271
2.40994
2.54068
2.64119
2.69288
2.65533
2.49962
-2.5626
-2.73262
-2.74781
-2.65523
-2.51188
-2.34313
-2.16551
-1.99063
-1.82522
-1.67255
-1.53373
-1.40864
-1.29645
-1.196
-1.10602
-1.02527
-0.95256
-0.886852
-0.827203
-0.772797
-0.72293
-0.676993
-0.634466
-0.594901
-0.557915
-0.52318
-0.490419
-0.459392
-0.429889
-0.40173
-0.374759
-0.348841
-0.32386
-0.299715
-0.276315
-0.253581
-0.231441
-0.209834
-0.188701
-0.167991
-0.147653
-0.12764
-0.107912
-0.0884306
-0.0691595
-0.0500638
-0.0311095
-0.0122637
0.00650524
0.0252282
0.0439352
0.0626561
0.0814207
0.100261
0.119212
0.138309
0.157589
0.177089
0.196848
0.216909
0.237319
0.258131
0.279403
0.301199
0.323588
0.346648
0.370465
0.395138
0.42078
0.447519
0.475502
0.504896
0.535891
0.568709
0.603602
0.640865
0.680835
0.723906
0.770529
0.821228
0.876606
0.937358
1.00428
1.07828
1.16038
1.25173
1.35356
1.46718
1.59385
1.7347
1.89043
2.06096
2.24482
2.43823
2.63376
2.81892
2.97619
3.07909
3.0686
2.89588
-3.05174
-3.23106
-3.19366
-3.02202
-2.79967
-2.56099
-2.32544
-2.10476
-1.90428
-1.72536
-1.56725
-1.4282
-1.30604
-1.1986
-1.10381
-1.01984
-0.945067
-0.878122
-0.817826
-0.76319
-0.713381
-0.667699
-0.625553
-0.586446
-0.549961
-0.515748
-0.48351
-0.452994
-0.423985
-0.396295
-0.369768
-0.344267
-0.319676
-0.295893
-0.27283
-0.250409
-0.228561
-0.207226
-0.186348
-0.165874
-0.145757
-0.125953
-0.10642
-0.0871234
-0.0680274
-0.049099
-0.0303062
-0.0116175
0.00699876
0.0255728
0.0441336
0.0627094
0.0813299
0.100027
0.118833
0.137784
0.156913
0.176257
0.195854
0.215747
0.235982
0.256613
0.277693
0.299286
0.321459
0.344287
0.367858
0.39227
0.417636
0.444085
0.471763
0.500839
0.531507
0.563993
0.598557
0.635506
0.675198
0.718049
0.764548
0.815268
0.870881
0.932178
1.00008
1.07569
1.16027
1.25531
1.3625
1.48376
1.62121
1.77703
1.95334
2.15176
2.37277
2.61462
2.87133
3.13023
3.37075
3.55709
3.6033
3.42432
-3.74419
-3.89691
-3.7501
-3.44904
-3.11157
-2.77976
-2.4729
-2.19978
-1.96184
-1.75673
-1.58069
-1.4296
-1.29959
-1.18719
-1.08948
-1.00396
-0.928594
-0.861674
-0.801814
-0.747871
-0.698907
-0.654146
-0.612947
-0.574782
-0.539212
-0.505873
-0.474459
-0.444713
-0.416419
-0.389391
-0.363473
-0.338533
-0.314456
-0.291145
-0.268515
-0.246492
-0.225012
-0.204016
-0.183452
-0.163269
-0.143423
-0.123872
-0.104578
-0.0855048
-0.0666216
-0.0478972
-0.029301
-0.0108025
0.00762877
0.0260217
0.0444041
0.0628035
0.0812485
0.0997695
0.118399
0.137168
0.15611
0.17526
0.194655
0.214337
0.234353
0.254752
0.275587
0.296916
0.318804
0.341327
0.364567
0.388624
0.413607
0.439641
0.466871
0.495463
0.525611
0.557537
0.591508
0.627834
0.66688
0.709079
0.754942
0.805076
0.860203
0.921189
0.989068
1.06509
1.15076
1.24787
1.35859
1.4855
1.63164
1.80053
1.99607
2.22233
2.48297
2.78005
3.11166
3.46824
3.82927
4.15099
4.31283
4.16616
-4.78289
-4.80553
-4.43943
-3.93073
-3.43013
-2.97917
-2.58935
-2.2605
-1.98617
-1.75798
-1.56777
-1.40841
-1.27399
-1.15967
-1.06161
-0.976714
-0.902548
-0.837156
-0.778978
-0.726764
-0.679504
-0.636381
-0.596731
-0.560011
-0.525777
-0.493667
-0.463377
-0.434657
-0.407295
-0.381115
-0.355966
-0.331723
-0.308279
-0.285543
-0.263437
-0.241893
-0.22085
-0.200256
-0.180061
-0.16022
-0.140692
-0.121437
-0.102419
-0.0836084
-0.0649739
-0.0464876
-0.0281208
-0.00984422
0.00837108
0.0265526
0.0447263
0.0629187
0.0811578
0.0994723
0.117892
0.136445
0.155164
0.174082
0.193236
0.212667
0.232419
0.252537
0.273071
0.294076
0.315613
0.337754
0.360581
0.384186
0.408675
0.434168
0.460803
0.48874
0.518165
0.549297
0.582397
0.61777
0.65578
0.696861
0.741529
0.790403
0.844234
0.903927
0.970593
1.04559
1.13059
1.22768
1.33941
1.469
1.62043
1.79864
2.00966
2.26068
2.5599
2.91563
3.33411
3.81512
4.3461
4.88345
5.27381
5.2679
-6.42598
-6.05609
-5.27371
-4.44674
-3.72483
-3.12965
-2.65089
-2.26935
-1.96511
-1.721
-1.52331
-1.36146
-1.22742
-1.11507
-1.01978
-0.938033
-0.867092
-0.804853
-0.74967
-0.700247
-0.655558
-0.614783
-0.577262
-0.542467
-0.509968
-0.479417
-0.450528
-0.423065
-0.396832
-0.371664
-0.347425
-0.324
-0.301293
-0.279223
-0.257719
-0.236721
-0.216176
-0.196036
-0.176259
-0.156803
-0.137632
-0.118709
-0.100004
-0.0814869
-0.0631323
-0.044914
-0.0268048
-0.00877725
0.00919529
0.0271383
0.0450767
0.063036
0.0810422
0.0991218
0.117301
0.135608
0.154072
0.172725
0.191604
0.210746
0.230192
0.249983
0.270165
0.29079
0.311913
0.333604
0.355937
0.379001
0.402892
0.427723
0.453622
0.480739
0.509248
0.539357
0.571313
0.60541
0.641996
0.681491
0.724396
0.771322
0.823011
0.880375
0.944544
1.01692
1.09929
1.19386
1.30352
1.43193
1.58388
1.76564
1.98544
2.25405
2.58537
2.99675
3.50833
4.13952
4.90023
5.76634
6.58601
6.99124
-9.24985
-7.77142
-6.20472
-4.92378
-3.92925
-3.1798
-2.62188
-2.20338
-1.88457
-1.63753
-1.44271
-1.28638
-1.15884
-1.05313
-0.96421
-0.888355
-0.822775
-0.765359
-0.714484
-0.668895
-0.627609
-0.589848
-0.554998
-0.522566
-0.49216
-0.463463
-0.436218
-0.410213
-0.385276
-0.36126
-0.338048
-0.315541
-0.293657
-0.272326
-0.251488
-0.231092
-0.211093
-0.191452
-0.172132
-0.153098
-0.134316
-0.115756
-0.0973905
-0.0791953
-0.0611467
-0.0432207
-0.0253925
-0.00763714
0.0100699
0.0277521
0.0454327
0.0631359
0.0808856
0.0987054
0.11662
0.134653
0.152834
0.171194
0.189766
0.208585
0.227687
0.24711
0.266896
0.287089
0.307743
0.328919
0.350688
0.373126
0.396323
0.42038
0.445412
0.471553
0.498964
0.527833
0.558388
0.590897
0.625685
0.663137
0.703724
0.748017
0.796718
0.850701
0.911048
0.979134
1.0567
1.14601
1.24998
1.37251
1.51882
1.69606
1.91419
2.18724
2.53512
2.98626
3.58106
4.3728
5.41598
6.75009
8.37409
9.91838
-14.7575
-10.0224
-6.88665
-5.04256
-3.81764
-2.98142
-2.40752
-2.00187
-1.70488
-1.48074
-1.30708
-1.16931
-1.05771
-0.96559
-0.888228
-0.822217
-0.765046
-0.714834
-0.670151
-0.629901
-0.593229
-0.559468
-0.528093
-0.498687
-0.470922
-0.444537
-0.419317
-0.395093
-0.371722
-0.34909
-0.327104
-0.305686
-0.284774
-0.264312
-0.244254
-0.224562
-0.205202
-0.186143
-0.167356
-0.148812
-0.130484
-0.112347
-0.0943793
-0.0765601
-0.0588689
-0.0412844
-0.0237848
-0.0063481
0.0110475
0.0284233
0.0458009
0.0632019
0.0806476
0.0981591
0.115758
0.133467
0.151313
0.169324
0.187529
0.20596
0.224649
0.243628
0.262932
0.282604
0.302688
0.323238
0.344315
0.365984
0.388323
0.411416
0.435362
0.460275
0.486292
0.513576
0.542321
0.572758
0.605168
0.639884
0.677314
0.717955
0.762424
0.811486
0.866098
0.927477
0.997181
1.07723
1.1703
1.27995
1.41112
1.57071
1.76873
2.02013
2.3478
2.78824
3.40214
4.2859
5.57007
7.487
10.7118
15.5567
-24.0406
-12.2257
-6.61078
-4.32974
-3.12385
-2.39537
-1.93531
-1.62556
-1.40331
-1.23631
-1.1065
-1.00284
-0.91816
-0.847601
-0.787744
-0.736109
-0.690863
-0.650627
-0.614349
-0.581221
-0.550618
-0.522049
-0.495134
-0.469573
-0.445134
-0.421633
-0.398924
-0.376891
-0.355438
-0.334491
-0.313992
-0.29389
-0.274147
-0.254729
-0.235607
-0.216759
-0.198164
-0.179802
-0.161652
-0.143695
-0.125912
-0.108284
-0.0907942
-0.0734272
-0.0561659
-0.0389928
-0.0218898
-0.00483823
0.0121806
0.0291855
0.0461953
0.0632288
0.0803043
0.0974396
0.114654
0.131967
0.149403
0.166986
0.184742
0.202697
0.220876
0.239308
0.25802
0.277047
0.296427
0.316201
0.336418
0.35713
0.378395
0.40028
0.422859
0.446221
0.47047
0.495732
0.522155
0.549919
0.579237
0.610369
0.643626
0.679395
0.71815
0.760478
0.807121
0.859002
0.917309
0.983571
1.05979
1.14862
1.25372
1.38019
1.53552
1.73116
1.98571
2.33205
2.83381
3.61213
4.8855
7.26154
12.9927
24.9296
)
;

boundaryField
{
    movingWall
    {
        type            zeroGradient;
    }
    fixedWalls
    {
        type            zeroGradient;
    }
    frontAndBack
    {
        type            empty;
    }
}


// ************************************************************************* //
