/*--------------------------------*- C++ -*----------------------------------*\
| =========                 |                                                 |
| \\      /  F ield         | OpenFOAM: The Open Source CFD Toolbox           |
|  \\    /   O peration     | Version:  2212                                  |
|   \\  /    A nd           | Website:  www.openfoam.com                      |
|    \\/     M anipulation  |                                                 |
\*---------------------------------------------------------------------------*/
FoamFile
{
    version     2.0;
    format      ascii;
    arch        "LSB;label=32;scalar=64";
    class       volScalarField;
    location    "0.0025";
    object      p;
}
// * * * * * * * * * * * * * * * * * * * * * * * * * * * * * * * * * * * * * //

dimensions      [0 2 -2 0 0 0 0];

internalField   nonuniform List<scalar> 
10000
(
5.05507e-08
-0.0147286
-0.036085
-0.0557681
-0.071028
-0.0835381
-0.094057
-0.103032
-0.110746
-0.117398
-0.123144
-0.128115
-0.132416
-0.136129
-0.139319
-0.142042
-0.144344
-0.146262
-0.14782
-0.14904
-0.149937
-0.150523
-0.150808
-0.150798
-0.150501
-0.149925
-0.14908
-0.147974
-0.146619
-0.145027
-0.143214
-0.141191
-0.138971
-0.136565
-0.133984
-0.131241
-0.128347
-0.125313
-0.122147
-0.118861
-0.115467
-0.111976
-0.1084
-0.104747
-0.101026
-0.097247
-0.0934205
-0.0895549
-0.0856568
-0.0817314
-0.0777844
-0.0738222
-0.0698491
-0.0658733
-0.0619005
-0.0579373
-0.0539906
-0.0500649
-0.0461622
-0.0422826
-0.0384274
-0.034601
-0.0308113
-0.0270678
-0.023379
-0.0197517
-0.016191
-0.0127021
-0.00929184
-0.00596883
-0.00274255
0.000377217
0.00338151
0.00626329
0.00901733
0.0116392
0.0141244
0.0164682
0.0186659
0.0207141
0.0226116
0.024358
0.0259528
0.027393
0.0286734
0.0297878
0.0307312
0.0314997
0.0320899
0.0324978
0.0327193
0.032752
0.032597
0.0322619
0.0317644
0.0311383
0.0304392
0.0297546
0.029216
0.0290018
-0.0141688
-0.0278321
-0.0446425
-0.0603512
-0.0736957
-0.0850394
-0.094767
-0.103183
-0.1105
-0.116873
-0.122424
-0.127259
-0.131465
-0.135111
-0.138256
-0.140949
-0.143233
-0.145138
-0.14669
-0.147906
-0.148803
-0.149393
-0.149684
-0.149683
-0.1494
-0.148842
-0.148018
-0.146937
-0.145609
-0.144049
-0.14227
-0.140285
-0.138105
-0.135741
-0.133206
-0.130511
-0.127666
-0.124681
-0.121567
-0.118334
-0.114994
-0.111558
-0.108036
-0.104436
-0.100768
-0.0970403
-0.0932642
-0.0894479
-0.0855981
-0.0817202
-0.0778202
-0.0739039
-0.0699785
-0.0660481
-0.0621199
-0.0582017
-0.0543005
-0.0504212
-0.0465649
-0.0427314
-0.0389224
-0.035143
-0.0314018
-0.0277086
-0.0240717
-0.020497
-0.0169887
-0.0135518
-0.010193
-0.00692113
-0.00374556
-0.000675376
0.00228145
0.00511869
0.00783173
0.0104165
0.0128682
0.0151816
0.0173516
0.0193747
0.0212497
0.0229767
0.0245545
0.0259796
0.0272466
0.0283505
0.0292882
0.0300581
0.0306592
0.0310909
0.0313536
0.0314501
0.0313859
0.031171
0.0308231
0.0303725
0.0298652
0.0293675
0.0289649
0.0287677
-0.0342851
-0.0436508
-0.055063
-0.0668985
-0.0779288
-0.0878218
-0.0965794
-0.10431
-0.11113
-0.117138
-0.122422
-0.12706
-0.131119
-0.134656
-0.137719
-0.140352
-0.142591
-0.144462
-0.145987
-0.147184
-0.148068
-0.148649
-0.148934
-0.148932
-0.148652
-0.148101
-0.147287
-0.146218
-0.144906
-0.143365
-0.141609
-0.139649
-0.137496
-0.135163
-0.132661
-0.130001
-0.127192
-0.124244
-0.121168
-0.117974
-0.114675
-0.111279
-0.107797
-0.104237
-0.100608
-0.0969184
-0.0931795
-0.089399
-0.0855834
-0.0817388
-0.0778708
-0.0739854
-0.0700888
-0.0661869
-0.0622877
-0.0583995
-0.0545298
-0.0506829
-0.0468597
-0.0430599
-0.0392855
-0.0355424
-0.0318396
-0.0281866
-0.0245914
-0.0210592
-0.0175936
-0.0141994
-0.0108832
-0.0076539
-0.00452065
-0.00149194
0.00142532
0.00422597
0.00690608
0.00946181
0.0118885
0.0141804
0.0163323
0.0183405
0.0202039
0.0219218
0.0234923
0.0249107
0.0261712
0.0272698
0.0282052
0.0289779
0.0295887
0.0300387
0.030331
0.0304714
0.0304673
0.0303284
0.0300696
0.0297151
0.0293002
0.0288732
0.0284769
0.0281672
-0.0523388
-0.0580874
-0.0657718
-0.0744943
-0.083297
-0.0916491
-0.0993274
-0.106278
-0.11252
-0.118095
-0.123051
-0.127439
-0.131306
-0.134696
-0.137645
-0.14019
-0.142357
-0.144171
-0.145649
-0.146808
-0.14766
-0.148213
-0.148477
-0.148459
-0.148168
-0.147609
-0.146791
-0.145722
-0.144414
-0.142882
-0.141139
-0.139195
-0.137062
-0.134752
-0.132275
-0.129642
-0.126861
-0.123942
-0.120896
-0.117733
-0.114465
-0.111101
-0.10765
-0.104121
-0.100521
-0.096861
-0.0931495
-0.0893946
-0.0856031
-0.0817802
-0.0779318
-0.0740639
-0.0701831
-0.0662972
-0.0624147
-0.0585444
-0.0546936
-0.0508668
-0.0470651
-0.0432889
-0.0395408
-0.0358268
-0.0321559
-0.0285371
-0.0249774
-0.0214817
-0.0180536
-0.0146974
-0.0114198
-0.00822923
-0.00513457
-0.00214332
0.000738752
0.0035076
0.00616008
0.00869263
0.0111004
0.0133774
0.0155183
0.0175195
0.0193794
0.0210962
0.0226663
0.024084
0.0253436
0.0264417
0.0273782
0.0281548
0.0287732
0.0292361
0.029548
0.0297153
0.0297454
0.0296464
0.0294298
0.0291132
0.0287228
0.0282928
0.0278293
0.0273471
-0.0658625
-0.0700666
-0.0756248
-0.0821891
-0.0891767
-0.096116
-0.102723
-0.108864
-0.11449
-0.119591
-0.12418
-0.128281
-0.131923
-0.135134
-0.137944
-0.140374
-0.142448
-0.144183
-0.145596
-0.146698
-0.147501
-0.148013
-0.148241
-0.148193
-0.147878
-0.147299
-0.146465
-0.145385
-0.144073
-0.142541
-0.140801
-0.138865
-0.136744
-0.13445
-0.131992
-0.129379
-0.126619
-0.123722
-0.1207
-0.117562
-0.114319
-0.110981
-0.107555
-0.10405
-0.100475
-0.096838
-0.0931482
-0.0894135
-0.0856398
-0.0818322
-0.0779963
-0.0741391
-0.0702683
-0.0663925
-0.0625205
-0.0586615
-0.0548226
-0.0510089
-0.0472224
-0.0434643
-0.0397376
-0.0360486
-0.0324056
-0.0288169
-0.0252891
-0.0218264
-0.0184324
-0.0151112
-0.0118693
-0.00871469
-0.00565558
-0.00269862
0.000151593
0.00289201
0.00552009
0.00803241
0.010424
0.012689
0.014822
0.0168198
0.0186797
0.0203988
0.0219719
0.0233926
0.0246553
0.0257571
0.026698
0.0274797
0.0281048
0.0285769
0.0289013
0.0290842
0.0291318
0.0290504
0.0288486
0.028538
0.0281373
0.0276707
0.0271123
0.0264447
-0.0767807
-0.0801523
-0.0844449
-0.0895638
-0.0951837
-0.100944
-0.106586
-0.111956
-0.116969
-0.121587
-0.125792
-0.129587
-0.132982
-0.135994
-0.138642
-0.140938
-0.142899
-0.144538
-0.145868
-0.146899
-0.147637
-0.148091
-0.14827
-0.148179
-0.147825
-0.147213
-0.14635
-0.145248
-0.143919
-0.142374
-0.140627
-0.138688
-0.136568
-0.134278
-0.131827
-0.129224
-0.126475
-0.123592
-0.120584
-0.117463
-0.114238
-0.110917
-0.107509
-0.104022
-0.100464
-0.0968438
-0.0931701
-0.08945
-0.0856885
-0.0818904
-0.0780622
-0.074212
-0.0703481
-0.0664792
-0.062614
-0.0587614
-0.0549294
-0.0511236
-0.0473473
-0.0436024
-0.0398923
-0.0362229
-0.0326024
-0.0290384
-0.0255369
-0.0221017
-0.0187359
-0.0154436
-0.0122309
-0.00910534
-0.00607462
-0.00314471
-0.000319458
0.00239878
0.00500779
0.00750416
0.00988291
0.0121385
0.0142662
0.0162629
0.0181255
0.0198494
0.0214281
0.022855
0.0241249
0.025235
0.0261843
0.0269735
0.0276049
0.028083
0.0284134
0.0286015
0.0286519
0.0285693
0.0283599
0.0280309
0.027596
0.0270723
0.0264088
0.0255635
-0.0859914
-0.08887
-0.0923699
-0.0965107
-0.101122
-0.105944
-0.110768
-0.115448
-0.119889
-0.124038
-0.127861
-0.131342
-0.134481
-0.137282
-0.139752
-0.141899
-0.143732
-0.145262
-0.146496
-0.147439
-0.1481
-0.148484
-0.1486
-0.148453
-0.148046
-0.147386
-0.14648
-0.145342
-0.143982
-0.142411
-0.140642
-0.138685
-0.136552
-0.134252
-0.131795
-0.129189
-0.126439
-0.123558
-0.120556
-0.117442
-0.114226
-0.110914
-0.107516
-0.104038
-0.10049
-0.09688
-0.0932162
-0.0895044
-0.0857493
-0.0819562
-0.0781325
-0.0742869
-0.0704281
-0.0665638
-0.0627025
-0.0588529
-0.0550238
-0.0512217
-0.0474509
-0.0437142
-0.0400149
-0.036359
-0.0327543
-0.0292081
-0.0257255
-0.02231
-0.0189643
-0.015692
-0.0124991
-0.00939286
-0.00638054
-0.00346778
-0.000658177
0.00204604
0.00464266
0.00712825
0.0094981
0.0117473
0.0138721
0.0158698
0.0177368
0.0194672
0.021054
0.0224901
0.0237706
0.0248922
0.0258524
0.0266504
0.0272878
0.0277687
0.0280983
0.0282813
0.0283212
0.0282217
0.0279871
0.0276217
0.0271364
0.0265442
0.0257762
0.0247726
-0.0940352
-0.0966115
-0.0995931
-0.103053
-0.106922
-0.111012
-0.115161
-0.119244
-0.123173
-0.126884
-0.130339
-0.133513
-0.136394
-0.138977
-0.141261
-0.14325
-0.144947
-0.146356
-0.147482
-0.148328
-0.1489
-0.149204
-0.149245
-0.149027
-0.148553
-0.147831
-0.14687
-0.145682
-0.144276
-0.142664
-0.140857
-0.138868
-0.136707
-0.134384
-0.131907
-0.129283
-0.12652
-0.12363
-0.120623
-0.117507
-0.114289
-0.110977
-0.107578
-0.104102
-0.100556
-0.0969487
-0.0932871
-0.0895765
-0.0858219
-0.0820295
-0.0782073
-0.0743643
-0.0705082
-0.0666462
-0.0627859
-0.0589363
-0.0551067
-0.0513047
-0.0475351
-0.0438015
-0.0401075
-0.0364589
-0.0328632
-0.0293273
-0.0258557
-0.0224512
-0.0191162
-0.015854
-0.0126704
-0.00957253
-0.00656753
-0.0036611
-0.000856956
0.00184239
0.00443436
0.00691549
0.00928153
0.0115286
0.0136537
0.0156546
0.0175273
0.0192652
0.0208611
0.0223081
0.023601
0.0247351
0.0257062
0.026512
0.027153
0.0276323
0.0279544
0.028123
0.0281413
0.0280129
0.0277408
0.0273277
0.0267837
0.02612
0.0252551
0.0241178
-0.101264
-0.103646
-0.106275
-0.109252
-0.112568
-0.116089
-0.119689
-0.123267
-0.126745
-0.13006
-0.133172
-0.136051
-0.138679
-0.141044
-0.14314
-0.144965
-0.146519
-0.147801
-0.14881
-0.14955
-0.150024
-0.150238
-0.150192
-0.149891
-0.149339
-0.148544
-0.147516
-0.146265
-0.1448
-0.143133
-0.141276
-0.139242
-0.13704
-0.134679
-0.132169
-0.129515
-0.126728
-0.123819
-0.120796
-0.117667
-0.114436
-0.111112
-0.107703
-0.104219
-0.100667
-0.097053
-0.0933846
-0.0896673
-0.0859069
-0.0821102
-0.0782856
-0.0744415
-0.0705846
-0.0667212
-0.0628585
-0.0590054
-0.0551719
-0.0513661
-0.0475936
-0.0438583
-0.0401643
-0.036517
-0.0329238
-0.0293908
-0.0259221
-0.0225199
-0.0191863
-0.0159245
-0.0127401
-0.00964022
-0.00663197
-0.00372132
-0.000912466
0.00179149
0.00438747
0.00687189
0.00924099
0.0114917
0.0136217
0.0156286
0.0175079
0.0192532
0.0208575
0.0223147
0.0236187
0.0247634
0.0257427
0.0265529
0.0271934
0.0276663
0.0279748
0.0281219
0.0281111
0.0279461
0.0276296
0.0271638
0.0265587
0.0258261
0.024876
0.0236294
-0.10791
-0.110156
-0.112538
-0.115163
-0.118063
-0.121139
-0.124295
-0.12745
-0.130536
-0.133499
-0.136297
-0.138898
-0.141282
-0.143433
-0.145341
-0.147001
-0.148407
-0.149553
-0.15044
-0.151067
-0.151437
-0.15155
-0.151409
-0.151016
-0.150378
-0.149502
-0.148397
-0.147073
-0.14554
-0.143808
-0.141893
-0.139803
-0.13755
-0.13514
-0.132585
-0.129893
-0.127072
-0.124133
-0.121084
-0.11793
-0.114676
-0.111329
-0.107901
-0.104399
-0.10083
-0.0971995
-0.0935149
-0.0897825
-0.0860091
-0.082202
-0.0783692
-0.0745182
-0.0706551
-0.0667852
-0.0629151
-0.0590542
-0.0552124
-0.0513985
-0.0476184
-0.0438765
-0.0401768
-0.0365247
-0.032927
-0.0293895
-0.0259157
-0.0225076
-0.019167
-0.0158971
-0.0127033
-0.00959256
-0.00657208
-0.00364798
-0.000824959
0.00189308
0.00450234
0.006999
0.0093795
0.011641
0.0137812
0.0157969
0.0176835
0.0194349
0.0210452
0.0225088
0.0238197
0.0249701
0.0259527
0.0267628
0.0273986
0.027861
0.0281519
0.0282737
0.0282302
0.0280258
0.0276629
0.027144
0.0264802
0.025685
0.0246624
0.0233286
-0.114118
-0.116264
-0.118466
-0.120828
-0.123409
-0.126136
-0.128932
-0.131733
-0.134483
-0.137134
-0.139646
-0.141989
-0.14414
-0.146084
-0.147808
-0.149301
-0.150554
-0.151561
-0.15232
-0.15283
-0.153088
-0.153095
-0.152851
-0.152361
-0.151631
-0.150668
-0.14948
-0.148078
-0.14647
-0.144669
-0.142688
-0.140537
-0.138223
-0.135758
-0.133151
-0.130413
-0.127551
-0.124574
-0.121489
-0.1183
-0.115012
-0.111635
-0.108178
-0.104649
-0.101054
-0.0973973
-0.0936877
-0.0899323
-0.0861386
-0.0823137
-0.0784653
-0.0746
-0.0707235
-0.0668405
-0.0629571
-0.0590826
-0.055227
-0.0513995
-0.0476061
-0.0438514
-0.0401393
-0.0364751
-0.0328651
-0.0293149
-0.0258278
-0.0224058
-0.0190507
-0.0157656
-0.0125555
-0.00942705
-0.00638721
-0.00344212
-0.000596862
0.00214399
0.00477578
0.00729404
0.00969482
0.0119747
0.0141303
0.0161576
0.0180514
0.0198066
0.0214188
0.0228837
0.0241949
0.0253445
0.0263245
0.0271295
0.0277572
0.0282068
0.0284787
0.0285749
0.0284992
0.0282565
0.0278495
0.0272814
0.0265646
0.0257153
0.0246338
0.0232311
-0.119974
-0.122046
-0.124113
-0.126275
-0.128608
-0.131056
-0.133559
-0.136063
-0.138525
-0.140901
-0.143156
-0.14526
-0.147193
-0.148938
-0.15048
-0.151806
-0.152905
-0.153772
-0.1544
-0.154787
-0.154928
-0.154822
-0.154472
-0.153881
-0.153056
-0.152002
-0.150728
-0.149243
-0.147558
-0.145685
-0.143634
-0.141416
-0.139039
-0.136513
-0.133851
-0.131062
-0.128153
-0.125132
-0.122003
-0.118772
-0.115445
-0.11203
-0.108538
-0.104974
-0.101344
-0.0976544
-0.0939126
-0.0901272
-0.0863058
-0.0824556
-0.0785837
-0.0746963
-0.0707986
-0.0668951
-0.0629916
-0.0590968
-0.0552209
-0.0513728
-0.0475588
-0.0437833
-0.0400502
-0.0363648
-0.0327331
-0.0291606
-0.0256513
-0.0222073
-0.0188305
-0.0155238
-0.0122917
-0.00914009
-0.00607549
-0.00310369
-0.000229806
0.00254101
0.00520318
0.00775122
0.0101801
0.0124851
0.0146608
0.0167015
0.018602
0.0203585
0.0219686
0.023429
0.0247338
0.0258755
0.0268468
0.0276424
0.0282593
0.0286953
0.0289495
0.0290229
0.0289193
0.0286434
0.0281982
0.0275881
0.0268272
0.0259341
0.0248069
0.0233504
-0.125542
-0.127556
-0.129517
-0.131524
-0.13366
-0.135882
-0.138143
-0.1404
-0.142613
-0.144746
-0.146769
-0.148656
-0.150386
-0.151942
-0.153307
-0.154469
-0.155416
-0.156142
-0.156637
-0.156897
-0.156917
-0.156697
-0.156237
-0.155542
-0.154618
-0.153469
-0.152105
-0.150537
-0.148773
-0.146824
-0.144702
-0.142414
-0.139971
-0.137383
-0.134664
-0.131821
-0.128861
-0.125789
-0.122612
-0.119335
-0.115963
-0.112507
-0.108974
-0.10537
-0.101701
-0.097972
-0.0941923
-0.0903709
-0.0865155
-0.0826331
-0.0787303
-0.0748135
-0.0708875
-0.0669566
-0.0630261
-0.0591042
-0.0552007
-0.0513243
-0.0474812
-0.0436755
-0.0399113
-0.0361938
-0.0325292
-0.0289238
-0.0253822
-0.0219072
-0.018501
-0.0151661
-0.0119063
-0.00872661
-0.00563286
-0.00263029
0.000276285
0.0030815
0.00577904
0.00836219
0.0108243
0.0131585
0.0153572
0.0174129
0.0193201
0.0210764
0.022681
0.0241321
0.0254249
0.0265531
0.027511
0.0282942
0.0288992
0.0293227
0.0295624
0.0296183
0.0294939
0.0291931
0.0287192
0.0280774
0.0272834
0.0263575
0.0251965
0.0236981
-0.130872
-0.132837
-0.134712
-0.136593
-0.138571
-0.14061
-0.14267
-0.144716
-0.146714
-0.148634
-0.150451
-0.152141
-0.153683
-0.155061
-0.156257
-0.157261
-0.15806
-0.158644
-0.159005
-0.159136
-0.159033
-0.158695
-0.158123
-0.157321
-0.156294
-0.155048
-0.153593
-0.151938
-0.150093
-0.148067
-0.145871
-0.143512
-0.141001
-0.13835
-0.135571
-0.132672
-0.129656
-0.126531
-0.123302
-0.119975
-0.116556
-0.113053
-0.109475
-0.105827
-0.102114
-0.0983419
-0.0945199
-0.0906574
-0.0867625
-0.082842
-0.0789026
-0.0749505
-0.0709905
-0.0670265
-0.0630632
-0.0591079
-0.0551699
-0.0512576
-0.0473768
-0.0435314
-0.0397255
-0.0359644
-0.0322554
-0.0286057
-0.0250209
-0.021505
-0.0180604
-0.0146894
-0.0113953
-0.0081824
-0.00505566
-0.00201968
0.000921232
0.00376188
0.00649565
0.00911495
0.0116115
0.013976
0.0161984
0.0182698
0.0201845
0.0219408
0.0235393
0.0249792
0.0262573
0.0273696
0.0283122
0.0290822
0.0296761
0.0300899
0.0303201
0.030366
0.03023
0.0299151
0.0294243
0.0287632
0.0279479
0.0269997
0.0258139
0.0242816
-0.136009
-0.137935
-0.139737
-0.141515
-0.143363
-0.145251
-0.147142
-0.149008
-0.150821
-0.152556
-0.15419
-0.155702
-0.157071
-0.158282
-0.15932
-0.160172
-0.160825
-0.16127
-0.161496
-0.161497
-0.161269
-0.160811
-0.160124
-0.159211
-0.158079
-0.156733
-0.155185
-0.153442
-0.151514
-0.149409
-0.147135
-0.144704
-0.142124
-0.139408
-0.136566
-0.133606
-0.130531
-0.127347
-0.124062
-0.120681
-0.11721
-0.113656
-0.110029
-0.106332
-0.10257
-0.0987504
-0.0948815
-0.0909734
-0.0870342
-0.0830708
-0.0790902
-0.0750985
-0.0711003
-0.0670987
-0.0630978
-0.059104
-0.0551258
-0.0511712
-0.0472455
-0.0433523
-0.0394955
-0.035681
-0.031917
-0.0282121
-0.0245735
-0.0210059
-0.0175127
-0.0140965
-0.0107602
-0.00750801
-0.00434429
-0.0012731
0.00170179
0.00457582
0.00734283
0.00999509
0.0125232
0.0149159
0.0171611
0.0192487
0.0211727
0.0229319
0.024527
0.0259578
0.027223
0.0283206
0.0292496
0.0300084
0.0305941
0.0310025
0.0312296
0.0312741
0.0311369
0.0308198
0.0303248
0.0296566
0.028831
0.027869
0.0266638
0.0251032
-0.141
-0.142896
-0.144638
-0.146332
-0.148075
-0.149835
-0.151584
-0.153297
-0.154951
-0.156525
-0.157996
-0.159346
-0.160557
-0.161613
-0.162501
-0.163207
-0.163719
-0.164024
-0.164115
-0.163985
-0.163631
-0.163051
-0.162246
-0.16122
-0.15998
-0.158534
-0.15689
-0.155057
-0.153044
-0.150856
-0.148504
-0.145997
-0.143345
-0.140559
-0.13765
-0.134624
-0.131484
-0.128236
-0.124889
-0.121448
-0.117919
-0.114309
-0.110626
-0.106874
-0.103059
-0.0991861
-0.0952652
-0.0913066
-0.0873184
-0.0833077
-0.0792817
-0.0752463
-0.0712058
-0.0671626
-0.0631197
-0.059083
-0.0550601
-0.0510585
-0.0470827
-0.0431361
-0.0392223
-0.0353474
-0.0315206
-0.027752
-0.0240501
-0.0204211
-0.016869
-0.0133973
-0.0100098
-0.00671101
-0.00350544
-0.000396984
0.00261114
0.00551531
0.00831058
0.0109901
0.0135445
0.0159614
0.0182274
0.0203316
0.022268
0.0240348
0.0256323
0.0270601
0.028318
0.0294063
0.0303264
0.0310785
0.0316607
0.0320694
0.0323006
0.0323524
0.0322241
0.0319156
0.0314273
0.0307624
0.029935
0.0289651
0.027744
0.026159
-0.145894
-0.147773
-0.149469
-0.151094
-0.15275
-0.154406
-0.156036
-0.157618
-0.159136
-0.160566
-0.161892
-0.163095
-0.164159
-0.16507
-0.165815
-0.166379
-0.166749
-0.166916
-0.166872
-0.16661
-0.166128
-0.165424
-0.164499
-0.163359
-0.162011
-0.160462
-0.158722
-0.156798
-0.154696
-0.152422
-0.149988
-0.147402
-0.144674
-0.141814
-0.138832
-0.135733
-0.132521
-0.129203
-0.125788
-0.12228
-0.118686
-0.115012
-0.111267
-0.107454
-0.103579
-0.0996464
-0.0956676
-0.0916526
-0.0876099
-0.0835466
-0.0794698
-0.0753854
-0.071297
-0.0672065
-0.0631164
-0.0590317
-0.0549599
-0.0509075
-0.0468786
-0.0428756
-0.0389018
-0.0349632
-0.0310696
-0.0272322
-0.0234607
-0.0197625
-0.0161427
-0.0126062
-0.00915824
-0.00580463
-0.00255097
0.000598396
0.00364052
0.00657292
0.00939242
0.0120939
0.0146689
0.0171054
0.0193898
0.0215113
0.0234635
0.0252438
0.0268512
0.0282845
0.029544
0.0306317
0.0315507
0.0323028
0.0328877
0.0333028
0.0335449
0.0336111
0.0334991
0.0332067
0.0327324
0.0320776
0.0312543
0.0302808
0.0290464
0.0274403
-0.150745
-0.152616
-0.15428
-0.155852
-0.157437
-0.159009
-0.160539
-0.162011
-0.163407
-0.16471
-0.165902
-0.166969
-0.167896
-0.168669
-0.169274
-0.169697
-0.169927
-0.169956
-0.169776
-0.169382
-0.16877
-0.16794
-0.166894
-0.165638
-0.164181
-0.16253
-0.160691
-0.158672
-0.156478
-0.154116
-0.151597
-0.148928
-0.146119
-0.143179
-0.140118
-0.136941
-0.133651
-0.130257
-0.126766
-0.123185
-0.119519
-0.115775
-0.11196
-0.108079
-0.104136
-0.100138
-0.0960946
-0.0920165
-0.0879124
-0.0837894
-0.0796542
-0.0755126
-0.0713678
-0.0672217
-0.0630764
-0.058937
-0.0548105
-0.0507032
-0.0466182
-0.0425571
-0.0385224
-0.0345197
-0.0305588
-0.0266514
-0.0228081
-0.0190369
-0.015344
-0.011736
-0.00821997
-0.00480382
-0.00149498
0.00170099
0.00478085
0.00774298
0.010586
0.0133068
0.0158988
0.0183512
0.0206521
0.0227914
0.024763
0.0265631
0.0281889
0.0296379
0.0309103
0.0320085
0.0329362
0.0336965
0.0342904
0.0347169
0.0349738
0.0350579
0.0349654
0.0346925
0.0342359
0.033595
0.0327797
0.0318058
0.0305603
0.0289359
-0.155599
-0.15747
-0.159115
-0.16065
-0.16218
-0.16368
-0.165126
-0.166499
-0.167786
-0.168971
-0.170041
-0.170981
-0.171776
-0.172414
-0.17288
-0.173163
-0.173254
-0.173145
-0.172829
-0.1723
-0.171556
-0.170599
-0.169431
-0.16806
-0.166494
-0.164737
-0.162797
-0.160681
-0.158393
-0.15594
-0.153331
-0.150576
-0.147681
-0.144657
-0.141512
-0.138251
-0.134879
-0.131403
-0.127832
-0.124173
-0.120428
-0.116607
-0.112715
-0.10876
-0.104743
-0.100673
-0.0965577
-0.0924094
-0.0882362
-0.0840448
-0.0798414
-0.0756317
-0.0714192
-0.0672059
-0.0629945
-0.0587905
-0.054601
-0.050432
-0.0462861
-0.0421639
-0.0380671
-0.0340006
-0.0299739
-0.0259986
-0.0220851
-0.0182416
-0.0144752
-0.0107935
-0.00720557
-0.00372147
-0.000350912
0.00289866
0.006023
0.00902063
0.0118913
0.0146334
0.0172424
0.0197099
0.022027
0.0241858
0.0261809
0.0280074
0.0296604
0.031136
0.0324331
0.0335534
0.0344999
0.0352758
0.0358834
0.0363238
0.036596
0.0366974
0.0366237
0.0363703
0.0359325
0.0353075
0.0345026
0.0335307
0.0322757
0.0306343
-0.16049
-0.162367
-0.164003
-0.16551
-0.166996
-0.168434
-0.169802
-0.171086
-0.172272
-0.173349
-0.174303
-0.17512
-0.175788
-0.176292
-0.176622
-0.176767
-0.176721
-0.176474
-0.176021
-0.175357
-0.174481
-0.173396
-0.172108
-0.170621
-0.168944
-0.167082
-0.165039
-0.162823
-0.160438
-0.157891
-0.15519
-0.152345
-0.149362
-0.146249
-0.143016
-0.139667
-0.136208
-0.132646
-0.128991
-0.125247
-0.121418
-0.117514
-0.113541
-0.109505
-0.10541
-0.101261
-0.0970688
-0.0928439
-0.0885939
-0.084325
-0.0800429
-0.0757532
-0.0714601
-0.0671664
-0.0628759
-0.0585947
-0.0543306
-0.0500897
-0.0458743
-0.0416845
-0.0375215
-0.0333897
-0.029298
-0.0252574
-0.0212776
-0.0173663
-0.0135303
-0.00977767
-0.00611863
-0.00256492
0.000871782
0.00418197
0.00735972
0.0104026
0.0133102
0.0160815
0.0187132
0.0211999
0.0235363
0.0257182
0.0277414
0.0296004
0.0312885
0.0328
0.0341318
0.0352836
0.0362566
0.0370532
0.037677
0.038131
0.0384165
0.0385321
0.0384744
0.0382385
0.0378189
0.0372104
0.0364172
0.0354487
0.0341847
0.0325253
-0.165433
-0.167321
-0.168953
-0.170438
-0.171883
-0.173263
-0.174559
-0.175758
-0.176851
-0.177824
-0.178667
-0.179365
-0.179907
-0.180282
-0.180479
-0.180491
-0.180309
-0.179925
-0.179336
-0.178538
-0.177533
-0.176324
-0.174917
-0.173317
-0.17153
-0.169561
-0.167414
-0.165098
-0.162615
-0.159972
-0.157178
-0.15424
-0.151163
-0.147958
-0.144632
-0.141192
-0.137642
-0.13399
-0.130244
-0.12641
-0.122492
-0.118499
-0.11444
-0.11032
-0.106142
-0.101911
-0.0976369
-0.0933298
-0.0889966
-0.0846423
-0.0802722
-0.0758919
-0.0715064
-0.0671199
-0.0627371
-0.0583653
-0.0540129
-0.0496864
-0.0453889
-0.0411206
-0.0368826
-0.0326797
-0.0285202
-0.0244146
-0.0203714
-0.0163971
-0.0124972
-0.00867926
-0.00495337
-0.00133173
0.00217293
0.00554956
0.00879045
0.0118913
0.0148498
0.0176636
0.0203298
0.0228453
0.0252085
0.027419
0.0294748
0.0313704
0.0330983
0.0346509
0.0360232
0.0372117
0.0382153
0.0390353
0.0396759
0.0401423
0.0404381
0.0405641
0.0405186
0.0402977
0.0398946
0.0393018
0.03852
0.0375551
0.0362813
0.0346006
-0.170426
-0.172326
-0.173957
-0.175419
-0.176823
-0.178148
-0.179374
-0.180494
-0.181496
-0.182369
-0.183104
-0.183688
-0.18411
-0.18436
-0.184431
-0.184312
-0.183998
-0.183482
-0.182761
-0.181835
-0.180707
-0.17938
-0.177859
-0.176149
-0.174255
-0.172181
-0.169933
-0.167517
-0.164936
-0.162196
-0.159305
-0.15627
-0.153097
-0.149794
-0.146372
-0.142835
-0.139189
-0.13544
-0.131597
-0.127667
-0.123653
-0.119567
-0.115417
-0.111208
-0.106943
-0.102626
-0.0982655
-0.0938715
-0.0894497
-0.085004
-0.080539
-0.0760605
-0.0715742
-0.0670853
-0.0625996
-0.0581252
-0.053671
-0.0492448
-0.0448503
-0.040489
-0.0361631
-0.031878
-0.0276425
-0.0234667
-0.0193581
-0.0153215
-0.0113608
-0.00748184
-0.00369333
-6.55495e-06
0.00356614
0.00701337
0.0103262
0.013498
0.0165233
0.0193967
0.0221135
0.0246716
0.0270723
0.0293184
0.0314101
0.0333435
0.0351111
0.0367051
0.0381183
0.0393445
0.0403796
0.0412235
0.0418808
0.0423584
0.0426621
0.0427956
0.0427593
0.0425502
0.042161
0.041582
0.0408098
0.0398468
0.0385611
0.0368541
-0.17546
-0.177373
-0.179
-0.180438
-0.181802
-0.183072
-0.184233
-0.185274
-0.186188
-0.186966
-0.187597
-0.188072
-0.18838
-0.188513
-0.188462
-0.18822
-0.18778
-0.187139
-0.186296
-0.185252
-0.18401
-0.182574
-0.180946
-0.179131
-0.177134
-0.17496
-0.172612
-0.170097
-0.167418
-0.164579
-0.161589
-0.158453
-0.155178
-0.151773
-0.148248
-0.144609
-0.140859
-0.137006
-0.133059
-0.129024
-0.124909
-0.120722
-0.116475
-0.112171
-0.107813
-0.103403
-0.0989514
-0.094465
-0.0899491
-0.0854068
-0.0808422
-0.0762608
-0.0716688
-0.0670722
-0.0624771
-0.0578918
-0.0533259
-0.0487878
-0.0442827
-0.0398137
-0.0353849
-0.0310031
-0.0266783
-0.0224206
-0.0182372
-0.0141317
-0.0101062
-0.00616464
-0.00231366
0.0014375
0.00507828
0.00859853
0.0119894
0.0152424
0.0183484
0.0212977
0.0240821
0.0266984
0.0291488
0.0314378
0.033568
0.0355376
0.0373412
0.0389721
0.0404223
0.0416832
0.0427482
0.0436154
0.0442894
0.0447781
0.0450895
0.0452293
0.0452003
0.0450007
0.0446225
0.0440537
0.0432879
0.042323
0.0410218
0.0392827
-0.180527
-0.182454
-0.184078
-0.185492
-0.186818
-0.188036
-0.189132
-0.190099
-0.190929
-0.191616
-0.19215
-0.192523
-0.192725
-0.192747
-0.192582
-0.192224
-0.191668
-0.190913
-0.189959
-0.188809
-0.187463
-0.185925
-0.184197
-0.182284
-0.18019
-0.177919
-0.175474
-0.172861
-0.170083
-0.167142
-0.164048
-0.160807
-0.157426
-0.153913
-0.15028
-0.146531
-0.142669
-0.138703
-0.134642
-0.130495
-0.126269
-0.121974
-0.117621
-0.113213
-0.108752
-0.10424
-0.0996869
-0.0950995
-0.0904822
-0.0858371
-0.0811678
-0.0764798
-0.0717793
-0.0670724
-0.0623649
-0.0576649
-0.0529819
-0.0483249
-0.0437001
-0.0391125
-0.0345678
-0.0300749
-0.0256451
-0.0212895
-0.0170153
-0.012826
-0.00872301
-0.00470884
-0.000788405
0.00303125
0.00674222
0.010337
0.0138085
0.0171479
0.0203431
0.02338
0.0262461
0.0289349
0.0314469
0.0337865
0.0359575
0.0379608
0.0397946
0.0414551
0.0429352
0.0442253
0.0453168
0.0462065
0.0468983
0.0474003
0.0477214
0.047869
0.0478476
0.0476561
0.047286
0.0467231
0.0459581
0.0449856
0.0436631
0.0418864
-0.185636
-0.187581
-0.189203
-0.190596
-0.191887
-0.193058
-0.194094
-0.194991
-0.195745
-0.196348
-0.196793
-0.19707
-0.197173
-0.197092
-0.196821
-0.196356
-0.195695
-0.194837
-0.193783
-0.192535
-0.191093
-0.18946
-0.187639
-0.185632
-0.183444
-0.181079
-0.178538
-0.175826
-0.172946
-0.169901
-0.166699
-0.163349
-0.159856
-0.15623
-0.152482
-0.148615
-0.144633
-0.140545
-0.136362
-0.132094
-0.127747
-0.123334
-0.118863
-0.114338
-0.10976
-0.105133
-0.100465
-0.0957647
-0.0910349
-0.0862774
-0.0814955
-0.0766948
-0.0718816
-0.0670615
-0.0622397
-0.0574235
-0.0526221
-0.0478443
-0.0430968
-0.0383853
-0.0337173
-0.0291029
-0.0245548
-0.020085
-0.0157018
-0.0114091
-0.00720908
-0.00310447
0.000900209
0.00479913
0.00858678
0.012259
0.0158117
0.0192377
0.022524
0.0256536
0.0286097
0.0313814
0.0339651
0.0363623
0.0385767
0.0406117
0.0424701
0.0441525
0.0456545
0.0469674
0.048082
0.0489943
0.0497069
0.0502269
0.0505626
0.0507221
0.0507103
0.0505263
0.0501609
0.049598
0.0488267
0.047839
0.0464883
0.0446689
-0.190813
-0.192781
-0.194404
-0.195784
-0.197046
-0.198176
-0.19916
-0.199996
-0.20068
-0.201207
-0.201569
-0.201759
-0.201768
-0.201591
-0.201222
-0.200658
-0.199901
-0.198948
-0.197801
-0.196461
-0.194927
-0.193204
-0.191292
-0.189194
-0.186914
-0.184453
-0.181814
-0.179001
-0.176015
-0.17286
-0.169547
-0.166083
-0.162473
-0.158728
-0.154858
-0.150866
-0.146756
-0.142539
-0.138226
-0.133828
-0.129353
-0.12481
-0.120208
-0.115552
-0.110843
-0.106085
-0.101288
-0.0964584
-0.0916014
-0.0867177
-0.0818108
-0.0768866
-0.0719519
-0.0670118
-0.062071
-0.0571359
-0.0522151
-0.0473168
-0.0424476
-0.0376131
-0.0328206
-0.0280807
-0.0234067
-0.0188112
-0.0143034
-0.00988842
-0.00557009
-0.001353
0.00275668
0.00675237
0.0106294
0.0143861
0.0180218
0.0215324
0.0249067
0.0281272
0.0311746
0.0340336
0.0366947
0.0391548
0.0414155
0.0434822
0.0453621
0.047061
0.048579
0.04991
0.0510463
0.0519833
0.052722
0.0532669
0.0536243
0.0538008
0.0538009
0.0536232
0.0532578
0.0526876
0.0519011
0.0508896
0.0495036
0.0476376
-0.196094
-0.198093
-0.199726
-0.201098
-0.20234
-0.203437
-0.204378
-0.205161
-0.205783
-0.20624
-0.206526
-0.206632
-0.206554
-0.206285
-0.205824
-0.205169
-0.204319
-0.203275
-0.202038
-0.200606
-0.198983
-0.197169
-0.195167
-0.192977
-0.190603
-0.188044
-0.185302
-0.182381
-0.179284
-0.176016
-0.172586
-0.169003
-0.165271
-0.161401
-0.157402
-0.153279
-0.149036
-0.144683
-0.140236
-0.135702
-0.13109
-0.126408
-0.121665
-0.116866
-0.112012
-0.107108
-0.102165
-0.0971922
-0.0921918
-0.0871654
-0.0821171
-0.0770539
-0.0719832
-0.0669107
-0.0618406
-0.0567789
-0.0517336
-0.0467129
-0.0417224
-0.0367668
-0.0318518
-0.0269873
-0.0221859
-0.0174598
-0.0128184
-0.00826775
-0.00381347
0.000537088
0.00477437
0.00888868
0.0128735
0.0167275
0.020452
0.0240464
0.0275033
0.0308078
0.0339411
0.0368847
0.0396239
0.0421497
0.0444605
0.0465619
0.0484649
0.0501804
0.0517136
0.0530628
0.0542225
0.0551887
0.0559601
0.0565373
0.056923
0.0571211
0.0571342
0.05696
0.0565881
0.0560017
0.0551901
0.0541462
0.0527188
0.0508032
-0.201523
-0.20356
-0.205211
-0.206583
-0.207814
-0.208887
-0.209791
-0.210527
-0.211092
-0.211482
-0.211693
-0.21172
-0.211556
-0.2112
-0.21065
-0.209904
-0.208964
-0.207829
-0.2065
-0.204977
-0.203263
-0.201359
-0.199264
-0.196979
-0.194504
-0.19184
-0.188989
-0.185954
-0.18274
-0.179352
-0.1758
-0.172092
-0.168232
-0.164231
-0.160098
-0.155839
-0.151458
-0.146968
-0.142382
-0.137708
-0.132953
-0.128125
-0.123234
-0.118282
-0.113274
-0.108215
-0.103116
-0.0979855
-0.0928275
-0.0876429
-0.0824365
-0.077217
-0.0719931
-0.0667713
-0.0615562
-0.0563537
-0.0511723
-0.0460201
-0.0409027
-0.0358231
-0.0307852
-0.0257965
-0.0208679
-0.0160106
-0.0112327
-0.00654037
-0.00193987
0.00255904
0.00694287
0.0111971
0.0153107
0.019279
0.0231029
0.0267839
0.0303189
0.0336986
0.0369078
0.0399282
0.0427417
0.0453344
0.0477003
0.0498441
0.0517783
0.0535177
0.0550723
0.0564449
0.0576334
0.0586344
0.0594442
0.0600592
0.0604774
0.0606989
0.0607238
0.0605485
0.0601626
0.0595505
0.0587045
0.0576205
0.0561467
0.0541782
-0.207134
-0.209217
-0.210894
-0.212275
-0.213499
-0.214551
-0.215421
-0.21611
-0.216618
-0.216942
-0.21708
-0.217026
-0.216779
-0.216336
-0.215697
-0.214861
-0.213829
-0.212602
-0.211181
-0.209567
-0.207761
-0.205763
-0.203572
-0.201185
-0.198604
-0.195828
-0.19286
-0.189705
-0.186367
-0.182853
-0.179172
-0.175331
-0.171336
-0.167198
-0.162926
-0.158526
-0.154004
-0.149373
-0.144645
-0.139828
-0.134926
-0.129948
-0.124902
-0.119794
-0.114626
-0.109406
-0.104145
-0.0988505
-0.0935256
-0.0881719
-0.082795
-0.0774051
-0.0720126
-0.0666248
-0.0612471
-0.0558859
-0.0505505
-0.0452503
-0.0399912
-0.0347757
-0.0296061
-0.0244874
-0.0194282
-0.0144376
-0.00952253
-0.00468757
6.1643e-05
0.00471475
0.00925555
0.0136646
0.0179246
0.0220247
0.0259615
0.0297358
0.0333483
0.0367962
0.0400714
0.0431596
0.0460424
0.0487031
0.0511319
0.0533304
0.0553104
0.0570879
0.0586761
0.0600817
0.0613058
0.0623462
0.0631973
0.0638515
0.0643022
0.0645457
0.064579
0.0643972
0.0639902
0.0633445
0.0624565
0.0613261
0.0598011
0.0577749
-0.212952
-0.215085
-0.216794
-0.218186
-0.219403
-0.220433
-0.221266
-0.221906
-0.222354
-0.222611
-0.222673
-0.222539
-0.222208
-0.221679
-0.220951
-0.220025
-0.218901
-0.217582
-0.216069
-0.214364
-0.212465
-0.21037
-0.208078
-0.205584
-0.20289
-0.199995
-0.196903
-0.193622
-0.190153
-0.186505
-0.182687
-0.178707
-0.17457
-0.170287
-0.16587
-0.161325
-0.156657
-0.15188
-0.147005
-0.142039
-0.136985
-0.131851
-0.126648
-0.121379
-0.116049
-0.110666
-0.10524
-0.0997785
-0.0942829
-0.0887553
-0.0832021
-0.0776348
-0.0720646
-0.0664994
-0.0609449
-0.0554084
-0.0499002
-0.0444313
-0.0390092
-0.0336374
-0.0283176
-0.0230535
-0.0178518
-0.01272
-0.00766357
-0.00268551
0.00221038
0.00701532
0.0117131
0.0162815
0.0206974
0.0249422
0.0290052
0.032883
0.0365777
0.040093
0.0434293
0.0465795
0.0495293
0.0522614
0.0547632
0.0570321
0.0590764
0.06091
0.0625468
0.063996
0.0652618
0.0663433
0.0672345
0.067925
0.0684047
0.0686661
0.0687035
0.0685106
0.0680774
0.0673928
0.0664572
0.0652754
0.0636943
0.0616035
-0.21898
-0.221166
-0.222907
-0.224308
-0.225515
-0.226518
-0.227311
-0.227898
-0.228285
-0.228472
-0.228459
-0.228246
-0.227832
-0.227217
-0.226401
-0.225386
-0.224173
-0.222764
-0.221162
-0.219365
-0.217372
-0.215178
-0.212779
-0.210173
-0.207361
-0.204342
-0.201121
-0.197706
-0.194099
-0.190309
-0.186347
-0.182219
-0.177931
-0.173497
-0.168927
-0.164229
-0.159409
-0.154478
-0.149448
-0.144323
-0.139108
-0.133812
-0.128443
-0.123009
-0.117514
-0.111964
-0.106371
-0.100739
-0.0950717
-0.0893693
-0.0836396
-0.0778944
-0.0721449
-0.0663986
-0.0606607
-0.0549386
-0.0492437
-0.0435883
-0.037982
-0.0324304
-0.0269367
-0.0215048
-0.016141
-0.0108521
-0.00564334
-0.000517143
0.00452429
0.00947513
0.0143222
0.0190443
0.0236155
0.0280106
0.0322101
0.0362037
0.0399916
0.0435818
0.0469827
0.0501966
0.0532157
0.0560254
0.0586113
0.0609665
0.0630931
0.0650004
0.0666997
0.0682012
0.0695119
0.0706332
0.07156
0.0722811
0.072784
0.0730586
0.0730965
0.0728894
0.0724275
0.0717011
0.0707145
0.0694767
0.0678339
0.0656707
-0.225207
-0.227443
-0.229215
-0.230621
-0.231815
-0.232789
-0.233539
-0.234074
-0.234399
-0.234518
-0.234433
-0.234143
-0.23365
-0.232953
-0.232054
-0.230954
-0.229655
-0.228161
-0.22647
-0.224582
-0.222491
-0.220194
-0.217686
-0.214964
-0.212028
-0.20888
-0.205523
-0.201967
-0.198215
-0.194275
-0.190159
-0.185875
-0.181429
-0.176835
-0.172105
-0.167246
-0.162262
-0.157167
-0.15197
-0.146676
-0.141288
-0.135817
-0.130274
-0.124665
-0.118995
-0.113271
-0.107502
-0.101696
-0.0958522
-0.0899733
-0.0840672
-0.078146
-0.0722197
-0.0662941
-0.0603731
-0.0544636
-0.0485768
-0.0427256
-0.0369212
-0.0311714
-0.0254823
-0.01986
-0.014312
-0.00884585
-0.00346771
0.0018184
0.00701003
0.0121037
0.017091
0.0219558
0.0266741
0.0312178
0.0355601
0.0396823
0.0435797
0.0472606
0.0507394
0.0540266
0.0571224
0.0600171
0.0626967
0.0651501
0.0673727
0.0693663
0.071138
0.0726974
0.0740536
0.0752116
0.0761685
0.0769141
0.0774353
0.0777197
0.0777562
0.0775342
0.0770427
0.0762729
0.0752319
0.0739335
0.0722234
0.0699814
-0.231615
-0.233901
-0.235701
-0.23711
-0.238291
-0.239238
-0.239949
-0.240436
-0.240705
-0.240762
-0.240609
-0.240249
-0.239682
-0.238909
-0.237931
-0.23675
-0.23537
-0.233791
-0.232012
-0.23003
-0.227839
-0.225435
-0.222813
-0.219969
-0.216904
-0.21362
-0.210121
-0.206416
-0.202511
-0.198414
-0.194137
-0.189689
-0.185078
-0.180316
-0.175418
-0.170388
-0.165232
-0.159959
-0.154583
-0.149106
-0.143532
-0.137874
-0.132143
-0.126347
-0.120489
-0.114576
-0.10862
-0.102627
-0.0965973
-0.0905346
-0.0844478
-0.0783486
-0.0722454
-0.0661417
-0.0600397
-0.0539452
-0.0478684
-0.0418212
-0.0358148
-0.0298586
-0.0239619
-0.0181339
-0.0123845
-0.00672267
-0.00115684
0.0043057
0.00965943
0.0149006
0.0200249
0.0250233
0.0298787
0.0345654
0.0390532
0.0433161
0.0473419
0.0511353
0.0547119
0.058088
0.061271
0.0642575
0.0670361
0.0695934
0.0719181
0.0740044
0.0758537
0.0774739
0.0788758
0.0800681
0.0810516
0.0818183
0.0823552
0.0826485
0.0826839
0.0824476
0.0819263
0.0811112
0.0800127
0.0786493
0.0768674
0.0745429
-0.238191
-0.240529
-0.242357
-0.243775
-0.244949
-0.245876
-0.246558
-0.247004
-0.247225
-0.247228
-0.247017
-0.246593
-0.245958
-0.245113
-0.244061
-0.242803
-0.241342
-0.239676
-0.237806
-0.235725
-0.233428
-0.230911
-0.228168
-0.225195
-0.221994
-0.218566
-0.214916
-0.211056
-0.20699
-0.202728
-0.198284
-0.193668
-0.188885
-0.18395
-0.178877
-0.173669
-0.16833
-0.162871
-0.157304
-0.151634
-0.145863
-0.140006
-0.134075
-0.128077
-0.122016
-0.1159
-0.10974
-0.103543
-0.0973128
-0.0910525
-0.0847732
-0.0784862
-0.0721982
-0.0659105
-0.0596238
-0.0533435
-0.0470786
-0.0408389
-0.0346334
-0.0284715
-0.0223647
-0.0163259
-0.0103674
-0.00449959
0.0012674
0.00692241
0.0124545
0.0178562
0.0231239
0.0282552
0.0332423
0.0380672
0.0427015
0.047115
0.0512877
0.0552168
0.0589139
0.0623965
0.0656777
0.0687606
0.0716388
0.074299
0.0767253
0.0789051
0.0808342
0.0825178
0.0839677
0.0851958
0.0862066
0.0869947
0.0875482
0.0878515
0.0878868
0.0876366
0.0870846
0.0862223
0.0850632
0.0836322
0.0817762
0.0793685
-0.244939
-0.247334
-0.249198
-0.250632
-0.25181
-0.252729
-0.253389
-0.253805
-0.253988
-0.253946
-0.253682
-0.253201
-0.252502
-0.251589
-0.250464
-0.249127
-0.247581
-0.245824
-0.243854
-0.241667
-0.239256
-0.236617
-0.233744
-0.230632
-0.227285
-0.223704
-0.219895
-0.215872
-0.21164
-0.207209
-0.202594
-0.197805
-0.192846
-0.187733
-0.182479
-0.177087
-0.171558
-0.165906
-0.160142
-0.154271
-0.148296
-0.142232
-0.136092
-0.129883
-0.123607
-0.117274
-0.110897
-0.104482
-0.0980341
-0.0915593
-0.0850703
-0.0785789
-0.0720901
-0.065603
-0.0591181
-0.0526419
-0.0461834
-0.0397502
-0.0333473
-0.0269824
-0.020668
-0.0144203
-0.00825369
-0.00217897
0.00379389
0.00965144
0.0153772
0.0209568
0.0263834
0.0316574
0.0367797
0.0417429
0.0465254
0.0510972
0.0554318
0.0595167
0.0633551
0.066961
0.0703499
0.0735317
0.0765069
0.079265
0.0817887
0.0840606
0.0860714
0.0878233
0.0893278
0.0905983
0.091642
0.0924559
0.0930286
0.0933429
0.0933781
0.0931124
0.0925277
0.091616
0.0903951
0.0888964
0.0869669
0.0844766
-0.251878
-0.254338
-0.256247
-0.257708
-0.258899
-0.259819
-0.260467
-0.260861
-0.261012
-0.260929
-0.260618
-0.26008
-0.259319
-0.258337
-0.257135
-0.255715
-0.254077
-0.25222
-0.250142
-0.247838
-0.245303
-0.242531
-0.239516
-0.236255
-0.232752
-0.229009
-0.225035
-0.220842
-0.21644
-0.211837
-0.207048
-0.202082
-0.196944
-0.191649
-0.186208
-0.180626
-0.174903
-0.169053
-0.163088
-0.157011
-0.150829
-0.144554
-0.138201
-0.131775
-0.125279
-0.118722
-0.112119
-0.105477
-0.0987999
-0.0920964
-0.0853814
-0.0786679
-0.0719591
-0.0652521
-0.058548
-0.0518563
-0.0451888
-0.0385516
-0.0319459
-0.0253755
-0.018853
-0.0123977
-0.00602644
0.000250654
0.00642635
0.0124884
0.0184173
0.0241913
0.0297967
0.0352315
0.0405021
0.0456107
0.0505458
0.0552816
0.0597881
0.0640431
0.0680387
0.0717815
0.0752863
0.0785692
0.0816384
0.0844897
0.0871072
0.0894713
0.0915687
0.0933979
0.094968
0.0962917
0.0973772
0.0982225
0.0988165
0.0991409
0.0991726
0.0988877
0.0982674
0.097305
0.0960232
0.0944593
0.0924578
0.0898841
-0.259031
-0.261568
-0.26353
-0.265025
-0.266237
-0.267161
-0.267802
-0.268177
-0.268298
-0.268176
-0.267816
-0.267221
-0.266395
-0.26534
-0.264055
-0.262544
-0.260805
-0.258839
-0.256644
-0.254214
-0.251544
-0.248629
-0.245461
-0.242041
-0.238373
-0.234461
-0.230316
-0.225952
-0.221376
-0.216597
-0.21163
-0.206483
-0.201161
-0.195677
-0.190045
-0.184266
-0.178343
-0.172289
-0.166118
-0.159833
-0.15344
-0.146952
-0.140384
-0.133739
-0.12702
-0.120237
-0.113405
-0.106533
-0.0996228
-0.0926834
-0.085732
-0.0787835
-0.0718398
-0.0648954
-0.0579513
-0.0510216
-0.0441235
-0.0372648
-0.030443
-0.0236571
-0.0169188
-0.0102504
-0.00367262
0.00280457
0.00917833
0.0154418
0.0215766
0.0275568
0.0333598
0.0389772
0.0444151
0.0496825
0.0547777
0.0596819
0.0643655
0.0687984
0.0729613
0.0768511
0.0804799
0.083868
0.0870322
0.0899759
0.0926878
0.0951486
0.0973414
0.0992601
0.100909
0.102298
0.103434
0.104314
0.104928
0.105258
0.105281
0.104972
0.104313
0.103301
0.10196
0.100334
0.0982604
0.0955989
-0.266418
-0.269039
-0.271061
-0.272593
-0.273826
-0.274758
-0.275391
-0.275746
-0.275837
-0.275673
-0.275262
-0.274608
-0.273713
-0.27258
-0.271208
-0.269598
-0.267753
-0.265671
-0.26335
-0.260786
-0.257972
-0.254903
-0.251575
-0.247988
-0.24415
-0.240065
-0.235745
-0.231206
-0.226453
-0.221494
-0.216344
-0.211009
-0.205495
-0.199813
-0.193981
-0.187998
-0.181866
-0.175601
-0.169216
-0.162716
-0.156104
-0.149396
-0.142608
-0.135741
-0.128796
-0.121785
-0.114724
-0.107622
-0.10048
-0.0933032
-0.0861113
-0.0789217
-0.0717361
-0.0645451
-0.0573482
-0.0501633
-0.0430153
-0.0359167
-0.0288631
-0.0218484
-0.0148813
-0.00798701
-0.00119175
0.00549176
0.0120643
0.0185269
0.0248677
0.0310603
0.0370756
0.0428957
0.0485214
0.0539636
0.0592281
0.0643046
0.0691668
0.0737802
0.0781159
0.0821609
0.0859231
0.089425
0.092691
0.0957332
0.0985461
0.101112
0.103411
0.105432
0.107172
0.108634
0.109824
0.110739
0.111368
0.111697
0.111704
0.111367
0.110669
0.109607
0.108211
0.106523
0.104375
0.101619
-0.274047
-0.276757
-0.27884
-0.28041
-0.281664
-0.282602
-0.283227
-0.283561
-0.28362
-0.283415
-0.282953
-0.282238
-0.281273
-0.280059
-0.278596
-0.276886
-0.27493
-0.272727
-0.270276
-0.267571
-0.264605
-0.261377
-0.257881
-0.254122
-0.250108
-0.245847
-0.24135
-0.236631
-0.231696
-0.22655
-0.221209
-0.215678
-0.20996
-0.204072
-0.198028
-0.191829
-0.185478
-0.178989
-0.17238
-0.165653
-0.158812
-0.151873
-0.144855
-0.137759
-0.130582
-0.123335
-0.116039
-0.108706
-0.10133
-0.0939152
-0.0864801
-0.0790461
-0.0716159
-0.0641766
-0.0567234
-0.049276
-0.0418666
-0.0345152
-0.0272183
-0.0199645
-0.0127572
-0.00562244
0.00140697
0.00831198
0.0150933
0.0217592
0.0283074
0.0347166
0.0409539
0.0469921
0.0528232
0.0584552
0.0638983
0.0691503
0.0741908
0.0789849
0.083497
0.0877058
0.0916135
0.0952431
0.0986244
0.101777
0.104702
0.107384
0.109799
0.11193
0.113766
0.115306
0.116548
0.117492
0.11813
0.11845
0.118436
0.118068
0.117331
0.116223
0.114772
0.113022
0.110796
0.107939
-0.281916
-0.284717
-0.286861
-0.288469
-0.289745
-0.290691
-0.291311
-0.291627
-0.291658
-0.291415
-0.290905
-0.290133
-0.289099
-0.287805
-0.286252
-0.28444
-0.282372
-0.280045
-0.277458
-0.274606
-0.271482
-0.268087
-0.264418
-0.260481
-0.256287
-0.251845
-0.247165
-0.24226
-0.237136
-0.231795
-0.226252
-0.220514
-0.214584
-0.208476
-0.20221
-0.195784
-0.1892
-0.182476
-0.175629
-0.168663
-0.161578
-0.154395
-0.147134
-0.139796
-0.132374
-0.12488
-0.117339
-0.109763
-0.102147
-0.0944877
-0.0868024
-0.0791163
-0.071436
-0.0637469
-0.0560383
-0.0483276
-0.0406526
-0.033042
-0.0254961
-0.0179991
-0.0105471
-0.00316304
0.00411542
0.0112603
0.0182673
0.0251483
0.0319105
0.038541
0.0450072
0.0512743
0.057324
0.0631579
0.0687875
0.0742181
0.0794369
0.0844122
0.0891052
0.0934878
0.0975563
0.101332
0.104846
0.108125
0.111174
0.113979
0.116516
0.118759
0.120692
0.122304
0.123595
0.124561
0.125201
0.125509
0.125472
0.125074
0.1243
0.123147
0.121642
0.119827
0.117522
0.11456
-0.290019
-0.292913
-0.295122
-0.296772
-0.298076
-0.299037
-0.299659
-0.299967
-0.299979
-0.299707
-0.299157
-0.298332
-0.297233
-0.295862
-0.294219
-0.292305
-0.290121
-0.287665
-0.284935
-0.281927
-0.278637
-0.275067
-0.271217
-0.267097
-0.262717
-0.258086
-0.253215
-0.248117
-0.242793
-0.237247
-0.231492
-0.225536
-0.219382
-0.213045
-0.206546
-0.199883
-0.193056
-0.186084
-0.178988
-0.171771
-0.164432
-0.156991
-0.149474
-0.141881
-0.134203
-0.126448
-0.118645
-0.110811
-0.10294
-0.0950238
-0.0870748
-0.0791216
-0.0711779
-0.0632305
-0.0552634
-0.0472885
-0.0393451
-0.0314701
-0.0236707
-0.0159295
-0.00823398
-0.00059965
0.00693515
0.0143343
0.0215849
0.028697
0.0356848
0.0425439
0.0492451
0.0557489
0.0620268
0.0680725
0.0738962
0.0795096
0.0849087
0.0900679
0.0949483
0.099517
0.103763
0.107704
0.11137
0.11479
0.117973
0.120906
0.123562
0.125914
0.127937
0.129617
0.130951
0.131938
0.13258
0.132877
0.132819
0.132393
0.131584
0.130386
0.128827
0.12695
0.124567
0.121502
-0.298358
-0.301352
-0.303633
-0.305334
-0.306679
-0.307668
-0.308307
-0.308621
-0.308627
-0.308335
-0.307752
-0.306879
-0.305717
-0.304267
-0.302531
-0.300509
-0.298201
-0.295606
-0.292723
-0.289548
-0.286082
-0.282328
-0.278289
-0.273976
-0.269401
-0.264573
-0.259502
-0.254199
-0.248665
-0.242902
-0.236925
-0.230742
-0.224355
-0.217779
-0.211038
-0.20413
-0.197052
-0.189823
-0.182469
-0.174994
-0.167393
-0.159687
-0.151903
-0.144046
-0.136103
-0.128076
-0.119995
-0.111886
-0.103745
-0.095557
-0.0873281
-0.0790891
-0.0708622
-0.0626402
-0.0544044
-0.0461589
-0.0379405
-0.029792
-0.0217294
-0.0137378
-0.00579798
0.00208473
0.00987681
0.0175378
0.0250456
0.0324049
0.0396319
0.0467293
0.0536724
0.0604195
0.0669339
0.0732007
0.0792276
0.0850309
0.090616
0.0959649
0.101041
0.105809
0.110249
0.114373
0.118208
0.12178
0.125102
0.128161
0.130933
0.133386
0.135495
0.137241
0.138619
0.139631
0.140281
0.140572
0.140498
0.140047
0.139204
0.137964
0.136355
0.134419
0.131962
0.128796
-0.30695
-0.310054
-0.312418
-0.314185
-0.315586
-0.316619
-0.317291
-0.317624
-0.317633
-0.317328
-0.316714
-0.315793
-0.314564
-0.313031
-0.311193
-0.309051
-0.306607
-0.30386
-0.30081
-0.297457
-0.293803
-0.289856
-0.285619
-0.281104
-0.276325
-0.27129
-0.266007
-0.260489
-0.254735
-0.248745
-0.242536
-0.236116
-0.229487
-0.222665
-0.215672
-0.208511
-0.201175
-0.193683
-0.186065
-0.178326
-0.17046
-0.162484
-0.154427
-0.1463
-0.138085
-0.12978
-0.121413
-0.113016
-0.104591
-0.0961186
-0.0875975
-0.0790571
-0.0705281
-0.0620131
-0.0534944
-0.0449683
-0.036465
-0.0280295
-0.0196869
-0.0114292
-0.00323485
0.00490046
0.0129517
0.0208789
0.0286533
0.0362727
0.0437521
0.0510981
0.0582908
0.0652879
0.072047
0.0785456
0.0847873
0.0907916
0.0965723
0.10212
0.107401
0.112379
0.117028
0.121348
0.125363
0.129095
0.132557
0.135741
0.138625
0.141178
0.143372
0.145188
0.146619
0.147665
0.148332
0.148625
0.14854
0.148067
0.147193
0.145914
0.144258
0.142269
0.139738
0.136469
-0.315822
-0.31905
-0.32151
-0.323357
-0.324828
-0.325919
-0.326635
-0.326993
-0.327009
-0.32669
-0.326042
-0.325065
-0.323761
-0.322132
-0.320179
-0.317905
-0.315311
-0.312398
-0.30917
-0.305629
-0.301779
-0.29763
-0.293187
-0.288462
-0.283471
-0.27822
-0.272717
-0.266974
-0.260989
-0.254763
-0.248311
-0.241646
-0.234766
-0.227686
-0.220433
-0.21301
-0.205409
-0.197646
-0.189755
-0.181746
-0.173611
-0.165361
-0.157026
-0.148622
-0.140132
-0.131544
-0.122885
-0.114191
-0.105472
-0.0967072
-0.0878878
-0.079038
-0.0701951
-0.0613732
-0.0525596
-0.0437447
-0.034949
-0.0262148
-0.017574
-0.00902829
-0.000559106
0.00784379
0.016164
0.0243651
0.032415
0.0403054
0.0480483
0.0556525
0.0631021
0.0703563
0.0773689
0.084111
0.0905816
0.0968014
0.102791
0.108547
0.114043
0.11924
0.124105
0.128632
0.132834
0.136731
0.140337
0.143647
0.146645
0.149302
0.15159
0.153488
0.154984
0.156075
0.156768
0.157068
0.156974
0.15648
0.155576
0.154262
0.152564
0.150523
0.147914
0.144532
-0.325004
-0.328369
-0.330937
-0.332874
-0.334424
-0.335579
-0.33634
-0.336723
-0.336741
-0.336403
-0.335712
-0.33467
-0.33328
-0.331544
-0.329465
-0.327046
-0.324291
-0.321204
-0.317791
-0.314055
-0.310004
-0.305648
-0.300994
-0.296054
-0.290844
-0.285369
-0.279637
-0.27366
-0.267436
-0.260963
-0.254258
-0.247336
-0.240194
-0.232845
-0.225319
-0.217623
-0.209746
-0.201703
-0.193529
-0.185241
-0.17683
-0.168299
-0.159678
-0.150987
-0.142212
-0.133337
-0.12438
-0.115379
-0.106355
-0.0972906
-0.0881693
-0.0790077
-0.0698456
-0.0607085
-0.0515925
-0.0424848
-0.0333953
-0.0243583
-0.0154083
-0.00655584
0.00221103
0.0109034
0.0195106
0.0279999
0.0363373
0.0445095
0.0525257
0.0603964
0.0681098
0.0756281
0.0829036
0.0899019
0.0966169
0.103068
0.10928
0.115257
0.120976
0.126397
0.131485
0.136224
0.14062
0.144689
0.148445
0.151891
0.155012
0.157785
0.160181
0.162173
0.163745
0.16489
0.165612
0.16592
0.165816
0.165301
0.164369
0.163019
0.161278
0.15918
0.156483
0.152975
-0.334521
-0.338031
-0.340715
-0.342745
-0.344375
-0.345594
-0.346397
-0.3468
-0.346815
-0.34645
-0.34571
-0.344597
-0.343114
-0.341264
-0.339052
-0.336482
-0.333561
-0.330296
-0.326694
-0.322761
-0.318505
-0.313939
-0.30907
-0.303909
-0.298473
-0.292767
-0.286798
-0.280576
-0.274102
-0.267371
-0.2604
-0.253206
-0.245789
-0.238159
-0.230346
-0.222364
-0.214201
-0.205867
-0.197398
-0.188819
-0.180122
-0.171301
-0.162382
-0.15339
-0.144317
-0.135144
-0.125878
-0.11656
-0.107217
-0.0978401
-0.0884094
-0.0789325
-0.0694469
-0.0599875
-0.050561
-0.0411564
-0.0317739
-0.0224368
-0.0131762
-0.00400794
0.00507284
0.0140747
0.0229887
0.0317838
0.0404233
0.0488895
0.0571889
0.0653338
0.0733179
0.0811077
0.0886558
0.0959235
0.102899
0.109598
0.116048
0.122255
0.128204
0.133855
0.139169
0.144126
0.148723
0.152976
0.156897
0.160493
0.163754
0.166658
0.169173
0.171268
0.17292
0.17412
0.17487
0.175182
0.175066
0.174528
0.173566
0.17218
0.17039
0.168224
0.165429
0.161785
-0.344387
-0.348048
-0.350848
-0.352972
-0.354681
-0.355961
-0.356804
-0.357225
-0.357236
-0.356845
-0.356055
-0.354869
-0.353291
-0.351326
-0.348978
-0.346256
-0.343166
-0.33972
-0.335926
-0.331793
-0.327329
-0.322547
-0.317455
-0.312066
-0.306395
-0.300448
-0.294229
-0.28775
-0.281012
-0.274009
-0.266758
-0.259278
-0.251572
-0.243648
-0.235536
-0.227255
-0.218796
-0.210162
-0.201389
-0.192507
-0.18351
-0.17439
-0.165162
-0.155854
-0.146467
-0.13698
-0.127394
-0.117745
-0.108067
-0.0983608
-0.0886078
-0.0788071
-0.0689903
-0.0591976
-0.0494472
-0.0397338
-0.0300523
-0.0204149
-0.0108451
-0.00135916
0.00804299
0.0173666
0.0266022
0.0357178
0.0446733
0.0534458
0.0620388
0.0704666
0.0787287
0.086798
0.0946291
0.10218
0.109431
0.116395
0.123096
0.129545
0.13573
0.141616
0.147163
0.152346
0.157158
0.16161
0.165715
0.169481
0.172898
0.175944
0.178585
0.180784
0.182514
0.183763
0.184535
0.184848
0.184718
0.184156
0.183163
0.181734
0.179887
0.177647
0.174749
0.170965
-0.35461
-0.358424
-0.361343
-0.363562
-0.365352
-0.366695
-0.367583
-0.368028
-0.368041
-0.367629
-0.366794
-0.365539
-0.363868
-0.361787
-0.359301
-0.356422
-0.353161
-0.349528
-0.345535
-0.341193
-0.336511
-0.331503
-0.326179
-0.320548
-0.31463
-0.308428
-0.301945
-0.295193
-0.288176
-0.280886
-0.273339
-0.265557
-0.25755
-0.249322
-0.240901
-0.232309
-0.223544
-0.214605
-0.205519
-0.196323
-0.187017
-0.177588
-0.168041
-0.158404
-0.148686
-0.138871
-0.128954
-0.118963
-0.108936
-0.0988848
-0.088795
-0.0786598
-0.0685027
-0.0583641
-0.0482716
-0.0382287
-0.0282302
-0.0182805
-0.00839493
0.00141293
0.0111413
0.0207932
0.0303584
0.0398035
0.0490849
0.0581742
0.0670714
0.0757922
0.0843419
0.0927002
0.100825
0.108672
0.116215
0.123459
0.130426
0.137129
0.14356
0.149689
0.155478
0.1609
0.165944
0.170615
0.174924
0.178876
0.182461
0.185654
0.18842
0.190719
0.19252
0.193813
0.194605
0.194919
0.194776
0.194191
0.193164
0.191689
0.189782
0.187467
0.184468
0.180546
-0.365202
-0.369176
-0.372218
-0.374538
-0.376418
-0.377836
-0.37878
-0.379261
-0.379286
-0.378859
-0.377984
-0.376661
-0.374894
-0.372691
-0.370062
-0.367018
-0.363574
-0.359742
-0.355539
-0.350975
-0.34606
-0.340813
-0.335241
-0.329354
-0.323172
-0.3167
-0.309938
-0.302897
-0.295583
-0.287992
-0.280134
-0.272037
-0.263717
-0.255176
-0.246436
-0.237524
-0.228444
-0.219192
-0.209788
-0.200268
-0.190641
-0.180891
-0.171017
-0.161041
-0.150979
-0.140822
-0.130563
-0.120223
-0.109839
-0.0994329
-0.088996
-0.0785189
-0.0680162
-0.0575242
-0.0470752
-0.0366813
-0.0263411
-0.0160559
-0.00583606
0.00430738
0.0143719
0.0243595
0.03426
0.0440402
0.053654
0.0630688
0.0722811
0.0813068
0.0901559
0.0988149
0.107246
0.115402
0.123252
0.130793
0.138042
0.145012
0.151701
0.158086
0.164131
0.169808
0.175102
0.180012
0.184541
0.18869
0.192448
0.195788
0.198674
0.201067
0.202937
0.204274
0.205091
0.205413
0.205264
0.204659
0.2036
0.20208
0.200115
0.197731
0.194634
0.190571
-0.376186
-0.380331
-0.383509
-0.385944
-0.387928
-0.389435
-0.390447
-0.390971
-0.391012
-0.390573
-0.389654
-0.388256
-0.386385
-0.384051
-0.381265
-0.378042
-0.374401
-0.370357
-0.365928
-0.361127
-0.355966
-0.350464
-0.34463
-0.338473
-0.332012
-0.325254
-0.318197
-0.31085
-0.303224
-0.295317
-0.287136
-0.278711
-0.270064
-0.261201
-0.252135
-0.242893
-0.233486
-0.223911
-0.214179
-0.204324
-0.194361
-0.184278
-0.174065
-0.163738
-0.153319
-0.142809
-0.132198
-0.121502
-0.110757
-0.0999897
-0.0891999
-0.0783775
-0.0675295
-0.0566847
-0.0458752
-0.0351179
-0.024416
-0.0137714
-0.00319373
0.00730573
0.0177226
0.0280576
0.0383019
0.0484237
0.0583769
0.0681264
0.0776656
0.08701
0.0961728
0.105146
0.113897
0.122377
0.130549
0.138403
0.14595
0.153205
0.160168
0.166823
0.17314
0.179089
0.18465
0.189813
0.194573
0.198925
0.202857
0.206342
0.209347
0.211835
0.21378
0.215172
0.216027
0.216368
0.216221
0.215603
0.214517
0.212957
0.210941
0.208489
0.205289
0.201074
-0.387597
-0.39193
-0.395259
-0.397824
-0.399925
-0.401529
-0.402613
-0.40318
-0.403234
-0.402774
-0.4018
-0.400315
-0.398326
-0.395846
-0.39289
-0.389476
-0.385626
-0.381357
-0.376691
-0.371641
-0.366223
-0.360454
-0.354345
-0.347905
-0.34115
-0.334091
-0.326724
-0.319056
-0.311101
-0.302864
-0.294348
-0.285582
-0.276597
-0.267401
-0.257999
-0.248415
-0.238668
-0.228755
-0.218683
-0.208479
-0.198164
-0.187729
-0.17716
-0.16647
-0.155682
-0.144804
-0.133831
-0.122772
-0.11166
-0.100525
-0.0893757
-0.0782036
-0.0670097
-0.0558149
-0.0446468
-0.0335234
-0.0224501
-0.011431
-0.00047734
0.0103962
0.0211816
0.0318775
0.0424763
0.0529494
0.0632521
0.0733481
0.0832283
0.0929069
0.1024
0.111703
0.120788
0.129606
0.138115
0.146298
0.154162
0.161718
0.168974
0.175917
0.182522
0.188758
0.194598
0.200023
0.20502
0.20958
0.213688
0.217323
0.220454
0.223049
0.225083
0.226548
0.227455
0.227828
0.227693
0.227069
0.22596
0.224364
0.222296
0.219769
0.216449
0.212061
-0.399471
-0.404009
-0.407505
-0.410208
-0.412429
-0.414129
-0.41528
-0.415881
-0.415935
-0.415441
-0.414399
-0.412814
-0.410696
-0.40806
-0.404926
-0.401314
-0.397248
-0.392749
-0.387839
-0.382534
-0.376849
-0.370802
-0.364407
-0.35767
-0.350606
-0.343228
-0.335536
-0.327529
-0.319228
-0.310646
-0.301783
-0.292665
-0.283329
-0.273787
-0.264038
-0.254101
-0.243998
-0.233732
-0.223305
-0.212738
-0.202054
-0.191248
-0.180307
-0.169238
-0.158068
-0.146812
-0.135466
-0.124035
-0.112548
-0.101037
-0.0895174
-0.0779845
-0.0664359
-0.0548852
-0.043355
-0.0318619
-0.0204121
-0.00901084
0.00232805
0.0135858
0.0247498
0.0358166
0.04678
0.0576152
0.0682799
0.0787371
0.088975
0.0990056
0.108846
0.118495
0.127929
0.1371
0.145962
0.15449
0.162688
0.170566
0.178132
0.185382
0.19229
0.198824
0.204952
0.210645
0.215885
0.220658
0.224953
0.22875
0.232026
0.234748
0.236892
0.238446
0.239419
0.239832
0.239713
0.239085
0.237955
0.236319
0.234188
0.231567
0.228104
0.223522
-0.411838
-0.416595
-0.420263
-0.423106
-0.425442
-0.427229
-0.428436
-0.42906
-0.429103
-0.428564
-0.427446
-0.425754
-0.423501
-0.420708
-0.417393
-0.413582
-0.409299
-0.404567
-0.399408
-0.393841
-0.387879
-0.381541
-0.374844
-0.367792
-0.360399
-0.352684
-0.344645
-0.336283
-0.327618
-0.318674
-0.309451
-0.29997
-0.29027
-0.280369
-0.270263
-0.259962
-0.249491
-0.238857
-0.228059
-0.217114
-0.206047
-0.194856
-0.183526
-0.172066
-0.160503
-0.14886
-0.137134
-0.125326
-0.113458
-0.101562
-0.0896604
-0.0777511
-0.0658305
-0.053907
-0.0419991
-0.0301225
-0.0182846
-0.0064924
0.00523841
0.0168857
0.0284334
0.039877
0.0512129
0.0624204
0.0734606
0.0842955
0.0949098
0.105312
0.115518
0.125531
0.13533
0.144867
0.154096
0.162988
0.171538
0.179757
0.187654
0.195226
0.20245
0.209292
0.215715
0.221685
0.227178
0.23218
0.236679
0.240662
0.244104
0.246975
0.249245
0.2509
0.251944
0.252399
0.252297
0.251663
0.250505
0.248818
0.246604
0.243869
0.240248
0.235457
-0.424716
-0.429699
-0.433543
-0.43652
-0.438965
-0.440832
-0.442088
-0.442729
-0.442755
-0.442168
-0.440971
-0.439172
-0.436787
-0.433837
-0.430343
-0.426332
-0.42183
-0.416858
-0.411441
-0.405598
-0.399342
-0.392694
-0.385672
-0.378284
-0.37054
-0.362462
-0.354056
-0.345319
-0.336273
-0.32695
-0.317355
-0.3075
-0.297425
-0.287153
-0.276676
-0.266001
-0.25515
-0.244134
-0.23295
-0.221615
-0.210152
-0.198563
-0.186834
-0.17497
-0.163005
-0.150967
-0.138857
-0.126669
-0.114418
-0.102134
-0.0898418
-0.0775427
-0.0652327
-0.0529164
-0.0406096
-0.0283287
-0.0160841
-0.00388584
0.0082476
0.0202919
0.0322293
0.044056
0.0557722
0.0673627
0.0787922
0.0900222
0.101033
0.111828
0.12242
0.132814
0.142992
0.152911
0.162522
0.171793
0.180715
0.189295
0.197542
0.205453
0.213007
0.220169
0.226899
0.23316
0.238924
0.244177
0.248906
0.253098
0.256728
0.259762
0.262167
0.263925
0.265041
0.265538
0.265451
0.264807
0.263612
0.261857
0.259545
0.256683
0.252898
0.247894
-0.43812
-0.443336
-0.447356
-0.450469
-0.453023
-0.454971
-0.456276
-0.456935
-0.456947
-0.456313
-0.455038
-0.453133
-0.450614
-0.447505
-0.443828
-0.43961
-0.434878
-0.429653
-0.42396
-0.41782
-0.411249
-0.404266
-0.396895
-0.389145
-0.381026
-0.372562
-0.363767
-0.354637
-0.345194
-0.335478
-0.325495
-0.315254
-0.304792
-0.294135
-0.283273
-0.27221
-0.260967
-0.249555
-0.23797
-0.226228
-0.214357
-0.202359
-0.190219
-0.177942
-0.165565
-0.153122
-0.14062
-0.128047
-0.115412
-0.102739
-0.0900509
-0.0773539
-0.0646429
-0.0519202
-0.0391999
-0.0264992
-0.0138324
-0.00121368
0.011335
0.0237871
0.0361241
0.0483442
0.0604521
0.072439
0.0842734
0.0959166
0.107344
0.118552
0.12955
0.140343
0.150916
0.161231
0.17124
0.180908
0.190223
0.199185
0.207802
0.216071
0.223971
0.231469
0.238523
0.245095
0.251155
0.256685
0.261669
0.266091
0.269923
0.273126
0.275668
0.27753
0.278718
0.279259
0.279188
0.27853
0.277291
0.275459
0.273042
0.270054
0.266104
0.260879
-0.452073
-0.457533
-0.46174
-0.464997
-0.46767
-0.469707
-0.471069
-0.471749
-0.471747
-0.471065
-0.469709
-0.467691
-0.465031
-0.461752
-0.457879
-0.453439
-0.448458
-0.442961
-0.43697
-0.43051
-0.4236
-0.416258
-0.408513
-0.400378
-0.391861
-0.38299
-0.373786
-0.364246
-0.354391
-0.344266
-0.333881
-0.323239
-0.312375
-0.301315
-0.290051
-0.278582
-0.26693
-0.255105
-0.243102
-0.230938
-0.218642
-0.206223
-0.193663
-0.180965
-0.168166
-0.155307
-0.142398
-0.12943
-0.116401
-0.103331
-0.0902402
-0.0771361
-0.0640149
-0.0508783
-0.0377394
-0.0246159
-0.0115236
0.00152029
0.0144912
0.0273603
0.0401083
0.052735
0.0652498
0.0776497
0.0899073
0.101983
0.113846
0.125487
0.13691
0.148118
0.159102
0.169828
0.180252
0.190337
0.200066
0.209433
0.218442
0.22709
0.235357
0.243211
0.250614
0.257523
0.263905
0.269735
0.274994
0.279659
0.283698
0.287075
0.289756
0.291726
0.292995
0.293589
0.293539
0.292869
0.291585
0.289677
0.287158
0.284044
0.27992
0.274455
-0.466611
-0.472337
-0.476748
-0.480166
-0.482972
-0.485108
-0.48653
-0.48723
-0.487209
-0.48647
-0.48502
-0.482876
-0.480058
-0.476593
-0.472507
-0.467826
-0.462578
-0.456788
-0.450478
-0.443677
-0.436406
-0.428684
-0.420542
-0.412001
-0.403066
-0.393768
-0.384136
-0.374168
-0.363886
-0.353335
-0.342527
-0.331466
-0.320183
-0.308701
-0.297011
-0.285115
-0.273035
-0.260779
-0.248341
-0.235738
-0.223005
-0.210152
-0.197164
-0.184039
-0.170811
-0.157526
-0.144197
-0.130817
-0.117378
-0.103895
-0.0903867
-0.0768599
-0.0633143
-0.049754
-0.0361929
-0.0226485
-0.00913556
0.00432965
0.0177227
0.0310139
0.044183
0.0572303
0.0701689
0.0830002
0.0957001
0.108227
0.120545
0.132636
0.144498
0.156137
0.167548
0.178703
0.189562
0.200086
0.210252
0.220049
0.229475
0.238525
0.247184
0.255422
0.263199
0.270471
0.277198
0.283348
0.288894
0.29381
0.298063
0.301619
0.304451
0.306547
0.307913
0.308573
0.308555
0.30788
0.306555
0.304575
0.301955
0.298704
0.294382
0.288647
-0.481781
-0.4878
-0.492439
-0.496034
-0.498982
-0.501218
-0.502696
-0.503408
-0.503355
-0.502543
-0.500985
-0.498698
-0.495706
-0.49204
-0.487724
-0.482786
-0.477254
-0.471153
-0.464506
-0.457344
-0.449693
-0.44157
-0.43301
-0.424039
-0.414664
-0.404919
-0.394837
-0.384422
-0.373694
-0.362699
-0.35145
-0.339948
-0.328225
-0.316299
-0.304162
-0.291816
-0.279287
-0.266583
-0.253694
-0.240639
-0.227455
-0.21416
-0.200738
-0.187182
-0.173525
-0.159809
-0.146052
-0.132245
-0.11838
-0.104467
-0.0905218
-0.0765535
-0.0625653
-0.0485661
-0.0345733
-0.0206044
-0.00667154
0.00721343
0.0210297
0.0347488
0.04835
0.0618334
0.0752136
0.0884952
0.101655
0.114651
0.127439
0.139994
0.152311
0.164397
0.176253
0.187858
0.199175
0.210162
0.220791
0.231043
0.240912
0.250394
0.259473
0.268122
0.2763
0.283959
0.29105
0.297534
0.303379
0.308556
0.313037
0.316792
0.319798
0.322043
0.323528
0.324271
0.324295
0.323621
0.32226
0.320207
0.31747
0.314057
0.309506
0.303469
-0.497627
-0.503967
-0.508853
-0.512633
-0.515724
-0.518056
-0.51958
-0.520292
-0.520195
-0.519298
-0.517619
-0.515178
-0.512002
-0.508122
-0.503564
-0.498354
-0.492521
-0.486091
-0.479087
-0.471542
-0.463485
-0.454937
-0.445933
-0.436506
-0.426668
-0.416453
-0.405901
-0.395017
-0.383824
-0.372366
-0.360653
-0.34869
-0.336505
-0.324114
-0.311507
-0.29869
-0.285692
-0.272521
-0.259167
-0.245647
-0.232003
-0.218255
-0.20439
-0.190401
-0.176313
-0.162167
-0.147977
-0.133734
-0.119431
-0.105075
-0.0906807
-0.0762586
-0.0618155
-0.0473656
-0.0329302
-0.0185278
-0.00416714
0.0101456
0.024395
0.0385552
0.0526051
0.0665437
0.0803853
0.0941356
0.107772
0.12125
0.13452
0.147553
0.160342
0.172894
0.185217
0.197296
0.209095
0.220572
0.231691
0.242426
0.252768
0.26271
0.272239
0.281328
0.289932
0.297998
0.305471
0.312305
0.318465
0.323925
0.32866
0.332645
0.335856
0.338275
0.339898
0.340736
0.340808
0.340139
0.338739
0.336597
0.333718
0.330112
0.325306
0.318941
-0.514181
-0.520864
-0.52601
-0.529979
-0.53321
-0.535633
-0.537199
-0.537904
-0.537756
-0.536771
-0.534965
-0.532363
-0.528995
-0.524889
-0.520074
-0.514572
-0.508415
-0.501633
-0.494245
-0.486288
-0.477797
-0.468793
-0.459316
-0.449405
-0.439077
-0.428369
-0.417325
-0.405951
-0.394273
-0.382331
-0.370134
-0.357686
-0.345017
-0.33214
-0.319042
-0.305732
-0.292244
-0.278588
-0.264754
-0.250758
-0.236641
-0.222429
-0.20811
-0.193678
-0.179154
-0.164572
-0.149943
-0.135257
-0.120506
-0.105698
-0.0908487
-0.0759694
-0.0610699
-0.0461679
-0.0312871
-0.0164454
-0.00164735
0.0131066
0.027806
0.0424271
0.0569474
0.071363
0.0856861
0.0999217
0.114048
0.128018
0.141782
0.155307
0.168585
0.181626
0.194443
0.207023
0.219332
0.231326
0.242961
0.254208
0.265052
0.275485
0.285495
0.29505
0.304105
0.312601
0.320476
0.327683
0.334187
0.339962
0.344987
0.349235
0.352678
0.355293
0.357066
0.358005
0.35813
0.357464
0.356013
0.35376
0.350713
0.346896
0.341819
0.335107
-0.531467
-0.538513
-0.54393
-0.548094
-0.551469
-0.553986
-0.555596
-0.556297
-0.556101
-0.555025
-0.553088
-0.550318
-0.546742
-0.542391
-0.537294
-0.531474
-0.524964
-0.517795
-0.509992
-0.50159
-0.492629
-0.483138
-0.473158
-0.462735
-0.451891
-0.440668
-0.429108
-0.417223
-0.405038
-0.392591
-0.379886
-0.36693
-0.353753
-0.340366
-0.326755
-0.312932
-0.298934
-0.284775
-0.270446
-0.255962
-0.241365
-0.226677
-0.211892
-0.197003
-0.18203
-0.167
-0.151921
-0.136778
-0.121567
-0.106298
-0.0909877
-0.0756498
-0.0602961
-0.044946
-0.0296229
-0.0143411
0.000900335
0.0161075
0.031274
0.046376
0.0613876
0.0762996
0.0911202
0.105853
0.120478
0.134949
0.149218
0.163251
0.177041
0.190599
0.203937
0.217047
0.229894
0.24243
0.254608
0.266395
0.277772
0.288728
0.299247
0.309299
0.318832
0.327784
0.336092
0.343705
0.350589
0.356719
0.362069
0.36661
0.370307
0.37313
0.375063
0.37611
0.376291
0.375624
0.374107
0.371726
0.3685
0.364463
0.359103
0.352019
-0.549511
-0.556946
-0.562652
-0.567027
-0.570561
-0.573185
-0.574848
-0.57555
-0.575306
-0.574133
-0.572055
-0.569098
-0.565291
-0.560667
-0.555256
-0.549085
-0.542186
-0.534595
-0.52634
-0.517458
-0.507994
-0.497982
-0.487469
-0.476505
-0.465119
-0.453357
-0.441258
-0.428836
-0.416119
-0.403141
-0.389903
-0.376414
-0.362704
-0.348783
-0.334637
-0.320282
-0.30576
-0.291084
-0.276248
-0.261267
-0.246181
-0.231012
-0.215751
-0.200392
-0.184956
-0.169465
-0.153919
-0.138307
-0.122623
-0.106882
-0.0911039
-0.075303
-0.0594926
-0.0436927
-0.0279248
-0.0121986
0.00349426
0.0191666
0.0348156
0.0504154
0.0659341
0.0813555
0.096683
0.11192
0.12705
0.142032
0.156821
0.171384
0.185712
0.199815
0.213705
0.227373
0.240783
0.253887
0.266636
0.278991
0.290932
0.302443
0.313506
0.324087
0.334132
0.343575
0.352353
0.360414
0.36772
0.374242
0.379949
0.384805
0.388771
0.391815
0.39392
0.395088
0.395331
0.39466
0.393073
0.39056
0.387152
0.382887
0.377221
0.369727
-0.568356
-0.57622
-0.582246
-0.586856
-0.59057
-0.593315
-0.595037
-0.59574
-0.595439
-0.594155
-0.591914
-0.588744
-0.584677
-0.579748
-0.57399
-0.567433
-0.560109
-0.55206
-0.543316
-0.533917
-0.523914
-0.513347
-0.50227
-0.490735
-0.478777
-0.466446
-0.453781
-0.440794
-0.427517
-0.41398
-0.400183
-0.386135
-0.371868
-0.35739
-0.34269
-0.327789
-0.312731
-0.297527
-0.282174
-0.266689
-0.251108
-0.23545
-0.219705
-0.203868
-0.187957
-0.171991
-0.155967
-0.139873
-0.123708
-0.107491
-0.0912421
-0.0749754
-0.0587035
-0.0424455
-0.0262213
-0.0100364
0.00612396
0.0222786
0.0384263
0.0545382
0.070575
0.0865131
0.102352
0.118099
0.133742
0.149249
0.164578
0.179697
0.194593
0.209271
0.223741
0.237992
0.251991
0.265689
0.279036
0.291992
0.304532
0.316636
0.328281
0.33943
0.350025
0.360002
0.369294
0.377847
0.385615
0.392563
0.398652
0.403843
0.408099
0.411387
0.413687
0.414993
0.415309
0.41464
0.412987
0.410346
0.406749
0.402232
0.396219
0.388266
-0.588063
-0.596404
-0.60279
-0.607662
-0.611575
-0.614447
-0.616227
-0.616921
-0.616549
-0.615135
-0.612707
-0.609298
-0.604943
-0.599678
-0.59354
-0.586562
-0.578778
-0.57023
-0.560955
-0.550998
-0.540415
-0.529255
-0.517579
-0.505439
-0.492878
-0.479947
-0.466684
-0.453104
-0.439239
-0.425114
-0.410727
-0.396095
-0.381248
-0.366192
-0.350919
-0.335457
-0.31985
-0.304109
-0.28823
-0.27223
-0.256144
-0.239986
-0.223745
-0.207417
-0.191019
-0.174566
-0.158053
-0.14147
-0.124822
-0.108129
-0.0914138
-0.0746849
-0.0579511
-0.0412289
-0.0245362
-0.00787533
0.00877228
0.0254281
0.0420905
0.0587254
0.0752867
0.0917448
0.108099
0.124362
0.140532
0.156584
0.172479
0.188183
0.203676
0.218957
0.234032
0.248891
0.263503
0.277823
0.291801
0.305395
0.318574
0.331313
0.343583
0.355343
0.366536
0.377093
0.386945
0.396031
0.404298
0.411703
0.418203
0.423761
0.42834
0.431906
0.434431
0.435898
0.436302
0.435647
0.433934
0.431158
0.427347
0.42254
0.416134
0.407673
-0.608692
-0.617567
-0.624352
-0.629511
-0.633633
-0.636637
-0.63847
-0.639144
-0.638686
-0.637123
-0.634488
-0.630816
-0.626145
-0.620514
-0.613962
-0.606521
-0.598232
-0.589139
-0.579285
-0.568723
-0.557516
-0.545722
-0.533407
-0.520628
-0.50743
-0.493867
-0.479974
-0.46577
-0.451286
-0.436541
-0.421535
-0.406289
-0.390836
-0.375179
-0.359314
-0.343275
-0.327105
-0.310814
-0.294397
-0.27787
-0.261266
-0.244593
-0.227839
-0.211005
-0.194105
-0.177152
-0.160141
-0.143063
-0.125929
-0.108764
-0.0915865
-0.0743995
-0.0572057
-0.0400168
-0.0228479
-0.00569906
0.0114497
0.0286194
0.045805
0.0629669
0.0800531
0.0970323
0.113908
0.130699
0.147414
0.164036
0.180525
0.19684
0.212954
0.228861
0.244562
0.260053
0.275307
0.290282
0.304928
0.319201
0.333063
0.346482
0.359424
0.371842
0.383679
0.394864
0.405322
0.414984
0.423789
0.431689
0.438641
0.444611
0.449559
0.453446
0.456229
0.45788
0.458389
0.457757
0.455982
0.453051
0.44899
0.443853
0.437016
0.427999
-0.630299
-0.639763
-0.646984
-0.652452
-0.656796
-0.659936
-0.661822
-0.662472
-0.661918
-0.660192
-0.657329
-0.653368
-0.648349
-0.642314
-0.635301
-0.627349
-0.6185
-0.608807
-0.598321
-0.587104
-0.575226
-0.562755
-0.549763
-0.536309
-0.522439
-0.508208
-0.493649
-0.478785
-0.463646
-0.448247
-0.432587
-0.416696
-0.400608
-0.384326
-0.367851
-0.35122
-0.334474
-0.317621
-0.300655
-0.283592
-0.266458
-0.249256
-0.231975
-0.214619
-0.197206
-0.179745
-0.162229
-0.144654
-0.127034
-0.109397
-0.0917558
-0.0741076
-0.056448
-0.0387849
-0.021131
-0.00348538
0.0141718
0.0318596
0.0495684
0.0672542
0.0848625
0.102364
0.119769
0.137105
0.15439
0.171607
0.188713
0.205661
0.222416
0.238966
0.255316
0.271465
0.287392
0.303059
0.318417
0.333414
0.348004
0.362149
0.375808
0.388933
0.401464
0.413326
0.424438
0.434724
0.444117
0.452564
0.460026
0.466464
0.471835
0.476083
0.479155
0.481014
0.481643
0.48104
0.479192
0.476078
0.471737
0.466242
0.458938
0.449316
-0.652928
-0.663041
-0.67074
-0.676544
-0.681132
-0.684424
-0.68637
-0.686995
-0.686334
-0.684426
-0.681308
-0.677021
-0.671611
-0.665121
-0.657593
-0.64907
-0.639603
-0.629251
-0.618076
-0.606152
-0.593556
-0.580363
-0.566651
-0.55248
-0.5379
-0.522961
-0.507695
-0.492128
-0.476296
-0.460205
-0.443859
-0.427291
-0.410541
-0.393613
-0.376513
-0.359279
-0.341948
-0.324523
-0.307001
-0.289394
-0.271723
-0.253983
-0.236166
-0.21828
-0.200345
-0.182372
-0.164352
-0.146282
-0.128181
-0.110073
-0.0919652
-0.073847
-0.0557084
-0.0375557
-0.0194025
-0.0012493
0.0169221
0.0351282
0.053357
0.0715628
0.0896932
0.107724
0.125674
0.143577
0.161455
0.179289
0.197032
0.214628
0.232037
0.249248
0.26627
0.283108
0.299748
0.316151
0.332265
0.34803
0.363392
0.378307
0.392731
0.406615
0.419894
0.432489
0.444313
0.455281
0.465324
0.474386
0.482424
0.489394
0.495238
0.499889
0.503282
0.505374
0.506142
0.505571
0.503637
0.500323
0.495685
0.489808
0.481995
0.471701
-0.676638
-0.687469
-0.695699
-0.701881
-0.706744
-0.710207
-0.712222
-0.712816
-0.71203
-0.709909
-0.706497
-0.701838
-0.695983
-0.688978
-0.680873
-0.671715
-0.661565
-0.650491
-0.638568
-0.62588
-0.612513
-0.598549
-0.584069
-0.569133
-0.553796
-0.538106
-0.522089
-0.505779
-0.489211
-0.472393
-0.45533
-0.438061
-0.420626
-0.403033
-0.385295
-0.367451
-0.349528
-0.331524
-0.313434
-0.295275
-0.277056
-0.258771
-0.240411
-0.221989
-0.20353
-0.185043
-0.16652
-0.147961
-0.129383
-0.110807
-0.0922311
-0.0736354
-0.055006
-0.0363502
-0.0176856
0.000983156
0.0196715
0.0383944
0.0571402
0.075866
0.094525
0.1131
0.131614
0.150108
0.1686
0.187067
0.205458
0.223712
0.24179
0.259683
0.277408
0.294973
0.312368
0.329551
0.346463
0.363037
0.379214
0.394945
0.410186
0.424885
0.438974
0.452367
0.464971
0.476695
0.487463
0.497216
0.505901
0.513463
0.519831
0.524928
0.528683
0.531044
0.531974
0.531443
0.529423
0.525904
0.520953
0.51466
0.506275
0.495219
-0.701506
-0.713145
-0.721972
-0.728583
-0.733756
-0.737409
-0.739493
-0.740041
-0.739102
-0.736729
-0.732973
-0.727887
-0.721524
-0.71394
-0.705187
-0.695323
-0.684417
-0.672552
-0.659815
-0.646299
-0.632101
-0.61731
-0.602008
-0.586258
-0.570117
-0.553629
-0.536819
-0.519724
-0.502382
-0.4848
-0.466992
-0.449
-0.430861
-0.412585
-0.394195
-0.375727
-0.357201
-0.338606
-0.319938
-0.301212
-0.282433
-0.263592
-0.244683
-0.225723
-0.20674
-0.18774
-0.168716
-0.149668
-0.130614
-0.111568
-0.0925192
-0.0734394
-0.0543123
-0.0351482
-0.0159704
0.00321202
0.0224124
0.0416469
0.0609073
0.080157
0.0993558
0.118492
0.137592
0.156694
0.175813
0.194922
0.213967
0.232888
0.251651
0.270254
0.288717
0.307051
0.325243
0.343246
0.360994
0.378415
0.395449
0.412047
0.428164
0.443746
0.458717
0.472985
0.486447
0.499007
0.510582
0.521103
0.530506
0.538724
0.545677
0.551279
0.555452
0.558126
0.559247
0.558773
0.556676
0.552948
0.547654
0.540889
0.531852
0.519933
-0.727634
-0.740186
-0.74969
-0.756782
-0.7623
-0.766156
-0.768303
-0.768783
-0.767657
-0.764986
-0.760832
-0.755254
-0.748313
-0.740071
-0.730589
-0.719935
-0.708192
-0.695457
-0.681831
-0.667419
-0.652325
-0.636648
-0.62047
-0.603855
-0.58686
-0.569524
-0.551876
-0.533954
-0.515797
-0.497413
-0.478828
-0.460089
-0.441227
-0.422253
-0.403195
-0.384087
-0.364942
-0.345743
-0.326485
-0.30718
-0.287831
-0.268426
-0.248965
-0.22947
-0.209968
-0.190462
-0.170941
-0.151406
-0.131872
-0.112349
-0.0928168
-0.0732429
-0.0536115
-0.0339384
-0.0142526
0.00543435
0.0251373
0.0448773
0.0646529
0.0844343
0.104187
0.123901
0.143601
0.163321
0.183071
0.202825
0.222529
0.24213
0.261602
0.280947
0.300187
0.31933
0.338357
0.357213
0.37583
0.394138
0.412077
0.429603
0.446666
0.463206
0.479139
0.494363
0.508768
0.522249
0.534715
0.546086
0.556286
0.565238
0.572854
0.579039
0.583696
0.586736
0.588085
0.587692
0.585527
0.581572
0.57589
0.568587
0.558812
0.545926
-0.755129
-0.768718
-0.778985
-0.786613
-0.79251
-0.796582
-0.798785
-0.799175
-0.797823
-0.794802
-0.790185
-0.784038
-0.77643
-0.767436
-0.75713
-0.745593
-0.732921
-0.719229
-0.704636
-0.689255
-0.6732
-0.656573
-0.639459
-0.621921
-0.604015
-0.585778
-0.567238
-0.548442
-0.529425
-0.510204
-0.490811
-0.471301
-0.451699
-0.432015
-0.412278
-0.392518
-0.372738
-0.352921
-0.333063
-0.313171
-0.293246
-0.273275
-0.253263
-0.233239
-0.213226
-0.193221
-0.17321
-0.153191
-0.133177
-0.11317
-0.0931462
-0.0730697
-0.0529297
-0.0327494
-0.0125629
0.00761903
0.0278174
0.0480617
0.0683585
0.0886835
0.109003
0.129307
0.149613
0.169953
0.190335
0.210735
0.231108
0.251411
0.271621
0.291744
0.311797
0.331782
0.351672
0.371412
0.390934
0.410174
0.42908
0.447604
0.465691
0.48327
0.500247
0.516511
0.531946
0.546439
0.559888
0.572201
0.583295
0.593081
0.60146
0.608319
0.613537
0.617
0.618619
0.618337
0.616108
0.611898
0.605779
0.597876
0.58728
0.573307
-0.784099
-0.798866
-0.809996
-0.818224
-0.824541
-0.828849
-0.831104
-0.831376
-0.82975
-0.826311
-0.821146
-0.814333
-0.805956
-0.796101
-0.784862
-0.772338
-0.75864
-0.7439
-0.728253
-0.711825
-0.694733
-0.677084
-0.658963
-0.640436
-0.621556
-0.602356
-0.582871
-0.563151
-0.543236
-0.523145
-0.502923
-0.482621
-0.462264
-0.441862
-0.421437
-0.401014
-0.380585
-0.360134
-0.339662
-0.319175
-0.298668
-0.27813
-0.257571
-0.237022
-0.216502
-0.196002
-0.175503
-0.155001
-0.134506
-0.114015
-0.093498
-0.0729201
-0.052277
-0.0315993
-0.0109235
0.00974408
0.030434
0.0511859
0.0720131
0.0928927
0.113789
0.134685
0.155596
0.176552
0.197564
0.218618
0.239678
0.260707
0.281688
0.30262
0.323515
0.344366
0.365144
0.385798
0.40627
0.426502
0.446443
0.466042
0.485231
0.503929
0.522032
0.539424
0.555983
0.571588
0.586127
0.599498
0.611605
0.622346
0.631603
0.639235
0.645094
0.649048
0.650995
0.650857
0.648567
0.644081
0.637485
0.628922
0.617408
0.602199
-0.814665
-0.830777
-0.84289
-0.851798
-0.858583
-0.863144
-0.86544
-0.865555
-0.86359
-0.859647
-0.853829
-0.846238
-0.836971
-0.826134
-0.813843
-0.800216
-0.785384
-0.769492
-0.752694
-0.735127
-0.716913
-0.69816
-0.678957
-0.659371
-0.639451
-0.619229
-0.598746
-0.578059
-0.557206
-0.536218
-0.515147
-0.494038
-0.47291
-0.451773
-0.430649
-0.409547
-0.388453
-0.367353
-0.346253
-0.325161
-0.304069
-0.282966
-0.261866
-0.240799
-0.219776
-0.198781
-0.17779
-0.156801
-0.135824
-0.114848
-0.0938416
-0.0727716
-0.0516397
-0.0304815
-0.00933166
0.0118121
0.0329917
0.0542554
0.0756194
0.0970579
0.118529
0.140012
0.161521
0.183087
0.204734
0.226454
0.248222
0.270005
0.291781
0.313545
0.335298
0.357034
0.378726
0.400334
0.42181
0.4431
0.46415
0.484896
0.50526
0.525153
0.544467
0.563084
0.580875
0.597712
0.61347
0.628035
0.641295
0.653126
0.663383
0.671896
0.678495
0.68303
0.685376
0.685427
0.683091
0.678322
0.671213
0.661918
0.649358
0.632728
-0.846973
-0.864629
-0.877869
-0.887546
-0.89485
-0.899677
-0.901988
-0.901887
-0.8995
-0.894949
-0.88836
-0.879858
-0.869565
-0.857609
-0.844128
-0.829267
-0.813173
-0.796011
-0.777951
-0.759145
-0.739719
-0.719778
-0.699412
-0.678694
-0.657669
-0.636366
-0.614834
-0.593132
-0.571304
-0.549392
-0.527449
-0.505516
-0.483601
-0.461712
-0.439869
-0.418071
-0.396299
-0.37454
-0.352805
-0.331105
-0.309428
-0.287766
-0.266136
-0.244562
-0.223044
-0.201556
-0.180075
-0.158599
-0.137138
-0.115679
-0.0941892
-0.0726381
-0.0510327
-0.0294096
-0.00779771
0.0138168
0.035487
0.0572664
0.079169
0.101163
0.1232
0.145258
0.167355
0.189531
0.21182
0.234225
0.256722
0.279279
0.301866
0.32447
0.347093
0.369733
0.392373
0.414986
0.437527
0.459942
0.482165
0.504122
0.52573
0.546897
0.567519
0.587473
0.606624
0.624832
0.641957
0.657869
0.672433
0.6855
0.696893
0.70642
0.713889
0.719123
0.721962
0.722261
0.719911
0.714858
0.70719
0.697068
0.683305
0.665041
-0.881206
-0.900641
-0.915167
-0.92571
-0.933578
-0.938672
-0.94096
-0.94057
-0.93766
-0.932378
-0.924876
-0.915309
-0.90383
-0.890591
-0.875759
-0.859511
-0.842016
-0.823454
-0.804012
-0.783859
-0.763125
-0.741908
-0.720297
-0.698366
-0.676161
-0.653714
-0.63108
-0.608321
-0.585483
-0.562618
-0.539785
-0.517011
-0.494297
-0.471646
-0.449069
-0.42656
-0.404097
-0.381675
-0.359308
-0.337002
-0.314746
-0.292534
-0.270381
-0.248306
-0.226298
-0.204321
-0.182354
-0.160397
-0.138459
-0.116527
-0.0945651
-0.0725463
-0.050481
-0.0284046
-0.006337
0.0157474
0.0379103
0.060206
0.082643
0.105182
0.127771
0.150391
0.17307
0.195861
0.218805
0.241911
0.265153
0.288491
0.31189
0.335339
0.358843
0.382414
0.406047
0.429719
0.453385
0.476979
0.500427
0.523653
0.546577
0.569111
0.591153
0.612576
0.633232
0.652963
0.671616
0.689038
0.705071
0.719538
0.732238
0.742952
0.751458
0.757537
0.760979
0.761608
0.759291
0.75395
0.745666
0.734607
0.719468
0.69932
-0.917575
-0.939063
-0.955054
-0.966562
-0.97504
-0.980395
-0.982609
-0.981839
-0.978279
-0.972114
-0.963527
-0.95271
-0.939853
-0.925142
-0.908777
-0.890971
-0.87192
-0.85182
-0.830865
-0.809243
-0.787089
-0.7645
-0.741553
-0.718323
-0.69486
-0.671207
-0.647423
-0.623569
-0.599695
-0.575861
-0.552122
-0.528494
-0.50497
-0.481546
-0.458225
-0.434993
-0.411831
-0.388743
-0.365747
-0.342843
-0.320017
-0.297261
-0.274592
-0.252018
-0.229517
-0.207052
-0.184601
-0.162171
-0.13977
-0.11738
-0.0949627
-0.0724927
-0.0499816
-0.0274612
-0.00494242
0.0176106
0.0402642
0.0630698
0.0860286
0.109095
0.13222
0.155393
0.178654
0.202068
0.225679
0.249493
0.273481
0.297595
0.321802
0.346097
0.370502
0.395038
0.419711
0.444491
0.469324
0.494138
0.518857
0.543413
0.567737
0.591748
0.615339
0.638373
0.660684
0.682099
0.702447
0.721558
0.73925
0.755321
0.76954
0.781657
0.7914
0.798493
0.802677
0.803742
0.801519
0.795891
0.786938
0.77483
0.758127
0.735802
-0.956329
-0.980193
-0.997856
-1.01044
-1.01957
-1.02517
-1.02724
-1.02597
-1.0216
-1.01436
-1.00447
-0.992185
-0.977727
-0.96133
-0.943227
-0.923668
-0.902885
-0.881088
-0.85848
-0.835252
-0.811553
-0.78748
-0.763107
-0.738498
-0.713705
-0.688786
-0.663807
-0.638827
-0.6139
-0.589083
-0.564424
-0.539925
-0.515575
-0.491367
-0.467292
-0.443329
-0.419467
-0.395718
-0.3721
-0.348608
-0.325223
-0.301937
-0.278761
-0.255693
-0.232702
-0.20975
-0.18682
-0.163927
-0.141076
-0.118243
-0.0953862
-0.0724787
-0.0495325
-0.0265752
-0.00360946
0.0194077
0.042544
0.0658461
0.0893085
0.112885
0.136532
0.160252
0.184097
0.208138
0.232419
0.256938
0.281659
0.306535
0.331544
0.356696
0.382027
0.407567
0.433316
0.459235
0.485263
0.511327
0.537365
0.563325
0.589149
0.614758
0.640033
0.664819
0.688937
0.712202
0.734432
0.755439
0.77502
0.792942
0.80894
0.82271
0.833918
0.842227
0.847333
0.848977
0.846934
0.841048
0.831385
0.818116
0.799624
0.774766
-0.997782
-1.02441
-1.04399
-1.05777
-1.0676
-1.07341
-1.07522
-1.07328
-1.06789
-1.05934
-1.0479
-1.03387
-1.01755
-0.999222
-0.97915
-0.957618
-0.934896
-0.91122
-0.886802
-0.86183
-0.836455
-0.810784
-0.784888
-0.758822
-0.732634
-0.706393
-0.680174
-0.654036
-0.628034
-0.602223
-0.576631
-0.551249
-0.52606
-0.501055
-0.47622
-0.451529
-0.426975
-0.402576
-0.378349
-0.354282
-0.33035
-0.306546
-0.282874
-0.25932
-0.235846
-0.212416
-0.189022
-0.165682
-0.142398
-0.119137
-0.095852
-0.0725159
-0.0491414
-0.0257528
-0.00234653
0.0211255
0.0447307
0.068511
0.0924577
0.116528
0.140687
0.164952
0.189382
0.214048
0.238988
0.264195
0.289629
0.315256
0.341068
0.367093
0.393377
0.419946
0.44679
0.473861
0.501099
0.528448
0.555866
0.583318
0.61075
0.638075
0.665159
0.691834
0.717915
0.743214
0.767541
0.79069
0.812431
0.832495
0.850564
0.86627
0.879214
0.889001
0.895268
0.897684
0.895953
0.889869
0.879469
0.864917
0.844363
0.816543
-1.04234
-1.0722
-1.09398
-1.1091
-1.11964
-1.12557
-1.12697
-1.12415
-1.11747
-1.1073
-1.094
-1.07793
-1.05944
-1.03887
-1.01656
-0.992815
-0.967928
-0.942171
-0.915771
-0.888911
-0.861731
-0.83434
-0.806816
-0.779209
-0.751565
-0.723955
-0.696457
-0.669132
-0.642037
-0.615218
-0.588683
-0.56241
-0.536377
-0.51057
-0.48497
-0.459555
-0.434323
-0.409294
-0.384475
-0.359846
-0.335379
-0.311064
-0.2869
-0.262865
-0.238917
-0.215024
-0.191186
-0.167422
-0.143725
-0.120052
-0.0963498
-0.072594
-0.0487995
-0.0249896
-0.0011556
0.0227547
0.0468089
0.0710468
0.0954598
0.12001
0.144676
0.16948
0.194487
0.219763
0.245341
0.27121
0.297339
0.323709
0.350331
0.377245
0.404496
0.432101
0.460038
0.488264
0.516733
0.545412
0.574281
0.603314
0.632454
0.661598
0.690607
0.719309
0.747526
0.77507
0.801741
0.827313
0.851519
0.874045
0.894514
0.912491
0.927514
0.93912
0.946861
0.950305
0.949075
0.942888
0.931737
0.915763
0.892842
0.861558
-1.09055
-1.12419
-1.14848
-1.16505
-1.1763
-1.18223
-1.18299
-1.17899
-1.17068
-1.15853
-1.14299
-1.12449
-1.10347
-1.08033
-1.05547
-1.02923
-1.00195
-0.973889
-0.945313
-0.916402
-0.887283
-0.858055
-0.828798
-0.799564
-0.770404
-0.741387
-0.712583
-0.684053
-0.65585
-0.628008
-0.600519
-0.573348
-0.546468
-0.519858
-0.493497
-0.467365
-0.441471
-0.415832
-0.390442
-0.365268
-0.340279
-0.315465
-0.290819
-0.266311
-0.241901
-0.217563
-0.193304
-0.169138
-0.145046
-0.120975
-0.0968667
-0.0727021
-0.048501
-0.0242867
-4.52867e-05
0.0242809
0.0487619
0.0734376
0.0983013
0.123321
0.148482
0.173813
0.199377
0.225239
0.251425
0.277932
0.304742
0.331854
0.359291
0.387098
0.415311
0.443938
0.472958
0.502342
0.53207
0.562133
0.592523
0.623213
0.654137
0.68519
0.716235
0.747118
0.777666
0.807692
0.836978
0.865272
0.892274
0.91762
0.940874
0.96154
0.979081
0.992939
1.00254
1.00735
1.00687
1.00073
0.988849
0.971324
0.945705
0.910372
-1.14307
-1.18115
-1.20831
-1.22642
-1.23832
-1.24405
-1.24386
-1.23829
-1.22791
-1.21331
-1.19505
-1.17369
-1.14971
-1.12361
-1.09585
-1.06683
-1.03687
-1.00629
-0.975328
-0.944186
-0.912985
-0.881808
-0.850723
-0.819785
-0.789052
-0.758591
-0.728462
-0.698715
-0.669396
-0.640522
-0.612066
-0.583989
-0.556261
-0.528855
-0.501743
-0.474914
-0.448379
-0.422151
-0.396208
-0.370507
-0.345013
-0.319716
-0.294603
-0.269642
-0.244791
-0.220034
-0.195379
-0.170833
-0.146362
-0.121903
-0.0974004
-0.0728418
-0.0482542
-0.0236594
0.00096431
0.0256827
0.0505698
0.0756665
0.100967
0.126442
0.152081
0.177915
0.204008
0.230422
0.25719
0.284316
0.311798
0.339648
0.367895
0.396578
0.425728
0.455353
0.485446
0.516003
0.547025
0.578519
0.61048
0.642875
0.675641
0.708686
0.741894
0.775125
0.808215
0.840966
0.873146
0.904482
0.934643
0.963223
0.989732
1.0136
1.0342
1.05083
1.06278
1.06939
1.07002
1.06415
1.05163
1.03245
1.00377
0.963696
-1.20075
-1.24403
-1.27444
-1.29417
-1.30658
-1.31181
-1.31024
-1.30258
-1.28957
-1.27193
-1.25039
-1.22562
-1.19821
-1.16872
-1.13766
-1.10549
-1.07258
-1.03923
-1.00568
-0.972129
-0.938696
-0.905457
-0.872459
-0.839751
-0.807394
-0.775454
-0.743979
-0.71301
-0.682575
-0.652666
-0.623242
-0.594259
-0.565687
-0.537494
-0.509652
-0.482152
-0.455006
-0.428213
-0.401735
-0.37552
-0.349535
-0.32377
-0.298211
-0.27282
-0.247559
-0.222413
-0.197391
-0.172486
-0.147652
-0.12282
-0.0979388
-0.0730095
-0.0480636
-0.023118
0.00186057
0.0269484
0.0522235
0.0777251
0.103445
0.129353
0.155442
0.181746
0.208333
0.23527
0.262596
0.290327
0.31847
0.347043
0.376074
0.405599
0.435652
0.466252
0.497416
0.529161
0.561503
0.594452
0.628002
0.66213
0.69679
0.731917
0.767421
0.803172
0.839005
0.874719
0.910079
0.944803
0.978539
1.01084
1.04116
1.06884
1.09312
1.11316
1.1281
1.13709
1.13933
1.13409
1.12109
1.10021
1.06805
1.02243
-1.26469
-1.31404
-1.34811
-1.36947
-1.38213
-1.38642
-1.38287
-1.37243
-1.35607
-1.3347
-1.30919
-1.28036
-1.24895
-1.21556
-1.18078
-1.1451
-1.10891
-1.07254
-1.03619
-1.00006
-0.964246
-0.928828
-0.893838
-0.859309
-0.825296
-0.791852
-0.759018
-0.726823
-0.695273
-0.664336
-0.633953
-0.604076
-0.574673
-0.545711
-0.517162
-0.489024
-0.4613
-0.43397
-0.406979
-0.380269
-0.353813
-0.327603
-0.301622
-0.27583
-0.250189
-0.224686
-0.199322
-0.174078
-0.148898
-0.12371
-0.0984761
-0.0732072
-0.047937
-0.0226723
0.00263544
0.0280728
0.0537184
0.0796054
0.105719
0.132029
0.158532
0.185269
0.212318
0.239752
0.267617
0.295934
0.324715
0.353977
0.38375
0.414074
0.444996
0.476555
0.508789
0.541725
0.575385
0.609781
0.644917
0.680795
0.717403
0.754705
0.792628
0.831049
0.869808
0.908718
0.947559
0.986055
1.02384
1.06041
1.09518
1.12736
1.15607
1.18032
1.19906
1.21123
1.21575
1.21167
1.19848
1.1759
1.13985
1.08774
-1.3363
-1.39274
-1.43088
-1.45376
-1.46625
-1.46894
-1.46259
-1.44847
-1.42784
-1.40185
-1.37155
-1.33793
-1.30184
-1.264
-1.22502
-1.18543
-1.14564
-1.10596
-1.06662
-1.02774
-0.989424
-0.951726
-0.914672
-0.878284
-0.8426
-0.807651
-0.773462
-0.740046
-0.707386
-0.675428
-0.644101
-0.613355
-0.583149
-0.553447
-0.524227
-0.495486
-0.467216
-0.439375
-0.411894
-0.384714
-0.357815
-0.331192
-0.304823
-0.278664
-0.252677
-0.226845
-0.201162
-0.175598
-0.150089
-0.124571
-0.099016
-0.0734442
-0.0478853
-0.0223305
0.003285
0.0290543
0.0550507
0.0812963
0.107769
0.134441
0.161318
0.188454
0.215937
0.243846
0.272227
0.301101
0.330479
0.360382
0.390847
0.421928
0.45369
0.486192
0.519478
0.553582
0.588527
0.624337
0.661046
0.698692
0.737296
0.776845
0.817277
0.858484
0.900336
0.942681
0.985328
1.02801
1.07033
1.11179
1.15169
1.18919
1.22325
1.25271
1.2763
1.29266
1.30041
1.29822
1.28533
1.26119
1.22082
1.16116
-1.41745
-1.48211
-1.52468
-1.54882
-1.56046
-1.56059
-1.55036
-1.53138
-1.50531
-1.47359
-1.43752
-1.39823
-1.35671
-1.31378
-1.2701
-1.22619
-1.18246
-1.13922
-1.09666
-1.05489
-1.01397
-0.973918
-0.934754
-0.896486
-0.85913
-0.82269
-0.78717
-0.752557
-0.718808
-0.685848
-0.653603
-0.622018
-0.591046
-0.560648
-0.530802
-0.5015
-0.472717
-0.444391
-0.416443
-0.38882
-0.361511
-0.334511
-0.307792
-0.281303
-0.255002
-0.228869
-0.20289
-0.177026
-0.151214
-0.125396
-0.0995587
-0.0737233
-0.0479089
-0.0220883
0.00381652
0.0298985
0.0562189
0.0827865
0.109576
0.136566
0.16378
0.191287
0.219181
0.247538
0.276401
0.305787
0.335707
0.366195
0.397303
0.429104
0.461677
0.495088
0.529384
0.5646
0.600774
0.637957
0.676222
0.715641
0.756261
0.798086
0.841076
0.885163
0.930267
0.976286
1.02306
1.07033
1.11772
1.16469
1.21052
1.25428
1.2948
1.33072
1.36047
1.38235
1.39456
1.39535
1.38353
1.35816
1.31312
1.24467
-1.51052
-1.58471
-1.632
-1.65686
-1.66661
-1.66282
-1.64718
-1.62182
-1.58883
-1.55003
-1.507
-1.46104
-1.41326
-1.36456
-1.31562
-1.26696
-1.21898
-1.17192
-1.12596
-1.08118
-1.03757
-0.995131
-0.953844
-0.913701
-0.87469
-0.836792
-0.799981
-0.764213
-0.729414
-0.695493
-0.662371
-0.629991
-0.5983
-0.567257
-0.536837
-0.507021
-0.477764
-0.448983
-0.420598
-0.392566
-0.364885
-0.337548
-0.310517
-0.283734
-0.25715
-0.230741
-0.204488
-0.178348
-0.152262
-0.126184
-0.100105
-0.0740427
-0.0480006
-0.0219339
0.00424203
0.0306114
0.0572191
0.0840633
0.111122
0.138392
0.165914
0.193767
0.222044
0.250813
0.280108
0.309945
0.340349
0.371369
0.403077
0.435558
0.468895
0.503157
0.53839
0.574643
0.611981
0.650491
0.690279
0.731445
0.774055
0.81814
0.863707
0.910747
0.959244
1.00914
1.06032
1.11257
1.16554
1.21871
1.27136
1.32248
1.37076
1.41462
1.45216
1.48129
1.49968
1.50499
1.49544
1.46947
1.41948
1.34088
-1.61868
-1.70388
-1.75599
-1.7806
-1.78687
-1.77723
-1.75412
-1.72038
-1.67862
-1.63111
-1.57971
-1.52594
-1.471
-1.41579
-1.36103
-1.30722
-1.25469
-1.20362
-1.15412
-1.10622
-1.05988
-1.01505
-0.971673
-0.929698
-0.889083
-0.849779
-0.811732
-0.774864
-0.739072
-0.704249
-0.670314
-0.6372
-0.60485
-0.573219
-0.542281
-0.512
-0.482308
-0.453108
-0.424324
-0.395927
-0.36792
-0.34029
-0.312987
-0.285941
-0.259101
-0.232441
-0.205938
-0.179552
-0.15323
-0.126932
-0.100651
-0.0743934
-0.0481452
-0.02185
0.00457391
0.0311958
0.0580451
0.0851173
0.112403
0.139921
0.167725
0.195898
0.224519
0.253647
0.283311
0.313538
0.34437
0.375875
0.408137
0.441243
0.475275
0.510303
0.546385
0.583594
0.622025
0.661798
0.703043
0.745881
0.790409
0.836705
0.884839
0.934874
0.986851
1.04077
1.09659
1.15416
1.21322
1.27333
1.33375
1.39343
1.45096
1.50453
1.55193
1.59056
1.61744
1.62944
1.62394
1.59848
1.54349
1.45318
-1.74612
-1.844
-1.90071
-1.9234
-1.92382
-1.9056
-1.87223
-1.82749
-1.77468
-1.71649
-1.65513
-1.59226
-1.52916
-1.46674
-1.40564
-1.3463
-1.28896
-1.23373
-1.18062
-1.12958
-1.08053
-1.03335
-0.987948
-0.944226
-0.902097
-0.861474
-0.82227
-0.784375
-0.747661
-0.712013
-0.677342
-0.643572
-0.610636
-0.578488
-0.547092
-0.516396
-0.486309
-0.45673
-0.427591
-0.398878
-0.370594
-0.342716
-0.315178
-0.287902
-0.260832
-0.233946
-0.207223
-0.180627
-0.154109
-0.127634
-0.101185
-0.0747575
-0.0483216
-0.0218189
0.00482157
0.0316519
0.0586928
0.085947
0.113426
0.141165
0.169226
0.19768
0.226594
0.256017
0.285985
0.316544
0.347755
0.379697
0.412453
0.446107
0.480743
0.51644
0.553278
0.591356
0.630795
0.671735
0.714326
0.758721
0.805062
0.853489
0.90414
0.957141
1.0126
1.0706
1.13121
1.19442
1.26007
1.32781
1.39696
1.46652
1.53499
1.60039
1.66018
1.71118
1.74965
1.77136
1.77258
1.74952
1.68982
1.5861
-1.89847
-2.01093
-2.07141
-2.08942
-2.0804
-2.04976
-2.00241
-1.94331
-1.87659
-1.80544
-1.7323
-1.65897
-1.58672
-1.51638
-1.44849
-1.38333
-1.32103
-1.26158
-1.20488
-1.15077
-1.09908
-1.04967
-1.00236
-0.957013
-0.913496
-0.871678
-0.831429
-0.792607
-0.755067
-0.718687
-0.683371
-0.64903
-0.615591
-0.583003
-0.551218
-0.520162
-0.489728
-0.459817
-0.430376
-0.4014
-0.372891
-0.344808
-0.31707
-0.289592
-0.262321
-0.235239
-0.208331
-0.181565
-0.154894
-0.128278
-0.101692
-0.0751142
-0.0485106
-0.0218283
0.00498774
0.0319768
0.0591608
0.0865589
0.114203
0.142139
0.170421
0.199107
0.228249
0.257901
0.288116
0.318958
0.350499
0.382816
0.415987
0.450096
0.485236
0.521504
0.559004
0.59785
0.63818
0.680151
0.723945
0.769753
0.817773
0.868206
0.921249
0.977096
1.03595
1.09801
1.16351
1.23257
1.30519
1.38118
1.46002
1.54081
1.62209
1.70178
1.77701
1.84404
1.89817
1.93385
1.94577
1.92815
1.86472
1.74571
-2.08345
-2.21256
-2.27495
-2.28381
-2.25994
-2.21144
-2.14514
-2.06745
-1.98339
-1.89662
-1.80976
-1.72459
-1.64225
-1.56341
-1.4884
-1.41728
-1.35
-1.28639
-1.22621
-1.1692
-1.11507
-1.0636
-1.01457
-0.96778
-0.923036
-0.880174
-0.839021
-0.799404
-0.761162
-0.724168
-0.688312
-0.653498
-0.619647
-0.5867
-0.554596
-0.523239
-0.492514
-0.462328
-0.432644
-0.403466
-0.374783
-0.346536
-0.318632
-0.290983
-0.263543
-0.236302
-0.20925
-0.182357
-0.155573
-0.12885
-0.10215
-0.0754432
-0.0486976
-0.021873
0.0050708
0.032169
0.0594546
0.0869666
0.114751
0.142852
0.171309
0.200164
0.229469
0.259292
0.289705
0.320781
0.352592
0.385207
0.418701
0.453166
0.488712
0.525455
0.563508
0.602996
0.64407
0.686913
0.731743
0.778796
0.828318
0.880561
0.935785
0.99427
1.05634
1.12235
1.19269
1.26766
1.34748
1.43221
1.5216
1.61498
1.71105
1.80775
1.90204
1.98964
2.06481
2.1204
2.1489
2.1416
2.07661
1.94033
-2.31202
-2.45981
-2.52029
-2.51273
-2.46594
-2.39197
-2.30017
-2.19862
-2.09322
-1.98794
-1.88538
-1.78709
-1.69391
-1.60619
-1.52393
-1.44693
-1.37485
-1.30731
-1.24392
-1.18427
-1.12799
-1.07475
-1.02426
-0.976248
-0.930488
-0.886767
-0.844876
-0.804617
-0.76582
-0.728346
-0.692075
-0.656899
-0.622736
-0.58952
-0.55717
-0.525576
-0.494621
-0.464224
-0.434364
-0.405044
-0.376238
-0.347869
-0.319833
-0.292048
-0.264478
-0.237119
-0.209968
-0.182991
-0.156133
-0.129332
-0.102541
-0.0757304
-0.0488767
-0.0219549
0.005067
0.0322298
0.0595836
0.087184
0.11508
0.143303
0.171877
0.200838
0.230248
0.260194
0.290758
0.322014
0.354023
0.386846
0.420567
0.455294
0.491153
0.528263
0.566742
0.606722
0.648376
0.691918
0.737598
0.785689
0.836475
0.890258
0.947375
1.00821
1.07322
1.14292
1.21787
1.29861
1.38566
1.47941
1.58002
1.68717
1.79997
1.91662
2.03412
2.14785
2.25106
2.3347
2.38846
2.39935
2.33709
2.18174
-2.60052
-2.76826
-2.81924
-2.78344
-2.70171
-2.59172
-2.46595
-2.33421
-2.203
-2.07624
-1.95616
-1.84377
-1.73936
-1.64273
-1.55344
-1.4709
-1.39444
-1.32343
-1.25727
-1.19541
-1.13736
-1.08271
-1.03108
-0.982151
-0.935636
-0.891281
-0.84885
-0.808128
-0.768938
-0.731133
-0.694579
-0.659162
-0.624795
-0.591403
-0.558887
-0.527128
-0.496012
-0.465477
-0.435509
-0.406107
-0.377228
-0.348777
-0.320649
-0.292768
-0.265111
-0.237682
-0.210478
-0.18346
-0.15656
-0.129708
-0.102853
-0.0759709
-0.0490513
-0.0220806
0.004973
0.0321633
0.0595576
0.0872189
0.115188
0.143482
0.172113
0.201122
0.230588
0.260613
0.29128
0.322649
0.354772
0.387715
0.421574
0.456474
0.492543
0.529898
0.568658
0.608971
0.651034
0.695087
0.741404
0.790279
0.842033
0.897029
0.955685
1.01849
1.08604
1.15898
1.2381
1.32423
1.41825
1.52099
1.6331
1.75491
1.88616
2.02569
2.17096
2.31739
2.45755
2.58038
2.67214
2.71386
2.66262
2.48736
-2.97461
-3.16067
-3.18734
-3.10397
-2.96954
-2.8092
-2.63884
-2.46962
-2.30797
-2.15709
-2.01818
-1.89129
-1.77582
-1.67078
-1.57512
-1.48774
-1.40763
-1.33384
-1.26555
-1.20205
-1.14275
-1.08714
-1.03476
-0.985254
-0.938283
-0.893558
-0.850816
-0.809836
-0.770436
-0.732459
-0.695763
-0.66023
-0.625772
-0.592299
-0.559702
-0.527855
-0.496656
-0.466058
-0.436054
-0.406631
-0.377726
-0.349237
-0.32106
-0.293129
-0.265434
-0.237985
-0.210773
-0.183752
-0.156843
-0.12997
-0.103083
-0.0761682
-0.049229
-0.0222569
0.00478781
0.0319744
0.0593817
0.0870707
0.115068
0.143376
0.172006
0.201013
0.230494
0.260553
0.291264
0.322672
0.354826
0.387803
0.421718
0.456697
0.492865
0.530332
0.569222
0.609705
0.651998
0.696355
0.743057
0.79242
0.844805
0.900635
0.960404
1.02469
1.0942
1.16977
1.2524
1.34325
1.44359
1.5548
1.6782
1.81498
1.96589
2.1309
2.30857
2.49513
2.68319
2.86016
3.00855
3.10147
3.07712
2.88429
-3.47757
-3.67115
-3.64444
-3.48204
-3.26906
-3.03947
-2.81191
-2.59754
-2.40133
-2.22455
-2.06652
-1.92569
-1.80014
-1.68789
-1.58707
-1.49603
-1.41331
-1.33768
-1.2681
-1.20371
-1.14379
-1.08775
-1.03508
-0.985387
-0.938291
-0.893479
-0.850678
-0.809664
-0.770249
-0.73227
-0.695581
-0.660066
-0.62563
-0.592176
-0.559585
-0.527733
-0.496534
-0.465953
-0.435983
-0.406596
-0.377716
-0.349234
-0.321055
-0.293127
-0.265446
-0.238025
-0.210849
-0.183862
-0.156977
-0.130115
-0.103234
-0.0763308
-0.0494193
-0.0224894
0.00451082
0.0316644
0.059054
0.0867304
0.114704
0.142971
0.171549
0.200512
0.229966
0.260009
0.290698
0.322067
0.35417
0.387103
0.420989
0.45595
0.492095
0.529533
0.568402
0.608889
0.651221
0.695647
0.742453
0.791978
0.844625
0.900861
0.961232
1.02639
1.09715
1.17452
1.25974
1.35427
1.45983
1.57839
1.71212
1.8633
2.03412
2.22629
2.44041
2.67485
2.92367
3.1743
3.40616
3.58299
3.61609
3.41801
-4.18714
-4.35109
-4.2136
-3.92151
-3.59363
-3.27139
-2.97311
-2.70687
-2.47368
-2.27106
-2.09531
-1.94252
-1.80902
-1.69161
-1.58751
-1.49445
-1.41055
-1.33429
-1.26444
-1.2
-1.14019
-1.08433
-1.0319
-0.98244
-0.93558
-0.890988
-0.848393
-0.807574
-0.768345
-0.730538
-0.694009
-0.658646
-0.624351
-0.591017
-0.558523
-0.526755
-0.495642
-0.465157
-0.435288
-0.405994
-0.377189
-0.348765
-0.320637
-0.292765
-0.265152
-0.237806
-0.210707
-0.18379
-0.156963
-0.130149
-0.103315
-0.0764702
-0.0496318
-0.0227839
0.00413871
0.0312289
0.0585656
0.0861844
0.114082
0.142253
0.170733
0.199611
0.228995
0.258966
0.289561
0.320811
0.352786
0.385599
0.41937
0.454204
0.490197
0.527464
0.566161
0.606481
0.648639
0.692874
0.739483
0.788829
0.841334
0.897484
0.957854
1.02316
1.09432
1.17248
1.25906
1.35582
1.46492
1.58897
1.73106
1.89479
2.08417
2.30341
2.55633
2.84529
3.16859
3.51679
3.86951
4.18254
4.3328
4.16954
-5.24456
-5.27474
-4.91635
-4.41623
-3.92531
-3.48426
-3.10353
-2.78213
-2.51308
-2.2878
-2.09819
-1.93727
-1.79933
-1.67978
-1.57496
-1.48202
-1.39869
-1.32324
-1.25429
-1.19078
-1.13185
-1.07683
-1.02516
-0.976389
-0.930139
-0.886084
-0.843967
-0.803579
-0.764735
-0.727273
-0.691057
-0.655979
-0.621939
-0.588828
-0.556526
-0.524933
-0.493992
-0.46368
-0.433977
-0.404831
-0.376152
-0.34784
-0.319819
-0.292057
-0.264561
-0.237336
-0.210353
-0.183543
-0.15681
-0.130084
-0.10334
-0.0765982
-0.0498763
-0.0231479
0.0036656
0.030661
0.057906
0.0854178
0.113184
0.141209
0.16955
0.198304
0.227569
0.257402
0.287825
0.318879
0.350656
0.383274
0.416835
0.451422
0.487131
0.524091
0.562465
0.602429
0.644179
0.687953
0.73406
0.782867
0.834785
0.890295
0.949999
1.01465
1.08521
1.16291
1.24932
1.34644
1.4568
1.58359
1.73084
1.90352
2.10779
2.35101
2.64165
2.98838
3.39789
3.87022
4.3931
4.92258
5.30328
5.2844
-6.90547
-6.53969
-5.76362
-4.94498
-4.23285
-3.64795
-3.17885
-2.80544
-2.50715
-2.26655
-2.0699
-1.90673
-1.76919
-1.6514
-1.54896
-1.45859
-1.37778
-1.30469
-1.23788
-1.17627
-1.11902
-1.06547
-1.01508
-0.967426
-0.922139
-0.878922
-0.837542
-0.797802
-0.759531
-0.722576
-0.686815
-0.652146
-0.61847
-0.585678
-0.553659
-0.522328
-0.491639
-0.461569
-0.432091
-0.403146
-0.374646
-0.346498
-0.318635
-0.291035
-0.263701
-0.236637
-0.209808
-0.183138
-0.156535
-0.129934
-0.103323
-0.0767275
-0.0501617
-0.023585
0.0030919
0.0299616
0.0570728
0.0844251
0.112007
0.139845
0.168012
0.196605
0.225696
0.255317
0.285494
0.316289
0.347806
0.380148
0.413394
0.447617
0.482924
0.51945
0.557342
0.596752
0.637865
0.680924
0.726228
0.774119
0.824984
0.879297
0.937644
1.00077
1.06964
1.14551
1.23
1.32525
1.43403
1.55997
1.70784
1.88394
2.09658
2.35671
2.67856
3.07996
3.58164
4.2035
4.95586
5.81448
6.62627
7.02243
-9.74346
-8.26701
-6.7059
-5.43341
-4.44911
-3.71061
-3.1632
-2.75377
-2.44188
-2.19918
-2.00601
-1.84871
-1.71773
-1.60636
-1.50981
-1.42466
-1.3484
-1.27922
-1.21575
-1.15699
-1.10216
-1.05066
-1.00203
-0.955874
-0.911868
-0.869758
-0.82934
-0.790441
-0.752906
-0.716603
-0.681422
-0.647272
-0.614055
-0.581669
-0.550017
-0.519026
-0.488659
-0.458892
-0.429691
-0.400996
-0.372722
-0.344786
-0.31713
-0.289735
-0.262606
-0.235739
-0.209096
-0.182597
-0.156154
-0.129715
-0.103279
-0.0768716
-0.0504953
-0.0240946
0.00242238
0.0291323
0.0560617
0.0832026
0.110559
0.13818
0.166145
0.19453
0.223379
0.252719
0.282593
0.313078
0.344268
0.376246
0.409075
0.442834
0.477632
0.513596
0.550845
0.589515
0.629783
0.67188
0.716082
0.762693
0.812056
0.864604
0.920893
0.981611
1.04765
1.12021
1.20087
1.29172
1.39558
1.51621
1.65876
1.8304
2.04112
2.30514
2.64269
3.08278
3.6665
4.4478
5.48174
6.80799
8.42508
9.96338
-15.2593
-10.526
-7.39627
-5.56163
-4.34834
-3.52473
-2.96314
-2.56837
-2.27992
-2.06143
-1.8903
-1.75198
-1.63692
-1.53871
-1.45298
-1.37669
-1.3077
-1.24447
-1.18592
-1.13122
-1.07977
-1.0311
-0.984841
-0.940686
-0.898386
-0.85774
-0.818589
-0.78079
-0.744218
-0.708766
-0.674343
-0.640866
-0.608248
-0.576397
-0.545231
-0.514693
-0.484747
-0.455371
-0.426528
-0.398157
-0.370183
-0.34253
-0.315151
-0.288028
-0.261164
-0.234551
-0.208143
-0.181863
-0.155634
-0.129417
-0.103219
-0.0770567
-0.0509157
-0.0247319
0.00157637
0.0280622
0.0547365
0.0815985
0.108675
0.136027
0.163724
0.191813
0.220326
0.249298
0.278785
0.308864
0.339612
0.371092
0.403362
0.436506
0.470629
0.505831
0.542204
0.579866
0.61899
0.65978
0.702454
0.747255
0.794481
0.844499
0.897757
0.954825
1.01645
1.08365
1.15777
1.24063
1.33468
1.44331
1.5713
1.72549
1.9159
2.15763
2.4739
2.90181
3.50285
4.37423
5.64724
7.55467
10.772
15.6121
-24.5454
-12.7332
-7.12569
-4.85621
-3.66469
-2.95199
-2.50755
-2.21176
-2.00067
-1.84128
-1.71521
-1.61144
-1.52307
-1.44565
-1.37623
-1.31283
-1.25409
-1.19909
-1.14718
-1.0979
-1.0509
-1.00591
-0.962723
-0.921152
-0.881044
-0.842278
-0.804747
-0.768356
-0.733017
-0.698654
-0.665199
-0.632585
-0.600736
-0.569577
-0.539041
-0.509084
-0.479678
-0.450801
-0.422416
-0.394467
-0.366884
-0.339602
-0.312582
-0.285811
-0.259287
-0.232997
-0.206892
-0.1809
-0.154957
-0.129036
-0.103144
-0.0772895
-0.0514445
-0.025544
0.000478421
0.0266572
0.0529974
0.0795102
0.106237
0.13324
0.16057
0.188256
0.216326
0.244825
0.273815
0.303362
0.333521
0.364343
0.395888
0.428237
0.461472
0.49566
0.530874
0.567223
0.604847
0.643898
0.684533
0.726925
0.77129
0.817884
0.867001
0.919015
0.974442
1.03397
1.09851
1.1693
1.24805
1.33711
1.43985
1.56121
1.70861
1.89359
2.13511
2.46669
2.95289
3.71581
4.97481
7.33828
13.0596
24.9908
)
;

boundaryField
{
    movingWall
    {
        type            zeroGradient;
    }
    fixedWalls
    {
        type            zeroGradient;
    }
    frontAndBack
    {
        type            empty;
    }
}


// ************************************************************************* //
