/*--------------------------------*- C++ -*----------------------------------*\
| =========                 |                                                 |
| \\      /  F ield         | OpenFOAM: The Open Source CFD Toolbox           |
|  \\    /   O peration     | Version:  2212                                  |
|   \\  /    A nd           | Website:  www.openfoam.com                      |
|    \\/     M anipulation  |                                                 |
\*---------------------------------------------------------------------------*/
FoamFile
{
    version     2.0;
    format      ascii;
    arch        "LSB;label=32;scalar=64";
    class       volScalarField;
    location    "0.0015";
    object      p;
}
// * * * * * * * * * * * * * * * * * * * * * * * * * * * * * * * * * * * * * //

dimensions      [0 2 -2 0 0 0 0];

internalField   nonuniform List<scalar> 
10000
(
-1.14449e-07
0.00201072
0.00415169
0.00565851
0.00646258
0.00698745
0.00736363
0.00764107
0.00787178
0.00811705
0.00842398
0.00883618
0.00939894
0.0101572
0.011144
0.0123765
0.0138604
0.0155856
0.0175306
0.0196645
0.021946
0.0243344
0.0267983
0.0293205
0.0319057
0.0345778
0.0373734
0.0403362
0.0435077
0.0469161
0.0505786
0.054508
0.0587095
0.0631744
0.0678833
0.0728103
0.0779187
0.0831558
0.0884599
0.0937767
0.0990694
0.104316
0.109504
0.114624
0.119674
0.124651
0.129545
0.134327
0.138954
0.143387
0.147612
0.151642
0.155513
0.159265
0.16293
0.166511
0.170005
0.173412
0.176737
0.179987
0.183147
0.18618
0.18903
0.191633
0.193941
0.19594
0.19764
0.199054
0.200178
0.201004
0.201541
0.201815
0.20186
0.201712
0.201411
0.200991
0.200484
0.199923
0.199341
0.198756
0.198154
0.197514
0.196823
0.19608
0.195271
0.194381
0.193404
0.19235
0.191233
0.190065
0.188857
0.187624
0.186372
0.185092
0.183781
0.182456
0.18116
0.179987
0.17911
0.178691
0.00206814
0.00389922
0.00566638
0.00697432
0.00783352
0.00845487
0.00893966
0.00932913
0.00966085
0.00998232
0.0103476
0.010807
0.0114062
0.0121838
0.0131699
0.0143804
0.0158172
0.0174753
0.0193389
0.0213819
0.0235754
0.0258876
0.0282885
0.0307669
0.0333341
0.03601
0.0388217
0.0418065
0.0449979
0.0484122
0.0520568
0.0559418
0.0600737
0.064446
0.0690412
0.0738367
0.0788012
0.0838892
0.089047
0.0942266
0.0993937
0.104526
0.109607
0.114626
0.11958
0.124465
0.129271
0.133971
0.138525
0.142902
0.14709
0.151106
0.154981
0.158748
0.162418
0.165993
0.169464
0.172827
0.176093
0.179273
0.182355
0.185304
0.188068
0.190589
0.192828
0.194774
0.196442
0.197839
0.198951
0.199768
0.200299
0.200575
0.200628
0.200493
0.200206
0.199801
0.19931
0.198765
0.198197
0.197615
0.197003
0.196342
0.195626
0.194855
0.194014
0.193088
0.192083
0.191015
0.189896
0.188734
0.18754
0.18634
0.185147
0.183956
0.182765
0.181584
0.180457
0.179461
0.178692
0.178201
0.0056819
0.00664619
0.00766708
0.00859913
0.00933177
0.0099226
0.0104264
0.0108641
0.0112544
0.0116276
0.0120313
0.0125182
0.013138
0.0139271
0.0149116
0.01611
0.0175235
0.0191456
0.020967
0.0229645
0.0251086
0.0273739
0.029738
0.0321907
0.0347441
0.0374214
0.0402493
0.0432572
0.0464675
0.0498876
0.0535187
0.0573681
0.0614429
0.0657395
0.0702437
0.0749363
0.0797904
0.0847671
0.0898178
0.0948959
0.0999651
0.105
0.109982
0.114903
0.119759
0.124546
0.129254
0.133855
0.138317
0.142613
0.146739
0.150714
0.154565
0.158315
0.161967
0.165512
0.168937
0.172241
0.175441
0.178553
0.181568
0.18445
0.187148
0.189609
0.1918
0.193713
0.195361
0.196748
0.197851
0.198651
0.199164
0.199429
0.199481
0.199348
0.199063
0.198667
0.198195
0.197673
0.197125
0.196556
0.195949
0.195286
0.194561
0.193776
0.192918
0.191975
0.190955
0.189882
0.188772
0.187628
0.18646
0.185297
0.184156
0.183039
0.181931
0.180833
0.179781
0.178827
0.178026
0.177313
0.00925674
0.00943485
0.00984832
0.0104087
0.0109589
0.0114706
0.0119418
0.0123808
0.0127893
0.0131889
0.0136191
0.0141286
0.0147667
0.0155718
0.0165658
0.0177648
0.0191757
0.0207903
0.0225934
0.0245655
0.0266831
0.0289228
0.0312649
0.0337068
0.0362663
0.0389665
0.0418283
0.0448721
0.0481096
0.0515374
0.0551505
0.0589559
0.0629639
0.0671745
0.0715767
0.076157
0.0808974
0.0857662
0.0907175
0.0957021
0.100679
0.105621
0.110508
0.115331
0.120083
0.124759
0.129349
0.133832
0.138185
0.142392
0.146453
0.150387
0.154213
0.15794
0.161561
0.16506
0.168423
0.171653
0.174773
0.177804
0.18074
0.183544
0.186167
0.188567
0.190716
0.192608
0.194247
0.195629
0.196726
0.197519
0.198027
0.198298
0.198366
0.198254
0.197991
0.19762
0.19718
0.196696
0.196181
0.195634
0.195039
0.194383
0.193667
0.19289
0.192039
0.191101
0.190092
0.18904
0.187962
0.186856
0.185727
0.184601
0.183504
0.182437
0.181378
0.180314
0.179265
0.178285
0.177365
0.17638
0.0122323
0.0119923
0.0120138
0.0122801
0.0126541
0.0130756
0.0134953
0.0139013
0.0142927
0.0146862
0.0151201
0.0156429
0.0162977
0.0171215
0.0181407
0.0193664
0.020798
0.022428
0.0242424
0.0262182
0.0283321
0.0305657
0.0329066
0.0353589
0.0379445
0.0406847
0.0435921
0.0466759
0.0499365
0.0533628
0.0569477
0.0606994
0.0646308
0.0687453
0.0730381
0.0775047
0.0821356
0.0869033
0.0917611
0.0966562
0.101545
0.106397
0.111192
0.115916
0.120558
0.125113
0.129573
0.133926
0.138162
0.142272
0.146261
0.150142
0.153927
0.157612
0.161179
0.164609
0.167891
0.171033
0.174062
0.177003
0.17985
0.182565
0.185103
0.187435
0.189542
0.191411
0.19304
0.194415
0.19551
0.196309
0.196836
0.197138
0.197247
0.197175
0.196952
0.196622
0.196227
0.195785
0.195303
0.194782
0.194212
0.193582
0.192891
0.192142
0.191325
0.190429
0.189461
0.188451
0.18742
0.186367
0.18529
0.184208
0.183148
0.182115
0.181085
0.180041
0.178978
0.177945
0.176903
0.175673
0.0147287
0.0142499
0.0140317
0.014078
0.0142859
0.0146016
0.0149549
0.0153031
0.0156507
0.0160189
0.0164421
0.016968
0.0176438
0.0185024
0.0195628
0.0208333
0.0223097
0.0239798
0.0258271
0.0278279
0.0299595
0.0322081
0.0345688
0.0370522
0.0396826
0.0424766
0.0454364
0.0485599
0.0518407
0.0552651
0.0588259
0.0625316
0.0663965
0.0704283
0.0746294
0.0790021
0.0835407
0.0882178
0.0929851
0.0977886
0.102585
0.107343
0.112041
0.116659
0.121185
0.125611
0.129935
0.134153
0.138264
0.142265
0.146162
0.149964
0.153676
0.157285
0.160768
0.164105
0.167293
0.170344
0.173283
0.176134
0.178891
0.181514
0.183964
0.186222
0.188279
0.190121
0.191733
0.193101
0.194204
0.195031
0.195604
0.195965
0.196135
0.19612
0.195949
0.195669
0.195323
0.194922
0.194473
0.193983
0.193454
0.192875
0.192237
0.191544
0.19079
0.189963
0.189065
0.188118
0.187147
0.186154
0.185134
0.184098
0.183075
0.182074
0.181073
0.180033
0.178962
0.177882
0.176737
0.175319
0.0167755
0.0161487
0.015783
0.015679
0.0157468
0.0159491
0.0162203
0.0165082
0.0168062
0.0171433
0.0175614
0.018103
0.0188104
0.019714
0.0208263
0.0221494
0.0236752
0.0253884
0.0272711
0.0293003
0.0314562
0.0337311
0.0361276
0.0386612
0.0413536
0.0442133
0.0472327
0.0504037
0.053717
0.057158
0.0607185
0.0644072
0.0682402
0.0722279
0.0763755
0.080686
0.0851526
0.0897467
0.0944207
0.0991236
0.103815
0.108468
0.113057
0.117561
0.121963
0.126257
0.130441
0.134519
0.138492
0.142364
0.146139
0.149824
0.15342
0.156913
0.160281
0.163507
0.166594
0.169557
0.172416
0.175184
0.177853
0.180385
0.182746
0.184927
0.186928
0.188737
0.190334
0.1917
0.192824
0.193701
0.194349
0.19479
0.195035
0.195088
0.194977
0.194758
0.194467
0.194114
0.193707
0.193268
0.192808
0.19231
0.191756
0.191147
0.190483
0.189749
0.188937
0.188065
0.187159
0.186229
0.185268
0.184285
0.183303
0.182332
0.181354
0.180327
0.179245
0.178131
0.176911
0.175366
0.018405
0.0176631
0.0171879
0.0169779
0.0169405
0.0170491
0.0172396
0.017472
0.0177373
0.0180638
0.0184946
0.0190698
0.0198234
0.0207765
0.0219358
0.0232998
0.0248591
0.0265983
0.0285005
0.0305459
0.0327218
0.0350289
0.0374751
0.0400746
0.0428424
0.0457786
0.04887
0.0521055
0.0554746
0.058962
0.062559
0.0662746
0.070125
0.0741186
0.0782561
0.0825357
0.0869472
0.0914625
0.0960388
0.100633
0.105212
0.109751
0.114228
0.118616
0.122897
0.127062
0.13111
0.135044
0.138869
0.14259
0.146212
0.149742
0.153182
0.156525
0.159752
0.162853
0.165836
0.168715
0.171498
0.174187
0.176766
0.179204
0.181476
0.183581
0.185527
0.187304
0.18889
0.190267
0.191428
0.192374
0.19311
0.193646
0.193978
0.194108
0.194074
0.193931
0.193714
0.193432
0.193098
0.192742
0.19238
0.19199
0.191546
0.191044
0.190484
0.189849
0.189129
0.188337
0.187503
0.18664
0.185743
0.184815
0.183877
0.182942
0.181984
0.180965
0.17987
0.178726
0.17745
0.175824
0.0196567
0.0188081
0.0182329
0.0179411
0.0178257
0.0178592
0.0179894
0.0181831
0.0184374
0.018779
0.0192455
0.0198702
0.0206763
0.0216744
0.0228663
0.0242513
0.0258216
0.027564
0.0294664
0.0315172
0.0337126
0.0360592
0.038565
0.0412389
0.0440884
0.0471073
0.050279
0.0535915
0.0570349
0.0605944
0.0642626
0.0680476
0.0719613
0.076004
0.0801668
0.0844402
0.0888115
0.0932564
0.0977406
0.102232
0.106706
0.111144
0.115522
0.119811
0.123988
0.12804
0.131963
0.13576
0.139433
0.14299
0.146439
0.149785
0.153041
0.156207
0.159275
0.16224
0.165112
0.1679
0.170601
0.173201
0.175684
0.178026
0.180212
0.182249
0.184147
0.185898
0.18748
0.188878
0.19009
0.191113
0.191942
0.192573
0.193
0.193229
0.193298
0.19326
0.193148
0.192971
0.192747
0.192508
0.192266
0.191995
0.191667
0.191276
0.190822
0.190287
0.18966
0.188953
0.188199
0.187414
0.186592
0.185729
0.18484
0.18394
0.183003
0.181986
0.180875
0.179698
0.178373
0.17669
0.0205804
0.0196395
0.01897
0.0186004
0.0184171
0.0183838
0.0184643
0.0186319
0.0188908
0.0192648
0.0197821
0.0204639
0.0213215
0.0223579
0.0235728
0.0249665
0.0265344
0.0282696
0.0301684
0.032228
0.0344508
0.0368447
0.0394139
0.0421609
0.0450872
0.0481822
0.051428
0.0548142
0.0583346
0.0619781
0.0657382
0.0696201
0.0736268
0.0777461
0.0819572
0.0862436
0.0905925
0.0949859
0.0994
0.103814
0.108211
0.112577
0.116887
0.121107
0.125207
0.129168
0.132986
0.136657
0.140185
0.143577
0.146843
0.149998
0.153057
0.156034
0.158931
0.161749
0.164495
0.167174
0.169773
0.172271
0.174648
0.176895
0.179006
0.18099
0.182855
0.184591
0.186175
0.187598
0.188862
0.189961
0.19088
0.191606
0.192139
0.192493
0.1927
0.192803
0.192831
0.192794
0.192709
0.192606
0.19249
0.192335
0.192115
0.191829
0.191476
0.191041
0.190512
0.189902
0.189241
0.188546
0.187807
0.187014
0.186178
0.185312
0.184397
0.183384
0.182257
0.181048
0.179678
0.177953
0.0212479
0.0202293
0.0194759
0.0190212
0.0187558
0.0186482
0.0186706
0.0188114
0.0190784
0.0194896
0.0200616
0.0208016
0.0217101
0.0227846
0.0240234
0.0254279
0.0269982
0.0287353
0.0306435
0.0327257
0.0349864
0.0374316
0.0400602
0.0428696
0.0458566
0.0490089
0.0523099
0.0557548
0.0593439
0.0630712
0.0669301
0.0709193
0.0750304
0.0792373
0.0835081
0.0878217
0.0921678
0.0965358
0.100911
0.105283
0.10964
0.113968
0.118241
0.122418
0.126465
0.130357
0.134086
0.137648
0.141044
0.144284
0.147381
0.150354
0.153224
0.156014
0.158737
0.161397
0.164002
0.16655
0.169026
0.171408
0.173681
0.175843
0.177898
0.17985
0.1817
0.18343
0.185019
0.186467
0.187779
0.188947
0.18995
0.190776
0.191434
0.191942
0.192325
0.192607
0.192807
0.192935
0.19301
0.193052
0.193059
0.193011
0.192892
0.192704
0.192451
0.192121
0.191698
0.191191
0.190626
0.19002
0.189362
0.188634
0.187844
0.187009
0.186114
0.185109
0.183975
0.18274
0.181336
0.179582
0.021729
0.0206372
0.0198068
0.0192534
0.0188793
0.0186776
0.0186293
0.0187361
0.0190072
0.0194533
0.0200783
0.0208752
0.0218352
0.0229518
0.0242218
0.0256481
0.0272358
0.0289919
0.0309256
0.0330422
0.0353462
0.0378407
0.0405203
0.043378
0.0464085
0.0495999
0.0529405
0.056433
0.0600849
0.0638935
0.0678497
0.0719434
0.0761541
0.0804441
0.0847738
0.0891205
0.0934779
0.0978424
0.102207
0.106565
0.110909
0.115223
0.119476
0.123625
0.127629
0.131463
0.135118
0.138591
0.141883
0.145001
0.14796
0.150782
0.153488
0.156109
0.158666
0.161169
0.163623
0.166028
0.168372
0.170638
0.17282
0.174922
0.176944
0.178884
0.18073
0.18246
0.184056
0.185524
0.18688
0.188114
0.189205
0.190145
0.190953
0.191648
0.192239
0.192729
0.193125
0.193439
0.193686
0.193877
0.194008
0.194066
0.194046
0.193954
0.193799
0.193572
0.193256
0.192846
0.192365
0.191832
0.191238
0.19056
0.189803
0.188991
0.188113
0.187116
0.18598
0.184731
0.183304
0.181536
0.0220575
0.0208848
0.0199734
0.0193093
0.0188123
0.0185036
0.0183835
0.0184581
0.0187339
0.0192128
0.0198853
0.020733
0.0217405
0.0228981
0.0242016
0.0256559
0.0272697
0.0290533
0.0310184
0.0331716
0.0355175
0.0380573
0.040782
0.0436816
0.0467505
0.049979
0.0533604
0.056904
0.0606221
0.0645112
0.0685567
0.07274
0.0770311
0.0813852
0.0857598
0.0901341
0.0945068
0.0988795
0.103249
0.10761
0.111953
0.11626
0.120495
0.124615
0.128579
0.132364
0.135962
0.139375
0.1426
0.145641
0.148511
0.151226
0.153811
0.156296
0.15871
0.161069
0.163381
0.165649
0.167868
0.170034
0.172148
0.174213
0.176222
0.17816
0.180006
0.181737
0.183341
0.184834
0.186235
0.187541
0.188732
0.189808
0.190792
0.191696
0.19251
0.193222
0.193829
0.194341
0.194765
0.195107
0.195365
0.195533
0.195613
0.195612
0.195543
0.195406
0.195181
0.194855
0.194441
0.193964
0.193416
0.192776
0.192046
0.191253
0.190387
0.189396
0.188256
0.186997
0.185554
0.183786
0.0222188
0.0209537
0.0199558
0.0191826
0.0185748
0.0181748
0.0180017
0.01806
0.0183481
0.0188568
0.0195655
0.0204496
0.0214905
0.0226767
0.024004
0.0254791
0.027113
0.0289185
0.0309091
0.0330942
0.035479
0.0380635
0.0408361
0.0437848
0.0469034
0.0501836
0.0536218
0.0572298
0.0610193
0.0649831
0.0691003
0.0733462
0.0776868
0.0820762
0.0864744
0.0908648
0.0952506
0.0996364
0.104019
0.108388
0.112733
0.11703
0.121244
0.125331
0.129258
0.133005
0.136571
0.139959
0.143164
0.14618
0.149012
0.151673
0.154184
0.156576
0.158883
0.161128
0.163325
0.165482
0.167603
0.169695
0.171763
0.173809
0.175815
0.177752
0.179594
0.181325
0.182943
0.18447
0.185928
0.187318
0.188624
0.189851
0.191021
0.192135
0.193166
0.194091
0.194906
0.195616
0.196218
0.196709
0.197095
0.197378
0.197557
0.197636
0.197635
0.197566
0.197412
0.197152
0.196797
0.19637
0.195866
0.195261
0.19456
0.193789
0.192937
0.191951
0.190805
0.189537
0.18808
0.186316
0.0221717
0.0208095
0.0197311
0.0188736
0.0181906
0.0177415
0.0175484
0.0176106
0.0179165
0.0184459
0.0191736
0.020074
0.0211283
0.0223246
0.0236596
0.0251415
0.0267829
0.0285991
0.0306072
0.0328194
0.0352429
0.0378762
0.0407055
0.0437166
0.046902
0.0502521
0.0537622
0.0574419
0.0612988
0.0653204
0.0694815
0.0737563
0.0781129
0.0825101
0.0869135
0.0913117
0.0957107
0.100114
0.104515
0.108897
0.113242
0.117525
0.12171
0.125764
0.129659
0.133386
0.136948
0.140347
0.143573
0.146609
0.149449
0.152101
0.154585
0.156934
0.159185
0.161366
0.163494
0.165584
0.167647
0.169695
0.171739
0.173775
0.175777
0.177707
0.179541
0.181276
0.18292
0.184497
0.186026
0.187507
0.188932
0.190309
0.191654
0.192956
0.194176
0.195289
0.196297
0.197198
0.197973
0.198613
0.199128
0.199527
0.199803
0.199953
0.200004
0.199983
0.199879
0.199673
0.199373
0.199002
0.198548
0.197985
0.19732
0.196579
0.195745
0.194767
0.193619
0.192345
0.190882
0.189123
0.0218788
0.0204299
0.019289
0.0183859
0.0176735
0.0172175
0.0170315
0.0171074
0.0174252
0.0179614
0.0186924
0.0195949
0.0206506
0.0218479
0.0231837
0.0246666
0.0263105
0.0281332
0.0301561
0.0323952
0.0348584
0.0375439
0.040436
0.0435179
0.046779
0.0502067
0.0537913
0.0575369
0.0614457
0.065501
0.0696772
0.0739519
0.0783001
0.0826882
0.0870881
0.0914924
0.0959067
0.100331
0.10475
0.10914
0.11348
0.117741
0.121893
0.125912
0.129783
0.133507
0.137086
0.140521
0.143795
0.146881
0.149763
0.152445
0.154951
0.157317
0.159579
0.161762
0.163886
0.165967
0.16802
0.170061
0.1721
0.174133
0.176128
0.17805
0.17988
0.181627
0.18331
0.18495
0.186557
0.188127
0.189659
0.191167
0.192662
0.194118
0.195495
0.196773
0.197959
0.199042
0.199987
0.200774
0.201417
0.20193
0.202296
0.20251
0.202607
0.202622
0.202557
0.202397
0.202154
0.201847
0.201452
0.20094
0.200315
0.199607
0.198796
0.19783
0.19669
0.19542
0.193965
0.192223
0.021321
0.0198063
0.0186266
0.0177071
0.0169963
0.0165505
0.0163749
0.0164558
0.0167724
0.0173062
0.0180384
0.0189469
0.020013
0.021223
0.0225719
0.0240664
0.0257209
0.0275564
0.0295984
0.0318663
0.0343696
0.0371068
0.0400611
0.0432136
0.0465501
0.0500526
0.0537051
0.057505
0.0614495
0.0655201
0.0696934
0.0739534
0.078283
0.082656
0.0870494
0.0914566
0.0958809
0.100317
0.104741
0.109124
0.113441
0.117668
0.121781
0.125765
0.129618
0.133346
0.136955
0.140437
0.14377
0.14692
0.149869
0.152621
0.155204
0.157655
0.160005
0.162272
0.164466
0.166603
0.1687
0.170773
0.172832
0.174873
0.176869
0.178789
0.180627
0.182401
0.184133
0.185837
0.187515
0.189161
0.190781
0.192395
0.194009
0.195594
0.197106
0.198535
0.199887
0.201141
0.202242
0.203166
0.203927
0.204538
0.204982
0.205257
0.205404
0.205466
0.205446
0.20534
0.205164
0.204929
0.204603
0.204148
0.203571
0.202898
0.202114
0.201165
0.200045
0.198796
0.197365
0.195652
0.0204922
0.0189255
0.0177215
0.0167916
0.0160783
0.0156274
0.0154416
0.0155091
0.0158165
0.0163533
0.0171031
0.0180419
0.0191459
0.0203964
0.0217829
0.0233091
0.0249901
0.0268505
0.0289204
0.0312224
0.0337685
0.0365588
0.0395767
0.0428011
0.0462135
0.0497899
0.0535076
0.0573577
0.0613331
0.0654152
0.0695842
0.0738298
0.0781411
0.0824969
0.0868767
0.0912735
0.0956878
0.10011
0.104512
0.108863
0.113137
0.117316
0.121386
0.125338
0.129177
0.132914
0.136552
0.14008
0.14347
0.146692
0.149728
0.15259
0.155308
0.157914
0.16043
0.162857
0.165194
0.16745
0.169643
0.17179
0.173903
0.175978
0.177994
0.179932
0.181796
0.183609
0.185391
0.187147
0.188877
0.190577
0.192263
0.193959
0.195669
0.19736
0.198992
0.200558
0.202058
0.203456
0.204689
0.205725
0.206584
0.207276
0.20779
0.208133
0.208352
0.208489
0.208545
0.208517
0.208425
0.208275
0.208028
0.207642
0.207126
0.206501
0.205754
0.204838
0.20375
0.202539
0.201143
0.199468
0.0193759
0.0177541
0.0165185
0.01556
0.0148115
0.0143217
0.014099
0.0141411
0.014445
0.0150036
0.0157972
0.0167948
0.0179646
0.0192796
0.0207234
0.0222981
0.0240211
0.0259216
0.0280343
0.0303849
0.0329882
0.0358458
0.0389412
0.0422501
0.0457493
0.0494091
0.0532004
0.057109
0.0611251
0.0652304
0.0694074
0.0736493
0.0779481
0.0822843
0.0866385
0.091004
0.0953809
0.0997588
0.104112
0.108408
0.112627
0.116756
0.120787
0.124715
0.128546
0.132291
0.135951
0.139514
0.142954
0.146248
0.14939
0.152396
0.155297
0.158115
0.160855
0.1635
0.166034
0.168461
0.1708
0.173069
0.17528
0.177428
0.179499
0.181484
0.183394
0.185252
0.187073
0.188859
0.190611
0.192339
0.194067
0.195821
0.197601
0.199374
0.201102
0.20278
0.204397
0.205904
0.207233
0.208362
0.209307
0.210081
0.210676
0.211111
0.211437
0.211686
0.211852
0.211932
0.211945
0.211895
0.21174
0.211442
0.211009
0.21046
0.209776
0.208915
0.207876
0.206711
0.205352
0.203711
0.0179322
0.0162371
0.0149472
0.0139285
0.0131096
0.0125532
0.0122807
0.0123012
0.0126161
0.0132143
0.0140678
0.0151364
0.0163792
0.0177627
0.019268
0.0208993
0.0226786
0.0246396
0.02682
0.0292472
0.0319366
0.0348894
0.038087
0.0415014
0.0451046
0.0488623
0.0527417
0.0567251
0.0608012
0.0649515
0.0691588
0.0734161
0.0777143
0.0820335
0.086355
0.0906749
0.0949965
0.0993137
0.103605
0.107844
0.112013
0.116103
0.120109
0.124024
0.127852
0.131601
0.135272
0.138859
0.142341
0.145708
0.148966
0.152139
0.155251
0.15831
0.161302
0.164194
0.166959
0.169597
0.172127
0.174569
0.17693
0.179201
0.181368
0.183429
0.185399
0.187301
0.189143
0.19093
0.192675
0.194405
0.196151
0.197937
0.199757
0.201579
0.203372
0.205126
0.206823
0.208408
0.209819
0.211038
0.212086
0.212967
0.213676
0.214239
0.214705
0.215093
0.215393
0.215601
0.21574
0.215809
0.215766
0.215581
0.21526
0.214817
0.214221
0.213434
0.212453
0.211335
0.210007
0.208389
0.0161052
0.0143143
0.0129489
0.0118458
0.0109418
0.0103153
0.010001
0.0100136
0.0103498
0.0109896
0.0118963
0.0130218
0.0143203
0.0157577
0.0173185
0.0190123
0.0208658
0.0229144
0.025195
0.027733
0.0305406
0.0336156
0.0369356
0.0404691
0.0441859
0.0480505
0.0520294
0.0561047
0.0602642
0.0644877
0.0687549
0.0730543
0.077373
0.0816887
0.0859844
0.0902614
0.0945305
0.0987928
0.103034
0.107231
0.111371
0.115444
0.119442
0.123357
0.127186
0.130937
0.134617
0.138222
0.141747
0.145193
0.148577
0.151925
0.155254
0.158555
0.161798
0.16494
0.167949
0.170825
0.173586
0.176246
0.178804
0.181241
0.183541
0.185701
0.187741
0.189681
0.191531
0.193302
0.195023
0.196737
0.198481
0.200273
0.202103
0.203942
0.205765
0.207564
0.209315
0.210966
0.212463
0.213796
0.214977
0.216002
0.216864
0.217589
0.21822
0.218767
0.219217
0.219576
0.219864
0.220079
0.220178
0.220131
0.219943
0.219616
0.219117
0.218404
0.217481
0.216402
0.215099
0.213495
0.0138417
0.0119425
0.0104932
0.00930562
0.00832879
0.00765328
0.00731907
0.00733622
0.00769223
0.00835892
0.009294
0.0104473
0.0117755
0.0132505
0.0148645
0.0166326
0.0185825
0.0207463
0.0231552
0.0258283
0.0287712
0.0319766
0.035419
0.0390664
0.0428905
0.0468597
0.0509433
0.0551249
0.0593912
0.0637173
0.0680752
0.0724457
0.0768094
0.0811419
0.0854291
0.0896807
0.0939168
0.098147
0.102363
0.106548
0.110685
0.114764
0.118774
0.122703
0.126548
0.130316
0.134019
0.137664
0.141253
0.144796
0.148317
0.151841
0.155375
0.158897
0.162368
0.165741
0.16899
0.172116
0.17513
0.178036
0.180816
0.183444
0.185897
0.188174
0.190294
0.192279
0.194141
0.195903
0.197608
0.199308
0.201041
0.20282
0.204635
0.206465
0.208294
0.210115
0.211906
0.21362
0.215219
0.216691
0.218036
0.219235
0.220281
0.221199
0.222023
0.222756
0.223387
0.223926
0.224394
0.224782
0.225044
0.225149
0.225095
0.224879
0.224467
0.223819
0.222946
0.221898
0.220611
0.219016
0.0111077
0.00910664
0.00758028
0.00633142
0.00531429
0.00462334
0.00429312
0.00432268
0.00469089
0.00536567
0.00630506
0.00746374
0.00880714
0.0103171
0.0119932
0.0138526
0.0159185
0.0182147
0.0207633
0.0235744
0.0266463
0.0299677
0.0335126
0.0372532
0.0411682
0.0452329
0.0494215
0.0537186
0.0581077
0.0625555
0.0670229
0.0714807
0.0759038
0.0802675
0.0845632
0.0888101
0.0930391
0.0972668
0.101489
0.10569
0.109852
0.113963
0.118008
0.121978
0.125871
0.129696
0.133468
0.137199
0.140896
0.14457
0.148245
0.15194
0.155657
0.159369
0.163034
0.166611
0.170082
0.173447
0.176711
0.17986
0.18286
0.185679
0.188292
0.190703
0.192928
0.194986
0.196893
0.198679
0.2004
0.202108
0.203834
0.205588
0.20737
0.209173
0.210993
0.212825
0.214649
0.216431
0.218142
0.21977
0.221298
0.222695
0.223952
0.225095
0.226147
0.227105
0.227954
0.228705
0.229374
0.229943
0.230368
0.230617
0.230686
0.230567
0.23023
0.229643
0.228812
0.227795
0.226514
0.224923
0.00790129
0.00581772
0.00423486
0.0029589
0.00194083
0.00126827
0.000962645
0.00101195
0.00139006
0.00206527
0.00300128
0.00416283
0.00552687
0.00708439
0.0088387
0.0108041
0.0129957
0.0154269
0.0181098
0.0210457
0.024227
0.0276408
0.0312644
0.0350772
0.0390674
0.0432178
0.0475064
0.0519167
0.0564262
0.0609911
0.0655609
0.070098
0.074575
0.0789711
0.0832855
0.0875471
0.0917952
0.0960501
0.100308
0.104551
0.108765
0.112934
0.117048
0.1211
0.125091
0.129034
0.132941
0.136823
0.140682
0.144528
0.148376
0.152241
0.156123
0.159997
0.163827
0.167582
0.171248
0.174826
0.178309
0.181668
0.184862
0.187854
0.190628
0.19319
0.195556
0.197734
0.199739
0.201606
0.203389
0.205135
0.206867
0.208596
0.210338
0.21211
0.213919
0.215764
0.217625
0.219481
0.221314
0.223107
0.224829
0.226443
0.227939
0.229335
0.230646
0.231856
0.232946
0.233921
0.234788
0.235524
0.236089
0.236461
0.236637
0.236606
0.236341
0.235812
0.235024
0.234031
0.232753
0.231161
0.00425659
0.00211641
0.00050434
-0.000764476
-0.00174836
-0.0023756
-0.00263971
-0.00256043
-0.00216582
-0.00148408
-0.00054237
0.000636046
0.00203872
0.00366234
0.00550981
0.0075898
0.0099087
0.0124705
0.0152785
0.0183262
0.021602
0.0250933
0.0287821
0.0326558
0.0367113
0.0409371
0.045312
0.0498165
0.0544207
0.0590721
0.0637123
0.0683002
0.0728119
0.0772345
0.0815756
0.0858708
0.0901626
0.0944705
0.0987868
0.103094
0.107378
0.111631
0.11585
0.120031
0.124181
0.128308
0.13242
0.136516
0.140592
0.144647
0.148693
0.15274
0.156787
0.160815
0.164797
0.168711
0.172546
0.176298
0.179951
0.183469
0.186811
0.189948
0.192877
0.195606
0.198146
0.200493
0.202651
0.204652
0.206546
0.208369
0.210134
0.21186
0.213583
0.215343
0.21716
0.219032
0.220947
0.22289
0.224851
0.226813
0.228735
0.230578
0.232327
0.23399
0.235565
0.237028
0.238354
0.239539
0.240581
0.241459
0.242142
0.242617
0.242885
0.242935
0.242737
0.242263
0.241513
0.240538
0.23926
0.237664
0.00024402
-0.00192279
-0.00353709
-0.00477111
-0.00569714
-0.00626315
-0.00647507
-0.00635755
-0.00593832
-0.00523936
-0.00427721
-0.0030639
-0.00160417
0.000101004
0.00205186
0.00425131
0.00669864
0.00939022
0.0123211
0.015478
0.0188458
0.0224129
0.0261656
0.030098
0.0342128
0.0385014
0.0429414
0.0475091
0.0521693
0.0568645
0.0615348
0.0661427
0.0706721
0.0751193
0.0794983
0.0838456
0.0882006
0.0925777
0.0969645
0.101344
0.105711
0.110069
0.114426
0.118782
0.123144
0.127513
0.131883
0.136242
0.140576
0.144877
0.149152
0.153407
0.157641
0.161839
0.165981
0.170047
0.174027
0.177911
0.181678
0.185295
0.188733
0.191981
0.195048
0.197947
0.200676
0.20322
0.205573
0.207756
0.209812
0.211764
0.213617
0.215397
0.217158
0.218955
0.220816
0.222743
0.224727
0.226767
0.228859
0.230982
0.233096
0.235161
0.237156
0.239073
0.240894
0.242583
0.244116
0.245484
0.246681
0.247684
0.248471
0.249038
0.249387
0.249508
0.24937
0.248943
0.248226
0.247266
0.24599
0.244394
-0.00404399
-0.00620789
-0.00780221
-0.00898531
-0.00984597
-0.0103491
-0.0105095
-0.0103545
-0.00990857
-0.00918528
-0.00819069
-0.0069284
-0.00539867
-0.00360238
-0.00154221
0.00078011
0.00335825
0.00618165
0.00923747
0.0125058
0.0159689
0.0196163
0.0234378
0.0274316
0.0316033
0.0359442
0.0404292
0.0450315
0.0497132
0.054417
0.0590879
0.0636974
0.0682395
0.0727179
0.077148
0.0815616
0.08599
0.090441
0.0949003
0.0993557
0.103815
0.108298
0.112821
0.117391
0.122002
0.126646
0.131305
0.135953
0.140571
0.145146
0.149681
0.154179
0.158634
0.16303
0.167346
0.171564
0.17567
0.17965
0.183483
0.187148
0.190638
0.193964
0.197149
0.200204
0.203119
0.20587
0.208442
0.210854
0.213133
0.215287
0.217313
0.219237
0.221121
0.223024
0.224974
0.226976
0.229038
0.231171
0.233379
0.235643
0.237922
0.24018
0.24239
0.244528
0.246558
0.248439
0.250146
0.251671
0.253004
0.254122
0.255008
0.25566
0.256082
0.256266
0.256183
0.255803
0.255124
0.254192
0.252929
0.251344
-0.00852748
-0.010668
-0.0122291
-0.0133604
-0.0141646
-0.014617
-0.0147373
-0.0145527
-0.0140816
-0.0133284
-0.0122916
-0.0109702
-0.00936316
-0.00747248
-0.00530324
-0.00286065
-0.000155872
0.00279403
0.00596938
0.00934582
0.0129047
0.0166369
0.0205347
0.0245977
0.0288307
0.0332217
0.037742
0.0423625
0.0470463
0.0517406
0.0564
0.0610082
0.0655689
0.0700897
0.0745828
0.0790715
0.0835778
0.0881047
0.0926407
0.0971831
0.101753
0.106386
0.111105
0.115912
0.120791
0.125719
0.130667
0.135605
0.140512
0.145375
0.15019
0.154955
0.159655
0.164269
0.168771
0.173142
0.177364
0.181424
0.185306
0.189003
0.192529
0.195919
0.199206
0.202401
0.20549
0.208446
0.211259
0.213944
0.216515
0.218958
0.221254
0.223422
0.225517
0.227591
0.229667
0.231758
0.233894
0.236107
0.238408
0.24078
0.243187
0.245595
0.247973
0.250284
0.252479
0.254516
0.256368
0.258028
0.25948
0.260702
0.261679
0.262412
0.262905
0.263153
0.263133
0.262815
0.262195
0.261312
0.260083
0.258522
-0.0131771
-0.0152902
-0.0168184
-0.0179112
-0.0186776
-0.0190963
-0.0191885
-0.018978
-0.0184768
-0.0176836
-0.016594
-0.0152066
-0.0135215
-0.011542
-0.00927443
-0.00672624
-0.00391224
-0.000854308
0.00242423
0.00589818
0.00955015
0.0133724
0.0173569
0.0215012
0.0258056
0.0302516
0.034806
0.0394398
0.0441201
0.0488021
0.0534525
0.0580679
0.0626604
0.0672381
0.0718071
0.0763813
0.0809758
0.0855928
0.0902271
0.0948869
0.0996047
0.104422
0.109361
0.114416
0.119559
0.124754
0.129968
0.135174
0.140355
0.145497
0.150591
0.155622
0.160568
0.165401
0.170094
0.174625
0.178978
0.183138
0.187095
0.190852
0.194441
0.197911
0.201302
0.204628
0.207879
0.211039
0.214109
0.217104
0.220023
0.222826
0.225471
0.22796
0.230333
0.232628
0.234861
0.237057
0.239268
0.241549
0.24392
0.246367
0.248858
0.251365
0.253856
0.256285
0.258601
0.260758
0.262732
0.264508
0.266067
0.267384
0.268449
0.269264
0.26984
0.270171
0.270236
0.270006
0.269468
0.268655
0.267471
0.265941
-0.0180289
-0.0201276
-0.0216387
-0.0227123
-0.0234573
-0.0238514
-0.023915
-0.0236687
-0.0231224
-0.0222749
-0.0211235
-0.0196692
-0.0179133
-0.0158589
-0.0135124
-0.0108815
-0.00798271
-0.00483978
-0.00147587
0.00208598
0.0058302
0.0097485
0.0138293
0.0180643
0.0224464
0.0269501
0.0315387
0.0361859
0.0408662
0.0455452
0.0502014
0.0548428
0.0594877
0.0641426
0.0688068
0.0734875
0.0781962
0.0829376
0.0877132
0.0925392
0.0974519
0.10249
0.107669
0.112971
0.118359
0.123791
0.12924
0.134685
0.140114
0.145511
0.150858
0.156129
0.161295
0.166329
0.171209
0.175916
0.180434
0.184748
0.188845
0.192729
0.196439
0.200029
0.203544
0.207003
0.210411
0.213772
0.217103
0.220423
0.223713
0.226908
0.22994
0.232793
0.235488
0.238041
0.240462
0.24279
0.245094
0.247442
0.249864
0.252349
0.254879
0.257432
0.259981
0.262478
0.264873
0.267122
0.269201
0.271087
0.272753
0.274173
0.275339
0.276258
0.276942
0.277387
0.277567
0.277447
0.277005
0.276264
0.275124
0.273614
-0.0231609
-0.0252698
-0.0267884
-0.0278589
-0.0285879
-0.0289523
-0.0289731
-0.0286727
-0.0280646
-0.0271523
-0.0259367
-0.0244201
-0.0226031
-0.0204867
-0.018076
-0.0153783
-0.0124102
-0.00919505
-0.00575369
-0.00210684
0.00173021
0.00574611
0.00992316
0.0142457
0.0187003
0.0232568
0.0278784
0.0325438
0.0372371
0.041934
0.0466224
0.0513178
0.0560422
0.0608003
0.0655867
0.0704056
0.0752687
0.0801836
0.085156
0.0902038
0.0953594
0.100652
0.106085
0.111631
0.117246
0.122896
0.128559
0.134223
0.139876
0.145497
0.151055
0.156518
0.161858
0.16706
0.172113
0.177009
0.181731
0.186257
0.190564
0.194652
0.198554
0.202319
0.205991
0.209601
0.213172
0.216732
0.220319
0.223952
0.2276
0.231176
0.234598
0.237828
0.240868
0.243712
0.246361
0.248854
0.251275
0.253695
0.256148
0.258636
0.261159
0.263713
0.266279
0.268811
0.27126
0.273589
0.275768
0.27777
0.27956
0.281109
0.282408
0.283464
0.284289
0.284875
0.285191
0.285191
0.284844
0.284166
0.283053
0.281546
-0.0286409
-0.0307872
-0.0323374
-0.0334135
-0.0341234
-0.0344473
-0.0344119
-0.0340465
-0.0333711
-0.0323931
-0.0311149
-0.0295377
-0.027659
-0.0254781
-0.0229995
-0.0202315
-0.0171914
-0.0139013
-0.0103802
-0.00664849
-0.00272304
0.00138103
0.00564056
0.0100346
0.0145473
0.0191492
0.0238063
0.0285035
0.0332326
0.0379766
0.0427287
0.0475083
0.0523393
0.0572264
0.0621641
0.0671575
0.0722207
0.0773623
0.0825866
0.0879062
0.0933446
0.0989192
0.104621
0.110415
0.116261
0.122129
0.128007
0.133885
0.139746
0.145557
0.151279
0.156878
0.162337
0.167662
0.172865
0.177945
0.182889
0.187663
0.192231
0.196584
0.200743
0.204745
0.208631
0.212435
0.216198
0.219973
0.22381
0.227732
0.231699
0.235619
0.239403
0.243005
0.246402
0.249562
0.252467
0.255155
0.257708
0.260199
0.262667
0.265132
0.267621
0.270154
0.272721
0.275281
0.277787
0.280201
0.282492
0.284626
0.286564
0.288271
0.289733
0.290954
0.291938
0.292674
0.293125
0.293237
0.292973
0.292344
0.291242
0.289721
-0.0344786
-0.0366861
-0.0382846
-0.0393719
-0.0400634
-0.0403469
-0.0402587
-0.0398354
-0.0391002
-0.0380605
-0.0367166
-0.0350671
-0.0331087
-0.0308418
-0.028274
-0.0254172
-0.0222906
-0.018916
-0.0153119
-0.0114997
-0.00749866
-0.00332569
0.00099429
0.00543969
0.00999692
0.0146414
0.0193438
0.0240926
0.0288834
0.0337017
0.0385431
0.0434298
0.0483886
0.0534273
0.0585444
0.0637486
0.0690557
0.0744712
0.0799917
0.0856192
0.0913664
0.0972404
0.103225
0.109282
0.115374
0.121478
0.127585
0.133682
0.139741
0.145716
0.151562
0.157252
0.16279
0.168205
0.173529
0.178777
0.183931
0.188955
0.193805
0.198462
0.202936
0.207251
0.211429
0.215502
0.219518
0.223541
0.22763
0.231814
0.236054
0.240266
0.24437
0.248317
0.25206
0.255537
0.258709
0.261602
0.264294
0.266859
0.269343
0.271791
0.274255
0.276779
0.279362
0.281967
0.284547
0.287064
0.289484
0.291768
0.293871
0.295752
0.297389
0.298778
0.299917
0.300788
0.301353
0.301556
0.301356
0.300761
0.299658
0.298109
-0.0406158
-0.0429031
-0.0445599
-0.0456676
-0.0463538
-0.0466154
-0.0464953
-0.0460321
-0.045247
-0.0441438
-0.0427205
-0.0409766
-0.0389122
-0.0365336
-0.0338549
-0.0308924
-0.0276677
-0.024203
-0.0205174
-0.0166346
-0.0125751
-0.00835468
-0.00399547
0.000484973
0.00507881
0.00976761
0.0145259
0.019343
0.0242133
0.0291224
0.0340681
0.0390771
0.0441819
0.0493962
0.0547231
0.0601736
0.065761
0.0714829
0.0773234
0.0832725
0.0893339
0.09551
0.101782
0.108112
0.114465
0.120821
0.127168
0.133488
0.13974
0.14587
0.151832
0.157609
0.163226
0.168732
0.174174
0.179571
0.184913
0.190164
0.195289
0.200271
0.205113
0.209816
0.214378
0.21881
0.223152
0.227466
0.231816
0.236235
0.240698
0.245144
0.249513
0.253757
0.25781
0.261582
0.26501
0.268112
0.270959
0.273622
0.276159
0.278634
0.281122
0.283678
0.28631
0.288985
0.291659
0.294294
0.296855
0.299295
0.301562
0.30361
0.305409
0.306947
0.30822
0.309206
0.309862
0.310134
0.309978
0.309399
0.30828
0.306688
-0.0469596
-0.0493419
-0.0510618
-0.0522029
-0.0529054
-0.0531705
-0.0530402
-0.0525489
-0.0517139
-0.0505374
-0.0490193
-0.0471644
-0.0449806
-0.0424815
-0.0396867
-0.0366154
-0.0332908
-0.0297368
-0.0259755
-0.022033
-0.0179307
-0.0136812
-0.00929982
-0.0047965
-0.000171583
0.0045618
0.0093802
0.0142719
0.019229
0.024237
0.0292978
0.0344461
0.0397221
0.0451437
0.0507147
0.0564424
0.0623322
0.0683699
0.0745277
0.0807865
0.0871463
0.0936099
0.10016
0.106759
0.113373
0.119978
0.126564
0.133106
0.139558
0.145861
0.151973
0.157887
0.163638
0.169285
0.174875
0.180428
0.18594
0.191392
0.196773
0.202084
0.207324
0.21247
0.217486
0.22235
0.227077
0.231719
0.236335
0.240967
0.245612
0.250238
0.254812
0.259295
0.263606
0.267635
0.27131
0.274639
0.277682
0.280506
0.28317
0.285748
0.288327
0.290968
0.293684
0.296446
0.29922
0.301972
0.304664
0.307246
0.309658
0.311846
0.313776
0.315435
0.316815
0.317895
0.318627
0.318953
0.318826
0.318246
0.317094
0.315442
-0.0534333
-0.0559207
-0.057703
-0.0588867
-0.0596202
-0.0599015
-0.0597657
-0.0592427
-0.0583496
-0.0570928
-0.0554785
-0.0535191
-0.0512285
-0.0486241
-0.0457263
-0.0425549
-0.0391352
-0.0354966
-0.0316669
-0.027676
-0.023545
-0.0192812
-0.0148914
-0.0103751
-0.00572432
-0.000948708
0.00392843
0.00889465
0.0139421
0.0190585
0.0242525
0.0295678
0.0350504
0.0407174
0.0465653
0.0525906
0.0587866
0.0651285
0.071581
0.0781228
0.0847555
0.0914844
0.0982929
0.105143
0.111995
0.11883
0.125636
0.132391
0.139053
0.145566
0.151894
0.158031
0.164015
0.169892
0.175699
0.181447
0.187138
0.192781
0.198401
0.204026
0.209661
0.215261
0.220751
0.226073
0.231215
0.236205
0.241096
0.245935
0.250738
0.255507
0.260239
0.264908
0.269431
0.273693
0.277622
0.281221
0.284533
0.287606
0.290487
0.29325
0.295984
0.298754
0.301576
0.304431
0.307296
0.310143
0.312937
0.315624
0.318141
0.320429
0.322452
0.324198
0.32566
0.326814
0.327608
0.327976
0.327866
0.327275
0.326077
0.324353
-0.0600124
-0.0626063
-0.0644432
-0.0656667
-0.0664282
-0.0667167
-0.066562
-0.0659953
-0.0650403
-0.0637116
-0.0620226
-0.0599889
-0.0576242
-0.0549427
-0.0519623
-0.048703
-0.0451964
-0.0414813
-0.037594
-0.0335677
-0.0294208
-0.0251535
-0.0207626
-0.0162368
-0.0115608
-0.0067427
-0.00180682
0.00323563
0.00838123
0.013624
0.0189806
0.0245013
0.0302327
0.0361828
0.0423332
0.0486656
0.0551612
0.0617894
0.0685143
0.0753181
0.0822061
0.0891835
0.0962295
0.1033
0.110356
0.11738
0.124371
0.131321
0.138197
0.144956
0.151563
0.158013
0.164329
0.17054
0.176656
0.182674
0.188595
0.194452
0.200306
0.206222
0.212215
0.218225
0.224152
0.229911
0.235462
0.240813
0.245999
0.251059
0.256026
0.260929
0.265796
0.270621
0.275333
0.279829
0.284041
0.287968
0.291627
0.295034
0.298213
0.301227
0.304162
0.307088
0.310026
0.312971
0.315907
0.318816
0.321666
0.324407
0.326977
0.32932
0.331399
0.333203
0.334724
0.335934
0.336772
0.337166
0.337063
0.336455
0.335209
0.333406
-0.0667355
-0.0694284
-0.0713087
-0.0725591
-0.0733305
-0.0736047
-0.0734132
-0.072797
-0.0717903
-0.0704153
-0.0686875
-0.0666187
-0.0642145
-0.061482
-0.0584365
-0.0551022
-0.0515207
-0.0477425
-0.0438117
-0.0397622
-0.0356063
-0.0313352
-0.0269371
-0.0223932
-0.0176836
-0.0128166
-0.00781706
-0.00269104
0.002568
0.0079644
0.0135221
0.0192931
0.0253163
0.0315831
0.0380555
0.0447001
0.0514915
0.0583989
0.0653914
0.0724554
0.0795968
0.0868149
0.0940793
0.101339
0.108556
0.115725
0.122864
0.129984
0.137069
0.144087
0.151008
0.157823
0.164541
0.171168
0.177687
0.184072
0.190311
0.196444
0.202558
0.208743
0.215032
0.221372
0.227658
0.233799
0.239737
0.245458
0.250968
0.25629
0.261453
0.266509
0.271518
0.2765
0.281408
0.286157
0.290691
0.294996
0.299059
0.302858
0.306387
0.309694
0.312862
0.315958
0.319014
0.322034
0.325014
0.327944
0.330801
0.333544
0.33612
0.338477
0.340582
0.342423
0.343988
0.34524
0.34611
0.346522
0.346419
0.345791
0.3445
0.342616
-0.0736951
-0.0764782
-0.0783964
-0.0796613
-0.0804239
-0.0806662
-0.0804305
-0.0797719
-0.0787355
-0.077346
-0.075614
-0.0735409
-0.0711212
-0.0683545
-0.0652571
-0.0618617
-0.0582212
-0.0543955
-0.0504321
-0.0463618
-0.0421895
-0.0378984
-0.033472
-0.0288899
-0.0241315
-0.0192053
-0.0141327
-0.00890892
-0.00351209
0.0020743
0.00787835
0.0139464
0.0203015
0.0269124
0.0337209
0.0406832
0.0477739
0.0549682
0.0622404
0.069578
0.076981
0.0844375
0.0919057
0.0993303
0.106681
0.11397
0.121241
0.128521
0.135809
0.14308
0.15031
0.157491
0.164625
0.171707
0.178698
0.185544
0.192206
0.198707
0.205131
0.211582
0.218113
0.224697
0.231255
0.237712
0.244009
0.250105
0.255974
0.261604
0.267015
0.272271
0.277457
0.282627
0.287756
0.292785
0.297668
0.302377
0.306867
0.311079
0.314983
0.31861
0.322029
0.325306
0.328475
0.331549
0.33454
0.337449
0.340269
0.342973
0.345521
0.347865
0.349977
0.351843
0.353447
0.354741
0.355646
0.356079
0.355981
0.355338
0.354003
0.352031
-0.0810127
-0.0838864
-0.0858507
-0.0871278
-0.0878741
-0.0880816
-0.0878086
-0.0871255
-0.086084
-0.084706
-0.0829917
-0.0809296
-0.0785038
-0.0757107
-0.0725711
-0.0691275
-0.0654422
-0.0615789
-0.0575828
-0.05348
-0.0492694
-0.0449302
-0.0404472
-0.0358027
-0.030978
-0.0259786
-0.0208167
-0.0154703
-0.00989946
-0.00407794
0.0020198
0.00842616
0.0151419
0.0221119
0.0292613
0.0365431
0.0439387
0.0514321
0.0590006
0.0666264
0.0742982
0.0819919
0.0896587
0.0972461
0.104737
0.112165
0.11959
0.127054
0.134557
0.142075
0.149589
0.1571
0.16462
0.172145
0.17963
0.186997
0.194172
0.201136
0.207942
0.214686
0.221438
0.22821
0.234974
0.24169
0.248311
0.254778
0.261026
0.267007
0.272723
0.278243
0.28367
0.289076
0.294463
0.299793
0.305029
0.310136
0.315045
0.319668
0.323952
0.327908
0.331591
0.335052
0.338325
0.341434
0.344405
0.347263
0.35002
0.352666
0.355171
0.357495
0.359608
0.361499
0.363146
0.364492
0.365445
0.365911
0.365824
0.365167
0.363784
0.361713
-0.0887981
-0.0917752
-0.0938055
-0.0951044
-0.0958408
-0.0960252
-0.095734
-0.0950486
-0.0940224
-0.0926702
-0.0909794
-0.0889267
-0.0864906
-0.0836697
-0.0804922
-0.0770087
-0.0732862
-0.0693864
-0.0653485
-0.0611935
-0.0569176
-0.0525011
-0.0479343
-0.0432046
-0.038293
-0.0331981
-0.0279173
-0.0224091
-0.0166178
-0.010514
-0.00408341
0.00268586
0.00977084
0.0170964
0.0245788
0.0321746
0.0398762
0.0476751
0.0555468
0.0634637
0.0714017
0.0793292
0.0871997
0.0949725
0.102647
0.110275
0.117923
0.125632
0.133394
0.14118
0.148974
0.156785
0.164647
0.172572
0.180524
0.188416
0.19614
0.203629
0.210888
0.217981
0.224982
0.231939
0.23888
0.245816
0.252723
0.259534
0.266158
0.272519
0.278598
0.284457
0.290202
0.295907
0.301587
0.307222
0.312796
0.318272
0.323571
0.328583
0.333236
0.337519
0.341464
0.345107
0.348479
0.351616
0.354561
0.357364
0.36006
0.362657
0.365131
0.367446
0.369575
0.371504
0.373206
0.374613
0.375617
0.376113
0.37603
0.375347
0.373899
0.371709
-0.0971058
-0.100205
-0.102321
-0.103657
-0.104401
-0.104585
-0.104302
-0.103636
-0.102637
-0.101309
-0.0996293
-0.0975678
-0.0951047
-0.0922466
-0.0890308
-0.0855125
-0.0817573
-0.0778203
-0.073732
-0.0695084
-0.0651458
-0.0606289
-0.0559553
-0.051117
-0.0460913
-0.0408661
-0.035423
-0.029704
-0.0236446
-0.0172208
-0.0104361
-0.00330086
0.00414246
0.0118067
0.0196069
0.0275078
0.0355111
0.0436109
0.051776
0.0599675
0.0681537
0.0763051
0.0843889
0.092384
0.100307
0.108216
0.116177
0.124217
0.132316
0.140434
0.148552
0.156686
0.164878
0.173161
0.181517
0.18987
0.198105
0.20612
0.213873
0.221381
0.228697
0.235885
0.243017
0.250153
0.257306
0.264424
0.27141
0.27817
0.28467
0.290949
0.29709
0.303154
0.309154
0.315091
0.320972
0.326776
0.332421
0.337787
0.342784
0.347376
0.351571
0.355393
0.358873
0.362058
0.365008
0.367791
0.370462
0.373042
0.375515
0.377848
0.380015
0.381999
0.383765
0.385228
0.386268
0.38677
0.38666
0.385918
0.384374
0.382038
-0.105914
-0.109148
-0.111361
-0.11275
-0.113525
-0.113739
-0.113488
-0.112855
-0.111879
-0.110556
-0.108857
-0.106756
-0.104244
-0.101339
-0.0980876
-0.0945443
-0.0907665
-0.0867975
-0.0826578
-0.0783587
-0.0738977
-0.069265
-0.0644652
-0.059493
-0.0543195
-0.0489207
-0.0432657
-0.0372869
-0.0309198
-0.0241529
-0.0170094
-0.00951769
-0.00173247
0.00625485
0.0143623
0.0225615
0.0308581
0.0392427
0.0476748
0.0561082
0.0645127
0.072873
0.0811791
0.0894327
0.0976634
0.105928
0.114278
0.122729
0.131248
0.13979
0.148328
0.156867
0.165436
0.174065
0.182753
0.191458
0.200095
0.208567
0.216804
0.224775
0.232485
0.239981
0.247354
0.254703
0.262085
0.269485
0.276825
0.284011
0.290986
0.297756
0.304362
0.310829
0.317168
0.323398
0.329555
0.335641
0.341581
0.347253
0.352555
0.357431
0.36187
0.365886
0.369511
0.372797
0.375815
0.378644
0.381348
0.383959
0.386468
0.388843
0.391058
0.393096
0.394909
0.3964
0.397437
0.397901
0.39772
0.396881
0.39521
0.392701
-0.115148
-0.118521
-0.12083
-0.122284
-0.123118
-0.123387
-0.123184
-0.12258
-0.121604
-0.120249
-0.118492
-0.116323
-0.113748
-0.1108
-0.107527
-0.103977
-0.100194
-0.0962053
-0.0920203
-0.0876468
-0.0830844
-0.0783282
-0.0733871
-0.0682559
-0.0628984
-0.057281
-0.0513658
-0.0450843
-0.0383796
-0.0312563
-0.0237543
-0.0159139
-0.00779448
0.000512158
0.008926
0.0174205
0.0259993
0.0346462
0.043314
0.0519568
0.0605557
0.0691171
0.077657
0.0861976
0.094774
0.103433
0.112211
0.121111
0.130102
0.139146
0.148206
0.157262
0.166299
0.175307
0.184286
0.193237
0.202143
0.210959
0.219623
0.228066
0.236233
0.244124
0.251817
0.25943
0.267067
0.274762
0.282472
0.290112
0.297605
0.304912
0.312021
0.318918
0.325604
0.332118
0.338524
0.344848
0.35103
0.356957
0.362526
0.367672
0.372373
0.376629
0.380467
0.383935
0.387103
0.390052
0.392853
0.395541
0.398109
0.400527
0.402772
0.404824
0.406635
0.408099
0.40908
0.409458
0.409168
0.408202
0.406381
0.403681
-0.124735
-0.128246
-0.130643
-0.132176
-0.133089
-0.133427
-0.133266
-0.132667
-0.131658
-0.130234
-0.128394
-0.126147
-0.123519
-0.120547
-0.117277
-0.113744
-0.109973
-0.105976
-0.101755
-0.0973124
-0.0926515
-0.0877693
-0.0826749
-0.0773592
-0.0717799
-0.0658987
-0.059679
-0.0530588
-0.0459937
-0.0385036
-0.030641
-0.022451
-0.0139932
-0.00536017
0.00336583
0.0121545
0.0210048
0.0298957
0.0387806
0.0476222
0.0564184
0.0651964
0.0739933
0.0828444
0.0917846
0.100846
0.110048
0.119386
0.128846
0.138407
0.148041
0.157698
0.167295
0.176754
0.186044
0.195198
0.204281
0.213337
0.222349
0.231236
0.239887
0.248244
0.256346
0.264313
0.272278
0.280319
0.288432
0.296546
0.304568
0.31242
0.320038
0.32737
0.334405
0.341195
0.347829
0.354356
0.360738
0.366883
0.372701
0.37813
0.383136
0.387706
0.391845
0.395585
0.398984
0.402116
0.405056
0.407841
0.410464
0.412896
0.415121
0.417127
0.418868
0.420242
0.421115
0.42137
0.420948
0.419841
0.417864
0.414968
-0.134659
-0.138302
-0.140787
-0.142407
-0.143408
-0.143811
-0.143674
-0.143056
-0.141988
-0.140485
-0.138565
-0.136259
-0.133605
-0.130638
-0.127394
-0.12389
-0.120138
-0.11614
-0.111886
-0.10738
-0.102622
-0.0976081
-0.0923422
-0.0868104
-0.0809669
-0.0747771
-0.068214
-0.0612278
-0.0537865
-0.045922
-0.0376938
-0.0291474
-0.0203421
-0.0113738
-0.00233101
0.00675
0.0158648
0.0249938
0.0340996
0.0431605
0.052191
0.0612311
0.0703264
0.0795175
0.0888369
0.098304
0.107918
0.117669
0.12755
0.137576
0.147747
0.158002
0.168204
0.178191
0.187872
0.197279
0.206538
0.215787
0.225082
0.23436
0.243486
0.252351
0.260948
0.269373
0.277763
0.286219
0.294764
0.303345
0.31187
0.320236
0.328343
0.336103
0.343488
0.350555
0.357409
0.364122
0.370687
0.377045
0.383128
0.388881
0.394256
0.399215
0.403737
0.407821
0.411505
0.414854
0.417942
0.420808
0.423448
0.425841
0.427984
0.429881
0.431499
0.432743
0.433482
0.433602
0.433042
0.431797
0.429669
0.426583
-0.144971
-0.148745
-0.151324
-0.153039
-0.154128
-0.154587
-0.154464
-0.153818
-0.152696
-0.151135
-0.149168
-0.146839
-0.144187
-0.141245
-0.138034
-0.134556
-0.130815
-0.126806
-0.122514
-0.117937
-0.11307
-0.107902
-0.102431
-0.0966414
-0.090489
-0.0839507
-0.0770158
-0.0696477
-0.0618231
-0.05358
-0.0449808
-0.0360712
-0.0269129
-0.0176088
-0.00825477
0.00111081
0.0104859
0.0198588
0.029207
0.0385287
0.0478524
0.0572197
0.0666712
0.0762457
0.0859775
0.0958807
0.105935
0.116103
0.126373
0.13678
0.147371
0.158121
0.168883
0.179434
0.189609
0.19939
0.208918
0.218392
0.227944
0.237566
0.247135
0.256524
0.265682
0.27466
0.283563
0.292488
0.301472
0.310488
0.319463
0.328295
0.336858
0.345035
0.352776
0.360132
0.367218
0.37413
0.380899
0.387503
0.393898
0.400029
0.405831
0.411235
0.416185
0.420647
0.424633
0.428197
0.43141
0.434316
0.43692
0.439219
0.441234
0.442989
0.444466
0.445575
0.446185
0.44618
0.445495
0.444123
0.441854
0.438586
-0.155768
-0.159674
-0.162365
-0.164186
-0.165366
-0.165883
-0.165782
-0.16513
-0.163988
-0.162409
-0.160437
-0.158116
-0.155482
-0.15256
-0.149365
-0.145891
-0.142133
-0.138085
-0.133727
-0.129051
-0.124041
-0.118677
-0.112954
-0.10686
-0.100359
-0.0934445
-0.0861223
-0.0783658
-0.070155
-0.0615304
-0.0525565
-0.043282
-0.033776
-0.0241511
-0.0145061
-0.0048721
0.00476027
0.01439
0.024009
0.0336343
0.0433073
0.0530654
0.0629332
0.0729421
0.0831352
0.0935356
0.104107
0.114765
0.12545
0.136188
0.147072
0.158156
0.16935
0.180429
0.191163
0.201453
0.211391
0.221182
0.231018
0.240963
0.250951
0.260866
0.270624
0.280214
0.289684
0.2991
0.308508
0.317914
0.327283
0.336531
0.34552
0.354107
0.362219
0.369893
0.377251
0.384411
0.391439
0.398348
0.405109
0.411662
0.41792
0.423786
0.429167
0.433998
0.438267
0.442018
0.445321
0.448231
0.450767
0.452951
0.454829
0.456449
0.457802
0.4588
0.459305
0.459196
0.458402
0.456914
0.454508
0.451058
-0.167153
-0.171202
-0.174029
-0.175972
-0.177253
-0.177842
-0.177787
-0.177163
-0.176042
-0.174482
-0.172531
-0.17023
-0.167605
-0.164678
-0.16146
-0.157946
-0.154127
-0.149995
-0.145525
-0.1407
-0.135497
-0.129885
-0.123862
-0.117422
-0.110546
-0.10324
-0.0955232
-0.0873741
-0.0787725
-0.0697621
-0.0604136
-0.0507823
-0.0409465
-0.0310274
-0.0211198
-0.0112342
-0.00134049
0.00856838
0.0184875
0.0284461
0.0385013
0.0486901
0.0590177
0.0695004
0.0801928
0.0911431
0.102316
0.113575
0.124774
0.135877
0.146996
0.15828
0.169753
0.18126
0.192547
0.203429
0.213901
0.224125
0.234314
0.244605
0.255009
0.265447
0.275813
0.286031
0.296078
0.305982
0.31579
0.325551
0.335276
0.344906
0.354303
0.363301
0.371808
0.379851
0.387549
0.395034
0.402396
0.409667
0.416829
0.423814
0.430519
0.436823
0.442604
0.447768
0.452284
0.456192
0.459568
0.462479
0.464962
0.467061
0.468845
0.470374
0.471643
0.47256
0.472982
0.472779
0.471877
0.470264
0.467709
0.464063
-0.179205
-0.18341
-0.186393
-0.18847
-0.189863
-0.190534
-0.190543
-0.189976
-0.188902
-0.187378
-0.18545
-0.183155
-0.180511
-0.177537
-0.174247
-0.17064
-0.166712
-0.162446
-0.157812
-0.152787
-0.147338
-0.14143
-0.135065
-0.128252
-0.120983
-0.113278
-0.105162
-0.0966138
-0.087613
-0.0782126
-0.0684956
-0.0585243
-0.0483817
-0.0381928
-0.028041
-0.0179058
-0.00772877
0.00249814
0.012753
0.0230633
0.0335069
0.0441364
0.0549435
0.0659169
0.0771098
0.088605
0.100398
0.112329
0.124155
0.135739
0.147152
0.158606
0.17026
0.182078
0.193845
0.205319
0.216395
0.227153
0.237788
0.248486
0.259328
0.270283
0.281237
0.292061
0.302668
0.313045
0.323245
0.333351
0.34342
0.35342
0.363217
0.37264
0.381582
0.39006
0.398182
0.406077
0.413839
0.421508
0.429071
0.436461
0.44357
0.450264
0.456398
0.461858
0.466599
0.470662
0.474133
0.477089
0.479582
0.481669
0.483428
0.484922
0.486144
0.486998
0.487336
0.487026
0.485992
0.484228
0.481492
0.477621
-0.191948
-0.196319
-0.199461
-0.201667
-0.203163
-0.203914
-0.203989
-0.20348
-0.202456
-0.200965
-0.199043
-0.196724
-0.194026
-0.190968
-0.187567
-0.183829
-0.179752
-0.175317
-0.17048
-0.16521
-0.15947
-0.153227
-0.146493
-0.13929
-0.13162
-0.12351
-0.114988
-0.106032
-0.096623
-0.0868309
-0.0767572
-0.0664666
-0.0560346
-0.0455818
-0.0351793
-0.0247721
-0.014268
-0.00366368
0.00697979
0.0176663
0.0284973
0.0395647
0.0508622
0.0623355
0.074002
0.085966
0.098287
0.11084
0.123337
0.135525
0.147377
0.159096
0.170934
0.182991
0.195143
0.207154
0.218845
0.230208
0.241387
0.252571
0.26389
0.275352
0.286855
0.298241
0.309382
0.32023
0.330834
0.341302
0.351724
0.362097
0.372303
0.382176
0.391606
0.400592
0.409216
0.417587
0.425787
0.433859
0.441795
0.449542
0.456999
0.46403
0.470481
0.476222
0.481202
0.485463
0.489096
0.492182
0.494774
0.496929
0.498723
0.500219
0.501403
0.502179
0.502404
0.501949
0.500741
0.498784
0.495831
0.491702
-0.205355
-0.209885
-0.213165
-0.215469
-0.217044
-0.217859
-0.217986
-0.217522
-0.216535
-0.21506
-0.213122
-0.210754
-0.207979
-0.204821
-0.2013
-0.197422
-0.193184
-0.18856
-0.183495
-0.177946
-0.17188
-0.165272
-0.158149
-0.150546
-0.142469
-0.133945
-0.125008
-0.115634
-0.105811
-0.0956306
-0.0852155
-0.074626
-0.0639121
-0.0531794
-0.0424929
-0.0317721
-0.0208875
-0.00983586
0.00126963
0.0123832
0.0236212
0.0351362
0.046949
0.0589535
0.0710828
0.0834191
0.0960958
0.109096
0.122175
0.135013
0.14745
0.159596
0.171717
0.184016
0.196493
0.208976
0.221268
0.233284
0.245088
0.256834
0.268662
0.280619
0.292629
0.304538
0.316195
0.327525
0.338562
0.349421
0.360217
0.370978
0.381614
0.391976
0.401948
0.411501
0.42068
0.429558
0.438203
0.446658
0.454931
0.462989
0.470749
0.478085
0.484841
0.490882
0.496153
0.500693
0.504585
0.507896
0.510668
0.512946
0.514802
0.516294
0.517411
0.518064
0.518123
0.517474
0.516052
0.513867
0.510669
0.506264
-0.219365
-0.22403
-0.227414
-0.229784
-0.231409
-0.232271
-0.232439
-0.232005
-0.231036
-0.229562
-0.2276
-0.225179
-0.222331
-0.219086
-0.215464
-0.211462
-0.207066
-0.20224
-0.196921
-0.191063
-0.184638
-0.177638
-0.170109
-0.162094
-0.153597
-0.144646
-0.135279
-0.12548
-0.115244
-0.104682
-0.0939423
-0.0830735
-0.0720795
-0.0610375
-0.0500187
-0.0389395
-0.0276335
-0.016078
-0.00443163
0.00718736
0.0188837
0.0308766
0.0432447
0.0558425
0.0684822
0.081158
0.0940462
0.10728
0.120754
0.134167
0.147249
0.159964
0.172504
0.185119
0.197925
0.210854
0.223736
0.236429
0.24891
0.261263
0.27362
0.286058
0.298544
0.310951
0.32312
0.33495
0.34645
0.357732
0.368931
0.380109
0.391207
0.402097
0.412652
0.422806
0.432558
0.441946
0.451024
0.45984
0.468422
0.476763
0.484809
0.492449
0.499534
0.505926
0.511564
0.516471
0.520707
0.524313
0.527306
0.52972
0.531621
0.533069
0.534066
0.534541
0.534389
0.533512
0.531852
0.529427
0.52598
0.521304
-0.23393
-0.238708
-0.242173
-0.244597
-0.246266
-0.247171
-0.247379
-0.246973
-0.246013
-0.244534
-0.242554
-0.2401
-0.237204
-0.233899
-0.2302
-0.226089
-0.221531
-0.216479
-0.210868
-0.20466
-0.197841
-0.19042
-0.182458
-0.174008
-0.165069
-0.155666
-0.145851
-0.135625
-0.124983
-0.114052
-0.103001
-0.0918684
-0.0805951
-0.0692135
-0.0578127
-0.0463389
-0.0346
-0.0225239
-0.0102823
0.00192522
0.0141486
0.0266513
0.0395966
0.0528437
0.0660879
0.0791809
0.0922705
0.105619
0.119312
0.133156
0.146838
0.160179
0.173249
0.186282
0.199477
0.212872
0.226346
0.239722
0.252889
0.26586
0.278745
0.291652
0.304601
0.317496
0.330181
0.342525
0.354514
0.366253
0.377895
0.389531
0.401133
0.41258
0.423735
0.434493
0.444811
0.454699
0.4642
0.473369
0.482254
0.49088
0.499224
0.5072
0.514665
0.521475
0.52755
0.532888
0.537511
0.54143
0.544637
0.547158
0.549061
0.55042
0.551254
0.551523
0.551145
0.550038
0.548148
0.545495
0.541817
0.536887
-0.249071
-0.253954
-0.257512
-0.260012
-0.261748
-0.262708
-0.262966
-0.262595
-0.26165
-0.260168
-0.258178
-0.255709
-0.252786
-0.249435
-0.245661
-0.241426
-0.236677
-0.231355
-0.225398
-0.218788
-0.21153
-0.20365
-0.19522
-0.1863
-0.176888
-0.167004
-0.156725
-0.146076
-0.135048
-0.123757
-0.112395
-0.100997
-0.0894427
-0.0776978
-0.0658699
-0.0539703
-0.0418091
-0.0292399
-0.016395
-0.00354023
0.00927266
0.0222963
0.0357846
0.0496663
0.0635817
0.0772332
0.0906636
0.104182
0.11804
0.132201
0.146386
0.16033
0.173986
0.18753
0.201199
0.215107
0.229179
0.243218
0.257045
0.270614
0.284017
0.297391
0.310801
0.324186
0.337388
0.350257
0.36276
0.375
0.387139
0.399285
0.411424
0.423444
0.43519
0.446534
0.457403
0.467786
0.477717
0.487253
0.496463
0.505402
0.514085
0.522447
0.530349
0.537632
0.544186
0.549972
0.554976
0.559178
0.56256
0.565148
0.567023
0.568273
0.568944
0.569022
0.568447
0.567142
0.56505
0.562195
0.558306
0.553132
-0.264871
-0.269884
-0.273576
-0.276202
-0.278046
-0.279084
-0.279399
-0.279067
-0.278141
-0.276654
-0.274646
-0.272153
-0.269196
-0.265782
-0.261898
-0.257491
-0.252494
-0.246842
-0.240481
-0.233414
-0.225673
-0.217293
-0.208354
-0.19893
-0.189017
-0.178634
-0.167882
-0.156819
-0.145425
-0.133781
-0.122083
-0.110393
-0.0985429
-0.0864176
-0.0741212
-0.0617521
-0.049167
-0.0361454
-0.0227268
-0.00920225
0.00424711
0.0177882
0.0317323
0.0461347
0.0606814
0.0749836
0.0889434
0.102815
0.116932
0.131398
0.146026
0.160532
0.174792
0.188916
0.203132
0.217593
0.232255
0.246915
0.261355
0.275492
0.289407
0.303254
0.317135
0.331012
0.344733
0.358144
0.371199
0.383997
0.396694
0.409396
0.422094
0.43468
0.446998
0.458905
0.470315
0.481203
0.49159
0.501532
0.511112
0.520419
0.529497
0.538297
0.546675
0.554448
0.561475
0.567682
0.573026
0.57747
0.580995
0.583639
0.585495
0.586671
0.587228
0.587171
0.58645
0.584988
0.582722
0.57968
0.57558
0.570145
-0.281432
-0.286628
-0.290511
-0.293305
-0.295292
-0.296429
-0.2968
-0.296495
-0.29557
-0.29406
-0.292006
-0.289455
-0.286423
-0.282901
-0.278853
-0.274209
-0.268896
-0.262854
-0.256041
-0.248479
-0.24022
-0.231312
-0.221837
-0.211884
-0.201462
-0.190579
-0.179352
-0.167883
-0.156141
-0.144141
-0.132064
-0.120019
-0.107839
-0.095317
-0.0825136
-0.069607
-0.0565476
-0.04308
-0.0291225
-0.0149323
-0.000809826
0.0132641
0.0275884
0.0423543
0.0573861
0.0723031
0.0868943
0.101299
0.115835
0.130692
0.145777
0.160844
0.175728
0.190478
0.205287
0.220313
0.235534
0.250761
0.265767
0.280452
0.294883
0.309221
0.323585
0.337962
0.352217
0.366201
0.379863
0.393282
0.406589
0.419876
0.433136
0.446272
0.459139
0.471598
0.483555
0.494971
0.505854
0.516255
0.526271
0.536013
0.545544
0.554817
0.563675
0.571913
0.579369
0.585946
0.591588
0.596253
0.59993
0.602669
0.604574
0.605753
0.606273
0.606143
0.605319
0.603722
0.601286
0.598041
0.593695
0.587957
-0.298812
-0.304251
-0.308372
-0.311353
-0.31349
-0.31473
-0.315146
-0.314842
-0.313888
-0.312326
-0.310196
-0.307546
-0.304392
-0.300709
-0.296442
-0.291503
-0.285822
-0.27935
-0.272059
-0.263985
-0.2552
-0.245754
-0.235728
-0.225237
-0.214315
-0.202949
-0.191251
-0.17937
-0.167283
-0.154918
-0.142409
-0.129927
-0.117354
-0.104415
-0.0910751
-0.0775516
-0.0639176
-0.049952
-0.0354677
-0.020633
-0.00581274
0.00884899
0.0235639
0.0386066
0.0539709
0.0693725
0.0845583
0.0995579
0.114627
0.129978
0.145592
0.161266
0.176813
0.192221
0.207638
0.223213
0.238955
0.254702
0.270245
0.285473
0.300435
0.315284
0.330152
0.345053
0.359876
0.374482
0.388808
0.402898
0.416847
0.430725
0.444534
0.458202
0.471607
0.484619
0.49714
0.509119
0.520549
0.531476
0.541999
0.552238
0.562259
0.572009
0.581317
0.58997
0.597802
0.604711
0.610638
0.615548
0.619437
0.622358
0.624406
0.625673
0.626217
0.626049
0.625129
0.623384
0.620748
0.617257
0.612613
0.60652
-0.31699
-0.322721
-0.327097
-0.330261
-0.332533
-0.333865
-0.334323
-0.334008
-0.333007
-0.331376
-0.329158
-0.326391
-0.323082
-0.319195
-0.314664
-0.309393
-0.303314
-0.296394
-0.28862
-0.280031
-0.270718
-0.260734
-0.250152
-0.239116
-0.227701
-0.215873
-0.203706
-0.191388
-0.17893
-0.166185
-0.1532
-0.140193
-0.127146
-0.113756
-0.0998685
-0.0856721
-0.0713571
-0.056805
-0.0417841
-0.0263464
-0.0108404
0.00447176
0.0196768
0.0350502
0.050708
0.0664893
0.0821675
0.0977153
0.113332
0.129233
0.145442
0.161777
0.178026
0.194112
0.210134
0.22624
0.242472
0.258718
0.274791
0.290571
0.306084
0.32147
0.336876
0.352342
0.367781
0.383059
0.398089
0.412873
0.427465
0.441925
0.45627
0.470462
0.484403
0.497977
0.511089
0.523676
0.535717
0.547239
0.558334
0.569111
0.579627
0.589826
0.599537
0.608561
0.61674
0.62398
0.630229
0.635452
0.639644
0.642841
0.64511
0.646515
0.647101
0.646882
0.645836
0.643902
0.641022
0.63724
0.632256
0.62578
-0.335905
-0.341943
-0.346568
-0.349913
-0.352314
-0.35374
-0.354255
-0.353954
-0.352927
-0.351241
-0.348944
-0.346061
-0.342579
-0.338456
-0.333623
-0.327988
-0.32149
-0.314111
-0.305841
-0.296725
-0.286866
-0.276334
-0.265186
-0.253585
-0.24167
-0.229391
-0.216748
-0.203944
-0.191059
-0.177904
-0.164416
-0.150819
-0.137209
-0.123317
-0.108878
-0.0939992
-0.0789442
-0.0637319
-0.0481617
-0.0321866
-0.0160681
-0.0001018
0.0156947
0.0315395
0.0475886
0.0637647
0.0798904
0.0959328
0.112072
0.128529
0.145355
0.162374
0.179333
0.196095
0.212715
0.229343
0.246064
0.262813
0.279427
0.295776
0.311864
0.327825
0.343817
0.359901
0.376005
0.391987
0.407732
0.423202
0.438423
0.453454
0.468334
0.483052
0.497538
0.511692
0.525428
0.538677
0.551394
0.563577
0.575287
0.586614
0.597608
0.608218
0.618299
0.627676
0.636216
0.643834
0.650475
0.656097
0.660674
0.664211
0.666732
0.668272
0.668871
0.668561
0.667348
0.66519
0.662037
0.657946
0.652621
0.645764
-0.355524
-0.361866
-0.366732
-0.370278
-0.372846
-0.374401
-0.375016
-0.374783
-0.373781
-0.372073
-0.369706
-0.366697
-0.363016
-0.358613
-0.35343
-0.347386
-0.34043
-0.332557
-0.323761
-0.314075
-0.303628
-0.292522
-0.280791
-0.2686
-0.256156
-0.243417
-0.230286
-0.216943
-0.203552
-0.189941
-0.17594
-0.161719
-0.147466
-0.132993
-0.117983
-0.102441
-0.0866505
-0.0707545
-0.0546309
-0.0381835
-0.0215648
-0.00502582
0.0113713
0.027784
0.0443546
0.0610339
0.0776715
0.09424
0.110918
0.12794
0.145378
0.163059
0.180697
0.198109
0.215318
0.23248
0.249713
0.266989
0.284165
0.301105
0.317802
0.334386
0.351021
0.367775
0.384575
0.401265
0.417709
0.433843
0.44968
0.465281
0.480707
0.49597
0.511022
0.525789
0.540197
0.554166
0.567616
0.5805
0.592843
0.604714
0.616166
0.627172
0.637623
0.647381
0.656335
0.664402
0.671513
0.6776
0.682606
0.686492
0.689247
0.690886
0.691459
0.691033
0.689642
0.68726
0.683844
0.679463
0.673824
0.666598
-0.375899
-0.38256
-0.387687
-0.391488
-0.394294
-0.396042
-0.396807
-0.396685
-0.395744
-0.394027
-0.39157
-0.388387
-0.384447
-0.379699
-0.374098
-0.36758
-0.360103
-0.351679
-0.342307
-0.331999
-0.320911
-0.3092
-0.296882
-0.284085
-0.271078
-0.257853
-0.244227
-0.230311
-0.216342
-0.202214
-0.187687
-0.172839
-0.157887
-0.142738
-0.12709
-0.110888
-0.0943967
-0.0778345
-0.0611558
-0.044256
-0.0272096
-0.0102001
0.0067185
0.0236797
0.0408154
0.0580853
0.0753422
0.0925425
0.109843
0.127475
0.145522
0.163822
0.182087
0.200112
0.217905
0.235621
0.253397
0.271229
0.28899
0.306551
0.323901
0.341164
0.358493
0.375949
0.393447
0.410828
0.427947
0.444729
0.461183
0.477372
0.493369
0.509207
0.524866
0.540299
0.555437
0.570179
0.584397
0.597998
0.610971
0.623381
0.635294
0.646716
0.657581
0.667785
0.677228
0.685815
0.693447
0.700023
0.705451
0.709658
0.71261
0.714322
0.714868
0.714347
0.712814
0.710249
0.706607
0.70197
0.69603
0.68842
-0.39717
-0.404214
-0.409667
-0.41378
-0.416886
-0.418875
-0.41981
-0.419794
-0.418892
-0.41713
-0.414524
-0.411089
-0.406804
-0.401633
-0.395545
-0.38849
-0.380432
-0.3714
-0.361407
-0.350446
-0.338685
-0.326353
-0.31346
-0.300071
-0.286476
-0.272733
-0.258603
-0.244109
-0.229517
-0.214805
-0.199718
-0.184243
-0.168567
-0.15266
-0.136279
-0.119375
-0.1022
-0.0849964
-0.0677535
-0.050362
-0.0328589
-0.0153955
0.00198491
0.0194235
0.0370778
0.0549404
0.0728719
0.0907935
0.108807
0.127103
0.145763
0.164647
0.18349
0.202097
0.220471
0.238758
0.2571
0.275511
0.293885
0.312104
0.330155
0.348143
0.366199
0.384358
0.402536
0.420582
0.438358
0.455791
0.472882
0.489693
0.506303
0.522767
0.539093
0.555253
0.571175
0.586723
0.60172
0.616033
0.629636
0.642598
0.655008
0.666905
0.678258
0.688987
0.698988
0.708139
0.716305
0.723355
0.729172
0.73367
0.73681
0.73862
0.739192
0.738643
0.737032
0.734331
0.730492
0.725603
0.719332
0.711281
-0.419504
-0.427032
-0.432897
-0.437355
-0.440757
-0.442976
-0.444053
-0.444088
-0.443154
-0.441271
-0.438443
-0.434684
-0.429989
-0.424339
-0.417724
-0.410104
-0.401432
-0.391754
-0.381118
-0.369501
-0.357064
-0.344103
-0.330653
-0.316695
-0.302498
-0.288186
-0.273523
-0.258453
-0.24322
-0.227862
-0.212151
-0.196024
-0.179617
-0.162916
-0.145733
-0.128065
-0.11019
-0.0923569
-0.0745415
-0.0566025
-0.03855
-0.0205411
-0.00264565
0.0152746
0.0334204
0.0518476
0.0704458
0.0891048
0.107855
0.126829
0.14609
0.165529
0.184919
0.204089
0.223038
0.241903
0.260824
0.279834
0.298851
0.317767
0.336557
0.355295
0.374075
0.392917
0.411748
0.430441
0.448875
0.466978
0.484741
0.502222
0.519508
0.536667
0.553728
0.570671
0.587405
0.60376
0.619527
0.634551
0.648804
0.662364
0.675337
0.687791
0.699717
0.711042
0.721645
0.731369
0.740051
0.747545
0.753731
0.75853
0.761907
0.76389
0.764575
0.76407
0.762426
0.759604
0.755555
0.750373
0.743704
0.735145
-0.443008
-0.451108
-0.457443
-0.462239
-0.465879
-0.468259
-0.469417
-0.469441
-0.468406
-0.466339
-0.463243
-0.459133
-0.454014
-0.447879
-0.440733
-0.432545
-0.42325
-0.412899
-0.401595
-0.38932
-0.376203
-0.362591
-0.348561
-0.334028
-0.319205
-0.304254
-0.288986
-0.273313
-0.25743
-0.241375
-0.224953
-0.20811
-0.190961
-0.173479
-0.155492
-0.137036
-0.11844
-0.099976
-0.0815955
-0.0630966
-0.0444409
-0.0257894
-0.00725714
0.011259
0.0299763
0.0490031
0.0682643
0.0876315
0.107078
0.126685
0.146509
0.166471
0.186387
0.206107
0.225625
0.245067
0.264578
0.284211
0.303903
0.323547
0.343092
0.362571
0.382049
0.401545
0.421012
0.440352
0.459461
0.478263
0.496744
0.514958
0.532993
0.550923
0.568779
0.586532
0.604075
0.621221
0.637746
0.653497
0.668447
0.682677
0.696303
0.709403
0.72198
0.733952
0.745173
0.755459
0.764635
0.772565
0.779148
0.784312
0.788015
0.790265
0.791133
0.79071
0.789031
0.78606
0.781755
0.776223
0.769102
0.76
-0.467688
-0.476387
-0.483192
-0.488301
-0.492127
-0.494606
-0.4958
-0.495789
-0.494636
-0.492371
-0.489008
-0.484564
-0.479047
-0.472442
-0.464758
-0.455981
-0.446031
-0.434953
-0.422918
-0.40994
-0.396112
-0.381792
-0.367103
-0.351938
-0.336444
-0.320779
-0.304806
-0.288462
-0.271901
-0.255115
-0.237906
-0.220258
-0.202327
-0.184089
-0.165354
-0.146152
-0.126841
-0.107739
-0.0888025
-0.069777
-0.0505542
-0.0312608
-0.0120309
0.00719795
0.0266212
0.0463518
0.06632
0.0863792
0.106469
0.12665
0.14699
0.167446
0.187871
0.208132
0.228215
0.248241
0.268363
0.288652
0.309048
0.329432
0.34972
0.369911
0.390054
0.410184
0.430285
0.450287
0.470097
0.489639
0.508895
0.527914
0.546772
0.565531
0.584209
0.602768
0.6211
0.639019
0.656312
0.67283
0.688549
0.703542
0.717918
0.731753
0.745043
0.757691
0.769529
0.780369
0.790048
0.798458
0.805517
0.811144
0.815264
0.817844
0.818921
0.818569
0.816827
0.81367
0.809073
0.803167
0.795594
0.785948
-0.493496
-0.50277
-0.510012
-0.515428
-0.519454
-0.522039
-0.523278
-0.523254
-0.522012
-0.519574
-0.515958
-0.511189
-0.505272
-0.498175
-0.489894
-0.480445
-0.469754
-0.457859
-0.44499
-0.431221
-0.416621
-0.401523
-0.386077
-0.370192
-0.353975
-0.337545
-0.320787
-0.303688
-0.286402
-0.268861
-0.250824
-0.232303
-0.21353
-0.194528
-0.175096
-0.155219
-0.135235
-0.115488
-0.0959713
-0.0764284
-0.0566946
-0.0368323
-0.0169462
0.00301388
0.0232099
0.0437192
0.0644392
0.0851931
0.1059
0.126623
0.147453
0.16839
0.189318
0.210116
0.230772
0.251406
0.272177
0.293156
0.314276
0.335392
0.356394
0.377262
0.398047
0.418806
0.439552
0.46024
0.480786
0.501117
0.521213
0.541104
0.560838
0.580448
0.59994
0.619283
0.638385
0.657082
0.67518
0.692537
0.709117
0.724974
0.740194
0.754836
0.768881
0.78222
0.794684
0.806102
0.816343
0.825325
0.832964
0.839143
0.843736
0.846664
0.847942
0.847645
0.845831
0.842489
0.837613
0.831363
0.823366
0.813174
-0.520414
-0.530262
-0.537936
-0.5437
-0.548009
-0.55078
-0.55211
-0.552098
-0.550779
-0.548165
-0.544269
-0.539119
-0.532728
-0.525046
-0.516055
-0.505803
-0.494256
-0.48145
-0.467655
-0.453007
-0.43758
-0.421662
-0.405392
-0.388712
-0.371731
-0.354519
-0.336939
-0.319018
-0.300941
-0.282611
-0.263736
-0.244326
-0.224667
-0.204862
-0.184731
-0.164221
-0.143612
-0.123228
-0.10309
-0.0829688
-0.0626926
-0.0422776
-0.0217812
-0.00113639
0.0198004
0.041067
0.062518
0.0839443
0.105251
0.126507
0.147832
0.169257
0.190695
0.212044
0.233299
0.254581
0.276041
0.297736
0.319577
0.3414
0.363081
0.384601
0.406019
0.427416
0.448829
0.47023
0.491551
0.512724
0.533717
0.554524
0.575149
0.595598
0.61588
0.635987
0.655862
0.675373
0.694342
0.712627
0.73017
0.746989
0.763132
0.778632
0.793459
0.80751
0.82064
0.832707
0.843613
0.853278
0.861587
0.868371
0.873453
0.876728
0.878212
0.877998
0.876156
0.872683
0.867582
0.861028
0.852601
0.841805
-0.548517
-0.559035
-0.567221
-0.573414
-0.578095
-0.581127
-0.582575
-0.582546
-0.581093
-0.578227
-0.573958
-0.568312
-0.561318
-0.552928
-0.543107
-0.531938
-0.519442
-0.505675
-0.490915
-0.475337
-0.459041
-0.442283
-0.425163
-0.407641
-0.38985
-0.37183
-0.353406
-0.334612
-0.315664
-0.29648
-0.276754
-0.256475
-0.235941
-0.215301
-0.19443
-0.173277
-0.152074
-0.131088
-0.110321
-0.0895546
-0.0686333
-0.0475711
-0.0264128
-0.00508546
0.0165449
0.0384956
0.0606012
0.0826398
0.104514
0.126297
0.148125
0.170054
0.192026
0.213958
0.235854
0.257825
0.280003
0.302414
0.32495
0.347444
0.369776
0.391933
0.413989
0.43604
0.458145
0.480293
0.502432
0.524492
0.546413
0.568139
0.589635
0.610895
0.631948
0.652827
0.673511
0.693897
0.713823
0.733135
0.751738
0.769597
0.786716
0.803106
0.818745
0.833558
0.847435
0.860266
0.871955
0.8824
0.891436
0.898845
0.904426
0.908075
0.909826
0.909779
0.907994
0.904457
0.899169
0.892297
0.883357
0.871846
-0.57798
-0.589355
-0.598203
-0.604907
-0.609989
-0.613278
-0.614804
-0.614675
-0.612972
-0.609733
-0.604974
-0.598717
-0.591002
-0.581802
-0.571077
-0.558927
-0.54543
-0.530678
-0.514941
-0.498399
-0.481181
-0.463534
-0.445521
-0.427107
-0.40844
-0.389539
-0.370208
-0.350481
-0.33058
-0.310451
-0.289825
-0.268697
-0.247337
-0.225884
-0.204245
-0.182414
-0.160619
-0.139076
-0.117724
-0.0963134
-0.0746864
-0.0528768
-0.0309582
-0.00888916
0.0134385
0.0360314
0.0587288
0.0813225
0.103726
0.126023
0.14836
0.170816
0.193358
0.215918
0.238497
0.261186
0.284081
0.307182
0.330377
0.353509
0.376472
0.399263
0.421966
0.444693
0.46752
0.490455
0.51345
0.536419
0.559261
0.581877
0.604208
0.626261
0.648097
0.669787
0.691345
0.712692
0.733671
0.754104
0.773842
0.792791
0.810916
0.828229
0.844736
0.860404
0.875152
0.888875
0.901458
0.912751
0.922547
0.930607
0.936734
0.940844
0.942972
0.943195
0.941538
0.937962
0.932458
0.925181
0.915609
0.903262
-0.609017
-0.62145
-0.6311
-0.638366
-0.643815
-0.647286
-0.648805
-0.648486
-0.646435
-0.642725
-0.637392
-0.630448
-0.621931
-0.611843
-0.600157
-0.586978
-0.572421
-0.556623
-0.539857
-0.522288
-0.504059
-0.485421
-0.466426
-0.447051
-0.427434
-0.407555
-0.38722
-0.366482
-0.345562
-0.324412
-0.302821
-0.280827
-0.258681
-0.236468
-0.214086
-0.191558
-0.169144
-0.147039
-0.125128
-0.103109
-0.0807961
-0.0582324
-0.0355285
-0.0126923
0.010344
0.0335719
0.0568415
0.0799674
0.102884
0.125689
0.148549
0.171563
0.194718
0.21795
0.241242
0.26465
0.288234
0.311984
0.3358
0.359547
0.383134
0.406566
0.429935
0.453367
0.476954
0.500711
0.524581
0.548452
0.572182
0.595649
0.618794
0.64165
0.664314
0.686887
0.709408
0.731812
0.753936
0.77556
0.796476
0.816537
0.835698
0.853995
0.871474
0.888133
0.903896
0.918635
0.932196
0.94439
0.954991
0.963768
0.970545
0.975243
0.977863
0.978427
0.976912
0.973259
0.967458
0.959676
0.949384
0.936111
-0.641802
-0.655425
-0.665958
-0.673806
-0.679589
-0.683179
-0.684635
-0.684087
-0.681652
-0.677421
-0.671449
-0.663744
-0.654335
-0.643246
-0.630491
-0.61619
-0.600473
-0.583513
-0.565606
-0.546916
-0.527591
-0.507863
-0.487786
-0.467379
-0.446764
-0.425847
-0.404428
-0.382611
-0.360628
-0.33842
-0.315817
-0.292918
-0.269977
-0.247032
-0.223943
-0.200736
-0.177671
-0.154938
-0.132397
-0.109724
-0.0867241
-0.0634432
-0.040011
-0.0164642
0.00723802
0.0310747
0.0549024
0.0785532
0.101981
0.125304
0.148712
0.172325
0.196137
0.22007
0.244075
0.268169
0.292395
0.316748
0.341154
0.365505
0.389719
0.413809
0.437874
0.462051
0.486435
0.511033
0.535769
0.560505
0.585082
0.609375
0.633346
0.657054
0.680621
0.704169
0.727749
0.751301
0.774635
0.797483
0.819589
0.840786
0.861044
0.880434
0.899033
0.91684
0.933756
0.949615
0.964226
0.977385
0.988874
0.998485
1.00605
1.01146
1.01464
1.01556
1.01416
1.01037
1.00421
0.995879
0.98483
0.970554
-0.67644
-0.691324
-0.702776
-0.711241
-0.717392
-0.721118
-0.722514
-0.721733
-0.718894
-0.714082
-0.707361
-0.698757
-0.688304
-0.676048
-0.662057
-0.646498
-0.629507
-0.611273
-0.592111
-0.572218
-0.551752
-0.530896
-0.509678
-0.488175
-0.466518
-0.444535
-0.421996
-0.399052
-0.375961
-0.352673
-0.329039
-0.305198
-0.281411
-0.257705
-0.233918
-0.210054
-0.186338
-0.162912
-0.139623
-0.116166
-0.0923861
-0.0683636
-0.04424
-0.0200516
0.00424558
0.0286358
0.052985
0.07714
0.101074
0.124931
0.14892
0.173172
0.197668
0.2223
0.246982
0.271707
0.296517
0.321432
0.346409
0.37136
0.396214
0.420987
0.445787
0.470747
0.495949
0.521379
0.546944
0.572501
0.597896
0.623022
0.647862
0.672497
0.697061
0.721678
0.746404
0.77116
0.795727
0.819803
0.843111
0.865497
0.886961
0.9076
0.927488
0.946594
0.964779
0.981841
0.99758
1.0118
1.02431
1.03491
1.04339
1.04959
1.05337
1.05464
1.05334
1.04941
1.04288
1.03401
1.02216
1.00676
-0.713008
-0.729242
-0.741688
-0.750851
-0.757461
-0.761385
-0.762731
-0.761675
-0.758344
-0.75282
-0.745173
-0.735467
-0.723782
-0.710189
-0.694808
-0.677865
-0.659517
-0.639947
-0.619453
-0.598287
-0.576642
-0.554633
-0.532233
-0.509557
-0.486756
-0.46363
-0.439931
-0.415822
-0.391576
-0.367165
-0.342483
-0.317686
-0.293021
-0.2685
-0.243978
-0.219455
-0.195101
-0.170977
-0.146888
-0.122558
-0.0979099
-0.0730861
-0.048254
-0.0234425
0.00141241
0.0263142
0.0511478
0.0757825
0.10022
0.124629
0.149234
0.174152
0.199334
0.224632
0.249933
0.275223
0.300564
0.326012
0.351552
0.377112
0.402628
0.428121
0.453692
0.479455
0.505464
0.531689
0.558037
0.584381
0.610593
0.636588
0.662366
0.688015
0.713665
0.739433
0.765353
0.791329
0.817121
0.842424
0.866978
0.890659
0.913488
0.935552
0.956887
0.977414
0.996957
1.01531
1.03229
1.04772
1.06142
1.07315
1.08267
1.08972
1.09412
1.09578
1.09462
1.0906
1.08375
1.07431
1.06153
1.04483
-0.751635
-0.769403
-0.78299
-0.792956
-0.800088
-0.804221
-0.805464
-0.804012
-0.800025
-0.793608
-0.784849
-0.773857
-0.76078
-0.74573
-0.728851
-0.710418
-0.690625
-0.669645
-0.647734
-0.625184
-0.602255
-0.579006
-0.555346
-0.531394
-0.507305
-0.482894
-0.457959
-0.432657
-0.407226
-0.381656
-0.355909
-0.330168
-0.304638
-0.27929
-0.253991
-0.228762
-0.203742
-0.178918
-0.154041
-0.128858
-0.103355
-0.0777391
-0.052204
-0.0267747
-0.00137142
0.0240282
0.0493327
0.074444
0.0993995
0.124393
0.149645
0.175241
0.201086
0.227
0.252855
0.278653
0.30449
0.330459
0.356571
0.382764
0.408979
0.435228
0.46159
0.488145
0.514921
0.54189
0.568985
0.596111
0.623169
0.65009
0.676884
0.703629
0.730437
0.757395
0.784515
0.811694
0.838704
0.865269
0.891168
0.916299
0.940669
0.964321
0.987227
1.00927
1.03025
1.05002
1.0684
1.08524
1.10031
1.11333
1.12398
1.13196
1.13708
1.13922
1.13832
1.13427
1.1271
1.11699
1.10311
1.08486
-0.792528
-0.812098
-0.827004
-0.837844
-0.845482
-0.849749
-0.850775
-0.848785
-0.843979
-0.836512
-0.826504
-0.814094
-0.799492
-0.782857
-0.764351
-0.744272
-0.722871
-0.70033
-0.676857
-0.65277
-0.6284
-0.603772
-0.578755
-0.55345
-0.527971
-0.502154
-0.475898
-0.449385
-0.422781
-0.396054
-0.369242
-0.342577
-0.31622
-0.290077
-0.263995
-0.238005
-0.212235
-0.186635
-0.160941
-0.134928
-0.108633
-0.0822988
-0.0561229
-0.0301181
-0.00419095
0.0216953
0.047473
0.07308
0.0985891
0.124206
0.150128
0.176394
0.202864
0.229336
0.255689
0.281955
0.308273
0.334771
0.361482
0.388346
0.415297
0.442322
0.469463
0.496767
0.524255
0.551926
0.579754
0.607685
0.635637
0.663553
0.691432
0.719332
0.747326
0.775468
0.803762
0.832128
0.860384
0.888303
0.915694
0.942446
0.968517
0.993874
1.01844
1.04207
1.06463
1.08599
1.106
1.12448
1.14112
1.15557
1.16747
1.17652
1.18251
1.1853
1.18476
1.18073
1.17317
1.16226
1.1471
1.12706
-0.835935
-0.85759
-0.873966
-0.885711
-0.893807
-0.898119
-0.898827
-0.896204
-0.890466
-0.881813
-0.870411
-0.856425
-0.840109
-0.821679
-0.801325
-0.779367
-0.756136
-0.731843
-0.706662
-0.680908
-0.654963
-0.628841
-0.602392
-0.575695
-0.54879
-0.521518
-0.493879
-0.466113
-0.43833
-0.410463
-0.382598
-0.35501
-0.327836
-0.300922
-0.274079
-0.247317
-0.220739
-0.194277
-0.167689
-0.14081
-0.113737
-0.0867322
-0.0599747
-0.0334476
-0.00703341
0.019324
0.0455835
0.0717165
0.0978191
0.12409
0.150686
0.177594
0.20464
0.231614
0.25842
0.285134
0.311937
0.338991
0.366337
0.393911
0.421617
0.449405
0.477278
0.505267
0.533415
0.561766
0.590344
0.61912
0.648024
0.676991
0.706002
0.735071
0.764231
0.793518
0.822963
0.852538
0.882123
0.911533
0.940575
0.969094
0.996972
1.02411
1.0504
1.07575
1.10007
1.12327
1.14519
1.16553
1.18394
1.19999
1.21333
1.22366
1.23073
1.23433
1.23423
1.23022
1.22221
1.2104
1.19382
1.17174
-0.882096
-0.906128
-0.924116
-0.936823
-0.945395
-0.949725
-0.950048
-0.946695
-0.939891
-0.92985
-0.916799
-0.900965
-0.882662
-0.862167
-0.839708
-0.81563
-0.790365
-0.764159
-0.737168
-0.709674
-0.68204
-0.654296
-0.626317
-0.598162
-0.569788
-0.541025
-0.511957
-0.482867
-0.453848
-0.424829
-0.395923
-0.367413
-0.339397
-0.311689
-0.284084
-0.256571
-0.229205
-0.201884
-0.174392
-0.146637
-0.118787
-0.0911272
-0.0638145
-0.0367923
-0.00990843
0.0169215
0.0436856
0.0703814
0.0971117
0.124049
0.151302
0.17881
0.206378
0.233807
0.261038
0.288196
0.315507
0.343156
0.371179
0.399482
0.427931
0.456431
0.484964
0.513575
0.542353
0.571395
0.600759
0.63043
0.660334
0.690386
0.720528
0.750733
0.781009
0.811409
0.842019
0.87288
0.903922
0.934968
0.96579
0.996164
1.0259
1.05488
1.08301
1.11027
1.13663
1.16197
1.18606
1.2085
1.22886
1.24674
1.26178
1.27367
1.28206
1.28663
1.28707
1.28311
1.27467
1.26192
1.24372
1.21927
-0.931305
-0.958089
-0.977915
-0.991717
-1.00084
-1.00519
-1.00501
-1.0007
-0.992562
-0.980825
-0.96578
-0.947751
-0.927155
-0.904345
-0.879571
-0.853174
-0.825671
-0.79737
-0.768436
-0.739107
-0.709648
-0.680094
-0.650418
-0.620668
-0.590736
-0.560453
-0.529944
-0.499494
-0.469188
-0.438999
-0.409079
-0.379673
-0.350804
-0.322252
-0.293833
-0.265547
-0.237409
-0.209278
-0.180946
-0.152381
-0.123813
-0.0955437
-0.0677076
-0.0402059
-0.0128492
0.014476
0.0417811
0.0690765
0.096454
0.124049
0.151922
0.179979
0.208019
0.235866
0.26351
0.291129
0.318986
0.347272
0.375998
0.405024
0.434166
0.463303
0.492424
0.521616
0.551024
0.58079
0.610989
0.641601
0.67253
0.703658
0.734889
0.766169
0.797517
0.829036
0.860883
0.89315
0.925782
0.958573
0.991242
1.02351
1.05515
1.08605
1.11622
1.14567
1.17438
1.20216
1.22865
1.25341
1.276
1.29601
1.31311
1.32687
1.33684
1.34259
1.34374
1.33997
1.33113
1.31735
1.29724
1.26995
-0.984037
-1.0141
-1.03611
-1.05117
-1.06087
-1.06513
-1.06419
-1.05857
-1.04869
-1.03489
-1.01752
-0.996959
-0.973748
-0.948344
-0.921025
-0.892103
-0.862111
-0.831445
-0.800328
-0.769002
-0.737596
-0.706089
-0.674555
-0.643071
-0.611485
-0.579658
-0.547736
-0.51595
-0.484357
-0.452998
-0.422085
-0.391814
-0.362104
-0.332685
-0.303398
-0.274272
-0.245314
-0.216362
-0.187224
-0.157917
-0.128711
-0.0999057
-0.0715971
-0.0436373
-0.0158003
0.0120476
0.0399265
0.0678414
0.0958596
0.124077
0.152515
0.181063
0.209525
0.237766
0.265826
0.293935
0.322379
0.351331
0.380755
0.410457
0.440215
0.469909
0.499565
0.529329
0.559398
0.589936
0.621015
0.652589
0.68453
0.716684
0.748932
0.781233
0.813649
0.846351
0.879545
0.91334
0.947653
0.982235
1.01676
1.05093
1.08455
1.11757
1.15004
1.182
1.21335
1.2438
1.27293
1.30029
1.32544
1.34803
1.36761
1.38362
1.3955
1.40272
1.40484
1.40141
1.3922
1.3772
1.35483
1.32411
-1.04097
-1.07499
-1.09958
-1.116
-1.12614
-1.13005
-1.12803
-1.12067
-1.1086
-1.09234
-1.07228
-1.04885
-1.02263
-0.994217
-0.963991
-0.932287
-0.899563
-0.866266
-0.832716
-0.799196
-0.765736
-0.732237
-0.698787
-0.665461
-0.632112
-0.59867
-0.565312
-0.532194
-0.499326
-0.466801
-0.434885
-0.403735
-0.373176
-0.342894
-0.312744
-0.282768
-0.252963
-0.223164
-0.193218
-0.163201
-0.133411
-0.10413
-0.0753909
-0.0469872
-0.0186596
0.00973286
0.0382005
0.0667273
0.0953496
0.124129
0.153063
0.182036
0.210878
0.239495
0.267987
0.296619
0.32568
0.355299
0.385379
0.415677
0.445963
0.476147
0.506315
0.536674
0.567451
0.598809
0.630789
0.663309
0.696206
0.729309
0.762512
0.795818
0.829353
0.863336
0.897986
0.933383
0.969401
1.00576
1.04213
1.07826
1.11401
1.1494
1.18448
1.21921
1.25343
1.28677
1.31881
1.34913
1.37736
1.40305
1.42559
1.44431
1.4585
1.46758
1.47095
1.46805
1.45845
1.44208
1.41708
1.38231
-1.10292
-1.14159
-1.16914
-1.18697
-1.19734
-1.20054
-1.19708
-1.18758
-1.17282
-1.15352
-1.13027
-1.10349
-1.07379
-1.0419
-1.00832
-0.973533
-0.937895
-0.901796
-0.865619
-0.829683
-0.793988
-0.758411
-0.723005
-0.687772
-0.652565
-0.617409
-0.582526
-0.548025
-0.513881
-0.480212
-0.44729
-0.415214
-0.383752
-0.352586
-0.321595
-0.290815
-0.260209
-0.229604
-0.198892
-0.168215
-0.1379
-0.108189
-0.0790439
-0.0501962
-0.0213631
0.0075861
0.0366357
0.0657393
0.0949036
0.124168
0.153521
0.182859
0.212045
0.241038
0.269984
0.299168
0.32885
0.359098
0.389758
0.420561
0.451297
0.481935
0.512628
0.543625
0.575158
0.607358
0.640224
0.673633
0.707406
0.741387
0.775517
0.809864
0.844602
0.87996
0.916124
0.953126
0.990809
1.02891
1.06715
1.10537
1.14348
1.1815
1.21942
1.25713
1.29438
1.33086
1.36619
1.40003
1.43194
1.4613
1.48736
1.50929
1.52632
1.53772
1.54274
1.54059
1.53068
1.51287
1.48488
1.44535
-1.17074
-1.21487
-1.24572
-1.26502
-1.27542
-1.27748
-1.27204
-1.25988
-1.24179
-1.21873
-1.19154
-1.16082
-1.12717
-1.09135
-1.05401
-1.01575
-0.976946
-0.937868
-0.898881
-0.860293
-0.82212
-0.784299
-0.746849
-0.709666
-0.672592
-0.635713
-0.599267
-0.563338
-0.527915
-0.493142
-0.459246
-0.426228
-0.393806
-0.361702
-0.329845
-0.298269
-0.266895
-0.23554
-0.204139
-0.172888
-0.142124
-0.112033
-0.0824985
-0.053201
-0.023852
0.00565048
0.0352521
0.0648731
0.094499
0.124162
0.153857
0.183508
0.213018
0.242397
0.271821
0.301566
0.331839
0.362646
0.39379
0.42501
0.456147
0.48724
0.518495
0.550177
0.582491
0.615518
0.649209
0.683422
0.717993
0.752814
0.787893
0.823347
0.859362
0.896134
0.933793
0.972339
1.01163
1.05147
1.09169
1.13218
1.17286
1.2137
1.2546
1.2954
1.33591
1.37589
1.41507
1.45307
1.48928
1.52292
1.55309
1.57889
1.59943
1.6138
1.62101
1.62001
1.61005
1.5908
1.55938
1.51414
-1.24553
-1.2961
-1.33064
-1.35141
-1.36162
-1.36197
-1.35372
-1.33803
-1.31581
-1.28818
-1.25624
-1.22085
-1.18267
-1.14246
-1.10093
-1.05875
-1.01639
-0.974091
-0.932129
-0.890715
-0.849888
-0.809676
-0.770069
-0.730876
-0.691947
-0.653399
-0.615422
-0.578064
-0.541363
-0.505506
-0.470664
-0.436721
-0.403345
-0.370297
-0.337564
-0.305179
-0.273038
-0.240962
-0.208932
-0.177187
-0.146043
-0.115613
-0.0857001
-0.0559464
-0.0260802
0.00395494
0.0340582
0.0641202
0.0941178
0.124092
0.154064
0.183991
0.213823
0.243606
0.273522
0.303807
0.334607
0.365876
0.397408
0.428982
0.460505
0.492079
0.523941
0.556336
0.589416
0.623207
0.65763
0.69256
0.72788
0.763549
0.799626
0.83624
0.873549
0.911692
0.950764
0.990772
1.03165
1.07329
1.11563
1.15855
1.20194
1.24566
1.2896
1.33366
1.37775
1.42176
1.46541
1.50819
1.54931
1.58787
1.62291
1.65345
1.6784
1.69661
1.70679
1.70759
1.69799
1.67729
1.64195
1.58985
-1.32877
-1.38711
-1.42578
-1.44777
-1.45728
-1.45513
-1.44299
-1.4226
-1.39522
-1.36211
-1.32453
-1.28359
-1.24015
-1.19493
-1.14875
-1.10225
-1.05592
-1.0101
-0.965007
-0.920684
-0.877126
-0.834421
-0.792532
-0.751232
-0.710417
-0.670223
-0.63076
-0.592017
-0.554068
-0.51714
-0.481348
-0.446485
-0.412189
-0.378257
-0.344705
-0.311554
-0.278679
-0.245924
-0.213329
-0.181158
-0.149688
-0.118942
-0.0886476
-0.0584297
-0.0280527
0.00248088
0.0330221
0.0634412
0.0937226
0.123935
0.154137
0.184329
0.214497
0.244702
0.275101
0.305876
0.337113
0.368744
0.400588
0.432485
0.46441
0.496507
0.529004
0.562098
0.595878
0.630332
0.66539
0.700976
0.73704
0.77359
0.810696
0.848465
0.887004
0.926415
0.966796
1.00822
1.05071
1.09426
1.13882
1.18423
1.23032
1.27693
1.324
1.37157
1.41971
1.4683
1.51699
1.56509
1.61174
1.65603
1.69695
1.73336
1.76392
1.78712
1.80133
1.80482
1.79613
1.77417
1.73441
1.67411
-1.42253
-1.49031
-1.53353
-1.55615
-1.56394
-1.55818
-1.54088
-1.51438
-1.48047
-1.44065
-1.39636
-1.34888
-1.2993
-1.24843
-1.19708
-1.14591
-1.0953
-1.04564
-0.997153
-0.949801
-0.903506
-0.858299
-0.814074
-0.770609
-0.727885
-0.686049
-0.645136
-0.605085
-0.56598
-0.528039
-0.491303
-0.455504
-0.420293
-0.385519
-0.35121
-0.317355
-0.28381
-0.25045
-0.217368
-0.184842
-0.153086
-0.122033
-0.0913477
-0.0606588
-0.029786
0.00120075
0.0321083
0.0628011
0.0932907
0.12369
0.154104
0.184572
0.215099
0.245731
0.276578
0.307764
0.33934
0.371247
0.403358
0.435582
0.467944
0.500591
0.533713
0.56744
0.601814
0.63682
0.672438
0.70866
0.745487
0.782934
0.821046
0.859884
0.899525
0.940079
0.981698
1.02454
1.06871
1.11422
1.161
1.20883
1.25754
1.30704
1.35743
1.40888
1.46151
1.51514
1.56928
1.62323
1.67617
1.72724
1.77534
1.81903
1.85665
1.88632
1.906
1.91342
1.90659
1.88387
1.83927
1.76922
-1.52951
-1.60867
-1.65684
-1.67917
-1.68371
-1.67269
-1.64853
-1.61414
-1.57191
-1.52379
-1.47147
-1.4164
-1.35976
-1.30255
-1.24549
-1.18922
-1.13409
-1.08037
-1.02824
-0.977666
-0.92857
-0.880883
-0.834372
-0.78882
-0.744262
-0.700826
-0.658491
-0.617192
-0.577034
-0.538179
-0.500562
-0.463859
-0.427759
-0.392175
-0.357148
-0.322634
-0.288476
-0.254585
-0.221097
-0.188276
-0.156262
-0.124898
-0.0938078
-0.0626449
-0.0313006
8.50313e-05
0.0312851
0.0621775
0.0928206
0.123384
0.154019
0.184788
0.215691
0.246734
0.277969
0.309473
0.341294
0.373418
0.405786
0.438362
0.471189
0.504384
0.53807
0.572321
0.607165
0.64263
0.678773
0.71564
0.753237
0.791545
0.830559
0.870319
0.91092
0.952526
0.995366
1.03966
1.08552
1.13294
1.18179
1.2319
1.28316
1.33564
1.38959
1.44525
1.50267
1.56159
1.62155
1.68197
1.74219
1.80133
1.85805
1.91063
1.95707
1.99517
2.02233
2.03559
2.03222
2.00965
1.95992
1.8782
-1.65357
-1.74623
-1.79956
-1.82029
-1.81936
-1.80052
-1.76702
-1.72241
-1.6697
-1.61138
-1.54946
-1.48558
-1.42095
-1.35663
-1.29335
-1.2316
-1.17167
-1.11376
-1.05789
-1.00401
-0.952058
-0.90187
-0.853112
-0.805587
-0.759339
-0.714414
-0.670727
-0.628248
-0.587116
-0.547429
-0.509009
-0.471481
-0.434577
-0.398262
-0.36258
-0.32746
-0.292749
-0.258398
-0.224572
-0.191502
-0.159242
-0.127555
-0.0960435
-0.0644104
-0.0326286
-0.000904638
0.0305181
0.0615528
0.0923213
0.123053
0.153935
0.185033
0.216314
0.247727
0.279269
0.310998
0.342994
0.375307
0.407946
0.440903
0.4742
0.507892
0.542036
0.576681
0.611886
0.64776
0.684425
0.721941
0.760268
0.799325
0.839082
0.879607
0.92106
0.963682
1.00774
1.05346
1.10091
1.15006
1.20079
1.25304
1.30685
1.36246
1.42015
1.48014
1.54242
1.60679
1.67298
1.74066
1.80927
1.87778
1.94466
2.00798
2.06555
2.11473
2.15222
2.17408
2.17654
2.15567
2.10077
2.00515
-1.80038
-1.90884
-1.96687
-1.98371
-1.97407
-1.94373
-1.89738
-1.83947
-1.77364
-1.70288
-1.62959
-1.55553
-1.48198
-1.40986
-1.33982
-1.27226
-1.2074
-1.14525
-1.08567
-1.02853
-0.973758
-0.921073
-0.870114
-0.820731
-0.77294
-0.72667
-0.681773
-0.638244
-0.596237
-0.555778
-0.516598
-0.478309
-0.440688
-0.403736
-0.367481
-0.331828
-0.296635
-0.261898
-0.227795
-0.194509
-0.162005
-0.129979
-0.0980382
-0.0659512
-0.0337789
-0.00178281
0.0297995
0.060938
0.0918267
0.122749
0.153909
0.18535
0.216985
0.248702
0.280461
0.312334
0.34446
0.376964
0.409898
0.443247
0.476978
0.511072
0.545544
0.580462
0.615961
0.652232
0.689424
0.727553
0.766502
0.806143
0.846474
0.887645
0.929903
0.973526
1.01877
1.06578
1.11461
1.16524
1.21767
1.27199
1.32839
1.38716
1.44856
1.51277
1.57985
1.64984
1.72277
1.79851
1.87648
1.95557
2.03425
2.11062
2.18229
2.24605
2.29766
2.33197
2.34384
2.32743
2.26795
2.15585
-1.97812
-2.10486
-2.16585
-2.17462
-2.15132
-2.1044
-2.04043
-1.96516
-1.88296
-1.79725
-1.71068
-1.62503
-1.54157
-1.4611
-1.38399
-1.31044
-1.24051
-1.1741
-1.1109
-1.05071
-0.99329
-0.938248
-0.885231
-0.834132
-0.784922
-0.73743
-0.691476
-0.647073
-0.60434
-0.563204
-0.523325
-0.484335
-0.446074
-0.408569
-0.371819
-0.335704
-0.300103
-0.265051
-0.230724
-0.197246
-0.164494
-0.132119
-0.0997521
-0.067245
-0.0347437
-0.00254558
0.0291422
0.0603622
0.0913804
0.122519
0.153977
0.185751
0.217689
0.249625
0.281512
0.313468
0.345707
0.378416
0.411661
0.445381
0.479467
0.51384
0.548514
0.583622
0.619394
0.656068
0.693764
0.73241
0.771818
0.811871
0.852652
0.894415
0.937457
0.982028
1.0283
1.07639
1.12633
1.17823
1.23225
1.2886
1.34751
1.40927
1.47411
1.54229
1.61412
1.68992
1.77
1.8543
1.94233
2.03316
2.12556
2.21777
2.3071
2.38973
2.46048
2.51277
2.53959
2.53233
2.47004
2.33867
-2.19831
-2.3459
-2.40607
-2.39958
-2.35495
-2.28425
-2.19634
-2.09859
-1.99614
-1.89268
-1.79083
-1.69238
-1.59826
-1.50896
-1.42461
-1.34509
-1.2702
-1.19962
-1.13298
-1.06995
-1.01011
-0.952967
-0.898165
-0.845593
-0.795133
-0.746548
-0.699678
-0.654562
-0.611249
-0.569549
-0.529066
-0.489473
-0.450673
-0.412704
-0.375533
-0.339027
-0.303089
-0.267788
-0.233285
-0.199633
-0.166633
-0.133907
-0.101137
-0.0682638
-0.0355086
-0.00317975
0.0285686
0.0598588
0.0910196
0.122392
0.154144
0.186211
0.218374
0.250436
0.282373
0.314373
0.346726
0.379657
0.413204
0.447236
0.481568
0.516094
0.550875
0.58614
0.622191
0.659261
0.697386
0.736402
0.776098
0.816433
0.857608
0.899946
0.943722
0.989095
1.03616
1.08504
1.13588
1.18892
1.24443
1.30265
1.36382
1.42819
1.4961
1.568
1.64447
1.72611
1.81335
1.90635
2.00493
2.10871
2.21689
2.32786
2.43883
2.54562
2.64222
2.72042
2.77071
2.78027
2.71909
2.56579
-2.47804
-2.64846
-2.70028
-2.6666
-2.58882
-2.48421
-2.36415
-2.23763
-2.11046
-1.98634
-1.86749
-1.75522
-1.64998
-1.55175
-1.46026
-1.37505
-1.29554
-1.22115
-1.15138
-1.0858
-1.02381
-0.96484
-0.908571
-0.854824
-0.803355
-0.753879
-0.706277
-0.660606
-0.616831
-0.574658
-0.533667
-0.493583
-0.45436
-0.416026
-0.378515
-0.341689
-0.305488
-0.270003
-0.235369
-0.201562
-0.168319
-0.13526
-0.102132
-0.0689694
-0.0360467
-0.00365761
0.0281128
0.0594653
0.0907747
0.122377
0.154391
0.186681
0.218974
0.25107
0.282997
0.315023
0.347499
0.38065
0.414459
0.448712
0.483169
0.517745
0.552586
0.588011
0.624348
0.661765
0.700194
0.739415
0.779267
0.819824
0.861381
0.904258
0.948634
0.994572
1.04216
1.09161
1.14321
1.19728
1.25409
1.31387
1.37684
1.44338
1.51397
1.58929
1.67011
1.75719
1.85122
1.95274
2.06222
2.17994
2.30565
2.43816
2.57512
2.71255
2.84383
2.95896
3.04541
3.08445
3.03255
2.85551
-2.84455
-3.03661
-3.06519
-2.98476
-2.8561
-2.70341
-2.54077
-2.37824
-2.22179
-2.07426
-1.93705
-1.81049
-1.6942
-1.58742
-1.48929
-1.39894
-1.3154
-1.2378
-1.16548
-1.09779
-1.03401
-0.973579
-0.916171
-0.86153
-0.809304
-0.759187
-0.711097
-0.665065
-0.620958
-0.578407
-0.537007
-0.49655
-0.457021
-0.41842
-0.380651
-0.343582
-0.307193
-0.271592
-0.23687
-0.202931
-0.169463
-0.136108
-0.102693
-0.0693334
-0.0363354
-0.00395363
0.0278044
0.0592083
0.0906586
0.122464
0.154678
0.187098
0.219419
0.251467
0.283343
0.31539
0.347991
0.381338
0.415338
0.449702
0.484178
0.518741
0.553632
0.58923
0.625831
0.6635
0.702083
0.741374
0.781313
0.822085
0.864006
0.907312
0.952071
0.998311
1.04621
1.09609
1.14833
1.20322
1.261
1.32188
1.3862
1.45446
1.52731
1.60553
1.69004
1.78183
1.88196
1.99157
2.11185
2.24385
2.38814
2.54465
2.71221
2.8877
3.0646
3.23165
3.3731
3.46246
3.43582
3.23697
-3.34387
-3.54628
-3.52211
-3.36302
-3.15737
-2.93768
-2.71995
-2.51383
-2.32379
-2.15101
-1.99504
-1.85459
-1.72807
-1.61372
-1.50997
-1.41539
-1.32863
-1.24862
-1.17446
-1.10528
-1.04027
-0.978863
-0.920718
-0.865486
-0.812758
-0.762259
-0.71393
-0.667738
-0.623446
-0.580638
-0.538959
-0.498264
-0.45855
-0.419782
-0.381838
-0.344609
-0.308115
-0.272466
-0.237703
-0.20366
-0.170001
-0.136409
-0.102795
-0.0693431
-0.0363613
-0.00404867
0.0276652
0.0591039
0.0906708
0.122628
0.154958
0.187403
0.219654
0.251591
0.283392
0.315458
0.34817
0.381661
0.415758
0.450128
0.484542
0.519063
0.554015
0.589784
0.626584
0.664377
0.70298
0.742257
0.782267
0.823247
0.865454
0.909003
0.953895
1.00022
1.04827
1.09848
1.15118
1.20659
1.26489
1.32642
1.39163
1.46113
1.53563
1.61598
1.70325
1.79876
1.90401
2.02076
2.15095
2.2966
2.45966
2.64185
2.84408
3.06531
3.30076
3.53953
3.76341
3.93675
3.96665
3.75883
-4.05739
-4.23123
-4.09586
-3.80666
-3.48718
-3.17684
-2.89033
-2.63388
-2.40775
-2.20959
-2.03598
-1.88333
-1.74839
-1.62825
-1.52049
-1.42305
-1.33426
-1.25282
-1.17764
-1.10767
-1.04206
-0.98026
-0.921859
-0.866413
-0.813503
-0.762915
-0.714598
-0.668437
-0.624107
-0.581186
-0.539383
-0.498604
-0.458835
-0.420002
-0.381976
-0.344681
-0.308173
-0.27255
-0.237796
-0.203689
-0.169888
-0.136138
-0.102431
-0.0689928
-0.0361138
-0.00392457
0.027716
0.0591655
0.0908082
0.122845
0.155191
0.187554
0.219652
0.251432
0.283146
0.315221
0.348008
0.381569
0.415661
0.449943
0.484244
0.518716
0.553732
0.589633
0.626531
0.664319
0.70284
0.742066
0.782138
0.823273
0.865613
0.909176
0.953979
1.00023
1.04834
1.09872
1.15159
1.20709
1.26549
1.32723
1.39287
1.463
1.53833
1.6198
1.70874
1.80673
1.91567
2.03789
2.17615
2.33368
2.51427
2.72216
2.96142
3.23508
3.54291
3.87776
4.22257
4.53362
4.68124
4.50586
-5.1297
-5.16766
-4.80978
-4.31136
-3.82908
-3.40119
-3.03383
-2.72346
-2.46215
-2.24144
-2.05362
-1.89218
-1.75187
-1.62857
-1.51901
-1.42057
-1.33128
-1.24967
-1.17444
-1.10449
-1.03899
-0.977401
-0.919238
-0.863995
-0.811287
-0.760951
-0.712916
-0.666984
-0.622779
-0.579915
-0.538165
-0.497466
-0.457776
-0.41899
-0.380987
-0.343737
-0.307315
-0.271797
-0.237106
-0.202982
-0.169107
-0.135295
-0.101606
-0.0682883
-0.0355891
-0.00356864
0.0279718
0.0594013
0.091064
0.123093
0.155348
0.187533
0.219413
0.251009
0.282624
0.314687
0.347494
0.381034
0.415024
0.449142
0.483295
0.517711
0.552766
0.588725
0.625604
0.66327
0.701639
0.740784
0.780876
0.822046
0.864316
0.907664
0.952203
0.998271
1.04631
1.0966
1.14925
1.20442
1.26251
1.32404
1.38952
1.45949
1.53469
1.61622
1.70556
1.80443
1.91507
2.0403
2.18374
2.34997
2.54484
2.77566
3.05106
3.3806
3.77285
4.2312
4.74742
5.27764
5.65777
5.62782
-6.81695
-6.45312
-5.67587
-4.85769
-4.15352
-3.58194
-3.12683
-2.76504
-2.47464
-2.23815
-2.04236
-1.87742
-1.73607
-1.61304
-1.50436
-1.40707
-1.31906
-1.23867
-1.16453
-1.09552
-1.03092
-0.970159
-0.912724
-0.858112
-0.806002
-0.756264
-0.70878
-0.663282
-0.619388
-0.57677
-0.535265
-0.494811
-0.455336
-0.416718
-0.378861
-0.341775
-0.305546
-0.270209
-0.235637
-0.201555
-0.167687
-0.13392
-0.100365
-0.0672622
-0.0348051
-0.00298587
0.0284323
0.0598057
0.0914226
0.12335
0.155417
0.187345
0.218964
0.25036
0.281866
0.313882
0.34664
0.380067
0.413862
0.447753
0.481732
0.516071
0.551115
0.587034
0.623773
0.661217
0.699375
0.738395
0.778414
0.819444
0.861416
0.904354
0.948507
0.994281
1.04202
1.09188
1.14391
1.19839
1.25579
1.31661
1.38123
1.45016
1.52427
1.60472
1.69295
1.79077
1.90065
2.02583
2.17056
2.34066
2.54412
2.79158
3.09738
3.48042
3.96398
4.57204
5.31948
6.18188
6.99576
7.38617
-9.68532
-8.20287
-6.64007
-5.36883
-4.39236
-3.66695
-3.13349
-2.73556
-2.43096
-2.19122
-1.99731
-1.83635
-1.6996
-1.58103
-1.47637
-1.38265
-1.29773
-1.21998
-1.14804
-1.08095
-1.01802
-0.958712
-0.9025
-0.848951
-0.797824
-0.748999
-0.702304
-0.657435
-0.614044
-0.571873
-0.530797
-0.490745
-0.451615
-0.413289
-0.375708
-0.338912
-0.302974
-0.267886
-0.233485
-0.199508
-0.165737
-0.132125
-0.0988068
-0.0659953
-0.0338189
-0.00221426
0.0290695
0.0603525
0.0918577
0.123599
0.155395
0.187014
0.218354
0.249553
0.280945
0.312882
0.34552
0.37874
0.412259
0.445876
0.479659
0.513896
0.54886
0.584627
0.621108
0.658246
0.696145
0.734969
0.774767
0.815439
0.856908
0.89931
0.942988
0.988302
1.03545
1.0845
1.13558
1.18905
1.24536
1.30485
1.36786
1.43495
1.50698
1.58503
1.67046
1.76507
1.87132
1.99259
2.1335
2.30064
2.50346
2.75573
3.07777
3.49961
4.0652
4.83298
5.86271
7.193
8.81397
10.355
-15.2151
-10.469
-7.34033
-5.5148
-4.31543
-3.50853
-2.96273
-2.57968
-2.29738
-2.07969
-1.90503
-1.76005
-1.63626
-1.52808
-1.43176
-1.34477
-1.26531
-1.19196
-1.12364
-1.05959
-0.99925
-0.942122
-0.887751
-0.83581
-0.786129
-0.738582
-0.692968
-0.648989
-0.606358
-0.564881
-0.524453
-0.484982
-0.446358
-0.408484
-0.371338
-0.334971
-0.299432
-0.264671
-0.230511
-0.196727
-0.163165
-0.129828
-0.0968505
-0.0643991
-0.0325398
-0.00117166
0.0299458
0.0610792
0.0923872
0.123847
0.155295
0.186556
0.217598
0.248589
0.279841
0.311635
0.344058
0.376966
0.410123
0.443417
0.476971
0.511044
0.545819
0.581294
0.617395
0.654148
0.691706
0.730189
0.769538
0.809609
0.850397
0.892135
0.935158
0.979705
1.02587
1.07374
1.1235
1.1755
1.23008
1.28749
1.34801
1.4122
1.48081
1.55472
1.63505
1.72337
1.82191
1.93361
2.06266
2.21522
2.40056
2.63312
2.93574
3.34613
3.92833
4.78358
6.04709
7.95138
11.1705
16.0213
-24.4865
-12.6597
-7.06159
-4.81602
-3.65279
-2.96698
-2.54388
-2.26139
-2.05515
-1.89339
-1.75965
-1.64481
-1.54349
-1.45226
-1.36896
-1.29212
-1.22065
-1.15366
-1.09051
-1.03074
-0.973963
-0.91982
-0.867981
-0.818243
-0.770502
-0.724641
-0.680462
-0.637712
-0.596165
-0.555672
-0.516132
-0.477442
-0.4395
-0.402241
-0.365674
-0.329854
-0.294803
-0.260447
-0.226615
-0.193125
-0.159877
-0.126906
-0.0943352
-0.0622888
-0.0307894
0.0002816
0.0311439
0.0620163
0.0930101
0.124087
0.155109
0.185957
0.216646
0.24736
0.278373
0.309904
0.341992
0.374497
0.407238
0.440172
0.47344
0.507248
0.541701
0.576769
0.612413
0.648715
0.685825
0.723791
0.762488
0.80178
0.841732
0.882618
0.924719
0.968159
1.01296
1.05924
1.10724
1.15724
1.20942
1.26391
1.32098
1.3811
1.44476
1.5125
1.58511
1.66372
1.74983
1.84535
1.95299
2.07694
2.22357
2.40313
2.63353
2.94809
3.41254
4.15221
5.38999
7.73677
13.4509
25.3938
)
;

boundaryField
{
    movingWall
    {
        type            zeroGradient;
    }
    fixedWalls
    {
        type            zeroGradient;
    }
    frontAndBack
    {
        type            empty;
    }
}


// ************************************************************************* //
