/*--------------------------------*- C++ -*----------------------------------*\
| =========                 |                                                 |
| \\      /  F ield         | OpenFOAM: The Open Source CFD Toolbox           |
|  \\    /   O peration     | Version:  2212                                  |
|   \\  /    A nd           | Website:  www.openfoam.com                      |
|    \\/     M anipulation  |                                                 |
\*---------------------------------------------------------------------------*/
FoamFile
{
    version     2.0;
    format      ascii;
    arch        "LSB;label=32;scalar=64";
    class       volScalarField;
    location    "0.012";
    object      p;
}
// * * * * * * * * * * * * * * * * * * * * * * * * * * * * * * * * * * * * * //

dimensions      [0 2 -2 0 0 0 0];

internalField   nonuniform List<scalar> 
10000
(
-1.57293e-07
-3.08061e-05
-0.000282633
-0.000703376
-0.00127138
-0.00196111
-0.00272825
-0.0035292
-0.00432572
-0.0050859
-0.00578458
-0.00640131
-0.0069198
-0.0073268
-0.00761094
-0.00776442
-0.00778261
-0.00766109
-0.00739531
-0.00698195
-0.00641889
-0.00570659
-0.00484829
-0.00384831
-0.00271001
-0.0014361
-2.97457e-05
0.00150543
0.00316575
0.00494724
0.00684508
0.00885419
0.0109697
0.0131865
0.0154996
0.0179036
0.020394
0.0229663
0.0256157
0.0283373
0.0311258
0.0339757
0.036881
0.0398348
0.0428311
0.0458646
0.0489294
0.052019
0.0551265
0.0582447
0.061367
0.064487
0.0675985
0.0706957
0.0737728
0.076824
0.0798425
0.0828213
0.0857536
0.0886336
0.0914557
0.0942144
0.0969037
0.0995177
0.102051
0.1045
0.10686
0.109124
0.111288
0.113346
0.115292
0.117121
0.118826
0.120403
0.121845
0.123148
0.124308
0.125324
0.126191
0.126908
0.12747
0.127878
0.12813
0.128229
0.128178
0.127982
0.127647
0.127183
0.126599
0.125907
0.125122
0.124262
0.123353
0.122425
0.121514
0.120667
0.119933
0.119375
0.119064
0.119024
5.45743e-05
0.000110445
-6.19346e-05
-0.00039619
-0.000860862
-0.00143288
-0.00207261
-0.00274221
-0.00340895
-0.00404571
-0.00462887
-0.00513958
-0.00556359
-0.00588779
-0.0061014
-0.0061964
-0.00616592
-0.00600505
-0.00571064
-0.0052794
-0.00470855
-0.00399744
-0.00314758
-0.00216179
-0.00104329
0.000204806
0.00157922
0.0030769
0.00469488
0.00642964
0.00827679
0.0102316
0.0122895
0.0144455
0.0166945
0.0190322
0.0214544
0.0239573
0.0265358
0.0291843
0.0318977
0.0346705
0.0374972
0.0403721
0.0432894
0.0462433
0.0492275
0.0522351
0.0552597
0.0582954
0.0613357
0.0643739
0.0674036
0.0704186
0.0734135
0.0763828
0.0793201
0.0822185
0.0850713
0.0878725
0.0906168
0.093299
0.0959134
0.0984548
0.100918
0.1033
0.105593
0.107794
0.109898
0.111899
0.113792
0.115572
0.117233
0.11877
0.120178
0.121453
0.122592
0.123593
0.124452
0.125168
0.125738
0.126163
0.126444
0.126583
0.126582
0.126449
0.126188
0.12581
0.125325
0.124744
0.124083
0.123358
0.122593
0.121816
0.121059
0.120358
0.119753
0.119289
0.119022
0.118984
0.000419207
0.000472193
0.000316742
1.57514e-05
-0.000399472
-0.000905123
-0.00146659
-0.00205051
-0.00263016
-0.00318135
-0.00368267
-0.00411755
-0.00447165
-0.00473357
-0.00489426
-0.00494465
-0.00487715
-0.00468629
-0.00436837
-0.00392077
-0.00334173
-0.00262992
-0.00178584
-0.000811301
0.000291297
0.00151891
0.00286823
0.00433654
0.00592132
0.0076192
0.00942611
0.0113378
0.0133497
0.0154571
0.0176549
0.0199392
0.0223068
0.0247536
0.0272749
0.0298649
0.0325179
0.0352286
0.0379915
0.0408019
0.043655
0.0465445
0.0494634
0.0524049
0.055363
0.058332
0.0613061
0.0642786
0.0672426
0.070192
0.0731214
0.0760251
0.0788968
0.08173
0.0845187
0.0872569
0.0899392
0.0925603
0.0951153
0.0975991
0.100007
0.102335
0.104577
0.106728
0.108783
0.110738
0.112589
0.114331
0.115958
0.117464
0.118845
0.120099
0.121222
0.122211
0.123065
0.12378
0.124357
0.124796
0.125099
0.12527
0.125311
0.125226
0.125023
0.12471
0.124298
0.123799
0.123226
0.122596
0.12193
0.121254
0.120593
0.119979
0.119443
0.119021
0.118754
0.118675
0.00110462
0.00106021
0.000858132
0.000538178
0.00012658
-0.000354649
-0.000875716
-0.00141035
-0.00193466
-0.00242801
-0.0028734
-0.00325435
-0.00355759
-0.00377348
-0.00389295
-0.00390823
-0.00381234
-0.00359864
-0.00326248
-0.00280135
-0.00221392
-0.00149963
-0.000658965
0.000306996
0.00139646
0.00260683
0.00393545
0.00537999
0.0069378
0.0086055
0.0103794
0.0122556
0.0142295
0.0162966
0.0184523
0.020693
0.0230154
0.0254154
0.0278884
0.0304293
0.033032
0.0356908
0.0384008
0.0411572
0.0439555
0.0467902
0.049654
0.0525402
0.0554434
0.0583578
0.0612767
0.0641939
0.0671032
0.0699986
0.072874
0.0757234
0.0785405
0.0813192
0.0840543
0.0867405
0.0893721
0.0919435
0.09445
0.0968871
0.0992502
0.101534
0.103734
0.105844
0.10786
0.109778
0.111595
0.113305
0.114904
0.116385
0.117746
0.118983
0.120092
0.121072
0.121921
0.122636
0.123218
0.12367
0.123993
0.12419
0.124263
0.124217
0.124059
0.123796
0.123438
0.122997
0.122487
0.121922
0.121323
0.120708
0.120103
0.119531
0.11902
0.118597
0.11829
0.118119
0.00199172
0.00179765
0.00150938
0.00114373
0.000712194
0.000233725
-0.000269098
-0.000774244
-0.00126116
-0.00171352
-0.00211607
-0.00245505
-0.00271925
-0.00289849
-0.00298408
-0.00296941
-0.00284829
-0.00261457
-0.0022632
-0.00179132
-0.00119717
-0.000480658
0.000357592
0.00131658
0.00239456
0.00358952
0.00489967
0.00632293
0.00785654
0.00949724
0.0112417
0.0130859
0.0150253
0.0170556
0.0191734
0.021375
0.0236569
0.0260149
0.028444
0.0309394
0.0334956
0.036107
0.0387688
0.0414767
0.0442254
0.0470092
0.049822
0.052658
0.0555115
0.0583764
0.0612458
0.0641131
0.0669725
0.0698187
0.0726453
0.0754456
0.0782134
0.0809432
0.0836304
0.0862695
0.088855
0.0913822
0.0938462
0.096242
0.0985648
0.10081
0.102972
0.105045
0.107026
0.108912
0.110699
0.112381
0.113954
0.115414
0.116757
0.117978
0.119076
0.120047
0.12089
0.121606
0.122194
0.122658
0.122999
0.123219
0.12332
0.123306
0.123184
0.122962
0.122648
0.122254
0.121792
0.121276
0.120723
0.12015
0.119576
0.119022
0.118509
0.11806
0.117685
0.117387
0.00298733
0.00262096
0.00222717
0.00179993
0.00133284
0.00083953
0.000338662
-0.000152738
-0.000618832
-0.00104443
-0.00141668
-0.00172495
-0.00195938
-0.00211063
-0.00217052
-0.00213212
-0.00198968
-0.00173824
-0.0013734
-0.00089226
-0.000293153
0.000424495
0.00126029
0.00221299
0.00328092
0.00446264
0.00575676
0.00716116
0.00867328
0.0102903
0.0120088
0.0138247
0.0157334
0.0177311
0.0198151
0.0219819
0.0242277
0.0265483
0.0289387
0.0313933
0.0339071
0.0364756
0.0390942
0.0417584
0.0444629
0.0472015
0.0499685
0.0527592
0.0555682
0.0583886
0.0612133
0.0640363
0.0668518
0.0696538
0.0724361
0.0751926
0.0779169
0.0806037
0.0832485
0.0858461
0.0883911
0.0908787
0.0933048
0.0956644
0.0979522
0.100163
0.102292
0.104333
0.106284
0.108142
0.109903
0.11156
0.113111
0.114552
0.115878
0.117085
0.118172
0.119136
0.119976
0.120692
0.121286
0.121761
0.122117
0.122356
0.122478
0.12249
0.122397
0.122207
0.121929
0.12157
0.121144
0.120662
0.120139
0.119588
0.119026
0.118469
0.117935
0.117442
0.116981
0.116537
0.0040349
0.00349231
0.00298404
0.00248535
0.00196913
0.00144701
0.000934294
0.000442408
-1.58758e-05
-0.000427657
-0.000782388
-0.00107068
-0.00128391
-0.00141463
-0.00145553
-0.00139954
-0.00124098
-0.000975354
-0.000599284
-0.000110172
0.000493194
0.00121151
0.00204455
0.00299119
0.00405028
0.00522068
0.00650095
0.00788912
0.00938282
0.0109795
0.0126754
0.0144664
0.0163487
0.0183187
0.0203734
0.0225099
0.0247241
0.0270117
0.029368
0.0317872
0.034264
0.0367948
0.0393757
0.0420014
0.0446665
0.0473656
0.0500935
0.0528448
0.0556141
0.058395
0.0611803
0.0639642
0.066741
0.0695047
0.0722485
0.0749663
0.0776526
0.0803024
0.082911
0.0854727
0.0879821
0.0904353
0.0928286
0.0951567
0.097414
0.0995955
0.101696
0.103711
0.105637
0.107471
0.109209
0.110846
0.112377
0.1138
0.115111
0.116307
0.117384
0.118343
0.119181
0.119899
0.120499
0.120982
0.121349
0.121601
0.121741
0.121773
0.121703
0.121538
0.121285
0.120952
0.120549
0.120087
0.119579
0.119035
0.118469
0.117893
0.117323
0.116773
0.116213
0.115617
0.00509293
0.0043797
0.00375537
0.00317814
0.00260429
0.00204293
0.001506
0.00100243
0.000541688
0.000132966
-0.000214672
-0.00049258
-0.000693244
-0.000810264
-0.000837326
-0.000768241
-0.000597832
-0.000321813
6.27519e-05
0.000557829
0.00116451
0.00188319
0.00271341
0.00365443
0.00470577
0.00586641
0.00713476
0.00850923
0.00998764
0.011567
0.0132436
0.0150132
0.0168728
0.0188195
0.0208498
0.0229603
0.0251475
0.0274068
0.0297329
0.0321211
0.0345669
0.0370659
0.0396143
0.0422069
0.0448381
0.0475031
0.0501971
0.0529149
0.0556501
0.0583961
0.0611468
0.0638968
0.0666404
0.0693707
0.0720813
0.0747664
0.0774208
0.0800391
0.0826165
0.0851474
0.0876266
0.0900507
0.0924159
0.0947168
0.096948
0.0991048
0.101182
0.103176
0.105082
0.106896
0.108615
0.110234
0.111748
0.113156
0.114455
0.11564
0.116711
0.117666
0.118503
0.119224
0.119828
0.120318
0.120693
0.120955
0.121108
0.121155
0.121103
0.120956
0.120721
0.120403
0.120013
0.119559
0.119053
0.118504
0.117921
0.117315
0.116698
0.116081
0.115418
0.11467
0.00613011
0.00525584
0.00451643
0.00385814
0.00322196
0.0026133
0.00204341
0.00151892
0.00104604
0.000631754
0.000283486
8.13652e-06
-0.000187619
-0.000297398
-0.000315657
-0.000237437
-5.83143e-05
0.000225148
0.000615705
0.00111487
0.00172355
0.00244177
0.00326915
0.00420535
0.00525002
0.00640227
0.00766067
0.00902389
0.0104898
0.0120547
0.0137149
0.0154671
0.017308
0.0192349
0.021245
0.0233343
0.0254987
0.0277339
0.0300348
0.0323967
0.034816
0.0372889
0.0398104
0.0423749
0.0449776
0.0476143
0.05028
0.0529688
0.0556747
0.0583914
0.0611129
0.063834
0.0665491
0.0692512
0.0719342
0.0745926
0.0772207
0.0798131
0.0823646
0.0848698
0.087324
0.089724
0.0920659
0.0943445
0.0965543
0.0986909
0.10075
0.102727
0.104617
0.106415
0.108119
0.109722
0.111223
0.112619
0.113908
0.115086
0.116152
0.117104
0.117942
0.118665
0.119273
0.119766
0.120147
0.120417
0.120579
0.120638
0.120599
0.120464
0.120239
0.119928
0.119541
0.119086
0.118573
0.118008
0.117399
0.116754
0.116082
0.115392
0.114626
0.11373
0.00712204
0.00609703
0.00524673
0.00450712
0.00380475
0.00314462
0.00253595
0.00198275
0.00148966
0.00106252
0.000706874
0.000427955
0.000231611
0.000123744
0.000109428
0.000192858
0.000377563
0.000666117
0.00106062
0.00156234
0.00217174
0.00288871
0.00371331
0.00464544
0.00568447
0.00682984
0.00808061
0.00943496
0.0108905
0.0124437
0.0140909
0.015829
0.0176554
0.0195666
0.0215599
0.0236319
0.025778
0.0279932
0.0302732
0.0326142
0.0350125
0.0374637
0.0399629
0.0425048
0.0450848
0.0476986
0.050341
0.0530059
0.0556874
0.0583799
0.0610777
0.0637753
0.0664671
0.0691463
0.0718072
0.0744444
0.077052
0.0796238
0.0821547
0.0846396
0.0870742
0.0894552
0.0917788
0.0940396
0.0962327
0.0983539
0.100399
0.102363
0.10424
0.106026
0.107718
0.10931
0.110801
0.112188
0.11347
0.114643
0.115706
0.116657
0.117496
0.118219
0.118829
0.119326
0.119711
0.119987
0.120157
0.120223
0.120191
0.120062
0.119839
0.119528
0.119137
0.118674
0.118146
0.117558
0.116916
0.116224
0.115493
0.114728
0.11386
0.112824
0.00804859
0.00688433
0.00592882
0.00510786
0.00433822
0.00362372
0.00297171
0.00238461
0.00186574
0.00141939
0.00105021
0.000762785
0.000561714
0.000451774
0.000437551
0.000522725
0.000709877
0.00100118
0.00139786
0.00190064
0.00250973
0.00322522
0.00404725
0.00497585
0.00601049
0.00715071
0.00839594
0.00974388
0.0111913
0.0127352
0.0143727
0.0161003
0.0179153
0.019815
0.0217959
0.0238542
0.0259853
0.028185
0.0304491
0.0327742
0.0351563
0.0375906
0.0400723
0.0425966
0.0451591
0.0477553
0.0503795
0.0530254
0.0556877
0.0583614
0.0610408
0.0637202
0.066394
0.0690558
0.0717001
0.0743215
0.0769135
0.0794699
0.0819856
0.0844558
0.0868763
0.0892435
0.0915536
0.0938014
0.0959823
0.0980923
0.100127
0.102081
0.103949
0.105727
0.10741
0.108995
0.110479
0.111861
0.113138
0.114308
0.115369
0.116319
0.117158
0.117882
0.118494
0.118993
0.119382
0.119663
0.119837
0.119907
0.119876
0.119747
0.119521
0.119204
0.118804
0.118328
0.117778
0.117161
0.116479
0.115737
0.114944
0.114105
0.113137
0.111969
0.00889436
0.00760147
0.00654596
0.00564655
0.00480969
0.00403828
0.00333972
0.00271531
0.00216664
0.00169653
0.00130921
0.001009
0.000799469
0.000684374
0.000667359
0.000751407
0.000938566
0.00123034
0.00162739
0.00212983
0.00273787
0.00345192
0.00427183
0.00519752
0.00622925
0.00736647
0.00860779
0.00995109
0.0113932
0.0129308
0.0145612
0.0162817
0.0180893
0.0199809
0.0219532
0.0240018
0.0261221
0.0283104
0.0305635
0.0328775
0.0352479
0.0376699
0.0401388
0.0426506
0.0452007
0.047784
0.0503947
0.0530269
0.0556757
0.0583362
0.0610023
0.0636686
0.0663297
0.0689796
0.0716126
0.0742231
0.0768045
0.0793504
0.0818561
0.0843172
0.086729
0.0890877
0.0913892
0.0936286
0.0958013
0.0979039
0.0999317
0.101879
0.103741
0.105513
0.107192
0.108774
0.110256
0.111635
0.112911
0.114079
0.115138
0.116087
0.116925
0.117651
0.118264
0.118766
0.119158
0.119441
0.119617
0.119687
0.119653
0.119519
0.119287
0.118961
0.118547
0.118051
0.117476
0.116824
0.116099
0.115304
0.114448
0.113536
0.112473
0.111181
0.00964716
0.00823434
0.00708493
0.00611016
0.00520658
0.00437771
0.00363079
0.00296621
0.00238469
0.00188814
0.00147974
0.00116332
0.000942155
0.000819125
0.000796822
0.000877414
0.00106266
0.00135297
0.00174862
0.00224975
0.00285642
0.00356887
0.00438723
0.00531138
0.0063416
0.00747752
0.00871702
0.0100574
0.0114963
0.0130307
0.0146575
0.0163741
0.0181778
0.0200652
0.0220325
0.024075
0.0261889
0.0283709
0.0306176
0.0329248
0.0352878
0.037702
0.0401632
0.0426675
0.0452098
0.0477849
0.0503871
0.053011
0.0556518
0.0583045
0.0609627
0.0636212
0.0662748
0.0689179
0.0715446
0.0741491
0.0767245
0.0792651
0.0817663
0.0842236
0.086632
0.0889872
0.0912849
0.0935203
0.0956891
0.0977879
0.099812
0.101756
0.103615
0.105386
0.107065
0.108647
0.11013
0.11151
0.112785
0.113952
0.115011
0.115961
0.1168
0.117527
0.118143
0.118647
0.119041
0.119324
0.119498
0.119564
0.119525
0.119383
0.119141
0.118803
0.118371
0.117852
0.117246
0.116556
0.115786
0.114937
0.114019
0.113034
0.111881
0.110473
0.0102967
0.00877286
0.00753478
0.00648669
0.00551819
0.00463256
0.00383646
0.00312982
0.00251342
0.00198858
0.00155721
0.0012224
0.00098716
0.000853694
0.000823893
0.000899112
0.00108037
0.00136766
0.0017607
0.00225976
0.00286504
0.00357613
0.00439339
0.00531751
0.00634815
0.007484
0.00872317
0.0100632
0.0115014
0.0130351
0.0146615
0.0163779
0.0181813
0.020068
0.0220337
0.0240743
0.0261865
0.0283669
0.0306118
0.0329164
0.0352763
0.0376873
0.0401458
0.0426473
0.0451866
0.0477582
0.0503571
0.0529782
0.0556166
0.0582668
0.0609225
0.0635785
0.0662301
0.0688716
0.0714969
0.0741001
0.0766746
0.0792151
0.0817173
0.0841761
0.0865861
0.0889426
0.0912413
0.0934774
0.0956466
0.0977455
0.0997696
0.101714
0.103574
0.105347
0.10703
0.108616
0.110102
0.111485
0.112761
0.11393
0.114991
0.115942
0.116784
0.117513
0.118131
0.118636
0.11903
0.119312
0.119481
0.119542
0.119496
0.119345
0.11909
0.118735
0.118283
0.117736
0.117097
0.116368
0.115551
0.114649
0.113668
0.112613
0.111374
0.109858
0.0108351
0.00920811
0.00788575
0.00676754
0.00573577
0.00479404
0.00394903
0.00319994
0.00254741
0.00199265
0.00153696
0.00118237
0.000931235
0.000785371
0.000746219
0.000814404
0.000989682
0.00127244
0.00166241
0.00215907
0.00276253
0.003473
0.00429068
0.00521589
0.00624808
0.00738551
0.0086262
0.00996792
0.011408
0.0129439
0.0145731
0.0162927
0.0180992
0.0199885
0.0219565
0.0239996
0.0261147
0.028298
0.0305452
0.0328515
0.0352129
0.0376257
0.0400862
0.0425895
0.0451303
0.0477037
0.0503048
0.0529287
0.0555701
0.0582232
0.0608819
0.0635411
0.0661962
0.0688414
0.0714703
0.0740772
0.0766561
0.0792019
0.0817103
0.0841757
0.086592
0.0889545
0.091259
0.0935006
0.0956749
0.0977782
0.0998062
0.101754
0.10362
0.105399
0.107088
0.108681
0.110173
0.11156
0.112841
0.114014
0.115078
0.116034
0.116878
0.11761
0.118228
0.118734
0.119126
0.119404
0.119569
0.119622
0.119568
0.119405
0.119136
0.118761
0.118285
0.117709
0.117035
0.116266
0.115402
0.114445
0.113403
0.112281
0.11096
0.109343
0.0112555
0.00953183
0.00813048
0.00694537
0.00585198
0.00485508
0.00396188
0.00317078
0.00248167
0.00189595
0.00141465
0.00103892
0.000770589
0.000610982
0.000560662
0.000619913
0.000788309
0.00106562
0.00145168
0.00194593
0.00254808
0.00325873
0.00407817
0.00500581
0.00604063
0.00718116
0.00842541
0.00977107
0.0112157
0.0127569
0.014392
0.0161179
0.0179306
0.0198259
0.0218003
0.0238504
0.0259727
0.0281629
0.0304164
0.0327289
0.0350967
0.0375163
0.0399834
0.0424931
0.0450404
0.0476209
0.0502299
0.052862
0.0555118
0.0581732
0.0608403
0.0635085
0.0661728
0.068827
0.0714648
0.0740807
0.0766694
0.0792258
0.0817453
0.0842218
0.086649
0.0890222
0.0913374
0.0935895
0.0957736
0.0978858
0.0999223
0.101879
0.103753
0.105542
0.10724
0.108841
0.11034
0.111735
0.113023
0.114203
0.115273
0.116234
0.117082
0.117816
0.118434
0.118939
0.119328
0.119602
0.119761
0.119807
0.119742
0.119566
0.119279
0.118883
0.118381
0.117775
0.117065
0.116254
0.115343
0.114333
0.113232
0.112044
0.110647
0.108935
0.0115529
0.00973867
0.00826265
0.00701358
0.00586102
0.0048102
0.00386937
0.00303678
0.00231124
0.00169388
0.0011859
0.000787997
0.000501153
0.000326305
0.000263497
0.000312364
0.000472975
0.000744574
0.00112644
0.0016183
0.00222018
0.00293232
0.00375444
0.00468559
0.00572455
0.00686992
0.00811975
0.00947173
0.0109237
0.0124732
0.0141175
0.0158525
0.0176744
0.0195794
0.0215644
0.0236257
0.0257591
0.0279601
0.0302242
0.0325475
0.0349268
0.0373579
0.0398363
0.0423573
0.0449164
0.0475094
0.0501317
0.0527772
0.0554404
0.0581156
0.0607971
0.06348
0.0661588
0.0688272
0.0714792
0.0741098
0.0767137
0.0792857
0.0818208
0.0843126
0.086755
0.0891437
0.0914745
0.093742
0.0959408
0.098067
0.100117
0.102086
0.103973
0.105774
0.107483
0.109095
0.110605
0.11201
0.113308
0.114497
0.115576
0.116542
0.117394
0.11813
0.118749
0.119252
0.11964
0.11991
0.120063
0.1201
0.120022
0.119831
0.119524
0.119105
0.118576
0.117939
0.117194
0.116341
0.115384
0.114321
0.113162
0.111912
0.11044
0.108639
0.0117246
0.00982496
0.00827729
0.00696695
0.00575778
0.00465477
0.00366681
0.00279273
0.002031
0.00138175
0.000846119
0.000425003
0.000118584
-7.30184e-05
-0.000149604
-0.000111555
4.05981e-05
0.000306035
0.000684028
0.00117436
0.00177708
0.00249177
0.00331751
0.00425336
0.00529821
0.00645042
0.00770801
0.00906897
0.0105313
0.0120922
0.0137482
0.0154953
0.0173299
0.0192486
0.0212482
0.0233246
0.0254728
0.0276886
0.0299679
0.0323072
0.0347027
0.0371499
0.0396444
0.042182
0.0447583
0.0473693
0.0500098
0.0526737
0.0553555
0.05805
0.0607514
0.0634543
0.0661529
0.0688408
0.0715126
0.0741634
0.0767877
0.0793799
0.0819347
0.0844461
0.0869084
0.0893174
0.0916688
0.0939566
0.0961752
0.0983203
0.100388
0.102375
0.104278
0.106094
0.107818
0.109443
0.110966
0.112385
0.113696
0.114898
0.115986
0.116959
0.117815
0.118554
0.119174
0.119678
0.120064
0.12033
0.120476
0.120504
0.120413
0.120204
0.119878
0.119436
0.11888
0.11821
0.117429
0.116535
0.115531
0.114418
0.113202
0.111891
0.110349
0.108462
0.0117687
0.00978738
0.00817115
0.00680155
0.0055375
0.00438394
0.00334976
0.00243417
0.00163587
0.00095458
0.000390791
-5.48675e-05
-0.000382158
-0.000591253
-0.000682339
-0.000655625
-0.000512195
-0.000252816
0.000122066
0.000612052
0.00121653
0.00193456
0.00276513
0.00370729
0.00475982
0.00592099
0.00718896
0.00856193
0.0100376
0.0116126
0.0132832
0.0150456
0.0168967
0.0188332
0.0208513
0.0229462
0.0251132
0.0273483
0.0296478
0.032008
0.0344244
0.0368925
0.0394083
0.0419679
0.0445669
0.0472009
0.0498644
0.0525517
0.0552575
0.0579768
0.0607033
0.0634314
0.066155
0.0688679
0.071565
0.0742413
0.0768909
0.0795078
0.0820867
0.0846222
0.0871091
0.0895434
0.0919201
0.0942331
0.0964765
0.0986456
0.100737
0.102745
0.104669
0.106504
0.108245
0.109887
0.111427
0.112863
0.11419
0.115405
0.116504
0.117485
0.118348
0.119091
0.119715
0.120221
0.120606
0.120868
0.121006
0.121022
0.120917
0.120692
0.120345
0.11988
0.119295
0.118594
0.117775
0.116841
0.115792
0.114627
0.113357
0.111986
0.110375
0.108408
0.0116823
0.00962348
0.00794158
0.00651406
0.0051961
0.00399313
0.00291349
0.00195652
0.00112124
0.000407343
-0.000185227
-0.000656303
-0.00100546
-0.00123261
-0.00133838
-0.00132343
-0.00118854
-0.000934361
-0.000561586
-7.11235e-05
0.000535853
0.00125826
0.00209515
0.00304539
0.00410757
0.00528014
0.00656149
0.00794953
0.00944131
0.0110332
0.0127214
0.0145029
0.0163745
0.0183326
0.0203727
0.0224899
0.0246799
0.0269392
0.0292639
0.0316496
0.0340917
0.0365859
0.0391286
0.0417158
0.0443428
0.0470047
0.0496964
0.0524124
0.0551478
0.0578972
0.0606541
0.0634124
0.0661662
0.0689096
0.0716375
0.0743445
0.0770241
0.0796703
0.0822781
0.0848426
0.087359
0.0898233
0.09223
0.0945728
0.0968455
0.0990435
0.101162
0.103197
0.105145
0.107003
0.108766
0.11043
0.111991
0.113446
0.11479
0.11602
0.117131
0.118123
0.118994
0.119744
0.120374
0.120882
0.121266
0.121523
0.121653
0.121658
0.121539
0.121297
0.12093
0.12044
0.119827
0.119092
0.118237
0.117262
0.116167
0.114953
0.113628
0.112199
0.110522
0.108477
0.0114637
0.0093303
0.00758522
0.00610133
0.00472987
0.00347786
0.00235327
0.001355
0.0004824
-0.000264886
-0.000887058
-0.00138394
-0.00175519
-0.00200082
-0.0021214
-0.00211794
-0.00199083
-0.00174085
-0.00136936
-0.000877817
-0.00026745
0.000460719
0.00130555
0.0022657
0.00333987
0.00452674
0.00582446
0.00723028
0.00874074
0.0103523
0.0120618
0.0138664
0.0157624
0.0177455
0.0198111
0.0219548
0.0241728
0.0264612
0.0288157
0.0312316
0.0337045
0.0362305
0.0388057
0.041426
0.0440862
0.0467813
0.0495066
0.052257
0.0550277
0.0578126
0.0606048
0.0633984
0.0661878
0.0689671
0.0717311
0.0744736
0.0771881
0.0798686
0.0825105
0.0851093
0.0876602
0.090159
0.0926
0.0949767
0.0972831
0.0995145
0.101666
0.103732
0.105709
0.107595
0.109384
0.111072
0.112657
0.114133
0.115496
0.116742
0.117868
0.118873
0.119756
0.120516
0.121152
0.121663
0.122045
0.122298
0.122421
0.122416
0.122284
0.122025
0.121637
0.121121
0.120478
0.119709
0.118817
0.117801
0.116661
0.115397
0.114018
0.112533
0.110791
0.10867
0.011112
0.00890489
0.00709806
0.0055595
0.00413497
0.00283366
0.00166434
0.000624868
-0.000285565
-0.00106691
-0.00171908
-0.00224186
-0.00263519
-0.00289926
-0.00303446
-0.00304149
-0.00292113
-0.0026747
-0.00230394
-0.00181047
-0.00119547
-0.00046005
0.000394414
0.00136664
0.00245556
0.00365963
0.00497633
0.00640231
0.00793416
0.0095689
0.0113036
0.0131349
0.0150586
0.0170702
0.0191653
0.0213402
0.0235908
0.0259129
0.0283018
0.0307529
0.0332621
0.0358255
0.038439
0.0410977
0.0437964
0.0465304
0.0492952
0.0520859
0.0548973
0.0577228
0.0605555
0.0633897
0.06622
0.0690407
0.0718457
0.0746287
0.0773831
0.0801033
0.0827851
0.0854235
0.0880138
0.0905514
0.0930307
0.0954456
0.0977902
0.100059
0.102248
0.10435
0.106361
0.108279
0.110098
0.111815
0.113425
0.114925
0.11631
0.117575
0.118719
0.119739
0.120636
0.121407
0.122051
0.122565
0.122948
0.123197
0.123315
0.123301
0.123157
0.12288
0.12247
0.121927
0.121254
0.120452
0.119522
0.118464
0.117278
0.115964
0.114532
0.11299
0.111186
0.108991
0.0106264
0.00834523
0.00647655
0.0048841
0.00340741
0.0020566
0.000842011
-0.000238949
-0.00118744
-0.00200297
-0.0026851
-0.00323377
-0.00364908
-0.00393099
-0.00407987
-0.00409642
-0.00398213
-0.00373872
-0.00336794
-0.00287136
-0.00225029
-0.00150605
-0.000639938
0.000346984
0.00145345
0.0026772
0.00401505
0.00546368
0.00702017
0.00868177
0.0104452
0.0123064
0.0142611
0.016305
0.0184342
0.0206449
0.0229326
0.0252928
0.0277207
0.0302122
0.0327633
0.0353696
0.0380266
0.0407289
0.0434717
0.0462505
0.0490609
0.0518978
0.0547552
0.0576265
0.0605049
0.0633851
0.0662617
0.0691288
0.0719799
0.0748086
0.0776084
0.0803743
0.0831017
0.0857853
0.0884198
0.0910006
0.0935226
0.09598
0.0983672
0.100679
0.102909
0.105051
0.107101
0.109056
0.11091
0.112658
0.114297
0.115824
0.117233
0.11852
0.119685
0.120725
0.121638
0.122421
0.123073
0.123592
0.123976
0.124225
0.124339
0.124318
0.124161
0.123867
0.123433
0.122864
0.12216
0.121324
0.120356
0.119255
0.118023
0.116659
0.115173
0.113576
0.111709
0.10944
0.0100053
0.00764949
0.005718
0.00407142
0.00254307
0.00114265
-0.000118141
-0.00124107
-0.00222745
-0.00307691
-0.00378897
-0.00436338
-0.00479999
-0.00509879
-0.00526035
-0.00528588
-0.00517719
-0.00493604
-0.00456413
-0.00406311
-0.00343445
-0.00267943
-0.00179913
-0.000794799
0.000331572
0.00157703
0.00293835
0.00441268
0.00599737
0.00768931
0.00948461
0.011379
0.0133683
0.0154488
0.0176167
0.0198675
0.0221965
0.0245991
0.0270709
0.0296081
0.0322064
0.0348608
0.0375662
0.0403176
0.0431102
0.0459399
0.0488019
0.0516903
0.054599
0.0575214
0.0604512
0.063383
0.0663112
0.0692295
0.0721319
0.0750118
0.0778632
0.0806809
0.0834597
0.0861939
0.0888776
0.0915065
0.0940759
0.0965808
0.0990155
0.101374
0.10365
0.105837
0.10793
0.109925
0.111817
0.113601
0.115273
0.116829
0.118266
0.11958
0.120769
0.12183
0.12276
0.123557
0.12422
0.124746
0.125134
0.125385
0.125496
0.125468
0.125298
0.124985
0.124529
0.123933
0.1232
0.122329
0.121321
0.120177
0.118898
0.117483
0.115944
0.114291
0.112362
0.110019
0.00924622
0.00681553
0.00482028
0.00311834
0.00153766
8.73927e-05
-0.00121995
-0.00238519
-0.00340951
-0.00429278
-0.00503452
-0.0056341
-0.00609112
-0.00640607
-0.00657983
-0.00661399
-0.00651022
-0.00627026
-0.00589597
-0.00538906
-0.00475092
-0.00398262
-0.00308547
-0.00206145
-0.00091323
0.000356148
0.00174388
0.00324739
0.00486367
0.00658904
0.00841929
0.0103504
0.0123786
0.0145003
0.0167111
0.0190061
0.0213805
0.0238303
0.0263513
0.0289393
0.0315897
0.034297
0.037056
0.0398621
0.0427106
0.045597
0.0485159
0.0514612
0.0544266
0.0574058
0.0603927
0.0633816
0.0663666
0.0693416
0.0723006
0.0752378
0.0781469
0.0810224
0.0838584
0.0866486
0.089387
0.0920696
0.0946921
0.0972497
0.0997368
0.102147
0.104473
0.106709
0.108849
0.110889
0.112823
0.114646
0.116355
0.117945
0.119414
0.120757
0.121972
0.123057
0.124006
0.124819
0.125494
0.12603
0.126426
0.126679
0.126788
0.126752
0.126569
0.126239
0.125762
0.12514
0.124375
0.123469
0.122421
0.121233
0.119905
0.118439
0.116847
0.115138
0.113146
0.110729
0.00834639
0.00584071
0.00378088
0.00202177
0.000387405
-0.00111304
-0.00246695
-0.00367482
-0.00473745
-0.00565451
-0.00642536
-0.00704941
-0.0075265
-0.00785735
-0.00804313
-0.00808537
-0.00798562
-0.00774574
-0.00736766
-0.00685301
-0.00620298
-0.00541886
-0.00450267
-0.0034571
-0.00228491
-0.000988729
0.00042886
0.00196491
0.00361584
0.00537767
0.00724647
0.00921859
0.0112903
0.0134575
0.0157152
0.0180586
0.0204833
0.0229853
0.0255606
0.0282044
0.0309116
0.0336768
0.036495
0.0393616
0.0422717
0.0452202
0.0482013
0.0512088
0.0542366
0.0572785
0.0603283
0.0633799
0.0664272
0.0694642
0.0724858
0.0754864
0.0784594
0.0813986
0.0842973
0.0871491
0.0899484
0.0926911
0.095373
0.0979891
0.100534
0.103
0.10538
0.107669
0.10986
0.111949
0.113929
0.115796
0.117545
0.119174
0.120678
0.122055
0.123299
0.124409
0.12538
0.126212
0.126903
0.127452
0.127856
0.128113
0.12822
0.128177
0.127982
0.127636
0.127137
0.126489
0.125693
0.12475
0.123661
0.122428
0.121052
0.119534
0.117887
0.116121
0.114064
0.111572
0.00730309
0.00472172
0.00259658
0.000778945
-0.000910481
-0.00246192
-0.00386286
-0.00511379
-0.00621501
-0.00716574
-0.00796541
-0.00861381
-0.00911113
-0.0094579
-0.00965538
-0.00970496
-0.00960832
-0.00936729
-0.00898368
-0.00845901
-0.0077947
-0.00699272
-0.00605575
-0.00498657
-0.00378761
-0.00246126
-0.0010105
0.000561119
0.00224971
0.00405159
0.00596324
0.00798098
0.0101006
0.0123174
0.0146264
0.017023
0.019503
0.0220625
0.0246971
0.0274016
0.0301706
0.0329991
0.0358823
0.0388152
0.0417923
0.044808
0.0478566
0.050932
0.0540282
0.0571388
0.0602571
0.063377
0.0664923
0.0695975
0.0726879
0.075758
0.0788008
0.0818093
0.0847766
0.0876962
0.0905629
0.0933726
0.0961205
0.0988009
0.101408
0.103934
0.106374
0.10872
0.110967
0.113109
0.11514
0.117055
0.11885
0.120521
0.122064
0.123476
0.124753
0.125891
0.126888
0.127742
0.128452
0.129015
0.129429
0.129689
0.129796
0.129747
0.129542
0.12918
0.128661
0.127986
0.127158
0.126178
0.125048
0.123769
0.122343
0.120772
0.119068
0.117244
0.115122
0.112552
0.00611465
0.00345561
0.00126409
-0.000612934
-0.00235883
-0.00396271
-0.00541165
-0.00670602
-0.00784598
-0.00883061
-0.00965953
-0.0103328
-0.0108505
-0.0112132
-0.0114218
-0.011478
-0.0113834
-0.0111396
-0.0107484
-0.0102116
-0.00953119
-0.00870975
-0.00775004
-0.00665453
-0.0054255
-0.00406575
-0.00257889
-0.000968733
0.000761098
0.0026073
0.00456637
0.00663418
0.00880595
0.0110767
0.0134417
0.0158967
0.0184375
0.0210597
0.0237586
0.0265289
0.0293654
0.0322631
0.035217
0.0382217
0.041271
0.0443592
0.0474807
0.0506299
0.0538007
0.0569858
0.0601785
0.0633725
0.066562
0.0697419
0.0729074
0.0760529
0.079171
0.0822545
0.0852964
0.0882905
0.0912315
0.0941149
0.0969351
0.0996858
0.10236
0.104953
0.107456
0.109865
0.112172
0.114373
0.116459
0.118426
0.12027
0.121987
0.123574
0.125024
0.126337
0.127507
0.128534
0.129414
0.130144
0.130723
0.131147
0.131413
0.13152
0.131467
0.131252
0.130875
0.130335
0.129634
0.128774
0.127757
0.126584
0.125258
0.123781
0.122156
0.120395
0.11851
0.11632
0.113669
0.00478027
0.00204021
-0.000219714
-0.00215742
-0.00396131
-0.00561922
-0.00711727
-0.00845571
-0.00963497
-0.0106544
-0.0115134
-0.0122121
-0.0127502
-0.0131285
-0.0133478
-0.0134096
-0.0133156
-0.0130673
-0.0126667
-0.0121161
-0.0114181
-0.0105754
-0.00959028
-0.00846525
-0.00720299
-0.00580698
-0.00428111
-0.00262893
-0.000853649
0.00104144
0.00305236
0.00517443
0.00740263
0.00973215
0.0121585
0.0146774
0.0172842
0.0199743
0.0227426
0.0255844
0.0284944
0.0314673
0.0344977
0.0375794
0.0407062
0.0438724
0.0470728
0.0503018
0.053553
0.0568187
0.0600917
0.063366
0.0666362
0.0698972
0.0731442
0.0763708
0.0795697
0.082734
0.0858569
0.0889322
0.0919543
0.0949178
0.0978162
0.100643
0.103391
0.106054
0.108627
0.111104
0.113477
0.115741
0.117887
0.119911
0.121808
0.123576
0.125208
0.126703
0.128054
0.129261
0.13032
0.131228
0.131982
0.132579
0.133014
0.133288
0.133397
0.13334
0.133116
0.132724
0.132163
0.131436
0.130544
0.129489
0.128273
0.126898
0.125369
0.123687
0.121866
0.119919
0.117656
0.114922
0.00329869
0.000473332
-0.00185817
-0.00385869
-0.00572214
-0.00743549
-0.00898402
-0.0103679
-0.0115878
-0.0126431
-0.013533
-0.0142573
-0.0148158
-0.0152092
-0.0154383
-0.0155046
-0.0154095
-0.0151551
-0.0147437
-0.0141781
-0.0134608
-0.0125942
-0.0115806
-0.010423
-0.00912466
-0.00768951
-0.00612117
-0.00442283
-0.00259761
-0.000649256
0.00141769
0.00359827
0.00588765
0.00828119
0.0107743
0.0133623
0.0160404
0.0188035
0.0216471
0.0245664
0.027556
0.03061
0.0337221
0.0368862
0.0400961
0.0433464
0.0466318
0.0499467
0.0532841
0.0566362
0.0599957
0.0633568
0.0667143
0.0700631
0.0733976
0.0767112
0.0799968
0.0832479
0.0864583
0.0896214
0.092731
0.0957804
0.0987627
0.101671
0.104499
0.10724
0.109889
0.112439
0.114883
0.117215
0.119426
0.121511
0.123467
0.125289
0.126973
0.128515
0.129911
0.131158
0.132253
0.133191
0.133969
0.134586
0.135036
0.135319
0.135431
0.135372
0.135139
0.134732
0.13415
0.133397
0.132472
0.131378
0.130117
0.128694
0.12711
0.12537
0.123486
0.121473
0.119135
0.116313
0.00166715
-0.00124803
-0.00365476
-0.00572077
-0.00764576
-0.00941629
-0.0110172
-0.0124486
-0.0137107
-0.0148027
-0.015724
-0.016474
-0.0170526
-0.0174604
-0.0176983
-0.0177677
-0.0176703
-0.0174086
-0.0169853
-0.016403
-0.0156639
-0.0147703
-0.0137252
-0.0125322
-0.011195
-0.00971724
-0.00810228
-0.00635329
-0.00447381
-0.00246809
-0.000340916
0.00190288
0.00425862
0.00672154
0.00928667
0.0119489
0.0147034
0.0175454
0.0204703
0.0234732
0.0265484
0.029689
0.0328884
0.0361404
0.0394394
0.04278
0.0461567
0.0495633
0.0529927
0.0564373
0.0598898
0.0633446
0.0667961
0.0702389
0.0736671
0.077074
0.0804528
0.0837973
0.0871016
0.0903588
0.0935618
0.096703
0.0997751
0.102771
0.105685
0.108511
0.111243
0.113872
0.116394
0.118798
0.121079
0.123231
0.12525
0.127133
0.128873
0.130468
0.131912
0.133202
0.134335
0.135306
0.136112
0.136751
0.137219
0.137513
0.137629
0.137567
0.137326
0.136904
0.136302
0.135522
0.134564
0.13343
0.132123
0.130649
0.12901
0.127208
0.125258
0.123175
0.120758
0.117843
-0.000118126
-0.00312755
-0.00561311
-0.00774765
-0.00973706
-0.0115674
-0.0132231
-0.0147039
-0.0160096
-0.0171393
-0.0180922
-0.0188678
-0.0194661
-0.0198874
-0.020133
-0.0202044
-0.020104
-0.0198341
-0.0193972
-0.0187958
-0.018032
-0.0171086
-0.0160292
-0.0147979
-0.0134183
-0.0118937
-0.0102276
-0.00842366
-0.00648581
-0.00441852
-0.00222645
8.57055e-05
0.00251312
0.00505066
0.00769287
0.0104345
0.013271
0.0161979
0.0192103
0.0223028
0.025469
0.0287018
0.0319942
0.0353404
0.0387349
0.0421721
0.045646
0.0491503
0.0526778
0.0562212
0.0597736
0.0633289
0.0668811
0.0704244
0.0739529
0.07746
0.080939
0.084384
0.0877887
0.091146
0.0944481
0.0976871
0.100855
0.103946
0.106953
0.109871
0.112691
0.115407
0.11801
0.120493
0.12285
0.125075
0.127163
0.129111
0.130913
0.132565
0.134061
0.135397
0.136571
0.137578
0.138416
0.139081
0.139567
0.139873
0.139994
0.13993
0.139681
0.139245
0.138622
0.137814
0.136822
0.135647
0.134294
0.132767
0.131069
0.129203
0.127185
0.125028
0.122529
0.119517
-0.00206089
-0.00516926
-0.00773752
-0.00994413
-0.0120016
-0.0138949
-0.0156078
-0.0171398
-0.0184904
-0.0196585
-0.0206433
-0.0214446
-0.0220619
-0.0224962
-0.0227487
-0.0228218
-0.0227175
-0.0224379
-0.0219853
-0.021362
-0.0205707
-0.0196148
-0.0184983
-0.0172252
-0.015799
-0.0142231
-0.0125015
-0.0106384
-0.00863789
-0.00650432
-0.00424218
-0.00185632
0.000647989
0.00326521
0.00598972
0.00881643
0.011741
0.0147589
0.0178648
0.0210525
0.0243153
0.0276459
0.0310378
0.0344847
0.037981
0.0415209
0.0450983
0.0487066
0.0523387
0.0559877
0.0596468
0.0633094
0.0669692
0.0706199
0.0742557
0.0778702
0.081457
0.0850094
0.0885209
0.0919842
0.0953913
0.0987343
0.102005
0.105198
0.108305
0.11132
0.114235
0.117042
0.119734
0.122302
0.124741
0.127044
0.129209
0.131228
0.133097
0.134809
0.13636
0.137748
0.138967
0.140015
0.140887
0.141579
0.142085
0.142403
0.14253
0.142466
0.14221
0.14176
0.141116
0.140279
0.139251
0.138034
0.136633
0.135052
0.133293
0.13136
0.129269
0.127037
0.124451
0.121336
-0.0041648
-0.00737768
-0.0100332
-0.0123159
-0.0144451
-0.0164047
-0.0181771
-0.019762
-0.021159
-0.0223664
-0.0233836
-0.0242102
-0.0248466
-0.0252937
-0.0255532
-0.0256273
-0.0255179
-0.0252266
-0.0247559
-0.0241082
-0.0232869
-0.0222958
-0.0211387
-0.0198196
-0.0183422
-0.0167106
-0.0149294
-0.0130028
-0.0109349
-0.00872978
-0.00639213
-0.00392728
-0.00134094
0.00136119
0.00417367
0.00709155
0.0101104
0.0132253
0.0164305
0.0197192
0.0230844
0.0265191
0.0300169
0.0335712
0.0371759
0.0408249
0.0445121
0.048231
0.0519746
0.0557361
0.0595087
0.0632855
0.0670597
0.070825
0.0745755
0.078305
0.0820066
0.0856735
0.0892984
0.0928738
0.0963923
0.0998458
0.103227
0.106528
0.109741
0.11286
0.115876
0.11878
0.121566
0.124226
0.126754
0.129143
0.131389
0.133485
0.135425
0.137203
0.138816
0.140258
0.141528
0.14262
0.14353
0.144251
0.144779
0.145111
0.145246
0.145184
0.144921
0.144456
0.14379
0.142923
0.141859
0.1406
0.139149
0.137511
0.13569
0.133687
0.13152
0.129208
0.12653
0.123307
-0.00643407
-0.00975778
-0.0125058
-0.0148686
-0.0170731
-0.0191021
-0.0209368
-0.0225767
-0.0240214
-0.0252693
-0.0263195
-0.027172
-0.0278278
-0.0282881
-0.0285544
-0.0286285
-0.0285121
-0.0282071
-0.027716
-0.0270418
-0.026188
-0.0251583
-0.0239565
-0.022587
-0.0210541
-0.0193627
-0.0175175
-0.0155226
-0.0133819
-0.0110997
-0.00868117
-0.00613202
-0.00345828
-0.000665505
0.00224111
0.00525656
0.00837591
0.0115938
0.014904
0.0182996
0.0217736
0.0253191
0.0289294
0.0325977
0.0363173
0.0400819
0.0438856
0.0477221
0.0515845
0.0554655
0.0593582
0.0632558
0.0671514
0.0710388
0.0749116
0.0787633
0.0825869
0.086375
0.0901199
0.0938144
0.0974511
0.101022
0.10452
0.107936
0.111262
0.114491
0.117613
0.120622
0.123509
0.126268
0.128892
0.131373
0.133707
0.135885
0.137902
0.139752
0.141432
0.142936
0.144261
0.145401
0.14635
0.147103
0.147655
0.148005
0.148151
0.14809
0.147821
0.147341
0.146652
0.145756
0.144656
0.143352
0.14185
0.140154
0.138266
0.13619
0.133944
0.131547
0.128773
0.125433
-0.00887355
-0.0123147
-0.0151607
-0.017608
-0.0198914
-0.0219931
-0.0238932
-0.0255906
-0.0270847
-0.0283744
-0.0294588
-0.0303384
-0.0310143
-0.0314878
-0.0317601
-0.0318328
-0.0317077
-0.0313871
-0.0308736
-0.0301704
-0.0292809
-0.0282086
-0.0269579
-0.0255338
-0.0239415
-0.022186
-0.0202718
-0.0182031
-0.015984
-0.0136193
-0.0111144
-0.00847542
-0.00570834
-0.00281859
0.000188639
0.00330802
0.006534
0.00986076
0.013282
0.016791
0.0203806
0.0240436
0.027773
0.0315617
0.0354028
0.0392899
0.043217
0.0471782
0.0511664
0.0551739
0.0591935
0.0632187
0.0672429
0.0712596
0.0752623
0.0792436
0.0831961
0.0871121
0.0909842
0.0948053
0.0985679
0.102264
0.105885
0.109423
0.112868
0.116213
0.119449
0.122569
0.125566
0.128431
0.131157
0.133737
0.136164
0.138431
0.140532
0.142461
0.144213
0.145785
0.14717
0.148361
0.149353
0.150141
0.150721
0.151091
0.151249
0.151192
0.150916
0.150422
0.149711
0.148785
0.147647
0.146298
0.144742
0.142984
0.141027
0.138873
0.136544
0.134056
0.131179
0.127716
-0.0114885
-0.0150538
-0.0180033
-0.0205401
-0.0229067
-0.0250848
-0.0270535
-0.0288111
-0.030357
-0.0316903
-0.0328107
-0.0337186
-0.034415
-0.034901
-0.0351781
-0.035248
-0.0351128
-0.0347746
-0.0342364
-0.0335011
-0.0325719
-0.0314529
-0.0301493
-0.0286667
-0.0270106
-0.025186
-0.0231975
-0.0210493
-0.0187461
-0.0162933
-0.0136965
-0.0109617
-0.00809475
-0.00510137
-0.00198705
0.00124245
0.00458116
0.00802299
0.0115618
0.0151909
0.0189029
0.02269
0.0265449
0.0304605
0.0344299
0.0384465
0.0425044
0.0465975
0.0507184
0.0548593
0.0590129
0.0631728
0.0673327
0.0714862
0.075626
0.0797441
0.0838326
0.0878839
0.0918909
0.0958464
0.0997429
0.103572
0.107324
0.110989
0.114561
0.118029
0.121387
0.124626
0.127739
0.130717
0.133552
0.136237
0.138764
0.141127
0.143318
0.145333
0.147166
0.14881
0.150259
0.151505
0.152544
0.153371
0.153984
0.154378
0.154549
0.154495
0.154214
0.153706
0.152973
0.152017
0.15084
0.149444
0.147832
0.146009
0.143978
0.141743
0.139324
0.136741
0.133753
0.130158
-0.0142849
-0.0179814
-0.0210405
-0.0236723
-0.026127
-0.0283855
-0.0304262
-0.0322471
-0.0338476
-0.0352269
-0.0363848
-0.0373218
-0.0380385
-0.0385364
-0.0388172
-0.038883
-0.0387358
-0.0383779
-0.0378116
-0.0370402
-0.0360673
-0.0348978
-0.0335374
-0.031992
-0.0302673
-0.0283681
-0.0262993
-0.0240659
-0.0216731
-0.0191263
-0.0164314
-0.0135942
-0.0106208
-0.00751714
-0.00428944
-0.00094366
0.00251411
0.00607768
0.00974078
0.0134967
0.0173377
0.0212555
0.0252424
0.0292916
0.0333962
0.0375498
0.041746
0.045978
0.0502386
0.0545199
0.0588148
0.063117
0.0674202
0.0717176
0.0760016
0.0802637
0.0844956
0.0886899
0.0928396
0.0969377
0.100976
0.104945
0.108835
0.112636
0.116341
0.119941
0.123428
0.126795
0.130032
0.13313
0.136081
0.138877
0.141512
0.143978
0.146268
0.148376
0.150294
0.152016
0.153533
0.15484
0.155931
0.156804
0.157452
0.157871
0.158058
0.15801
0.157725
0.157205
0.156451
0.155464
0.154247
0.152801
0.15113
0.149238
0.147129
0.144806
0.142291
0.139606
0.1365
0.132766
-0.0172695
-0.0211054
-0.0242805
-0.0270129
-0.0295612
-0.0319046
-0.0340212
-0.0359089
-0.037567
-0.0389944
-0.040191
-0.0411573
-0.0418942
-0.0424035
-0.0426871
-0.0427472
-0.0425858
-0.0422046
-0.0416066
-0.0407951
-0.0397746
-0.0385505
-0.037129
-0.035516
-0.033717
-0.0317374
-0.0295828
-0.0272586
-0.0247701
-0.0221231
-0.0193233
-0.0163769
-0.0132901
-0.0100698
-0.00672236
-0.00325391
0.000329658
0.00402202
0.00781648
0.011706
0.0156825
0.0197375
0.0238632
0.0280529
0.0323001
0.0365979
0.0409396
0.0453178
0.049725
0.054154
0.0585979
0.0630501
0.0675041
0.0719526
0.0763878
0.0808012
0.0851844
0.0895298
0.0938304
0.0980789
0.102267
0.106384
0.110419
0.114365
0.118212
0.121952
0.125577
0.129079
0.132447
0.135673
0.138747
0.141663
0.144413
0.14699
0.149386
0.151593
0.153602
0.155407
0.156999
0.158373
0.159523
0.160444
0.161131
0.161579
0.161784
0.161745
0.161459
0.160928
0.160153
0.159135
0.157876
0.156378
0.154644
0.152679
0.150486
0.14807
0.145453
0.142659
0.139429
0.135544
-0.0204496
-0.0244342
-0.0277327
-0.0305715
-0.0332188
-0.0356524
-0.0378491
-0.0398073
-0.0415258
-0.0430032
-0.0442395
-0.0452355
-0.0459928
-0.046513
-0.0467983
-0.0468505
-0.0466715
-0.0462634
-0.0456296
-0.0447741
-0.0437022
-0.0424193
-0.0409316
-0.0392453
-0.0373662
-0.0353005
-0.0330543
-0.0306332
-0.0280428
-0.0252885
-0.0223768
-0.0193142
-0.0161076
-0.0127639
-0.00929009
-0.00569204
-0.00197556
0.00185278
0.00578565
0.00981539
0.0139339
0.018133
0.0224048
0.0267424
0.0311394
0.0355887
0.0400829
0.0446146
0.049176
0.0537601
0.0583605
0.0629705
0.0675828
0.0721899
0.0767837
0.0813558
0.085898
0.0904027
0.0948624
0.0992693
0.103614
0.107887
0.112077
0.116175
0.120173
0.124063
0.127835
0.13148
0.134988
0.138349
0.141555
0.144598
0.147472
0.150168
0.152676
0.154989
0.157096
0.15899
0.160664
0.162111
0.163326
0.164301
0.16503
0.165509
0.165737
0.165709
0.165425
0.164884
0.164088
0.163038
0.161736
0.160183
0.158383
0.15634
0.154059
0.151543
0.148818
0.145909
0.142545
0.138501
-0.0238331
-0.0279769
-0.0314067
-0.0343582
-0.0371104
-0.0396396
-0.041921
-0.0439529
-0.0457343
-0.0472637
-0.0485412
-0.049568
-0.0503459
-0.0508763
-0.0511613
-0.0512026
-0.0510025
-0.0505639
-0.0498905
-0.0489873
-0.0478594
-0.0465126
-0.0449531
-0.0431876
-0.0412228
-0.0390652
-0.0367212
-0.0341966
-0.0314971
-0.0286285
-0.0255977
-0.022412
-0.0190787
-0.0156049
-0.0119973
-0.00826213
-0.00440538
-0.000433929
0.00364432
0.00782128
0.0120889
0.0164392
0.0208645
0.0253578
0.0299118
0.0345196
0.0391736
0.043866
0.0485893
0.0533364
0.058101
0.0628762
0.0676544
0.0724276
0.0771875
0.0819261
0.0866354
0.0913074
0.0959341
0.100507
0.105017
0.109453
0.113806
0.118067
0.122226
0.126274
0.130202
0.133999
0.137655
0.14116
0.144507
0.147688
0.150694
0.153516
0.156144
0.158569
0.160781
0.162773
0.164536
0.166063
0.167347
0.16838
0.169156
0.169673
0.169927
0.169914
0.169634
0.169084
0.168268
0.167186
0.165839
0.164229
0.162359
0.160233
0.157857
0.155236
0.152396
0.149364
0.145858
0.141643
-0.0274283
-0.0317422
-0.0353124
-0.0383837
-0.0412467
-0.0438768
-0.0462475
-0.0483566
-0.0502037
-0.0517875
-0.0531082
-0.0541669
-0.054965
-0.0555042
-0.0557864
-0.055814
-0.0555896
-0.055117
-0.0544004
-0.0534449
-0.0522559
-0.0508394
-0.0492022
-0.0473517
-0.0452952
-0.0430395
-0.0405909
-0.0379556
-0.0351396
-0.0321494
-0.0289925
-0.0256768
-0.0222097
-0.0185981
-0.014849
-0.0109689
-0.00696439
-0.00284274
0.00138798
0.00571947
0.0101437
0.0146528
0.0192394
0.0238958
0.0286144
0.0333878
0.0382087
0.0430694
0.0479624
0.0528804
0.0578168
0.0627647
0.0677162
0.0726632
0.0775974
0.0825106
0.0873948
0.0922418
0.0970432
0.10179
0.106473
0.111082
0.115607
0.120039
0.124368
0.128584
0.132677
0.136635
0.14045
0.14411
0.147608
0.150935
0.154082
0.157039
0.159795
0.16234
0.164666
0.166764
0.168624
0.170237
0.171596
0.172693
0.173523
0.174082
0.174366
0.174372
0.174097
0.173541
0.172706
0.171591
0.170198
0.168528
0.166584
0.164371
0.161895
0.159162
0.1562
0.153037
0.149378
0.144979
-0.0312441
-0.0357397
-0.0394598
-0.0426584
-0.0456385
-0.0483747
-0.0508393
-0.0530301
-0.0549464
-0.0565873
-0.0579528
-0.0590438
-0.0598614
-0.0604076
-0.0606847
-0.0606959
-0.0604444
-0.0599342
-0.05917
-0.0581571
-0.0569012
-0.055409
-0.0536882
-0.0517467
-0.0495921
-0.0472312
-0.0446707
-0.0419171
-0.0389772
-0.0358583
-0.0325681
-0.0291148
-0.0255061
-0.0217489
-0.0178503
-0.0138175
-0.00965787
-0.00537876
-0.000988177
0.00350561
0.00809439
0.0127703
0.0175256
0.0223526
0.0272432
0.0321897
0.037185
0.0422218
0.0472923
0.052389
0.0575049
0.0626329
0.0677654
0.0728942
0.0780109
0.0831071
0.0881743
0.0932041
0.0981882
0.103118
0.107983
0.112773
0.11748
0.122092
0.1266
0.130993
0.135261
0.139391
0.143374
0.1472
0.15086
0.154344
0.157641
0.160741
0.163633
0.166309
0.168758
0.17097
0.172934
0.174641
0.176082
0.17725
0.17814
0.178747
0.179066
0.179093
0.178827
0.178267
0.177413
0.176266
0.174824
0.173091
0.171069
0.168764
0.166183
0.163331
0.160239
0.156934
0.153112
0.148514
-0.0352903
-0.0399793
-0.0438588
-0.0471928
-0.0502971
-0.0531453
-0.0557092
-0.0579863
-0.0599756
-0.061676
-0.0630874
-0.0642103
-0.0650464
-0.065598
-0.0658681
-0.0658603
-0.0655784
-0.0650265
-0.0642097
-0.0631336
-0.0618049
-0.0602311
-0.0584205
-0.0563813
-0.0541212
-0.0516475
-0.0489673
-0.046088
-0.0430169
-0.039762
-0.0363309
-0.0327321
-0.0289735
-0.0250626
-0.0210067
-0.0168137
-0.0124913
-0.00804705
-0.00348881
0.0011753
0.00593675
0.0107872
0.0157188
0.0207237
0.0257938
0.0309215
0.0360993
0.0413198
0.0465754
0.0518584
0.0571616
0.0624777
0.0677991
0.0731179
0.0784255
0.0837131
0.0889718
0.0941929
0.099368
0.104488
0.109545
0.114526
0.119423
0.124225
0.128922
0.133502
0.137954
0.142268
0.146432
0.150434
0.154266
0.157915
0.161373
0.164626
0.167666
0.170482
0.173063
0.175397
0.177474
0.179283
0.180815
0.182062
0.183019
0.183679
0.184037
0.18409
0.183836
0.183273
0.182402
0.181221
0.17973
0.177931
0.175827
0.173427
0.170734
0.167756
0.164523
0.161067
0.157068
0.152259
-0.039577
-0.0444718
-0.0485205
-0.0519986
-0.055235
-0.0582023
-0.0608714
-0.0632393
-0.0653048
-0.0670665
-0.0685241
-0.0696788
-0.0705324
-0.071088
-0.0713491
-0.0713194
-0.0710031
-0.0704047
-0.0695297
-0.0683847
-0.0669772
-0.0653153
-0.0634078
-0.0612632
-0.0588898
-0.0562954
-0.0534879
-0.0504752
-0.0472655
-0.0438666
-0.0402865
-0.0365338
-0.032617
-0.0285443
-0.0243236
-0.0199627
-0.0154696
-0.0108521
-0.00611809
-0.00127565
0.00366641
0.00869921
0.0138146
0.019005
0.0242625
0.0295794
0.0349478
0.04036
0.0458083
0.0512853
0.0567836
0.0622959
0.0678147
0.0733318
0.0788387
0.0843262
0.0897851
0.0952065
0.100582
0.105902
0.111159
0.116341
0.121438
0.12644
0.131334
0.136111
0.14076
0.145267
0.149622
0.153813
0.157827
0.161653
0.165282
0.168701
0.171899
0.174865
0.177588
0.180055
0.182254
0.184174
0.185806
0.187141
0.188171
0.18889
0.189293
0.189377
0.189139
0.188576
0.187688
0.186472
0.18493
0.183063
0.180876
0.178374
0.175563
0.172449
0.169066
0.165447
0.161259
0.156223
-0.0441145
-0.0492291
-0.053458
-0.0570896
-0.0604669
-0.0635608
-0.0663408
-0.0688038
-0.0709483
-0.0727727
-0.0742771
-0.0754633
-0.0763337
-0.0768917
-0.0771409
-0.0770856
-0.0767303
-0.07608
-0.0751412
-0.0739212
-0.0724283
-0.0706712
-0.068659
-0.0664008
-0.0639056
-0.0611825
-0.0582398
-0.0550859
-0.0517291
-0.0481776
-0.04444
-0.0405249
-0.0364417
-0.0321993
-0.0278058
-0.023269
-0.0185968
-0.0137976
-0.0088795
-0.00385084
0.00127947
0.00650237
0.0118095
0.0171933
0.0226463
0.0281605
0.0337277
0.0393396
0.0449883
0.0506667
0.056368
0.0620848
0.0678094
0.0735333
0.0792478
0.0849437
0.0906117
0.0962426
0.101828
0.107359
0.112825
0.118218
0.123524
0.128735
0.133838
0.138823
0.143678
0.14839
0.152948
0.157337
0.161545
0.165561
0.169372
0.172968
0.176336
0.179464
0.18234
0.18495
0.187282
0.189325
0.191067
0.192497
0.193608
0.194394
0.194849
0.19497
0.194751
0.19419
0.193285
0.192036
0.190442
0.188506
0.18623
0.183621
0.180683
0.177425
0.173882
0.170091
0.165701
0.16042
-0.0489144
-0.0542645
-0.0586864
-0.0624815
-0.0660087
-0.0692367
-0.0721333
-0.0746953
-0.0769215
-0.0788104
-0.0803626
-0.0815802
-0.0824661
-0.0830238
-0.0832577
-0.0831723
-0.0827729
-0.0820652
-0.0810566
-0.0797551
-0.0781693
-0.0763087
-0.0741833
-0.071803
-0.0691778
-0.0663175
-0.0632311
-0.0599271
-0.056414
-0.0527007
-0.0487965
-0.0447106
-0.0404527
-0.0360322
-0.0314574
-0.026736
-0.0218762
-0.0168865
-0.011776
-0.00655328
-0.00122709
0.00419374
0.00970084
0.0152865
0.020943
0.0266625
0.0324363
0.0382558
0.0441128
0.0500006
0.0559128
0.0618422
0.0677809
0.07372
0.0796504
0.0855632
0.091449
0.0972989
0.103104
0.108855
0.114542
0.120154
0.125681
0.131111
0.136433
0.141637
0.146709
0.151638
0.156408
0.161007
0.165422
0.16964
0.173647
0.177432
0.180982
0.184284
0.187324
0.19009
0.192567
0.194743
0.196605
0.19814
0.199342
0.200203
0.200718
0.200881
0.200686
0.200129
0.19921
0.197928
0.196282
0.194273
0.191905
0.189183
0.186112
0.182701
0.178988
0.175012
0.170406
0.164863
-0.0539897
-0.0595928
-0.0642215
-0.0681908
-0.0718768
-0.0752464
-0.0782656
-0.0809312
-0.0832424
-0.0851979
-0.0867986
-0.0880469
-0.0889462
-0.0895005
-0.0897149
-0.0895946
-0.0891457
-0.0883747
-0.0872895
-0.0858987
-0.0842119
-0.0822391
-0.0799917
-0.0774806
-0.0747166
-0.0717099
-0.0684701
-0.065006
-0.0613267
-0.057442
-0.053362
-0.0490965
-0.0446552
-0.0400475
-0.0352821
-0.030367
-0.0253106
-0.0201219
-0.0148107
-0.00938577
-0.00385578
0.00177102
0.00748643
0.0132824
0.0191508
0.0250833
0.0310714
0.0371062
0.0431796
0.049285
0.0554161
0.0615661
0.0677268
0.0738891
0.0800438
0.086182
0.0922947
0.0983731
0.104408
0.110389
0.116307
0.122149
0.127906
0.133566
0.139119
0.144553
0.149854
0.15501
0.160006
0.164827
0.169461
0.173893
0.17811
0.182098
0.185842
0.189331
0.192549
0.195484
0.198119
0.20044
0.202432
0.204083
0.205386
0.206333
0.206916
0.207126
0.206959
0.206412
0.205482
0.204168
0.202469
0.200385
0.19792
0.195078
0.191867
0.188294
0.184402
0.180229
0.175391
0.169566
-0.0593549
-0.0652296
-0.0700794
-0.0742343
-0.0780886
-0.0816079
-0.0847565
-0.087531
-0.0899307
-0.0919547
-0.0936041
-0.0948818
-0.0957919
-0.0963392
-0.0965296
-0.0963692
-0.0958647
-0.0950234
-0.0938538
-0.0923653
-0.0905686
-0.0884749
-0.0860964
-0.0834453
-0.0805327
-0.0773692
-0.0739651
-0.0703303
-0.0664747
-0.0624087
-0.0581433
-0.0536886
-0.0490543
-0.0442496
-0.0392838
-0.0341655
-0.0289036
-0.0235076
-0.0179872
-0.0123516
-0.00660936
-0.000768243
0.00516373
0.0111782
0.0172665
0.0234199
0.0296298
0.0358877
0.0421857
0.0485171
0.0548754
0.0612537
0.067644
0.0740373
0.0804246
0.086797
0.0931457
0.099462
0.105736
0.111958
0.118117
0.124201
0.130199
0.136101
0.141895
0.14757
0.153113
0.158508
0.163742
0.168799
0.173666
0.178326
0.182766
0.186969
0.190923
0.194613
0.198025
0.201142
0.203947
0.206425
0.20856
0.210341
0.211757
0.212799
0.213457
0.213723
0.213592
0.213058
0.21212
0.210776
0.209023
0.206862
0.204296
0.201329
0.19797
0.194227
0.190143
0.185759
0.180672
0.174543
-0.0650258
-0.071191
-0.0762772
-0.0806298
-0.0846632
-0.0883413
-0.0916265
-0.0945153
-0.0970071
-0.0991012
-0.100799
-0.102105
-0.103023
-0.103559
-0.10372
-0.103514
-0.102946
-0.102027
-0.100764
-0.0991688
-0.0972531
-0.0950292
-0.0925102
-0.0897088
-0.0866366
-0.0833051
-0.0797253
-0.0759087
-0.0718662
-0.0676087
-0.0631475
-0.0584932
-0.0536555
-0.0486437
-0.0434675
-0.0381365
-0.0326602
-0.0270481
-0.0213099
-0.0154549
-0.00949143
-0.00342746
0.00272914
0.00896988
0.0152858
0.0216679
0.0281075
0.0345964
0.0411271
0.0476926
0.0542864
0.060901
0.0675285
0.0741606
0.0807886
0.087404
0.093998
0.100562
0.107085
0.113557
0.119967
0.126304
0.132556
0.138712
0.14476
0.150689
0.156484
0.162132
0.167617
0.172924
0.178038
0.182941
0.187617
0.192053
0.196232
0.200139
0.203758
0.207072
0.210061
0.21271
0.215003
0.216927
0.218469
0.219617
0.22036
0.220691
0.220602
0.220088
0.219146
0.217772
0.215965
0.213725
0.211053
0.207957
0.204442
0.200518
0.196229
0.19162
0.186266
0.179808
-0.071019
-0.077495
-0.0828338
-0.0873978
-0.0916218
-0.0954683
-0.0988975
-0.101906
-0.104493
-0.106658
-0.108404
-0.109736
-0.110659
-0.11118
-0.111306
-0.111046
-0.110407
-0.1094
-0.108035
-0.106324
-0.10428
-0.101916
-0.0992453
-0.096282
-0.0930384
-0.0895269
-0.0857601
-0.0817504
-0.0775098
-0.0730498
-0.0683817
-0.0635166
-0.0584645
-0.0532353
-0.0478389
-0.0422856
-0.0365855
-0.0307484
-0.0247835
-0.0186998
-0.0125062
-0.00621078
0.000178358
0.00665288
0.0132039
0.0198226
0.0265
0.033228
0.0399993
0.0468069
0.053644
0.060503
0.0673759
0.0742548
0.0811319
0.0879989
0.0948473
0.101668
0.10845
0.115183
0.121855
0.128456
0.134973
0.141395
0.14771
0.153905
0.159967
0.165881
0.171632
0.177203
0.182578
0.187739
0.192669
0.197352
0.201773
0.205914
0.209756
0.213281
0.216471
0.219308
0.221774
0.223855
0.225535
0.226801
0.227642
0.228048
0.22801
0.227523
0.226581
0.22518
0.22332
0.220998
0.218219
0.214986
0.211307
0.20719
0.202683
0.197832
0.19219
0.185379
-0.0773531
-0.0841623
-0.0897713
-0.0945607
-0.0989876
-0.103012
-0.106592
-0.109725
-0.112411
-0.114649
-0.116443
-0.117798
-0.118722
-0.119222
-0.119306
-0.118984
-0.118265
-0.117161
-0.115684
-0.113846
-0.111663
-0.109147
-0.106313
-0.103175
-0.099748
-0.0960446
-0.0920788
-0.0878642
-0.0834138
-0.0787394
-0.0738526
-0.0687648
-0.0634872
-0.05803
-0.0524036
-0.0466183
-0.0406847
-0.0346126
-0.0284115
-0.0220901
-0.0156574
-0.00912203
-0.00249235
0.00422356
0.0110174
0.0178803
0.0248037
0.0317791
0.0387989
0.0458563
0.0529444
0.0600558
0.0671826
0.074317
0.0814517
0.0885789
0.0956903
0.102776
0.109827
0.116831
0.123776
0.130652
0.137447
0.144147
0.150742
0.157217
0.163559
0.169754
0.175784
0.181635
0.187287
0.192722
0.197924
0.202873
0.207553
0.211944
0.216026
0.219781
0.223189
0.226231
0.228888
0.231141
0.232974
0.234373
0.235324
0.235816
0.23584
0.235386
0.23445
0.233027
0.231115
0.228711
0.22582
0.222444
0.218591
0.214269
0.209529
0.20442
0.198468
0.191277
-0.0840494
-0.0912163
-0.0971143
-0.102144
-0.106786
-0.110998
-0.114736
-0.117999
-0.120785
-0.123097
-0.124938
-0.126315
-0.127235
-0.127706
-0.12774
-0.127347
-0.126539
-0.125327
-0.123727
-0.121751
-0.119416
-0.116735
-0.113725
-0.1104
-0.106776
-0.102868
-0.0986904
-0.0942583
-0.0895851
-0.0846835
-0.0795655
-0.0742433
-0.0687287
-0.0630328
-0.057166
-0.0511385
-0.0449609
-0.0386437
-0.0321963
-0.0256279
-0.0189474
-0.0121638
-0.00528527
0.00168007
0.00872444
0.0158396
0.0230168
0.0302474
0.0375236
0.0448384
0.0521854
0.0595573
0.0669464
0.0743453
0.0817464
0.0891424
0.0965254
0.103886
0.111215
0.118499
0.125729
0.132891
0.139974
0.146965
0.153852
0.160622
0.167259
0.173748
0.180074
0.186219
0.192165
0.197893
0.203384
0.208618
0.213575
0.218234
0.222576
0.22658
0.230226
0.233493
0.236357
0.2388
0.240803
0.24235
0.243427
0.244018
0.244114
0.243704
0.242782
0.241341
0.239378
0.236893
0.233885
0.23036
0.226322
0.221783
0.216795
0.21141
0.205127
0.197526
-0.0911316
-0.0986825
-0.10489
-0.110174
-0.115043
-0.119453
-0.123357
-0.126754
-0.129645
-0.132031
-0.133918
-0.135311
-0.136221
-0.136657
-0.136632
-0.136158
-0.135249
-0.133918
-0.132182
-0.130055
-0.127554
-0.124694
-0.121492
-0.117966
-0.114131
-0.110005
-0.105603
-0.100939
-0.0960296
-0.0908873
-0.0855255
-0.0799567
-0.0741935
-0.0682474
-0.0621291
-0.0558485
-0.0494162
-0.042843
-0.0361394
-0.0293146
-0.0223777
-0.0153372
-0.00820139
-0.000978157
0.00632492
0.0136999
0.0211383
0.0286315
0.0361716
0.0437517
0.0513654
0.0590058
0.0666657
0.0743375
0.0820139
0.0896875
0.0973506
0.104995
0.11261
0.120185
0.127709
0.135169
0.142552
0.149847
0.157039
0.164116
0.171062
0.177862
0.184499
0.190956
0.197214
0.203253
0.209052
0.214588
0.219842
0.22479
0.229413
0.233688
0.237593
0.241104
0.244195
0.246847
0.249039
0.250753
0.251971
0.252677
0.252858
0.252503
0.251603
0.250151
0.248142
0.245574
0.242447
0.238765
0.234534
0.229765
0.224513
0.218833
0.212194
0.204151
-0.0986261
-0.106589
-0.113127
-0.118682
-0.123792
-0.128409
-0.132487
-0.136024
-0.139021
-0.141481
-0.14341
-0.144815
-0.145708
-0.146101
-0.146007
-0.145441
-0.144418
-0.142955
-0.141069
-0.138775
-0.136091
-0.133037
-0.129629
-0.125886
-0.121825
-0.117466
-0.112823
-0.107914
-0.102753
-0.097356
-0.091737
-0.0859091
-0.079885
-0.0736765
-0.0672946
-0.0607494
-0.0540515
-0.047212
-0.0402419
-0.0331513
-0.0259489
-0.018643
-0.0112412
-0.00375154
0.00381841
0.0114608
0.0191674
0.02693
0.034741
0.0425939
0.0504822
0.0583993
0.066338
0.0742908
0.0822507
0.0902103
0.0981623
0.106099
0.11401
0.121885
0.129713
0.137481
0.145177
0.152787
0.160298
0.167696
0.174965
0.182091
0.189056
0.195843
0.202432
0.208801
0.214927
0.220786
0.226358
0.231618
0.236545
0.241114
0.2453
0.249076
0.252417
0.2553
0.257702
0.259603
0.26098
0.261818
0.2621
0.261814
0.260947
0.259491
0.25744
0.25479
0.251541
0.247696
0.243263
0.238251
0.23272
0.226725
0.219702
0.211183
-0.106562
-0.114968
-0.121859
-0.127703
-0.133067
-0.137903
-0.142162
-0.145842
-0.148947
-0.15148
-0.153447
-0.154859
-0.155727
-0.156067
-0.155893
-0.155222
-0.154072
-0.152461
-0.150407
-0.147929
-0.145046
-0.141779
-0.138148
-0.134171
-0.129869
-0.125259
-0.12036
-0.115188
-0.109761
-0.104095
-0.0982047
-0.0921043
-0.0858061
-0.0793223
-0.0726642
-0.0658424
-0.0588678
-0.0517517
-0.0445054
-0.0371392
-0.029662
-0.0220816
-0.0144055
-0.00664111
0.00120354
0.00912057
0.0171021
0.0251406
0.0332292
0.0413619
0.0495325
0.0577341
0.0659594
0.074201
0.082452
0.0907057
0.0989553
0.107193
0.115409
0.123594
0.131736
0.139823
0.147843
0.155781
0.163623
0.171356
0.178965
0.186433
0.193744
0.200879
0.207817
0.214535
0.221009
0.227214
0.233126
0.238723
0.243978
0.248865
0.253356
0.257423
0.261038
0.264176
0.266812
0.26892
0.270479
0.271468
0.271869
0.271667
0.270846
0.269396
0.267308
0.264578
0.261206
0.257194
0.25255
0.247282
0.241453
0.235121
0.227686
0.218652
-0.114974
-0.123855
-0.131124
-0.137274
-0.142908
-0.147973
-0.15242
-0.156248
-0.159461
-0.162064
-0.164065
-0.165476
-0.166311
-0.166586
-0.166319
-0.165528
-0.164235
-0.162457
-0.160218
-0.157537
-0.154436
-0.150938
-0.147065
-0.142836
-0.138272
-0.133394
-0.12822
-0.12277
-0.117061
-0.11111
-0.104933
-0.0985454
-0.0919593
-0.0851866
-0.0782393
-0.0711288
-0.0638664
-0.0564635
-0.0489311
-0.0412795
-0.0335178
-0.0256538
-0.0176948
-0.00964809
-0.00152146
0.00667721
0.0149404
0.0232613
0.0316342
0.0400534
0.0485132
0.0570064
0.0655255
0.0740632
0.0826128
0.0911685
0.0997238
0.108271
0.116802
0.125306
0.133773
0.14219
0.150544
0.158822
0.16701
0.175093
0.183056
0.190884
0.198559
0.206061
0.213368
0.220456
0.227299
0.233873
0.240153
0.246111
0.25172
0.25695
0.261773
0.266157
0.270074
0.273493
0.276387
0.278728
0.280492
0.281656
0.282197
0.282095
0.281335
0.279901
0.277785
0.27498
0.271485
0.267303
0.262438
0.256901
0.250754
0.244061
0.236184
0.226595
-0.123897
-0.133289
-0.140962
-0.147439
-0.153356
-0.158663
-0.163305
-0.167284
-0.170605
-0.173276
-0.175304
-0.176706
-0.177495
-0.177692
-0.177316
-0.176389
-0.174933
-0.17297
-0.170525
-0.16762
-0.164281
-0.160531
-0.156393
-0.151891
-0.147046
-0.14188
-0.136414
-0.130667
-0.124658
-0.118406
-0.111926
-0.105236
-0.0983463
-0.0912711
-0.0840216
-0.0766101
-0.0690484
-0.0613479
-0.0535194
-0.0455727
-0.0375169
-0.0293601
-0.0211098
-0.0127732
-0.00435777
0.00412929
0.0126809
0.0212911
0.0299547
0.0386667
0.0474217
0.0562127
0.0650322
0.0738728
0.0827285
0.0915938
0.100463
0.109329
0.118183
0.127016
0.135817
0.144574
0.153275
0.161905
0.170452
0.178901
0.187235
0.19544
0.203497
0.211385
0.219081
0.226561
0.233798
0.240767
0.247439
0.253785
0.259775
0.265378
0.270562
0.275294
0.279541
0.28327
0.286451
0.289054
0.29105
0.292413
0.293116
0.293136
0.292452
0.29105
0.288915
0.286041
0.282426
0.27807
0.272976
0.267154
0.260671
0.253592
0.24524
0.235053
-0.133372
-0.143312
-0.151417
-0.158241
-0.164459
-0.170018
-0.174863
-0.178996
-0.182425
-0.185158
-0.187206
-0.188586
-0.189317
-0.189419
-0.188917
-0.187833
-0.186194
-0.184024
-0.181351
-0.1782
-0.174599
-0.170573
-0.166149
-0.161351
-0.156203
-0.150729
-0.144949
-0.138885
-0.132559
-0.125987
-0.119188
-0.112177
-0.104969
-0.0975764
-0.0900117
-0.0822867
-0.0744138
-0.0664045
-0.0582694
-0.0500178
-0.0416586
-0.0332002
-0.0246504
-0.0160165
-0.00730527
0.00147681
0.0103236
0.0192297
0.0281904
0.0372012
0.0462568
0.0553508
0.0644763
0.0736263
0.0827951
0.0919775
0.101168
0.11036
0.119547
0.128717
0.137862
0.14697
0.156028
0.165024
0.173944
0.182773
0.191495
0.200095
0.208552
0.216846
0.224953
0.232849
0.240505
0.247894
0.254986
0.261749
0.268149
0.274156
0.279733
0.284844
0.289454
0.293525
0.297026
0.299922
0.302181
0.303771
0.304661
0.304826
0.30424
0.302884
0.300745
0.297811
0.294078
0.289545
0.284214
0.278093
0.271253
0.263764
0.254902
0.244072
-0.143444
-0.153973
-0.162539
-0.169731
-0.176267
-0.182091
-0.187146
-0.191435
-0.194969
-0.197757
-0.199814
-0.20116
-0.201815
-0.201804
-0.201154
-0.199892
-0.198046
-0.195645
-0.192718
-0.189295
-0.185407
-0.181081
-0.176345
-0.171228
-0.165754
-0.159948
-0.153833
-0.147432
-0.140766
-0.133856
-0.126719
-0.119371
-0.111827
-0.104103
-0.0962085
-0.0881573
-0.079961
-0.0716313
-0.0631786
-0.0546124
-0.045941
-0.0371728
-0.0283156
-0.0193767
-0.0103625
-0.00127861
0.00786979
0.017078
0.0263416
0.0356566
0.045018
0.05442
0.0638565
0.0733215
0.0828097
0.0923161
0.101835
0.111361
0.120887
0.130403
0.139901
0.149369
0.158797
0.168171
0.177478
0.186702
0.195829
0.20484
0.213717
0.222438
0.23098
0.239315
0.247417
0.255254
0.262794
0.270003
0.276847
0.28329
0.289295
0.294821
0.299828
0.304279
0.308136
0.31136
0.313915
0.315763
0.316871
0.317207
0.316742
0.315455
0.313326
0.310344
0.306498
0.301787
0.296211
0.289777
0.28256
0.274634
0.265228
0.253706
-0.154162
-0.165322
-0.174383
-0.181967
-0.188838
-0.194939
-0.20021
-0.204656
-0.20829
-0.211124
-0.213177
-0.214471
-0.215031
-0.214886
-0.214064
-0.212598
-0.210518
-0.207858
-0.20465
-0.200927
-0.196723
-0.192069
-0.186996
-0.181532
-0.175706
-0.169544
-0.163071
-0.15631
-0.149284
-0.142014
-0.134519
-0.126816
-0.11892
-0.110847
-0.102609
-0.0942183
-0.0856861
-0.0770243
-0.0682434
-0.0593526
-0.0503605
-0.0412747
-0.0321027
-0.0228513
-0.0135266
-0.00413394
0.00532234
0.0148381
0.0244098
0.0340336
0.0437054
0.0534202
0.0631727
0.0729577
0.0827706
0.0926066
0.102461
0.112327
0.122198
0.132068
0.141927
0.151766
0.161574
0.171338
0.181045
0.19068
0.200227
0.209668
0.218984
0.228154
0.237153
0.245954
0.254528
0.262841
0.27086
0.278549
0.285871
0.292787
0.299256
0.305234
0.31068
0.31555
0.319803
0.323395
0.326283
0.328427
0.329786
0.330324
0.330009
0.328814
0.326716
0.323696
0.319745
0.314857
0.309029
0.302271
0.294658
0.286269
0.276279
0.264013
-0.165582
-0.177421
-0.187009
-0.19501
-0.202235
-0.208624
-0.214116
-0.218718
-0.222445
-0.225314
-0.227347
-0.228569
-0.229011
-0.228705
-0.227684
-0.225984
-0.22364
-0.220689
-0.217168
-0.213114
-0.208564
-0.203552
-0.198112
-0.192273
-0.186068
-0.179523
-0.172665
-0.16552
-0.158111
-0.15046
-0.142587
-0.13451
-0.126244
-0.117806
-0.109209
-0.100464
-0.0915833
-0.0825779
-0.0734581
-0.0642333
-0.0549116
-0.0455005
-0.0360064
-0.0264355
-0.0167934
-0.00708518
0.00268489
0.0125133
0.0223971
0.0323338
0.0423201
0.0523521
0.0624251
0.0725346
0.0826764
0.0928462
0.10304
0.113251
0.123476
0.133706
0.143935
0.154153
0.164351
0.174516
0.184636
0.194696
0.204679
0.214568
0.224343
0.233984
0.243465
0.252757
0.26183
0.27065
0.279181
0.287384
0.295221
0.302649
0.309622
0.316096
0.322024
0.327358
0.332051
0.336054
0.339318
0.341798
0.343448
0.344225
0.344093
0.343018
0.340972
0.337933
0.333886
0.328824
0.322743
0.315647
0.307619
0.298739
0.288127
0.275061
-0.17777
-0.190337
-0.200489
-0.208931
-0.216528
-0.223216
-0.228932
-0.233686
-0.237497
-0.240386
-0.24238
-0.243507
-0.243804
-0.243307
-0.242054
-0.240085
-0.237442
-0.234165
-0.230297
-0.225877
-0.220947
-0.215544
-0.209704
-0.203459
-0.196843
-0.189887
-0.182618
-0.175062
-0.167245
-0.159191
-0.150918
-0.142447
-0.133793
-0.124973
-0.116
-0.106887
-0.0976446
-0.0882841
-0.0788153
-0.0692471
-0.0595875
-0.0498431
-0.0400198
-0.0301228
-0.0201571
-0.0101276
-3.86663e-05
0.0101068
0.0203067
0.0305597
0.0408641
0.0512168
0.061614
0.0720515
0.0825255
0.0930325
0.103569
0.114131
0.124713
0.13531
0.145916
0.156522
0.167119
0.177697
0.188242
0.198739
0.209174
0.219528
0.229783
0.239917
0.249904
0.259714
0.269316
0.278673
0.28775
0.296505
0.304896
0.312876
0.320398
0.327415
0.333873
0.33972
0.344902
0.349364
0.353053
0.355916
0.357902
0.358961
0.35905
0.358128
0.356162
0.353124
0.348997
0.343768
0.337431
0.329988
0.321525
0.312126
0.300849
0.286926
-0.190796
-0.204144
-0.214899
-0.223808
-0.231793
-0.23879
-0.244732
-0.249633
-0.253516
-0.256407
-0.258337
-0.259343
-0.259462
-0.258739
-0.257216
-0.25494
-0.251958
-0.248316
-0.244061
-0.239237
-0.233889
-0.228057
-0.22178
-0.215095
-0.208036
-0.200636
-0.192926
-0.184933
-0.176684
-0.1682
-0.159506
-0.150619
-0.141558
-0.132339
-0.122974
-0.113478
-0.103861
-0.0941337
-0.0843058
-0.0743854
-0.0643795
-0.0542941
-0.0441345
-0.0339053
-0.023611
-0.0132561
-0.00284422
0.00762202
0.0181417
0.0287146
0.0393399
0.0500159
0.0607394
0.0715071
0.0823157
0.0931627
0.104045
0.114961
0.125906
0.136876
0.147864
0.158866
0.169871
0.18087
0.191851
0.202799
0.213701
0.224538
0.235293
0.245942
0.256458
0.266813
0.276973
0.286902
0.296561
0.305906
0.314891
0.323469
0.33159
0.339199
0.346239
0.352652
0.358377
0.363354
0.367523
0.370823
0.373196
0.374585
0.374938
0.374209
0.372355
0.369347
0.365157
0.359772
0.353181
0.345382
0.336466
0.32652
0.314534
0.299689
-0.204741
-0.218928
-0.230325
-0.239727
-0.248118
-0.255431
-0.261597
-0.266637
-0.270577
-0.273448
-0.275287
-0.276135
-0.27604
-0.275049
-0.273214
-0.270587
-0.267222
-0.26317
-0.258484
-0.253213
-0.247404
-0.241101
-0.234348
-0.227184
-0.219647
-0.211771
-0.203588
-0.195129
-0.186418
-0.177481
-0.16834
-0.159017
-0.149529
-0.139892
-0.13012
-0.120226
-0.110221
-0.100116
-0.0899188
-0.0796373
-0.0692774
-0.058844
-0.0483416
-0.0377749
-0.0271479
-0.0164643
-0.00572683
0.00506307
0.0159055
0.026801
0.0377497
0.0487504
0.0598012
0.0708998
0.0820442
0.0932332
0.104465
0.115738
0.127049
0.138395
0.149773
0.161175
0.172596
0.184026
0.195453
0.206865
0.218248
0.229586
0.240859
0.252045
0.263116
0.274043
0.284793
0.295327
0.305604
0.315579
0.325204
0.334429
0.343199
0.351455
0.359133
0.36617
0.372499
0.378053
0.382763
0.386561
0.389379
0.391154
0.391823
0.391331
0.389632
0.386684
0.382457
0.376931
0.370089
0.361928
0.352541
0.342018
0.329277
0.313444
-0.219695
-0.234782
-0.246863
-0.256784
-0.265597
-0.273232
-0.27962
-0.284786
-0.288761
-0.291584
-0.293297
-0.29395
-0.293595
-0.29229
-0.290094
-0.287067
-0.283269
-0.278758
-0.27359
-0.267822
-0.261504
-0.254685
-0.247412
-0.239729
-0.231675
-0.223286
-0.214598
-0.205639
-0.196438
-0.18702
-0.17741
-0.167628
-0.157693
-0.147621
-0.137426
-0.127119
-0.116713
-0.106218
-0.0956418
-0.0849905
-0.0742692
-0.0634815
-0.0526315
-0.0417231
-0.03076
-0.0197451
-0.00867991
0.00243558
0.0136025
0.0248222
0.0360951
0.0474211
0.0587992
0.0702287
0.0817094
0.0932412
0.104824
0.116456
0.128137
0.139863
0.151633
0.163442
0.175285
0.187153
0.199037
0.210925
0.222804
0.234658
0.246468
0.258212
0.269862
0.28139
0.29276
0.303933
0.314868
0.325516
0.335829
0.345752
0.355225
0.364185
0.372563
0.380289
0.387289
0.393488
0.398808
0.403172
0.406503
0.408726
0.409771
0.409572
0.408075
0.405228
0.400995
0.395347
0.388263
0.379736
0.36986
0.358731
0.345188
0.328296
-0.235757
-0.251809
-0.264617
-0.275085
-0.284335
-0.292297
-0.2989
-0.304174
-0.308159
-0.310898
-0.312444
-0.312853
-0.312189
-0.310517
-0.307905
-0.304421
-0.300132
-0.295104
-0.289399
-0.283078
-0.276199
-0.268814
-0.260974
-0.252727
-0.244115
-0.235176
-0.225944
-0.216453
-0.206731
-0.196805
-0.1867
-0.176436
-0.166034
-0.155509
-0.144874
-0.134141
-0.123322
-0.112426
-0.10146
-0.0904304
-0.0793405
-0.0681933
-0.0569918
-0.0457389
-0.0344375
-0.0230893
-0.0116946
-0.000252351
0.0112395
0.022783
0.0343795
0.0460297
0.0577344
0.0694944
0.0813111
0.0931858
0.105119
0.117112
0.129163
0.141272
0.153438
0.165659
0.177929
0.190243
0.202592
0.214966
0.227354
0.23974
0.252106
0.264428
0.276683
0.288838
0.30086
0.312708
0.32434
0.335707
0.346757
0.357432
0.367667
0.377393
0.386538
0.395023
0.402768
0.409687
0.415694
0.420701
0.424621
0.427366
0.428856
0.429016
0.427776
0.425079
0.420877
0.415134
0.407822
0.398927
0.388548
0.376783
0.362387
0.344362
-0.253036
-0.270124
-0.283708
-0.294749
-0.30445
-0.312739
-0.319546
-0.324905
-0.328865
-0.331479
-0.332808
-0.332919
-0.331887
-0.329785
-0.326693
-0.322687
-0.317842
-0.312232
-0.305927
-0.298993
-0.291494
-0.283489
-0.275032
-0.266174
-0.256958
-0.247425
-0.237612
-0.227553
-0.217278
-0.206816
-0.196191
-0.185424
-0.174534
-0.163536
-0.152445
-0.141273
-0.130028
-0.11872
-0.107356
-0.0959399
-0.084475
-0.0729636
-0.0614077
-0.0498086
-0.0381676
-0.0264849
-0.0147599
-0.00299063
0.0088253
0.0206907
0.0326083
0.0445806
0.05661
0.0686992
0.0808508
0.0930672
0.10535
0.117702
0.130124
0.142617
0.155181
0.167816
0.180518
0.193283
0.206106
0.218977
0.231885
0.244817
0.257755
0.270677
0.283558
0.296369
0.309074
0.321635
0.334007
0.346139
0.357978
0.36946
0.380518
0.391079
0.401063
0.410385
0.418955
0.426678
0.433458
0.439195
0.443789
0.447142
0.449158
0.44975
0.448837
0.446346
0.442222
0.436417
0.428896
0.419638
0.408743
0.396313
0.381012
0.361773
-0.271658
-0.289857
-0.304265
-0.315907
-0.326072
-0.334686
-0.341678
-0.347092
-0.350986
-0.353424
-0.354477
-0.354225
-0.352754
-0.350151
-0.346504
-0.341901
-0.336427
-0.330163
-0.323187
-0.315573
-0.307392
-0.298708
-0.289578
-0.280055
-0.270187
-0.260017
-0.249582
-0.238919
-0.228059
-0.217031
-0.20586
-0.194566
-0.183168
-0.17168
-0.160117
-0.14849
-0.136808
-0.125079
-0.113308
-0.101499
-0.0896538
-0.0777745
-0.0658616
-0.053915
-0.0419339
-0.0299169
-0.0178623
-0.00576772
0.00636987
0.0185543
0.0307898
0.043081
0.0554321
0.0678474
0.0803308
0.0928859
0.105516
0.118225
0.131017
0.143893
0.156855
0.169906
0.183043
0.196264
0.209566
0.222941
0.236381
0.249872
0.263398
0.276938
0.29047
0.303963
0.317385
0.330695
0.343849
0.356795
0.369476
0.381825
0.393773
0.405241
0.416142
0.426384
0.435867
0.444487
0.452136
0.458701
0.464068
0.468124
0.47076
0.471872
0.471364
0.469151
0.465161
0.459338
0.451635
0.442021
0.430601
0.417477
0.401218
0.380681
-0.291761
-0.311154
-0.326439
-0.33871
-0.349348
-0.358279
-0.365433
-0.370863
-0.374639
-0.376838
-0.377544
-0.376852
-0.374861
-0.371672
-0.367385
-0.3621
-0.355912
-0.348913
-0.341188
-0.332822
-0.32389
-0.314461
-0.304597
-0.294353
-0.283781
-0.272926
-0.261827
-0.250523
-0.239045
-0.227421
-0.215677
-0.203833
-0.191906
-0.179911
-0.167861
-0.155767
-0.143637
-0.131477
-0.119292
-0.107084
-0.0948554
-0.0826055
-0.0703339
-0.0580389
-0.0457178
-0.033368
-0.0209866
-0.00857043
0.00388473
0.0163841
0.0289337
0.0415398
0.0542084
0.066945
0.0797551
0.0926442
0.105618
0.118681
0.131838
0.145095
0.158455
0.17192
0.185493
0.199174
0.212959
0.226846
0.240824
0.254885
0.269013
0.283191
0.297395
0.311598
0.325768
0.339865
0.353845
0.367654
0.381232
0.394512
0.40742
0.419872
0.431773
0.443025
0.453519
0.463139
0.471764
0.479266
0.485517
0.490388
0.493751
0.495485
0.495477
0.493624
0.48984
0.484053
0.476202
0.466249
0.454297
0.440453
0.423178
0.401251
-0.313501
-0.334177
-0.350395
-0.363323
-0.374442
-0.383678
-0.390962
-0.396359
-0.399953
-0.401836
-0.40211
-0.400886
-0.398279
-0.394406
-0.389381
-0.383316
-0.37632
-0.368494
-0.359936
-0.350735
-0.340976
-0.330731
-0.320066
-0.309042
-0.297711
-0.286121
-0.274316
-0.262332
-0.250202
-0.237952
-0.225608
-0.213189
-0.200714
-0.188195
-0.175645
-0.163072
-0.150484
-0.137886
-0.12528
-0.11267
-0.100055
-0.087433
-0.0748023
-0.062159
-0.0494994
-0.0368197
-0.024116
-0.0113834
0.00138388
0.014193
0.0270516
0.0399674
0.0529475
0.0659991
0.0791294
0.092346
0.105656
0.119068
0.132587
0.146221
0.159974
0.173853
0.187861
0.202001
0.216272
0.230673
0.245198
0.259838
0.274581
0.289412
0.30431
0.319249
0.334199
0.349121
0.363969
0.378691
0.393224
0.407501
0.421443
0.43496
0.447953
0.460313
0.471924
0.482657
0.492375
0.500938
0.5082
0.514011
0.518226
0.520701
0.521304
0.519912
0.516418
0.510734
0.502783
0.492514
0.48003
0.46544
0.44709
0.423675
-0.337056
-0.359114
-0.376326
-0.389939
-0.401542
-0.411062
-0.418433
-0.423734
-0.427067
-0.428543
-0.428284
-0.426419
-0.423084
-0.418412
-0.412536
-0.40558
-0.397668
-0.388915
-0.379427
-0.369303
-0.358631
-0.347492
-0.335957
-0.324087
-0.311941
-0.299567
-0.28701
-0.274306
-0.261488
-0.248581
-0.23561
-0.222595
-0.209552
-0.196494
-0.183431
-0.170369
-0.157315
-0.144272
-0.131242
-0.118226
-0.105224
-0.0922302
-0.0792415
-0.0662523
-0.0532577
-0.0402529
-0.0272324
-0.0141896
-0.00111634
0.0119961
0.0251569
0.0383749
0.0516588
0.0650173
0.0784601
0.0919969
0.105637
0.11939
0.133264
0.147267
0.161409
0.175697
0.190137
0.204735
0.219492
0.234409
0.249484
0.26471
0.28008
0.295579
0.31119
0.32689
0.34265
0.358432
0.374193
0.389878
0.405427
0.420769
0.435821
0.450489
0.46467
0.478246
0.491089
0.503058
0.514003
0.523765
0.532179
0.539075
0.544284
0.54764
0.548985
0.548172
0.545072
0.539574
0.531583
0.521031
0.50802
0.492661
0.473175
0.448166
-0.362628
-0.386178
-0.404449
-0.418773
-0.430858
-0.440632
-0.448033
-0.45316
-0.456136
-0.457094
-0.45618
-0.453547
-0.449352
-0.44375
-0.43689
-0.428919
-0.419971
-0.410176
-0.399652
-0.388504
-0.376829
-0.364712
-0.35223
-0.339448
-0.326427
-0.313216
-0.29986
-0.286396
-0.272854
-0.25926
-0.245637
-0.232004
-0.218376
-0.204764
-0.191177
-0.177618
-0.164092
-0.1506
-0.137144
-0.123722
-0.110332
-0.0969682
-0.0836244
-0.070294
-0.0569706
-0.0436474
-0.030317
-0.0169706
-0.00359849
0.00980959
0.0232639
0.0367746
0.0503526
0.0640089
0.0777552
0.0916032
0.105564
0.119649
0.133868
0.148234
0.162757
0.177448
0.192316
0.207367
0.222607
0.238039
0.253666
0.269484
0.285488
0.301669
0.31801
0.334493
0.351091
0.367769
0.384484
0.401185
0.417809
0.434285
0.450527
0.46644
0.481911
0.496817
0.511017
0.524358
0.536675
0.54779
0.557517
0.565662
0.57203
0.576428
0.57867
0.578579
0.575997
0.570788
0.562832
0.552044
0.538521
0.522372
0.501684
0.474965
-0.390445
-0.415612
-0.435014
-0.450074
-0.46263
-0.472615
-0.479974
-0.484829
-0.487329
-0.487636
-0.485922
-0.48237
-0.47716
-0.470474
-0.462482
-0.453351
-0.443232
-0.432268
-0.420588
-0.408308
-0.39553
-0.382347
-0.368838
-0.355075
-0.341116
-0.327014
-0.312811
-0.298544
-0.284243
-0.269932
-0.255634
-0.241364
-0.227137
-0.212959
-0.198837
-0.184775
-0.170772
-0.156831
-0.142948
-0.129123
-0.115348
-0.101617
-0.0879233
-0.0742584
-0.060614
-0.0469809
-0.0333488
-0.0197072
-0.00604495
0.00764913
0.0213865
0.0351794
0.0490408
0.0629842
0.0770235
0.0911717
0.105442
0.119848
0.134403
0.149122
0.164018
0.179103
0.19439
0.209887
0.225605
0.24155
0.257728
0.274141
0.290786
0.307656
0.324743
0.342029
0.359491
0.377098
0.394809
0.412575
0.430334
0.448015
0.465531
0.482783
0.499653
0.516009
0.531702
0.546565
0.560415
0.573056
0.584276
0.593857
0.601575
0.607204
0.610523
0.611322
0.609409
0.604616
0.596792
0.585828
0.571816
0.554861
0.532903
0.504346
-0.420772
-0.447694
-0.468304
-0.484121
-0.497129
-0.507266
-0.514491
-0.518952
-0.520832
-0.520325
-0.51764
-0.512988
-0.506584
-0.498636
-0.489341
-0.478886
-0.467443
-0.455168
-0.442202
-0.428671
-0.414685
-0.400341
-0.385723
-0.370903
-0.355943
-0.340893
-0.325796
-0.310686
-0.295592
-0.280538
-0.265542
-0.250618
-0.235777
-0.221024
-0.206362
-0.191791
-0.177311
-0.162921
-0.148616
-0.13439
-0.120236
-0.106145
-0.0921094
-0.0781188
-0.0641624
-0.0502285
-0.0363045
-0.0223782
-0.00843715
0.00553094
0.0195394
0.0336027
0.047736
0.0619549
0.0762745
0.0907101
0.105277
0.119992
0.134871
0.149932
0.165189
0.180658
0.196352
0.212287
0.228475
0.244929
0.261655
0.278662
0.295949
0.313517
0.331361
0.349466
0.367816
0.386381
0.405127
0.424006
0.44296
0.461918
0.480793
0.499482
0.517865
0.535802
0.553133
0.56968
0.58524
0.599597
0.612515
0.623747
0.633033
0.640111
0.644721
0.646611
0.645549
0.641325
0.633754
0.622696
0.608231
0.590459
0.567158
0.536621
-0.453906
-0.482744
-0.504646
-0.521237
-0.534665
-0.544877
-0.551849
-0.555764
-0.556847
-0.555332
-0.551467
-0.545504
-0.537695
-0.528279
-0.517484
-0.505521
-0.492583
-0.47884
-0.464446
-0.449536
-0.434228
-0.418623
-0.402808
-0.386856
-0.370828
-0.354775
-0.338737
-0.322746
-0.306828
-0.291006
-0.275293
-0.259701
-0.244236
-0.2289
-0.213694
-0.198615
-0.18366
-0.168825
-0.154101
-0.139482
-0.124958
-0.110517
-0.0961505
-0.081845
-0.0675874
-0.0533635
-0.0391592
-0.0249608
-0.0107547
0.0034735
0.0177395
0.03206
0.0464521
0.0609326
0.0755184
0.0902272
0.105077
0.120087
0.135277
0.150665
0.166269
0.182108
0.198199
0.21456
0.231209
0.248162
0.265431
0.283027
0.300957
0.319226
0.337833
0.356771
0.376026
0.395577
0.415394
0.435433
0.45564
0.475946
0.496265
0.516493
0.536507
0.556161
0.575287
0.593692
0.611157
0.627444
0.642289
0.655414
0.666519
0.675301
0.681453
0.684673
0.68468
0.681216
0.674051
0.663003
0.648137
0.629545
0.604823
0.572147
-0.490196
-0.521132
-0.544418
-0.561797
-0.575596
-0.58578
-0.592348
-0.595529
-0.595596
-0.592834
-0.587541
-0.580017
-0.570555
-0.559435
-0.546916
-0.533237
-0.518612
-0.503227
-0.48725
-0.470824
-0.454073
-0.437103
-0.420001
-0.402841
-0.385681
-0.368569
-0.351545
-0.334638
-0.31787
-0.301259
-0.284814
-0.268542
-0.252445
-0.236523
-0.220773
-0.205189
-0.189765
-0.174491
-0.159359
-0.144356
-0.129473
-0.114695
-0.100011
-0.0854033
-0.0708574
-0.0563571
-0.0418869
-0.0274316
-0.0129757
0.00149748
0.0160061
0.0305687
0.0452039
0.05993
0.0747662
0.0897326
0.10485
0.12014
0.135624
0.151323
0.167258
0.183451
0.199924
0.216698
0.233796
0.251236
0.269037
0.287215
0.305784
0.324753
0.344126
0.363905
0.384081
0.404642
0.425561
0.446803
0.468317
0.49004
0.511887
0.533758
0.555525
0.577041
0.598127
0.618579
0.638163
0.656615
0.673646
0.688937
0.702151
0.712932
0.720921
0.725758
0.727099
0.724628
0.718057
0.707155
0.691963
0.672555
0.64633
0.611331
-0.530042
-0.56329
-0.588063
-0.606235
-0.620336
-0.630356
-0.636327
-0.638535
-0.637317
-0.63302
-0.626001
-0.616619
-0.605218
-0.59212
-0.577623
-0.561994
-0.545468
-0.528252
-0.510524
-0.492435
-0.474116
-0.455672
-0.437192
-0.418746
-0.400391
-0.382171
-0.364121
-0.346267
-0.328626
-0.311208
-0.294019
-0.277061
-0.26033
-0.243823
-0.227534
-0.211453
-0.195569
-0.179868
-0.164339
-0.148967
-0.133739
-0.11864
-0.103652
-0.0887576
-0.0739394
-0.0591796
-0.044461
-0.0297662
-0.0150775
-0.000375807
0.0143588
0.0291463
0.0440068
0.0589607
0.0740298
0.0892366
0.104604
0.120156
0.135916
0.151907
0.168154
0.184684
0.201522
0.218693
0.236222
0.254135
0.272456
0.291205
0.310404
0.330066
0.350204
0.370827
0.391935
0.413522
0.435571
0.458054
0.480927
0.504132
0.527592
0.551207
0.574853
0.598378
0.6216
0.644303
0.666238
0.687117
0.70662
0.72439
0.740043
0.753168
0.763341
0.770135
0.773132
0.771941
0.766203
0.755623
0.740204
0.72
0.69218
0.654649
-0.573916
-0.609728
-0.636104
-0.655061
-0.669366
-0.679041
-0.684167
-0.685104
-0.682267
-0.676082
-0.666983
-0.655393
-0.641717
-0.626329
-0.609564
-0.591721
-0.573061
-0.553807
-0.534148
-0.514243
-0.494224
-0.474198
-0.454248
-0.434443
-0.414834
-0.39546
-0.37635
-0.357524
-0.338992
-0.320757
-0.302819
-0.285173
-0.267813
-0.250729
-0.233911
-0.217344
-0.201012
-0.1849
-0.16899
-0.153267
-0.137713
-0.122309
-0.107035
-0.0918723
-0.0768008
-0.0618011
-0.0468538
-0.031939
-0.0170363
-0.00212496
0.0128164
0.0278093
0.0428756
0.0580383
0.0733212
0.0887489
0.104346
0.120139
0.136152
0.152415
0.168956
0.185803
0.202985
0.220533
0.238475
0.256843
0.275666
0.294971
0.314785
0.33513
0.356027
0.377492
0.399536
0.422161
0.445361
0.469115
0.493393
0.518142
0.543293
0.568755
0.594405
0.620093
0.645635
0.670806
0.695342
0.718934
0.741229
0.761831
0.780303
0.796172
0.808941
0.8181
0.823142
0.823587
0.818982
0.80895
0.793442
0.772476
0.742963
0.702655
-0.622377
-0.661053
-0.689161
-0.708878
-0.723246
-0.732338
-0.7363
-0.735589
-0.73072
-0.722221
-0.710613
-0.696403
-0.680064
-0.662024
-0.642665
-0.622318
-0.601267
-0.579753
-0.557974
-0.536093
-0.514242
-0.492523
-0.471017
-0.449784
-0.428868
-0.408303
-0.388106
-0.368289
-0.348855
-0.329799
-0.311113
-0.292788
-0.274809
-0.257163
-0.23983
-0.222794
-0.206034
-0.189529
-0.173261
-0.157207
-0.141348
-0.12566
-0.110122
-0.0947125
-0.0794098
-0.0641921
-0.0490375
-0.0339236
-0.0188281
-0.00372857
0.0113978
0.0265744
0.0418255
0.057176
0.0726515
0.0882778
0.104082
0.120092
0.136338
0.15285
0.169661
0.186802
0.204306
0.222206
0.240539
0.25934
0.278644
0.298485
0.318895
0.339907
0.361549
0.383849
0.406826
0.430494
0.454857
0.479909
0.505628
0.531976
0.558893
0.586298
0.614077
0.642085
0.670136
0.698003
0.725409
0.752025
0.777468
0.8013
0.823025
0.842103
0.857953
0.869967
0.877531
0.880051
0.876958
0.867766
0.852354
0.830686
0.799376
0.756002
-0.676095
-0.717996
-0.747979
-0.768404
-0.782639
-0.790829
-0.793214
-0.790378
-0.782967
-0.771631
-0.757004
-0.739687
-0.720232
-0.699131
-0.676811
-0.653639
-0.629921
-0.605911
-0.581815
-0.557796
-0.533981
-0.510466
-0.487322
-0.464601
-0.442336
-0.420548
-0.399246
-0.378431
-0.358094
-0.338222
-0.3188
-0.29981
-0.281232
-0.263042
-0.245219
-0.227737
-0.210573
-0.193701
-0.177098
-0.160739
-0.144598
-0.128652
-0.112875
-0.0972443
-0.0817354
-0.066324
-0.0509855
-0.0356957
-0.0204308
-0.00516689
0.0101209
0.0254581
0.040871
0.056386
0.0720299
0.0878304
0.103817
0.12002
0.136474
0.153212
0.170267
0.187675
0.205474
0.223701
0.242398
0.261606
0.281365
0.301715
0.322699
0.344355
0.366725
0.389843
0.413742
0.438448
0.46398
0.490344
0.517533
0.545525
0.574275
0.603714
0.633742
0.664223
0.694978
0.725778
0.75634
0.786318
0.815301
0.842806
0.868282
0.89111
0.910614
0.926072
0.93674
0.941882
0.940781
0.932809
0.917744
0.895469
0.862248
0.815462
-0.73588
-0.781446
-0.813462
-0.834501
-0.848325
-0.855189
-0.855461
-0.849895
-0.839306
-0.824497
-0.806238
-0.785242
-0.76215
-0.737521
-0.711834
-0.685488
-0.658808
-0.632058
-0.605445
-0.579127
-0.553222
-0.527816
-0.502965
-0.478706
-0.455059
-0.432031
-0.409618
-0.387807
-0.366578
-0.345908
-0.325772
-0.306143
-0.286991
-0.268287
-0.250002
-0.232105
-0.214568
-0.19736
-0.180452
-0.163816
-0.147424
-0.131248
-0.115261
-0.099437
-0.0837493
-0.0681706
-0.0526743
-0.0372346
-0.0218263
-0.00642343
0.00900074
0.0244738
0.0400233
0.0556771
0.0714633
0.0874119
0.103555
0.119926
0.136562
0.153496
0.170768
0.188415
0.20648
0.225005
0.244036
0.263619
0.283801
0.304631
0.326157
0.348431
0.3715
0.395413
0.420214
0.445945
0.472639
0.500318
0.528995
0.558664
0.589301
0.620856
0.653245
0.686348
0.719999
0.753976
0.787993
0.821695
0.854646
0.886322
0.916114
0.943318
0.967152
0.986763
1.00125
1.0097
1.0112
1.00495
0.990568
0.967832
0.93258
0.881966
-0.80273
-0.852499
-0.886717
-0.908212
-0.921237
-0.926203
-0.923663
-0.914597
-0.900038
-0.880979
-0.858354
-0.833007
-0.805679
-0.777002
-0.747501
-0.717606
-0.687657
-0.657918
-0.628591
-0.599822
-0.571714
-0.544333
-0.517719
-0.491889
-0.466845
-0.442575
-0.419059
-0.396269
-0.374173
-0.352735
-0.331919
-0.311685
-0.291997
-0.272817
-0.254108
-0.235833
-0.21796
-0.200451
-0.183275
-0.166398
-0.149788
-0.133415
-0.11725
-0.101264
-0.0854266
-0.0697094
-0.054084
-0.0385228
-0.022999
-0.00748456
0.00804917
0.0236312
0.0392902
0.0550552
0.0709566
0.0870264
0.103299
0.119811
0.136598
0.1537
0.171158
0.189013
0.207312
0.226102
0.245432
0.265355
0.285924
0.307197
0.32923
0.352084
0.375818
0.400493
0.426167
0.452897
0.480732
0.509717
0.539884
0.571251
0.603815
0.637551
0.6724
0.708265
0.744998
0.782394
0.820174
0.857982
0.895364
0.931763
0.966508
0.998814
1.02778
1.05239
1.07157
1.08419
1.08908
1.08521
1.07198
1.049
1.01159
0.956646
-0.877885
-0.932522
-0.969117
-0.990813
-1.00248
-1.00478
-0.998512
-0.984963
-0.965444
-0.941188
-0.913324
-0.882845
-0.850601
-0.817296
-0.7835
-0.749663
-0.71613
-0.683157
-0.65093
-0.619573
-0.589166
-0.559749
-0.531337
-0.503923
-0.477485
-0.45199
-0.427398
-0.403664
-0.380741
-0.358579
-0.337128
-0.316338
-0.296161
-0.276552
-0.257465
-0.238859
-0.220693
-0.202928
-0.185523
-0.168444
-0.151655
-0.135123
-0.118816
-0.102701
-0.0867468
-0.0709228
-0.055199
-0.0395467
-0.0239368
-0.00833977
0.00727468
0.0229367
0.0386764
0.0545243
0.0705126
0.0866755
0.103049
0.119671
0.13658
0.153819
0.171429
0.189459
0.207957
0.226974
0.246565
0.266788
0.287704
0.309377
0.331874
0.355265
0.37962
0.405012
0.431517
0.459206
0.48815
0.518415
0.550057
0.583121
0.617632
0.653596
0.690985
0.729732
0.769721
0.810771
0.852625
0.894935
0.937243
0.978967
1.01939
1.05762
1.09266
1.12331
1.14826
1.16612
1.17543
1.1748
1.16337
1.14048
1.10081
1.04089
-0.962914
-1.02325
-1.06238
-1.08387
-1.0934
-1.09197
-1.08077
-1.06148
-1.03577
-1.00516
-0.971026
-0.934514
-0.89659
-0.858025
-0.819422
-0.78124
-0.743813
-0.707376
-0.672084
-0.638028
-0.605252
-0.573765
-0.543547
-0.514562
-0.486758
-0.460078
-0.43446
-0.409837
-0.386144
-0.363317
-0.34129
-0.320003
-0.299397
-0.279416
-0.260008
-0.241125
-0.222718
-0.204744
-0.187159
-0.169924
-0.152999
-0.136348
-0.119936
-0.10373
-0.0876938
-0.0717971
-0.0560082
-0.0402967
-0.024632
-0.00898298
0.00668176
0.0223936
0.0381841
0.0540855
0.0701317
0.0863582
0.102802
0.119503
0.136502
0.153843
0.171573
0.189741
0.208399
0.227603
0.247412
0.267891
0.289107
0.311132
0.334042
0.357916
0.382837
0.408892
0.436172
0.464767
0.49477
0.52627
0.559352
0.594089
0.630544
0.668756
0.708737
0.750462
0.793856
0.838778
0.885008
0.932222
0.979975
1.02768
1.07456
1.11969
1.16189
1.19981
1.23187
1.25635
1.2714
1.27518
1.26644
1.24415
1.20211
1.13646
-1.05983
-1.1269
-1.1687
-1.18934
-1.19559
-1.18899
-1.17125
-1.1446
-1.11116
-1.07282
-1.0312
-0.987629
-0.943181
-0.89868
-0.854745
-0.811821
-0.77021
-0.730105
-0.691616
-0.654785
-0.61961
-0.586055
-0.554059
-0.523547
-0.494437
-0.46664
-0.440067
-0.414631
-0.390246
-0.36683
-0.344303
-0.322592
-0.301626
-0.281341
-0.261678
-0.242579
-0.223991
-0.205864
-0.188152
-0.170809
-0.153795
-0.13707
-0.120596
-0.104336
-0.0882568
-0.072324
-0.0565053
-0.0407685
-0.0250817
-0.00941287
0.00627047
0.022001
0.037812
0.0537369
0.0698107
0.0860695
0.102552
0.119298
0.136353
0.153763
0.171575
0.189842
0.20862
0.227967
0.247948
0.268633
0.290097
0.312419
0.335683
0.359978
0.3854
0.41205
0.440034
0.469465
0.500457
0.533127
0.567587
0.603948
0.64231
0.682757
0.725349
0.770112
0.817027
0.866009
0.916893
0.969402
1.02313
1.0775
1.13173
1.18481
1.23547
1.28212
1.32293
1.35577
1.37829
1.38807
1.38329
1.36236
1.31792
1.24556
-1.17129
-1.24639
-1.29089
-1.30964
-1.31097
-1.2972
-1.27081
-1.23473
-1.19166
-1.14392
-1.0934
-1.04162
-0.989735
-0.938599
-0.888812
-0.840773
-0.794727
-0.7508
-0.709033
-0.669403
-0.631846
-0.596271
-0.562567
-0.530615
-0.500291
-0.471474
-0.444047
-0.417897
-0.392917
-0.369007
-0.346071
-0.324022
-0.30278
-0.28227
-0.262424
-0.243179
-0.224475
-0.206258
-0.188476
-0.171081
-0.154028
-0.137275
-0.120783
-0.104514
-0.0884312
-0.0725008
-0.0566887
-0.0409617
-0.0252871
-0.00963193
0.00603751
0.0217553
0.0375557
0.053473
0.0695424
0.0858009
0.102288
0.119047
0.136123
0.153563
0.171419
0.189744
0.208596
0.228039
0.248142
0.26898
0.290634
0.31319
0.33674
0.361385
0.38723
0.414394
0.442998
0.473176
0.505067
0.538814
0.574564
0.612466
0.652663
0.69529
0.740465
0.788278
0.83878
0.891964
0.947738
1.00591
1.06612
1.12787
1.19038
1.25262
1.31319
1.37036
1.42193
1.46534
1.4976
1.51555
1.51653
1.49812
1.45138
1.37108
-1.30083
-1.38561
-1.4326
-1.44783
-1.44183
-1.41812
-1.38025
-1.33209
-1.27706
-1.21793
-1.15692
-1.09567
-1.0354
-0.976932
-0.920809
-0.867342
-0.816677
-0.768843
-0.723786
-0.681398
-0.64154
-0.604049
-0.568758
-0.535493
-0.504088
-0.474384
-0.446232
-0.419493
-0.394038
-0.369746
-0.346508
-0.324223
-0.302799
-0.282153
-0.262208
-0.242894
-0.224146
-0.205904
-0.188114
-0.170724
-0.153687
-0.136958
-0.120495
-0.10426
-0.0882171
-0.0723291
-0.0565615
-0.0408808
-0.0252536
-0.00964596
0.00597689
0.02165
0.0374078
0.0532847
0.0693165
0.0855412
0.102
0.118735
0.135795
0.153228
0.171086
0.189424
0.208304
0.227793
0.247963
0.268895
0.290675
0.313395
0.337155
0.362066
0.388247
0.415829
0.444951
0.475768
0.508442
0.543148
0.580066
0.619387
0.661303
0.706006
0.75368
0.804493
0.858584
0.916039
0.976876
1.04101
1.1082
1.17802
1.24978
1.32246
1.39464
1.46437
1.52918
1.58596
1.63097
1.66004
1.6694
1.65534
1.60664
1.51686
-1.45331
-1.54985
-1.59868
-1.60775
-1.59086
-1.55335
-1.50025
-1.43665
-1.3668
-1.29399
-1.2207
-1.14865
-1.07905
-1.01261
-0.949754
-0.89064
-0.835273
-0.783544
-0.735279
-0.69026
-0.648255
-0.60902
-0.572317
-0.537918
-0.505607
-0.475185
-0.44647
-0.419294
-0.393505
-0.368964
-0.345547
-0.32314
-0.301641
-0.280957
-0.261003
-0.241702
-0.222987
-0.204792
-0.18706
-0.169736
-0.15277
-0.136117
-0.119734
-0.103581
-0.0876202
-0.0718155
-0.0561315
-0.0405343
-0.0249901
-0.00946404
0.00607923
0.0216747
0.0373567
0.0531597
0.06912
0.0852764
0.10167
0.118347
0.135352
0.152736
0.170552
0.188858
0.207716
0.227196
0.247376
0.268338
0.290172
0.312978
0.336864
0.36195
0.388365
0.416254
0.445774
0.4771
0.510417
0.54593
0.583859
0.624434
0.667901
0.714516
0.764539
0.818225
0.875817
0.937523
1.0035
1.0738
1.14835
1.22689
1.30887
1.39336
1.47898
1.56368
1.6447
1.71839
1.78012
1.82441
1.84595
1.83911
1.7893
1.6881
-1.63568
-1.74645
-1.79558
-1.79422
-1.76115
-1.70444
-1.63115
-1.54787
-1.4598
-1.37071
-1.28323
-1.19906
-1.11925
-1.04433
-0.974481
-0.909648
-0.849634
-0.794155
-0.742878
-0.695458
-0.651549
-0.610816
-0.572944
-0.537642
-0.504645
-0.473712
-0.444626
-0.417192
-0.391234
-0.366596
-0.343139
-0.320738
-0.299279
-0.278662
-0.258795
-0.239597
-0.220995
-0.202922
-0.185316
-0.168121
-0.151286
-0.134763
-0.11851
-0.102486
-0.0866522
-0.0709725
-0.0554116
-0.0399354
-0.0245095
-0.00909904
0.00633101
0.0218151
0.0373874
0.0530825
0.0689368
0.0849897
0.101283
0.117862
0.134772
0.152065
0.169794
0.188018
0.206802
0.226217
0.246342
0.267264
0.289076
0.311884
0.335803
0.360959
0.387495
0.415566
0.445346
0.477026
0.510819
0.546958
0.585697
0.627314
0.672109
0.720404
0.772542
0.828879
0.889777
0.955588
1.02664
1.10317
1.18535
1.27312
1.36619
1.46386
1.56488
1.66727
1.76805
1.86307
1.94672
2.01193
2.05125
2.05621
2.0071
1.89217
-1.85811
-1.98592
-2.03199
-2.01322
-1.95607
-1.87264
-1.77265
-1.66447
-1.55422
-1.44601
-1.34241
-1.24492
-1.15423
-1.07052
-0.993638
-0.923221
-0.858806
-0.799883
-0.745935
-0.696461
-0.65099
-0.609088
-0.570358
-0.534444
-0.501029
-0.469831
-0.440598
-0.413108
-0.387167
-0.362601
-0.339257
-0.316999
-0.295705
-0.275266
-0.255588
-0.236585
-0.218181
-0.200306
-0.182897
-0.165896
-0.14925
-0.132914
-0.116841
-0.100993
-0.085331
-0.069818
-0.0544193
-0.0391008
-0.0238284
-0.00856794
0.00671482
0.0220536
0.0374821
0.0530348
0.0687485
0.0846626
0.100818
0.11726
0.134034
0.151191
0.168785
0.186876
0.20553
0.224819
0.244823
0.26563
0.287338
0.310057
0.333907
0.359021
0.385551
0.413663
0.443544
0.475403
0.509476
0.546023
0.585332
0.627726
0.67356
0.723227
0.777155
0.835809
0.899684
0.9693
1.04518
1.12781
1.21764
1.31496
1.41981
1.53189
1.6503
1.7733
1.89796
2.01976
2.13213
2.22613
2.29153
2.31569
2.271
2.13979
-2.13626
-2.28351
-2.31961
-2.27194
-2.17891
-2.05835
-1.92328
-1.78393
-1.64711
-1.51689
-1.39544
-1.28371
-1.1818
-1.08934
-1.0057
-0.930115
-0.861781
-0.799921
-0.743805
-0.692759
-0.646179
-0.603525
-0.564319
-0.528141
-0.494622
-0.46344
-0.434313
-0.406997
-0.381276
-0.356964
-0.333896
-0.311927
-0.290927
-0.270786
-0.251402
-0.23269
-0.214569
-0.19697
-0.179828
-0.163085
-0.14669
-0.130593
-0.114753
-0.0991275
-0.0836801
-0.0683745
-0.0531762
-0.0380515
-0.0229676
-0.00789134
0.00721009
0.0223695
0.0376203
0.052997
0.0685357
0.0842747
0.100255
0.116519
0.133114
0.150089
0.1675
0.185405
0.203871
0.222969
0.24278
0.263393
0.28491
0.307442
0.331113
0.356063
0.382448
0.410445
0.440251
0.472092
0.50622
0.542921
0.582516
0.625369
0.671889
0.722535
0.777825
0.838334
0.904701
0.977628
1.05786
1.14619
1.2434
1.35022
1.46721
1.59464
1.73223
1.87882
2.03191
2.18702
2.33682
2.47045
2.57425
2.62968
2.59688
2.44736
-2.49549
-2.66198
-2.67408
-2.57856
-2.43214
-2.2603
-2.07966
-1.90196
-1.73403
-1.5792
-1.43867
-1.31234
-1.19941
-1.09873
-1.00903
-0.929032
-0.857545
-0.793485
-0.735885
-0.683895
-0.636772
-0.593874
-0.554643
-0.518602
-0.485334
-0.454483
-0.425742
-0.398846
-0.373565
-0.3497
-0.327079
-0.305549
-0.28498
-0.265255
-0.246274
-0.227948
-0.210197
-0.192951
-0.176147
-0.159726
-0.143638
-0.127835
-0.112275
-0.0969179
-0.0817277
-0.0666689
-0.0517078
-0.0368124
-0.0219513
-0.00709334
0.00779312
0.0227403
0.0377808
0.0529479
0.0682767
0.0838043
0.0995703
0.115617
0.131988
0.148736
0.165913
0.183577
0.201794
0.220634
0.240178
0.260516
0.281749
0.30399
0.327367
0.35202
0.378112
0.405823
0.435361
0.466963
0.500895
0.537464
0.57702
0.61996
0.666743
0.71789
0.774002
0.835765
0.903963
0.979482
1.06332
1.1566
1.2605
1.3763
1.50524
1.6484
1.80646
1.97933
2.16556
2.36141
2.55952
2.74749
2.90788
3.0143
3.00825
2.84129
-2.97927
-3.15573
-3.11559
-2.94114
-2.71574
-2.47393
-2.23528
-2.01168
-1.80857
-1.6274
-1.46749
-1.32712
-1.20417
-1.09646
-1.00191
-0.918684
-0.845136
-0.779861
-0.721656
-0.669494
-0.622506
-0.579956
-0.541218
-0.505762
-0.473136
-0.442958
-0.414901
-0.388684
-0.36407
-0.340853
-0.318853
-0.297919
-0.277916
-0.258729
-0.240257
-0.222412
-0.205115
-0.188298
-0.171899
-0.155862
-0.140137
-0.124678
-0.109445
-0.0944002
-0.0795071
-0.0647323
-0.0500439
-0.035412
-0.0208076
-0.00620072
0.00843896
0.0231422
0.0379401
0.0528649
0.0679501
0.0832306
0.0987439
0.114531
0.130637
0.14711
0.164001
0.181368
0.199273
0.217786
0.236987
0.256964
0.277818
0.299662
0.322621
0.346839
0.372478
0.399723
0.428785
0.459908
0.49337
0.529491
0.568641
0.611246
0.657803
0.708888
0.765172
0.827442
0.896616
0.973765
1.06014
1.15719
1.26658
1.39019
1.53008
1.68843
1.86728
2.06825
2.29183
2.53624
2.79557
3.05723
3.30071
3.49031
3.54054
3.36669
-3.66642
-3.81699
-3.66781
-3.36408
-3.0236
-2.6886
-2.37857
-2.10243
-1.86174
-1.65428
-1.47632
-1.32383
-1.19293
-1.08019
-0.982662
-0.897852
-0.823686
-0.758442
-0.7007
-0.64928
-0.603209
-0.561673
-0.523997
-0.489615
-0.458051
-0.428905
-0.401842
-0.376574
-0.35286
-0.330491
-0.30929
-0.289105
-0.269804
-0.251273
-0.233415
-0.216143
-0.199383
-0.183068
-0.167139
-0.151543
-0.136234
-0.121168
-0.106306
-0.0916124
-0.0770537
-0.0625983
-0.0482168
-0.0338816
-0.0195654
-0.00524056
0.00912146
0.0235501
0.038075
0.052726
0.0675335
0.0825309
0.0977544
0.113243
0.129039
0.14519
0.161744
0.178756
0.196286
0.214403
0.233182
0.252711
0.273088
0.294422
0.316837
0.340474
0.365494
0.392082
0.420448
0.450838
0.483534
0.518864
0.557208
0.599012
0.644795
0.695174
0.750873
0.812759
0.88186
0.959413
1.04689
1.14608
1.25911
1.38851
1.53729
1.70892
1.90725
2.13632
2.39976
2.69961
3.03398
3.39332
3.75719
4.08188
4.24724
4.10493
-4.70018
-4.72138
-4.35328
-3.84202
-3.33842
-2.88422
-2.49112
-2.15911
-1.88189
-1.65118
-1.45891
-1.298
-1.16256
-1.04778
-0.949807
-0.865554
-0.792553
-0.728825
-0.672782
-0.623136
-0.578841
-0.539041
-0.503034
-0.470237
-0.440167
-0.412424
-0.386669
-0.362619
-0.340035
-0.318715
-0.298485
-0.279199
-0.26073
-0.24297
-0.225825
-0.209214
-0.193067
-0.177322
-0.161924
-0.146824
-0.131979
-0.11735
-0.102899
-0.0885951
-0.074406
-0.0603033
-0.0462602
-0.032252
-0.0182542
-0.00424084
0.00981516
0.0239409
0.038163
0.0525087
0.0670064
0.0816866
0.0965832
0.111734
0.127178
0.142959
0.159124
0.175725
0.192818
0.210467
0.228748
0.247741
0.26754
0.288251
0.309992
0.332901
0.357132
0.382866
0.410309
0.439701
0.471323
0.505501
0.542615
0.583114
0.62753
0.676493
0.730761
0.791244
0.85905
0.935531
1.02234
1.12154
1.23565
1.36786
1.52211
1.70328
1.91735
2.17149
2.4738
2.83258
3.25405
3.73792
4.2717
4.81181
5.20516
5.2027
-6.33905
-5.96834
-5.18426
-4.35481
-3.62986
-3.03133
-2.54912
-2.16423
-1.85688
-1.61003
-1.41006
-1.24645
-1.1112
-0.998229
-0.902911
-0.821704
-0.751868
-0.69127
-0.638234
-0.591427
-0.549781
-0.512435
-0.47869
-0.447973
-0.419812
-0.393818
-0.369664
-0.34708
-0.325839
-0.305747
-0.286643
-0.26839
-0.250868
-0.233977
-0.217631
-0.201756
-0.186288
-0.171171
-0.156355
-0.141797
-0.127457
-0.113301
-0.0992958
-0.0854115
-0.0716207
-0.0578979
-0.04422
-0.0305648
-0.01691
-0.00323198
0.0104937
0.0242915
0.0381853
0.0521988
0.0663578
0.0806907
0.0952285
0.110005
0.125059
0.140429
0.156159
0.172296
0.188894
0.206013
0.223722
0.242096
0.261225
0.281207
0.302153
0.324193
0.347473
0.372165
0.398467
0.426608
0.456857
0.48953
0.524996
0.563693
0.606143
0.65297
0.704931
0.762944
0.828143
0.90193
0.98606
1.08275
1.19484
1.32597
1.4809
1.66585
1.88898
2.16101
2.49577
2.91056
3.42544
4.05974
4.82334
5.69208
6.51428
6.92203
-9.15981
-7.681
-6.11278
-4.82933
-3.83164
-3.07863
-2.51699
-2.09483
-1.7726
-1.5225
-1.3251
-1.16673
-1.03773
-0.931199
-0.842082
-0.766654
-0.70211
-0.64631
-0.597601
-0.554685
-0.516535
-0.482331
-0.451409
-0.423233
-0.397361
-0.373431
-0.351142
-0.330245
-0.310531
-0.291826
-0.273981
-0.256873
-0.240395
-0.224457
-0.208982
-0.193905
-0.17917
-0.164727
-0.150535
-0.136554
-0.122752
-0.109098
-0.0955639
-0.0821237
-0.068754
-0.0554332
-0.0421412
-0.0288591
-0.015567
-0.00224373
0.011132
0.0245813
0.0381247
0.0517832
0.0655795
0.079539
0.0936902
0.108064
0.122694
0.137615
0.152869
0.168497
0.184549
0.201079
0.218149
0.235831
0.254204
0.273358
0.293397
0.314438
0.336618
0.360094
0.38505
0.4117
0.440295
0.471128
0.504546
0.54096
0.580862
0.624845
0.673627
0.728091
0.789333
0.858725
0.938006
1.02941
1.13586
1.2612
1.41063
1.59127
1.813
2.08979
2.4415
2.89646
3.49498
4.2902
5.33653
6.67335
8.29955
9.84554
-14.6658
-9.93053
-6.79324
-4.94643
-3.718
-2.87777
-2.29964
-1.88981
-1.58887
-1.36118
-1.18447
-1.04427
-0.930891
-0.837678
-0.759923
-0.69421
-0.638009
-0.589408
-0.54694
-0.509461
-0.476068
-0.446043
-0.418808
-0.393894
-0.370919
-0.349569
-0.329584
-0.31075
-0.292887
-0.275847
-0.259504
-0.243752
-0.228502
-0.213678
-0.199217
-0.185064
-0.171174
-0.157508
-0.144029
-0.130709
-0.117519
-0.104436
-0.0914371
-0.0785006
-0.0656083
-0.0527431
-0.0398889
-0.0270296
-0.0141489
-0.00122932
0.0117472
0.0247978
0.0379393
0.0511894
0.0645677
0.078096
0.091799
0.105703
0.119838
0.134235
0.148927
0.163954
0.179357
0.195185
0.211492
0.228339
0.245798
0.263946
0.282875
0.302688
0.323505
0.345467
0.368735
0.393498
0.419977
0.448434
0.479174
0.51256
0.549028
0.589101
0.633417
0.682757
0.738095
0.800653
0.871989
0.954115
1.04968
1.16225
1.29671
1.45993
1.66188
1.91743
2.24939
2.69419
3.31237
4.20021
5.48806
7.40806
10.6351
15.4812
-23.9488
-12.1336
-6.517
-4.2328
-3.0227
-2.28939
-1.82425
-1.50945
-1.28245
-1.11117
-0.97769
-0.871056
-0.784164
-0.712185
-0.651706
-0.600235
-0.555912
-0.517319
-0.483358
-0.453166
-0.426059
-0.401488
-0.37901
-0.358267
-0.338962
-0.320855
-0.303746
-0.287469
-0.271887
-0.256888
-0.242374
-0.228268
-0.214501
-0.201017
-0.187771
-0.174723
-0.161841
-0.149096
-0.136464
-0.123925
-0.111459
-0.0990492
-0.0866797
-0.0743363
-0.062006
-0.049677
-0.0373377
-0.0249766
-0.0125812
-0.000138321
0.0123652
0.0249423
0.037606
0.0503698
0.0632492
0.076262
0.0894278
0.102768
0.116307
0.130068
0.144081
0.158377
0.172989
0.187958
0.203328
0.219148
0.235477
0.252379
0.269927
0.288208
0.30732
0.327376
0.34851
0.370876
0.394654
0.420057
0.44733
0.476767
0.508715
0.543592
0.581901
0.624256
0.671413
0.724318
0.784161
0.852471
0.931238
1.02311
1.13171
1.26212
1.42178
1.62208
1.88154
2.23295
2.73982
3.5231
4.80103
7.18092
12.9147
24.8529
)
;

boundaryField
{
    movingWall
    {
        type            zeroGradient;
    }
    fixedWalls
    {
        type            zeroGradient;
    }
    frontAndBack
    {
        type            empty;
    }
}


// ************************************************************************* //
