/*--------------------------------*- C++ -*----------------------------------*\
| =========                 |                                                 |
| \\      /  F ield         | OpenFOAM: The Open Source CFD Toolbox           |
|  \\    /   O peration     | Version:  2212                                  |
|   \\  /    A nd           | Website:  www.openfoam.com                      |
|    \\/     M anipulation  |                                                 |
\*---------------------------------------------------------------------------*/
FoamFile
{
    version     2.0;
    format      ascii;
    arch        "LSB;label=32;scalar=64";
    class       volScalarField;
    location    "0.009";
    object      p;
}
// * * * * * * * * * * * * * * * * * * * * * * * * * * * * * * * * * * * * * //

dimensions      [0 2 -2 0 0 0 0];

internalField   nonuniform List<scalar> 
10000
(
8.12705e-08
-5.62324e-05
-0.000320297
-0.000711969
-0.00121986
-0.00182963
-0.00249806
-0.00318194
-0.00384321
-0.00445108
-0.00498204
-0.00541632
-0.00573751
-0.00593347
-0.00599571
-0.0059197
-0.00570272
-0.00534049
-0.00482801
-0.00416268
-0.00334367
-0.00237264
-0.00125397
6.5823e-06
0.0014042
0.00293494
0.00459466
0.00637938
0.00828556
0.0103091
0.0124442
0.0146849
0.0170256
0.0194615
0.021988
0.0246003
0.0272943
0.0300657
0.03291
0.0358227
0.0387991
0.0418346
0.0449237
0.0480596
0.0512366
0.0544499
0.0576938
0.0609615
0.0642463
0.0675409
0.070839
0.0741348
0.0774223
0.0806954
0.0839489
0.087177
0.0903732
0.0935302
0.0966412
0.0996998
0.102701
0.105639
0.10851
0.111307
0.114028
0.116667
0.119222
0.121688
0.12406
0.126332
0.128499
0.130556
0.132496
0.134311
0.135997
0.137548
0.13896
0.14023
0.141354
0.142326
0.143142
0.1438
0.144298
0.144636
0.144818
0.144846
0.144726
0.144464
0.144069
0.143549
0.142916
0.142187
0.141384
0.140535
0.139677
0.138853
0.138116
0.137534
0.137188
0.137118
9.22443e-05
0.000160241
3.31714e-06
-0.000289854
-0.000695938
-0.00119545
-0.00174657
-0.00231023
-0.00285325
-0.00334914
-0.00377576
-0.00411625
-0.0043574
-0.00448624
-0.00449333
-0.00437302
-0.00412031
-0.00373131
-0.0032031
-0.00253253
-0.00171758
-0.000758639
0.000341864
0.00158005
0.00295157
0.00445195
0.00607647
0.00782117
0.00968293
0.0116583
0.0137425
0.0159302
0.0182162
0.0205951
0.0230617
0.0256121
0.0282428
0.0309504
0.0337303
0.0365771
0.0394861
0.0424523
0.0454705
0.0485355
0.0516419
0.054784
0.0579557
0.0611503
0.0643611
0.0675823
0.0708081
0.0740315
0.0772462
0.0804467
0.0836273
0.0867825
0.0899063
0.0929915
0.0960309
0.0990187
0.10195
0.104819
0.107622
0.110353
0.113009
0.115586
0.11808
0.120486
0.1228
0.125017
0.127132
0.129139
0.131033
0.132807
0.134455
0.135973
0.137358
0.138605
0.13971
0.14067
0.141482
0.142145
0.142657
0.143021
0.14324
0.143316
0.143255
0.143065
0.142756
0.142335
0.141816
0.141214
0.14055
0.139851
0.139148
0.138477
0.137881
0.137406
0.137115
0.137049
0.000519807
0.000591496
0.000458798
0.000200404
-0.00015943
-0.000598377
-0.00107841
-0.0015645
-0.00202979
-0.00244954
-0.00280321
-0.00307687
-0.00325809
-0.0033362
-0.00330263
-0.00314912
-0.00286969
-0.00246035
-0.00191803
-0.00124022
-0.000425726
0.000526008
0.00161347
0.00283392
0.00418414
0.00565995
0.00725664
0.00897037
0.0107979
0.0127356
0.0147793
0.0169248
0.019167
0.0215004
0.0239194
0.0264205
0.0290009
0.0316572
0.0343854
0.0371797
0.0400346
0.0429452
0.0459063
0.0489133
0.0519623
0.0550471
0.0581605
0.0612964
0.0644484
0.0676109
0.0707787
0.0739449
0.0771021
0.0802448
0.0833681
0.0864656
0.0895309
0.0925577
0.0955398
0.0984711
0.101347
0.104161
0.106911
0.109589
0.112195
0.114723
0.11717
0.119529
0.121796
0.123969
0.126043
0.128012
0.12987
0.131611
0.13323
0.134724
0.136087
0.137316
0.138407
0.139358
0.140167
0.140833
0.141359
0.141745
0.141994
0.142109
0.142096
0.141961
0.141716
0.141368
0.140931
0.140417
0.139849
0.139248
0.138643
0.138062
0.137539
0.137111
0.136821
0.136702
0.00129358
0.00125262
0.00106482
0.000778424
0.000414189
-7.14685e-06
-0.000452752
-0.00089582
-0.00131269
-0.0016826
-0.00198876
-0.00221595
-0.00235334
-0.00239326
-0.00232722
-0.00214779
-0.00184874
-0.00142448
-0.000871218
-0.0001868
0.000629764
0.0015783
0.00265726
0.0038645
0.00519724
0.00665196
0.00822516
0.00991366
0.0117139
0.0136216
0.0156329
0.0177437
0.0199493
0.0222446
0.0246247
0.0270861
0.0296258
0.03224
0.0349247
0.0376751
0.0404852
0.0433494
0.0462632
0.049222
0.0522222
0.0552583
0.058323
0.0614098
0.0645139
0.0676294
0.0707496
0.073868
0.0769783
0.0800744
0.0831506
0.0862007
0.089218
0.0921963
0.0951303
0.0980154
0.100846
0.103617
0.106323
0.108961
0.111526
0.114016
0.116423
0.118744
0.120974
0.123112
0.125152
0.12709
0.12892
0.130636
0.132232
0.133705
0.135051
0.136265
0.137345
0.138289
0.139095
0.139767
0.140305
0.14071
0.140985
0.141132
0.141156
0.141064
0.140865
0.14057
0.14019
0.139738
0.139232
0.138693
0.138142
0.137605
0.137106
0.136677
0.136342
0.136117
0.0022625
0.00205019
0.00176309
0.00142026
0.00102758
0.000602303
0.000168682
-0.000250198
-0.0006346
-0.00096968
-0.00124025
-0.00143292
-0.00153819
-0.00154776
-0.00145436
-0.00125216
-0.000935191
-0.000497797
6.43397e-05
0.00075354
0.00157123
0.00251693
0.00358918
0.00478589
0.00610396
0.00754033
0.00909259
0.0107581
0.0125335
0.0144147
0.0163976
0.0184779
0.0206506
0.0229112
0.0252563
0.0276823
0.0301859
0.0327629
0.0354085
0.0381184
0.0408872
0.043709
0.0465799
0.0494959
0.0524521
0.055443
0.0584629
0.0615063
0.0645675
0.0676408
0.0707192
0.0737952
0.0768629
0.0799173
0.0829518
0.0859591
0.088933
0.0918685
0.0947606
0.0976041
0.100394
0.103126
0.105796
0.108398
0.110928
0.113383
0.115756
0.118044
0.120242
0.122349
0.12436
0.126271
0.128076
0.129769
0.131345
0.1328
0.13413
0.135331
0.1364
0.137338
0.138146
0.138824
0.139373
0.139796
0.140092
0.140265
0.140319
0.140263
0.140103
0.139849
0.139513
0.139107
0.138645
0.138146
0.137626
0.137105
0.136604
0.136147
0.135738
0.135375
0.00331001
0.00290677
0.00250242
0.00208901
0.00165415
0.00120857
0.000771654
0.000361482
-6.57801e-06
-0.000318932
-0.000564096
-0.000732195
-0.00081408
-0.000801555
-0.000687943
-0.000467466
-0.000134804
0.000314803
0.000885328
0.00157909
0.00239721
0.00333974
0.00440564
0.00559278
0.00689823
0.00831947
0.00985426
0.0114998
0.0132531
0.0151108
0.0170689
0.0191225
0.0212666
0.0234971
0.0258113
0.0282061
0.0306775
0.0332216
0.0358335
0.0385074
0.0412385
0.0440227
0.0468555
0.0497332
0.0526508
0.0556023
0.0585824
0.0615872
0.0646111
0.0676469
0.0706875
0.0737265
0.0767578
0.0797749
0.0827717
0.0857415
0.0886779
0.091576
0.0944315
0.0972393
0.0999943
0.102692
0.105329
0.1079
0.110401
0.112826
0.11517
0.117429
0.1196
0.121681
0.123668
0.125555
0.127337
0.12901
0.130568
0.132007
0.133323
0.134512
0.135574
0.136509
0.137318
0.138002
0.138562
0.138998
0.139311
0.139505
0.139584
0.139556
0.139427
0.139206
0.138902
0.138527
0.138093
0.137615
0.137106
0.136581
0.136058
0.135555
0.135056
0.13454
0.00437351
0.00378132
0.00325399
0.00276254
0.00227319
0.00179538
0.0013435
0.00092874
0.00056432
0.000262281
3.12168e-05
-0.000120905
-0.000186256
-0.000158183
-3.0291e-05
0.000203445
0.000547942
0.00100749
0.00158521
0.00228331
0.0031024
0.00404251
0.00510262
0.00628077
0.00757503
0.0089834
0.0105035
0.0121325
0.0138674
0.0157052
0.0176418
0.0196721
0.021792
0.0239976
0.0262857
0.0286536
0.0310974
0.0336127
0.036195
0.0388383
0.0415372
0.0442887
0.0470893
0.049934
0.0528177
0.0557356
0.0586828
0.0616546
0.0646455
0.0676487
0.0706566
0.073663
0.0766623
0.0796478
0.0826124
0.0855496
0.0884538
0.0913207
0.0941454
0.0969225
0.0996471
0.102316
0.104925
0.107469
0.109944
0.112344
0.114664
0.1169
0.11905
0.12111
0.123076
0.124943
0.126706
0.12836
0.129902
0.131327
0.132631
0.133813
0.134871
0.135805
0.136616
0.137305
0.137873
0.138319
0.138645
0.138855
0.138954
0.138947
0.138842
0.138644
0.138361
0.138004
0.137584
0.137112
0.136598
0.136053
0.135494
0.134932
0.134333
0.133661
0.00541175
0.00464193
0.0039939
0.00341947
0.00286854
0.00234915
0.0018716
0.00144333
0.00107371
0.000771532
0.000544661
0.00040025
0.000344408
0.000382658
0.000520807
0.00076434
0.00111761
0.00158451
0.00216773
0.00286892
0.00368878
0.00462702
0.00568219
0.00685269
0.00813742
0.00953469
0.0110421
0.0126574
0.0143777
0.0161994
0.0181179
0.0201286
0.022228
0.024413
0.02668
0.0290256
0.0314463
0.0339376
0.036494
0.0391109
0.0417837
0.0445086
0.0472821
0.0500993
0.052955
0.0558447
0.0587644
0.061709
0.0646721
0.0676466
0.0706261
0.0736049
0.076577
0.0795353
0.0824726
0.0853831
0.0882614
0.0911023
0.0939011
0.0966524
0.0993515
0.101996
0.104581
0.107103
0.109556
0.111936
0.114238
0.116457
0.11859
0.120633
0.122583
0.124432
0.126178
0.127817
0.129345
0.130759
0.132056
0.133233
0.134289
0.135224
0.136038
0.136731
0.137303
0.137756
0.138093
0.138316
0.138431
0.138441
0.138352
0.138168
0.137897
0.137547
0.137129
0.13665
0.136119
0.135544
0.134938
0.134309
0.133607
0.132782
0.00639512
0.00546188
0.00469725
0.00404061
0.00342557
0.00285694
0.00234567
0.00189635
0.00151368
0.00120411
0.000974521
0.000830659
0.000777753
0.000821089
0.000965657
0.00121599
0.00157594
0.00204839
0.00263576
0.00333917
0.00415914
0.00509509
0.00614585
0.0073103
0.00858735
0.00997543
0.0114725
0.0130769
0.0147856
0.0165941
0.018498
0.0204934
0.0225765
0.0247445
0.0269945
0.0293225
0.0317243
0.0341955
0.036731
0.0393261
0.0419775
0.0446819
0.047434
0.0502289
0.053062
0.0559298
0.0588275
0.0617493
0.064689
0.0676399
0.070596
0.0735519
0.0765013
0.0794372
0.0823527
0.0852424
0.0881002
0.0909208
0.0936989
0.0964293
0.099108
0.101732
0.104299
0.106803
0.10924
0.111604
0.113892
0.116098
0.118219
0.12025
0.122185
0.124021
0.125754
0.127381
0.1289
0.130307
0.131599
0.132774
0.13383
0.134767
0.135582
0.136278
0.136854
0.137314
0.137658
0.137892
0.138019
0.138041
0.137961
0.137783
0.137514
0.137163
0.136737
0.136243
0.135686
0.135072
0.134412
0.133713
0.132908
0.131939
0.00730204
0.00621888
0.00534428
0.00460781
0.00392737
0.00330719
0.00275687
0.00227904
0.0018765
0.00155392
0.00131609
0.00116743
0.00111284
0.00115705
0.00130437
0.00155863
0.00192297
0.00239952
0.00298998
0.00369512
0.00451476
0.00544826
0.00649516
0.00765475
0.00892566
0.0103067
0.0117965
0.0133926
0.0150921
0.0168905
0.0187832
0.0207669
0.0228381
0.0249933
0.0272296
0.0295438
0.031931
0.0343861
0.036905
0.039484
0.0421196
0.0448077
0.0475434
0.0503216
0.0531383
0.0559895
0.0588702
0.0617741
0.0646951
0.0676274
0.0705653
0.0735033
0.0764351
0.0793538
0.082253
0.0851273
0.0879704
0.0907758
0.0935384
0.0962535
0.0989171
0.101527
0.10408
0.106571
0.108995
0.111348
0.113627
0.115825
0.117936
0.119958
0.121884
0.12371
0.125434
0.127054
0.128567
0.12997
0.131259
0.132434
0.133491
0.134428
0.135245
0.135944
0.136525
0.136989
0.137341
0.137583
0.137717
0.137744
0.137667
0.137489
0.137216
0.136857
0.136417
0.135901
0.135311
0.134652
0.133934
0.133163
0.13226
0.131157
0.00811507
0.00689683
0.00591964
0.00510421
0.00435957
0.0036873
0.00309466
0.00258363
0.00215629
0.00181541
0.00156437
0.00140704
0.00134741
0.00138934
0.00153664
0.0017925
0.00215907
0.00263823
0.00323077
0.00393685
0.00475596
0.00568764
0.00673159
0.0078873
0.00915372
0.01053
0.0120151
0.013606
0.0152987
0.0170895
0.0189746
0.02095
0.0230126
0.0251593
0.0273865
0.0296903
0.0320662
0.0345096
0.0370169
0.0395848
0.0422095
0.0448862
0.0476102
0.0503769
0.0531824
0.0560224
0.0588911
0.0617819
0.0646894
0.0676085
0.0705334
0.0734586
0.0763779
0.0792847
0.0821731
0.0850374
0.0878706
0.0906658
0.0934183
0.0961237
0.0987781
0.101379
0.103923
0.106406
0.108822
0.111168
0.113441
0.115632
0.117738
0.119754
0.121674
0.123496
0.125215
0.126832
0.128343
0.129744
0.131032
0.132207
0.133265
0.134203
0.135023
0.135724
0.136309
0.13678
0.137137
0.137383
0.137519
0.137547
0.137467
0.137284
0.137003
0.136632
0.136172
0.135627
0.134999
0.134293
0.133516
0.132674
0.131678
0.13045
0.00882059
0.0074815
0.00640904
0.00551856
0.00471042
0.00398494
0.00334859
0.00280218
0.00234659
0.00198342
0.00171559
0.00154641
0.00147889
0.00151621
0.00166139
0.00191691
0.00228434
0.00276473
0.00335824
0.00406443
0.00488293
0.0058136
0.00685575
0.00800881
0.0092728
0.0106469
0.0121292
0.013717
0.0154061
0.0171924
0.0190728
0.0210437
0.0231015
0.0252432
0.0274651
0.0297625
0.0321312
0.0345673
0.0370681
0.0396298
0.042248
0.0449178
0.0476348
0.0503951
0.0531945
0.0560279
0.0588892
0.061772
0.0646717
0.0675831
0.0705004
0.0734177
0.0763296
0.0792298
0.0821123
0.0849713
0.0877991
0.0905891
0.0933369
0.0960384
0.0986893
0.101287
0.103827
0.106305
0.108718
0.111061
0.11333
0.115518
0.117621
0.119635
0.121554
0.123376
0.125096
0.126713
0.128224
0.129625
0.130913
0.132088
0.133147
0.134088
0.134911
0.135617
0.136207
0.136682
0.137042
0.137288
0.137423
0.137447
0.137362
0.13717
0.136878
0.136489
0.136005
0.135428
0.13476
0.134004
0.133169
0.132259
0.131174
0.129832
0.00940779
0.00795955
0.00680085
0.00584004
0.00496921
0.00419058
0.00351002
0.0029267
0.00244066
0.00205312
0.0017662
0.00158266
0.00150508
0.00153588
0.00167718
0.00193075
0.00229792
0.00277837
0.0033718
0.00407783
0.00489597
0.00582597
0.00686743
0.00801989
0.0092835
0.0106576
0.0121396
0.013726
0.0154139
0.0171993
0.0190785
0.0210481
0.023105
0.0252457
0.0274659
0.029761
0.032127
0.0345612
0.0370603
0.0396203
0.0422362
0.0449035
0.0476185
0.0503773
0.0531751
0.0560063
0.0588648
0.0617451
0.0646426
0.0675519
0.0704666
0.0733813
0.0762909
0.0791894
0.0820708
0.0849286
0.0877556
0.0905455
0.0932942
0.0959974
0.0986504
0.101249
0.103791
0.10627
0.108682
0.111025
0.113294
0.115482
0.117586
0.119601
0.121525
0.123351
0.125076
0.126697
0.128209
0.129612
0.130901
0.132078
0.133141
0.134086
0.134913
0.135624
0.136219
0.136696
0.137056
0.137301
0.137431
0.13745
0.137357
0.137155
0.136848
0.136438
0.135926
0.135314
0.134604
0.133798
0.132906
0.131929
0.130762
0.129316
0.00986921
0.00832233
0.00708449
0.00605722
0.00512696
0.0042964
0.00357136
0.00295028
0.00243288
0.00201988
0.00171251
0.00151304
0.00142377
0.00144643
0.00158247
0.00183288
0.00219819
0.00267771
0.00327048
0.00397625
0.00479461
0.00572462
0.00676633
0.00792031
0.00918598
0.0105617
0.0120451
0.0136331
0.0153224
0.0171095
0.0189909
0.0209633
0.0230232
0.0251665
0.0273888
0.0296859
0.0320546
0.0344919
0.0369942
0.0395565
0.0421743
0.0448438
0.0475616
0.0503235
0.053124
0.0559576
0.0588188
0.0617022
0.0646031
0.0675157
0.0704332
0.0733505
0.0762631
0.0791651
0.0820498
0.0849112
0.0877422
0.0905372
0.0932924
0.0960029
0.0986632
0.101269
0.103816
0.1063
0.108716
0.111063
0.113335
0.115528
0.117636
0.119658
0.12159
0.123424
0.125157
0.126783
0.1283
0.129707
0.131001
0.132182
0.13325
0.1342
0.135033
0.135748
0.136345
0.136823
0.137182
0.137422
0.137548
0.13756
0.137457
0.137242
0.136917
0.136483
0.135942
0.135294
0.134541
0.133687
0.132738
0.131698
0.130455
0.128912
0.0102009
0.00856348
0.00725121
0.00616223
0.00517582
0.00429489
0.00352606
0.00286739
0.00231828
0.00187914
0.00155069
0.00133447
0.00123227
0.00124551
0.00137516
0.00162135
0.00198328
0.0024608
0.00305297
0.00375862
0.00457727
0.00550862
0.00655269
0.00770974
0.00897893
0.0103582
0.0118452
0.0134371
0.0151307
0.0169226
0.0188097
0.0207885
0.022855
0.0250046
0.0272331
0.029537
0.0319134
0.0343587
0.0368682
0.0394372
0.0420617
0.0447383
0.0474636
0.0502329
0.0530406
0.0558817
0.0587512
0.0616436
0.0645535
0.0674747
0.0704006
0.0733264
0.0762478
0.0791583
0.0820515
0.0849212
0.0877615
0.0905671
0.0933343
0.0960571
0.0987292
0.101346
0.103904
0.106398
0.108824
0.111179
0.113459
0.115659
0.117777
0.11981
0.121752
0.123597
0.125339
0.126973
0.128498
0.129911
0.131213
0.132401
0.133475
0.134431
0.135268
0.135986
0.136585
0.137062
0.137418
0.137655
0.137775
0.137779
0.137665
0.137434
0.137088
0.136628
0.136056
0.135372
0.134578
0.133676
0.132673
0.131574
0.130259
0.128627
0.0103988
0.00867725
0.00729597
0.00614884
0.00510898
0.00417983
0.00336859
0.00267312
0.00209233
0.00162674
0.00127672
0.00104306
0.000927217
0.000930194
0.00105208
0.0012926
0.00165078
0.00212586
0.00271701
0.00342293
0.0042428
0.00517689
0.00622524
0.00738707
0.00866116
0.0100458
0.0115386
0.013137
0.0148376
0.0166376
0.0185338
0.0205223
0.0225986
0.0247582
0.0269974
0.0293132
0.0317019
0.0341593
0.0366802
0.0392604
0.0418965
0.0445853
0.0473227
0.050104
0.0529238
0.055778
0.0586615
0.0615684
0.0644927
0.0674282
0.0703684
0.0733087
0.0762446
0.0791692
0.082076
0.0849597
0.0878148
0.0906365
0.0934203
0.0961597
0.0988479
0.101481
0.104054
0.106563
0.109003
0.111372
0.113664
0.115878
0.118009
0.120055
0.12201
0.123867
0.12562
0.127266
0.128801
0.130225
0.131537
0.132734
0.133815
0.134776
0.135616
0.136336
0.136935
0.137412
0.137766
0.137999
0.138113
0.138106
0.137978
0.137729
0.137362
0.136876
0.136273
0.135554
0.134719
0.133771
0.132716
0.131561
0.130179
0.128467
0.0104583
0.00865994
0.00721445
0.00601194
0.00492135
0.00394609
0.00309388
0.00236268
0.00175069
0.00125838
0.000886328
0.000634828
0.000504578
0.000496193
0.000609323
0.000843088
0.0011971
0.00166996
0.00226019
0.00296685
0.00378954
0.00472816
0.00578213
0.00695017
0.008231
0.00962304
0.011124
0.0127313
0.0144421
0.0162536
0.0181622
0.0201634
0.0222527
0.0244262
0.0266807
0.0290129
0.031418
0.0338913
0.036428
0.0390244
0.0416774
0.0443831
0.0471374
0.0499355
0.0527729
0.0556457
0.0585487
0.0614752
0.0644191
0.0673744
0.0703349
0.0732958
0.0762518
0.079196
0.0821221
0.0850255
0.087901
0.0907435
0.0935481
0.0963079
0.0990164
0.10167
0.104264
0.106793
0.109253
0.11164
0.113951
0.116182
0.11833
0.120392
0.122362
0.124233
0.126
0.12766
0.12921
0.130648
0.131972
0.133179
0.134267
0.135233
0.136077
0.136799
0.1374
0.137877
0.138229
0.138457
0.138563
0.138545
0.138402
0.138134
0.137745
0.137234
0.136601
0.135847
0.134973
0.13398
0.132876
0.131668
0.130223
0.128435
0.0103774
0.0085085
0.00700265
0.00574773
0.00460885
0.00358942
0.00269735
0.00193108
0.00128863
0.000769694
0.000375001
0.00010508
-4.02433e-05
-6.11555e-05
4.22853e-05
0.000269296
0.000618812
0.00108934
0.00167945
0.00238832
0.0032155
0.00416012
0.00522091
0.00639675
0.00768643
0.00908821
0.0105999
0.012219
0.0139434
0.0157696
0.0176936
0.0197105
0.0218164
0.0240082
0.0262826
0.028635
0.0310603
0.0335537
0.0361111
0.0387289
0.0414037
0.0441311
0.0469069
0.0497272
0.0525878
0.0554846
0.058412
0.0613628
0.0643314
0.0673121
0.0702988
0.0732859
0.0762675
0.0792367
0.0821879
0.0851168
0.088018
0.0908857
0.0937148
0.096499
0.0992322
0.101911
0.104531
0.107087
0.109572
0.111983
0.114317
0.11657
0.118739
0.12082
0.122808
0.124697
0.126481
0.128158
0.129726
0.131181
0.132518
0.133736
0.134832
0.135805
0.136654
0.137381
0.137985
0.138463
0.138812
0.139035
0.139132
0.139101
0.138943
0.138657
0.138246
0.137709
0.137047
0.136259
0.135347
0.134311
0.133161
0.131901
0.130397
0.128537
0.0101555
0.00821998
0.00665761
0.00535295
0.00416763
0.00310565
0.00217485
0.00137392
0.000701154
0.000155896
-0.000261657
-0.000551132
-0.000712578
-0.000746386
-0.000652948
-0.000432825
-8.77407e-05
0.000380956
0.000972216
0.00168498
0.002518
0.00346979
0.00453899
0.00572461
0.00702537
0.00843941
0.00996478
0.0115995
0.0133408
0.0151848
0.017127
0.0191633
0.0212902
0.0235048
0.0258028
0.0281791
0.0306284
0.0331466
0.0357299
0.0383744
0.0410757
0.0438297
0.0466324
0.0494806
0.0523698
0.0552955
0.0582518
0.0612318
0.0642303
0.067242
0.0702602
0.0732787
0.0762913
0.0792913
0.0822735
0.0852334
0.088165
0.0910622
0.09392
0.0967329
0.0994958
0.102205
0.104856
0.107443
0.109959
0.112401
0.114763
0.117043
0.119236
0.12134
0.12335
0.12526
0.127066
0.128765
0.130353
0.131826
0.133178
0.134408
0.135514
0.136495
0.137352
0.138086
0.138695
0.139173
0.13952
0.139736
0.139823
0.139781
0.139608
0.139304
0.138871
0.138309
0.137617
0.136796
0.135847
0.13477
0.133574
0.132265
0.130704
0.128776
0.00979162
0.00779289
0.00617686
0.00482426
0.00359397
0.00249077
0.00152213
0.00068693
-1.62187e-05
-0.000588003
-0.00102877
-0.00133849
-0.00151681
-0.00156376
-0.00148016
-0.00126704
-0.000925766
-0.000457517
0.000136378
0.000854215
0.00169409
0.00265442
0.00373399
0.00493161
0.00624583
0.00767512
0.00921784
0.0108717
0.0126332
0.014498
0.0164621
0.0185219
0.0206744
0.0229157
0.0252409
0.0276449
0.0301229
0.0326711
0.0352854
0.0379613
0.0406943
0.0434801
0.0463157
0.0491975
0.0521206
0.05508
0.0580699
0.0610844
0.0641184
0.0671664
0.0702211
0.073276
0.076325
0.0793615
0.0823803
0.0853764
0.0883432
0.0912744
0.0941657
0.0970125
0.0998101
0.102555
0.105242
0.107865
0.110417
0.112893
0.115289
0.1176
0.119824
0.121956
0.123992
0.125928
0.127759
0.129482
0.131091
0.132582
0.13395
0.135194
0.136313
0.137307
0.138175
0.138917
0.13953
0.140008
0.140352
0.140562
0.14064
0.140587
0.140399
0.140077
0.139621
0.139033
0.138313
0.13746
0.136475
0.135358
0.134117
0.13276
0.131144
0.129152
0.00928516
0.00722548
0.00555771
0.0041588
0.00288432
0.00174063
0.000734918
-0.000134291
-0.000867978
-0.00146688
-0.00193145
-0.00226149
-0.00245653
-0.00251674
-0.00244283
-0.00223609
-0.00189734
-0.00142804
-0.000830348
-0.000106571
0.000741332
0.00171194
0.00280391
0.0040158
0.00534637
0.00679443
0.00835813
0.0100344
0.011819
0.0137081
0.0156982
0.0177861
0.0199682
0.0222399
0.0245961
0.0270321
0.0295439
0.0321272
0.0347776
0.0374898
0.0402597
0.0430835
0.045958
0.0488791
0.0518414
0.0548396
0.0578686
0.0609232
0.0639984
0.0670879
0.070184
0.0732804
0.076371
0.0794495
0.0825101
0.0855473
0.0885539
0.0915244
0.0944548
0.0973409
0.100178
0.102963
0.105691
0.108354
0.110945
0.113461
0.115896
0.118244
0.120502
0.122667
0.124735
0.126701
0.12856
0.130308
0.13194
0.13345
0.134837
0.136098
0.137234
0.138242
0.139123
0.139874
0.14049
0.140969
0.141311
0.141517
0.141589
0.141524
0.141322
0.14098
0.140501
0.139887
0.139137
0.138252
0.137231
0.136074
0.13479
0.133387
0.131718
0.129664
0.00863605
0.0065155
0.00479704
0.00335337
0.00203516
0.000851003
-0.000191219
-0.00109412
-0.00185876
-0.00248532
-0.00297378
-0.00332383
-0.00353527
-0.0036083
-0.00354342
-0.00334154
-0.00300387
-0.00253254
-0.00193024
-0.00119943
-0.000341902
0.000640828
0.0017472
0.00297598
0.00432626
0.00579662
0.00738437
0.00908573
0.0108968
0.0128141
0.0148346
0.0169547
0.01917
0.0214757
0.0238671
0.0263403
0.0288908
0.0315143
0.0342053
0.0369591
0.0397718
0.0426397
0.0455591
0.048525
0.0515317
0.0545746
0.0576489
0.0607496
0.0638714
0.0670074
0.0701498
0.0732925
0.07643
0.0795557
0.0826631
0.0857461
0.0887978
0.0918132
0.0947887
0.0977199
0.100602
0.103432
0.106203
0.10891
0.111545
0.114105
0.116583
0.118974
0.121273
0.123476
0.12558
0.127578
0.129467
0.131243
0.132899
0.134433
0.135841
0.137123
0.138279
0.139304
0.140198
0.140957
0.141579
0.142061
0.142403
0.142608
0.142674
0.142599
0.14238
0.142018
0.141516
0.140876
0.140097
0.139179
0.138122
0.136925
0.135598
0.134149
0.132428
0.130313
0.00784321
0.00566127
0.00389183
0.00240407
0.00104309
-0.000181623
-0.00126075
-0.00219746
-0.00299307
-0.00364709
-0.00415905
-0.00452876
-0.0047561
-0.00484085
-0.00478346
-0.00458488
-0.00424724
-0.00377316
-0.00316526
-0.00242592
-0.00155705
-0.000560339
0.000562836
0.00181161
0.00318492
0.00468046
0.00629473
0.00802404
0.0098651
0.0118149
0.0138699
0.0160257
0.0182777
0.0206214
0.0230529
0.0255682
0.0281623
0.0308303
0.0335668
0.0363677
0.0392291
0.0421471
0.0451167
0.0481328
0.0511898
0.0542836
0.0574096
0.0605624
0.063736
0.0669234
0.0701171
0.0733114
0.0765008
0.0796784
0.0828374
0.0859714
0.0890741
0.0921407
0.0951677
0.0981498
0.101082
0.10396
0.106779
0.109534
0.112218
0.114827
0.117353
0.119791
0.122135
0.124381
0.126525
0.12856
0.130482
0.132288
0.133972
0.135532
0.136967
0.138273
0.13945
0.140494
0.141402
0.142171
0.142801
0.143289
0.143635
0.143839
0.1439
0.143813
0.143578
0.143196
0.142671
0.142005
0.141196
0.140245
0.139151
0.137914
0.136544
0.13505
0.133279
0.131103
0.00690515
0.00466121
0.00283978
0.00130775
-9.54199e-05
-0.0013609
-0.0024779
-0.0034487
-0.00427476
-0.00495561
-0.00549066
-0.00587944
-0.00612144
-0.00621638
-0.00616492
-0.00596873
-0.00563035
-0.00515242
-0.00453751
-0.00378803
-0.00290603
-0.00189303
-0.000750056
0.000521893
0.0019209
0.00344383
0.00508721
0.00684792
0.00872305
0.0107092
0.012802
0.0149968
0.0172894
0.019676
0.0221525
0.0247145
0.0273564
0.0300733
0.0328605
0.035714
0.0386298
0.0416029
0.044628
0.0476998
0.0508133
0.0539645
0.0571483
0.0603586
0.0635891
0.0668332
0.0700836
0.0733349
0.0765812
0.0798155
0.0830311
0.0862218
0.0893818
0.0925064
0.095591
0.0986295
0.101616
0.104547
0.107419
0.110227
0.112966
0.115628
0.118206
0.120695
0.123088
0.125382
0.127569
0.129645
0.131604
0.133444
0.135161
0.136752
0.138216
0.139549
0.140749
0.141811
0.142735
0.143518
0.144159
0.144656
0.145007
0.145211
0.145266
0.145168
0.144917
0.144516
0.143969
0.143276
0.142437
0.141451
0.14032
0.139043
0.13763
0.136091
0.134269
0.132033
0.0058201
0.00351372
0.00163926
6.16552e-05
-0.00138443
-0.0026909
-0.00384604
-0.00485105
-0.00570731
-0.00641457
-0.00697203
-0.0073787
-0.00763381
-0.00773766
-0.00769132
-0.00749691
-0.0071568
-0.00667361
-0.00605012
-0.00528877
-0.00439136
-0.00335912
-0.00219321
-0.000895504
0.000531286
0.00208402
0.00375979
0.00555582
0.0074688
0.00949454
0.0116284
0.0138662
0.0162041
0.0186384
0.0211646
0.0237774
0.0264713
0.029242
0.0320853
0.0349967
0.0379718
0.0410048
0.0440906
0.0472241
0.0504003
0.053615
0.0568622
0.0601354
0.0634283
0.0667345
0.0700475
0.0733612
0.0766694
0.0799653
0.0832429
0.0864968
0.0897207
0.0929095
0.0960577
0.0991582
0.102205
0.105196
0.108127
0.110993
0.11379
0.11651
0.119145
0.121689
0.124135
0.126479
0.128714
0.130834
0.132835
0.134714
0.136468
0.138095
0.13959
0.140951
0.142175
0.143259
0.144201
0.145002
0.145657
0.146165
0.146521
0.146725
0.146774
0.146666
0.146401
0.145982
0.145411
0.144691
0.143821
0.1428
0.141631
0.140314
0.138858
0.137275
0.135401
0.133104
0.00458582
0.00221675
0.000288205
-0.00133703
-0.00282741
-0.00417504
-0.00536817
-0.00640753
-0.00729409
-0.00802734
-0.00860617
-0.00902951
-0.00929695
-0.00940912
-0.00936746
-0.00917398
-0.00883093
-0.0083411
-0.00770731
-0.00693182
-0.00601614
-0.00496161
-0.00377025
-0.00244475
-0.000987836
0.000597926
0.00230993
0.00414499
0.00609902
0.00816756
0.0103464
0.0126318
0.01502
0.0175068
0.0200869
0.0227549
0.0255057
0.0283356
0.0312401
0.0342145
0.0372535
0.0403515
0.0435036
0.0467048
0.0499499
0.0532334
0.0565493
0.0598908
0.0632519
0.0666263
0.0700076
0.0733892
0.0767646
0.0801276
0.0834733
0.0867966
0.0900909
0.09335
0.0965672
0.0997356
0.10285
0.105907
0.108903
0.111835
0.114695
0.117477
0.120173
0.122775
0.125279
0.127677
0.129964
0.132133
0.13418
0.136103
0.137899
0.139563
0.141092
0.142484
0.143735
0.144844
0.145809
0.146629
0.147301
0.14782
0.148182
0.148386
0.14843
0.148314
0.148036
0.147599
0.147006
0.146258
0.145356
0.1443
0.143092
0.141734
0.140235
0.138605
0.136679
0.13432
0.00319986
0.0007673
-0.00121619
-0.00289056
-0.00442663
-0.0058161
-0.00704752
-0.00812149
-0.00903828
-0.0097969
-0.0103964
-0.010836
-0.0111158
-0.0112361
-0.0111985
-0.011005
-0.0106579
-0.0101599
-0.00951366
-0.00872126
-0.00778443
-0.00670526
-0.00548651
-0.00413092
-0.0026407
-0.00101812
0.000733762
0.00261101
0.00460926
0.00672444
0.00895293
0.0112911
0.0137345
0.0162782
0.0189166
0.0216448
0.0244582
0.0273527
0.0303237
0.0333658
0.0364737
0.0396423
0.0428667
0.0461416
0.0494609
0.0528185
0.0562082
0.0596237
0.0630591
0.066508
0.0699632
0.0734183
0.0768668
0.0803032
0.0837233
0.0871222
0.0904927
0.0938277
0.09712
0.100363
0.103551
0.106682
0.109752
0.112754
0.115684
0.118532
0.121293
0.123958
0.126522
0.12898
0.131323
0.133546
0.135644
0.137616
0.139456
0.141161
0.142727
0.144153
0.145436
0.146574
0.147565
0.148408
0.149096
0.149626
0.149994
0.150201
0.150243
0.150119
0.14983
0.149375
0.148759
0.147983
0.147049
0.145957
0.14471
0.143309
0.141766
0.140089
0.138109
0.135685
0.00166055
-0.000837466
-0.00287683
-0.0046012
-0.00618438
-0.00761705
-0.00888752
-0.00999618
-0.010943
-0.0117269
-0.0123471
-0.0128034
-0.0130956
-0.013224
-0.0131898
-0.0129952
-0.0126427
-0.0121347
-0.0114735
-0.0106616
-0.00970152
-0.00859591
-0.0073476
-0.00595883
-0.00443157
-0.00276861
-0.000973771
0.00094874
0.00299498
0.0051615
0.00744477
0.00984053
0.0123437
0.0149489
0.0176508
0.0204449
0.0233265
0.0262911
0.0293337
0.0324488
0.0356315
0.0388767
0.0421794
0.0455335
0.048932
0.0523686
0.0558376
0.0593333
0.0628495
0.0663788
0.0699139
0.0734484
0.0769763
0.0804928
0.0839938
0.0874741
0.0909263
0.0943427
0.0977164
0.101041
0.104311
0.107523
0.110673
0.113753
0.116756
0.119676
0.122505
0.125238
0.127869
0.130391
0.132795
0.135076
0.13723
0.139253
0.141141
0.142891
0.144499
0.145963
0.147282
0.148453
0.149472
0.150338
0.151044
0.151586
0.151963
0.152174
0.152215
0.152085
0.151784
0.151312
0.150673
0.14987
0.148903
0.147775
0.146488
0.145044
0.143454
0.141727
0.13969
0.137198
-3.26898e-05
-0.00259955
-0.00469669
-0.00647224
-0.00810403
-0.0095813
-0.0108916
-0.0120351
-0.0130123
-0.0138222
-0.014464
-0.0149373
-0.0152418
-0.0153777
-0.0153463
-0.0151496
-0.0147899
-0.0142695
-0.0135913
-0.0127582
-0.0117732
-0.0106391
-0.0093582
-0.00793261
-0.00636483
-0.00465846
-0.00281766
-0.000846199
0.00125262
0.00347548
0.00581833
0.00827618
0.0108437
0.0135155
0.0162867
0.0191526
0.0221081
0.0251481
0.0282677
0.0314618
0.0347256
0.0380537
0.0414402
0.0448785
0.0483613
0.0518825
0.0554369
0.0590189
0.0626219
0.0662378
0.0698589
0.0734792
0.0770934
0.0806968
0.0842849
0.0878522
0.0913912
0.0948949
0.0983565
0.101769
0.105128
0.108429
0.111664
0.114827
0.11791
0.120907
0.123812
0.126618
0.12932
0.131911
0.134381
0.136725
0.138937
0.141016
0.142957
0.144756
0.14641
0.147918
0.149276
0.150482
0.151532
0.152421
0.153147
0.153704
0.154092
0.154308
0.15435
0.154214
0.1539
0.153412
0.152751
0.15192
0.15092
0.149755
0.148426
0.146937
0.145298
0.14352
0.141423
0.138859
-0.00188091
-0.00452109
-0.00667914
-0.00850774
-0.0101895
-0.0117125
-0.0130635
-0.014243
-0.0152517
-0.0160885
-0.0167526
-0.0172429
-0.0175593
-0.0177021
-0.0176724
-0.017472
-0.0171032
-0.0165687
-0.0158719
-0.0150162
-0.0140044
-0.0128389
-0.0115219
-0.010056
-0.00844476
-0.006692
-0.00480156
-0.00277664
-0.000620353
0.00166352
0.00407027
0.00659464
0.00923139
0.0119755
0.0148218
0.0177651
0.0207999
0.0239209
0.0271235
0.030403
0.0337544
0.0371713
0.0406471
0.0441747
0.0477473
0.0513591
0.055005
0.0586794
0.0623751
0.0660837
0.0697974
0.0735104
0.0772177
0.0809146
0.0845961
0.0882561
0.0918877
0.0954846
0.0990407
0.102549
0.106003
0.109397
0.112724
0.115975
0.119144
0.122225
0.125212
0.128098
0.130878
0.133542
0.136083
0.138493
0.14077
0.14291
0.144908
0.146762
0.148467
0.150022
0.151422
0.152665
0.153747
0.154664
0.155412
0.155988
0.156388
0.15661
0.156652
0.15651
0.156186
0.155681
0.154998
0.154139
0.153105
0.151901
0.15053
0.148993
0.147303
0.145469
0.143308
0.140668
-0.00388695
-0.00660515
-0.00882771
-0.0107117
-0.0124448
-0.014015
-0.0154085
-0.0166259
-0.0176673
-0.0185318
-0.0192182
-0.0197254
-0.0200531
-0.0202017
-0.0201722
-0.0199664
-0.0195869
-0.0190371
-0.0183206
-0.0174404
-0.016399
-0.0151986
-0.0138421
-0.0123331
-0.0106753
-0.00887238
-0.00692777
-0.00484452
-0.00262616
-0.000277044
0.00219789
0.00479358
0.00750504
0.010327
0.0132539
0.0162799
0.0193993
0.0226074
0.0258995
0.029271
0.0327161
0.0362274
0.0397977
0.0434202
0.0470886
0.0507974
0.0545412
0.0583138
0.062108
0.0659155
0.0697286
0.0735414
0.0773488
0.0811456
0.0849269
0.0886862
0.092417
0.0961138
0.0997708
0.103381
0.106936
0.110429
0.113853
0.117199
0.120462
0.123634
0.12671
0.129683
0.132545
0.135288
0.137904
0.140387
0.142733
0.14494
0.147001
0.148915
0.150676
0.152281
0.153726
0.155009
0.156126
0.157073
0.157847
0.158442
0.158855
0.159084
0.159126
0.15898
0.158646
0.158125
0.157419
0.156531
0.155462
0.154218
0.152802
0.151216
0.149471
0.147579
0.14535
0.14263
-0.00605476
-0.00885533
-0.0111459
-0.0130879
-0.014875
-0.0164946
-0.0179329
-0.0191898
-0.0202651
-0.0211576
-0.0218662
-0.0223898
-0.022728
-0.0228809
-0.0228501
-0.0226377
-0.0222468
-0.0216807
-0.0209426
-0.0200353
-0.018961
-0.0177225
-0.0163235
-0.0147681
-0.0130599
-0.0112023
-0.00919854
-0.00705231
-0.00476765
-0.00234902
0.000198871
0.00287121
0.00566288
0.00856811
0.0115806
0.0146944
0.0179043
0.0212059
0.0245942
0.0280639
0.0316083
0.0352196
0.0388902
0.0426138
0.0463843
0.0501964
0.0540442
0.0579211
0.06182
0.0657328
0.0696524
0.0735724
0.0774868
0.0813906
0.0852784
0.0891442
0.0929819
0.096786
0.10055
0.104267
0.107929
0.111527
0.115054
0.118502
0.121865
0.125136
0.128308
0.131373
0.134324
0.137152
0.139849
0.14241
0.144833
0.147112
0.149242
0.151219
0.153039
0.154697
0.156191
0.157517
0.158673
0.159654
0.160455
0.161071
0.161497
0.161733
0.161777
0.161627
0.161283
0.160745
0.160016
0.159098
0.157994
0.156709
0.155246
0.153607
0.151805
0.149851
0.147552
0.144748
-0.00838829
-0.0112755
-0.0136377
-0.0156412
-0.0174856
-0.0191577
-0.0206428
-0.0219407
-0.0230509
-0.0239717
-0.0247022
-0.0252416
-0.0255891
-0.0257453
-0.0257123
-0.0254927
-0.0250895
-0.0245055
-0.0237434
-0.0228059
-0.0216956
-0.0204162
-0.0189716
-0.017366
-0.0156027
-0.0136852
-0.0116176
-0.00940406
-0.00704871
-0.00455572
-0.00192948
0.000825044
0.00370219
0.00669568
0.00979903
0.0130064
0.016313
0.0197145
0.0232053
0.0267789
0.0304282
0.0341453
0.0379228
0.0417542
0.0456336
0.0495553
0.0535132
0.0575008
0.0615109
0.0655362
0.0695694
0.0736037
0.0776326
0.0816504
0.0856524
0.0896327
0.0935852
0.0975037
0.101382
0.105211
0.108985
0.112694
0.116331
0.119888
0.123358
0.126734
0.130008
0.133171
0.136216
0.139134
0.141919
0.144566
0.14707
0.149428
0.151632
0.153677
0.155559
0.157274
0.158821
0.160195
0.161394
0.162411
0.16324
0.163876
0.164317
0.164562
0.164608
0.164455
0.164101
0.163545
0.162792
0.161843
0.160703
0.159376
0.157865
0.156172
0.154309
0.152291
0.149917
0.147025
-0.0108915
-0.0138704
-0.0163083
-0.0183771
-0.0202825
-0.0220101
-0.0235441
-0.0248844
-0.0260303
-0.0269801
-0.0277323
-0.0282866
-0.0286428
-0.028802
-0.0287665
-0.0285391
-0.0281222
-0.0275181
-0.0267294
-0.0257589
-0.0246101
-0.0232867
-0.0217928
-0.0201322
-0.0183087
-0.0163267
-0.0141907
-0.0119053
-0.0094742
-0.00690127
-0.00419097
-0.00134882
0.00161892
0.00470583
0.00790572
0.011213
0.0146229
0.0181305
0.0217295
0.0254129
0.029173
0.0330024
0.0368938
0.0408403
0.0448353
0.048873
0.0529475
0.0570526
0.0611813
0.065326
0.0694797
0.0736354
0.0777859
0.0819257
0.0860497
0.0901523
0.0942271
0.0982671
0.102265
0.106213
0.110105
0.113931
0.117685
0.121358
0.124941
0.128428
0.131808
0.135075
0.13822
0.141236
0.144116
0.146855
0.149449
0.151891
0.154173
0.156291
0.15824
0.160018
0.161623
0.163051
0.164295
0.165349
0.166207
0.166866
0.167324
0.167579
0.16763
0.167473
0.167107
0.166534
0.165756
0.164777
0.1636
0.16223
0.160668
0.158918
0.156992
0.154907
0.152455
0.14947
-0.0135691
-0.0166452
-0.0191636
-0.0213015
-0.0232711
-0.0250571
-0.0266425
-0.0280268
-0.0292095
-0.0301886
-0.0309628
-0.031532
-0.031897
-0.0320594
-0.0320212
-0.0317848
-0.0313522
-0.0307257
-0.029908
-0.0289024
-0.0277123
-0.0263413
-0.0247935
-0.023073
-0.0211846
-0.0191335
-0.0169247
-0.0145621
-0.0120494
-0.0093906
-0.00659055
-0.00365539
-0.000591642
0.00259452
0.00589732
0.00931114
0.0128307
0.0164503
0.0201635
0.0239628
0.0278405
0.0317892
0.0358015
0.03987
0.0439875
0.048148
0.0523461
0.0565759
0.0608304
0.0651017
0.0693826
0.0736662
0.0779457
0.0822152
0.0864692
0.0907018
0.0949059
0.099074
0.103199
0.107272
0.111289
0.11524
0.119117
0.122911
0.126614
0.130217
0.13371
0.137086
0.140339
0.14346
0.146443
0.149282
0.15197
0.154501
0.156867
0.159064
0.161088
0.162936
0.164604
0.166088
0.16738
0.168473
0.169364
0.170048
0.170526
0.170795
0.17085
0.170688
0.170311
0.16972
0.168918
0.167909
0.166694
0.165278
0.163664
0.161854
0.159863
0.157706
0.155171
0.152085
-0.0164262
-0.0196054
-0.0222093
-0.0244202
-0.0264573
-0.0283047
-0.0299442
-0.0313745
-0.0325951
-0.0336044
-0.0344013
-0.0349863
-0.0353608
-0.0355262
-0.0354844
-0.0352373
-0.0347871
-0.0341361
-0.0332874
-0.0322441
-0.0310092
-0.0295862
-0.0279797
-0.0261948
-0.0242373
-0.0221127
-0.0198256
-0.0173799
-0.0147796
-0.0120289
-0.00913351
-0.00609963
-0.00293371
0.00035832
0.00377077
0.00729769
0.010933
0.0146707
0.0185041
0.022426
0.0264285
0.0305036
0.0346436
0.0388409
0.0430879
0.0473784
0.0517073
0.0560692
0.0604568
0.0648618
0.0692767
0.0736951
0.0781106
0.0825174
0.0869092
0.0912791
0.0956193
0.0999224
0.104181
0.108388
0.112537
0.116619
0.120627
0.124549
0.128377
0.132102
0.135714
0.139208
0.142576
0.14581
0.148903
0.151846
0.154635
0.157261
0.159718
0.162001
0.164107
0.166031
0.167768
0.169311
0.170653
0.171789
0.172716
0.173431
0.173931
0.174212
0.174271
0.174106
0.173718
0.17311
0.172285
0.171243
0.169989
0.168526
0.166857
0.164984
0.162924
0.16069
0.158067
0.154873
-0.0194685
-0.0227568
-0.0254511
-0.0277395
-0.029848
-0.03176
-0.0334563
-0.0349349
-0.0361951
-0.037236
-0.0380571
-0.0386591
-0.0390431
-0.0392108
-0.0391639
-0.0389045
-0.0384349
-0.0377577
-0.0368753
-0.0357906
-0.0345065
-0.033027
-0.0313575
-0.0295042
-0.0274732
-0.0252696
-0.0228983
-0.0203634
-0.0176693
-0.014821
-0.0118244
-0.00868542
-0.00541044
-0.00200554
0.00152323
0.00516951
0.00892676
0.0127887
0.0167488
0.0208003
0.0249346
0.0291431
0.0334175
0.0377502
0.0421339
0.0465621
0.0510296
0.055531
0.0600588
0.0646045
0.0691607
0.0737211
0.0782799
0.0828313
0.0873683
0.0918826
0.0963662
0.100811
0.105211
0.10956
0.113849
0.118071
0.122215
0.126272
0.130232
0.134086
0.137826
0.141445
0.144936
0.14829
0.151497
0.154552
0.157447
0.160176
0.162731
0.165109
0.167303
0.169308
0.171117
0.172722
0.174119
0.175303
0.176271
0.177019
0.177543
0.177838
0.177902
0.177735
0.177338
0.176713
0.175863
0.174788
0.173492
0.171979
0.170252
0.168312
0.166177
0.163863
0.161144
0.157836
-0.0227025
-0.0261063
-0.0288965
-0.0312673
-0.0334515
-0.0354315
-0.0371873
-0.0387167
-0.040019
-0.0410934
-0.0419401
-0.0425596
-0.0429528
-0.0431216
-0.0430683
-0.0427951
-0.0423043
-0.0415978
-0.040678
-0.0395474
-0.0382096
-0.0366694
-0.0349329
-0.0330069
-0.030897
-0.0286088
-0.0261471
-0.0235169
-0.020723
-0.0177711
-0.0146667
-0.0114157
-0.00802448
-0.0044998
-0.000848314
0.00292344
0.00680898
0.0108019
0.0148958
0.0190836
0.0233565
0.0277051
0.0321206
0.0365957
0.0411234
0.0456973
0.0503114
0.0549598
0.0596351
0.0643288
0.0690339
0.0737441
0.0784538
0.0831569
0.0878459
0.0925119
0.0971462
0.101742
0.106291
0.110789
0.115228
0.119596
0.123884
0.128082
0.132181
0.136172
0.140048
0.143801
0.147422
0.150901
0.15423
0.157403
0.160412
0.16325
0.165913
0.168392
0.17068
0.172771
0.174655
0.176329
0.177787
0.179025
0.180039
0.180822
0.18137
0.181681
0.181753
0.181586
0.181181
0.180539
0.179663
0.178554
0.177214
0.175648
0.173858
0.171846
0.16963
0.167229
0.164409
0.160979
-0.026136
-0.0296625
-0.0325542
-0.0350124
-0.037277
-0.0393286
-0.041147
-0.0427303
-0.0440774
-0.0451873
-0.0460603
-0.0466971
-0.0470991
-0.0472684
-0.0472074
-0.0469185
-0.0464034
-0.0456638
-0.0447018
-0.0435208
-0.042125
-0.0405199
-0.0387122
-0.0367081
-0.0345136
-0.0321345
-0.0295765
-0.0268451
-0.0239456
-0.0208832
-0.0176638
-0.0142935
-0.0107791
-0.00712795
-0.00334735
0.000556315
0.00457697
0.00870814
0.0129429
0.0172738
0.0216918
0.0261871
0.0307507
0.0353755
0.040055
0.0447824
0.0495511
0.0543543
0.0591844
0.0640338
0.0688957
0.0737638
0.0786321
0.0834941
0.088342
0.0931668
0.0979597
0.102713
0.107421
0.112077
0.116671
0.121194
0.125634
0.129981
0.134227
0.138365
0.142385
0.146279
0.150038
0.153649
0.157107
0.160404
0.163535
0.166493
0.169269
0.171855
0.174242
0.176423
0.17839
0.18014
0.181665
0.182962
0.184023
0.184844
0.18542
0.185751
0.185834
0.185668
0.185256
0.184598
0.183695
0.182549
0.181163
0.179539
0.177681
0.175592
0.173291
0.170797
0.16787
0.164311
-0.0297772
-0.0334346
-0.0364341
-0.0389846
-0.0413342
-0.0434619
-0.0453465
-0.0469866
-0.0483808
-0.0495277
-0.0504278
-0.0510822
-0.051493
-0.0516621
-0.0515919
-0.0512842
-0.0507408
-0.0499633
-0.0489546
-0.0477188
-0.0462608
-0.0445864
-0.0427019
-0.0406139
-0.0383287
-0.0358528
-0.0331927
-0.0303541
-0.0273421
-0.024162
-0.0208201
-0.0173233
-0.0136788
-0.00989451
-0.00597787
-0.00193511
0.00222802
0.00650488
0.0108878
0.0153685
0.019938
0.0245868
0.0293061
0.0340885
0.0389275
0.043816
0.0487469
0.0537127
0.0587056
0.0637185
0.0687452
0.0737792
0.0788139
0.0838421
0.0888562
0.0938472
0.0988068
0.103727
0.108601
0.113422
0.118179
0.122864
0.127464
0.13197
0.136373
0.140666
0.144839
0.148882
0.152785
0.156537
0.160131
0.163562
0.166824
0.169907
0.172803
0.175502
0.177994
0.180272
0.182329
0.18416
0.185759
0.187118
0.188231
0.189093
0.189702
0.190055
0.190152
0.18999
0.189571
0.188896
0.187966
0.186781
0.185344
0.183659
0.181729
0.179557
0.177165
0.174573
0.171534
0.167836
-0.0336344
-0.0374319
-0.0405462
-0.0431941
-0.0456335
-0.0478421
-0.0497969
-0.0514963
-0.0529395
-0.0541252
-0.0550537
-0.0557266
-0.0561461
-0.0563139
-0.0562318
-0.0559018
-0.0553257
-0.054506
-0.0534465
-0.0521517
-0.0506268
-0.0488774
-0.0469101
-0.044732
-0.0423502
-0.0397718
-0.0370033
-0.0340505
-0.0309186
-0.0276133
-0.0241414
-0.0205109
-0.0167294
-0.0128047
-0.00874428
-0.00455446
-0.000241133
0.00418878
0.00872693
0.0133645
0.0180927
0.0229024
0.0277851
0.0327331
0.0377392
0.0427961
0.0478966
0.0530328
0.0581968
0.0633816
0.068581
0.0737886
0.0789973
0.0841996
0.0893874
0.0945524
0.0996863
0.104781
0.109829
0.114822
0.119751
0.124604
0.129373
0.134047
0.138617
0.143074
0.147408
0.151609
0.155665
0.159567
0.163308
0.166882
0.170282
0.173498
0.17652
0.179338
0.181942
0.184325
0.18648
0.1884
0.190076
0.191502
0.192671
0.19358
0.194226
0.194607
0.194719
0.194562
0.194137
0.193446
0.192487
0.191261
0.189771
0.188019
0.186012
0.183753
0.181265
0.17857
0.175409
0.171565
-0.0377158
-0.0416631
-0.0449001
-0.0476514
-0.0501855
-0.0524792
-0.0545081
-0.05627
-0.0577647
-0.0589913
-0.0599501
-0.0606424
-0.06107
-0.0612344
-0.0611374
-0.0607814
-0.0601689
-0.0593034
-0.0581889
-0.0568304
-0.0552328
-0.0534023
-0.0513459
-0.0490717
-0.0465872
-0.0438997
-0.0410158
-0.0379412
-0.0346817
-0.0312436
-0.0276346
-0.0238631
-0.0199371
-0.0158641
-0.0116515
-0.00730624
-0.00283485
0.00175546
0.00645618
0.0112583
0.0161529
0.0211314
0.0261855
0.0313069
0.0364878
0.0417204
0.0469979
0.0523124
0.0576558
0.0630208
0.0684008
0.0737895
0.0791798
0.084564
0.0899337
0.0952807
0.100597
0.105873
0.111102
0.116275
0.121383
0.126415
0.131361
0.136212
0.140958
0.145589
0.150093
0.154461
0.15868
0.162743
0.166641
0.170368
0.173914
0.17727
0.180425
0.18337
0.186095
0.188592
0.190852
0.192866
0.194626
0.196124
0.197355
0.198317
0.199006
0.199417
0.199547
0.199397
0.198968
0.19826
0.197271
0.196002
0.194454
0.192634
0.190545
0.188193
0.185603
0.182798
0.179506
0.175504
-0.04203
-0.046137
-0.049505
-0.0523663
-0.0550003
-0.0573835
-0.0594905
-0.0613188
-0.0628684
-0.0641383
-0.0651288
-0.0658406
-0.0662749
-0.0664336
-0.066319
-0.0659341
-0.0652822
-0.064367
-0.0631931
-0.0617652
-0.0600888
-0.0581708
-0.0560191
-0.0536423
-0.0510485
-0.0482447
-0.0452374
-0.0420332
-0.0386384
-0.0350602
-0.0313066
-0.0273864
-0.0233077
-0.019078
-0.0147049
-0.0101959
-0.00555862
-0.000800306
0.00407074
0.0090456
0.0141151
0.0192706
0.0245038
0.0298064
0.0351697
0.0405859
0.046048
0.0515487
0.0570796
0.0626329
0.0682015
0.073779
0.0793587
0.0849328
0.0904929
0.0960303
0.101536
0.107002
0.11242
0.117781
0.123076
0.128296
0.133429
0.138466
0.143396
0.148209
0.152894
0.157439
0.161833
0.166067
0.170133
0.174021
0.177723
0.181228
0.184525
0.187606
0.190461
0.19308
0.195452
0.197567
0.199417
0.200995
0.202296
0.203317
0.204051
0.204495
0.204647
0.204507
0.204074
0.203349
0.202329
0.201013
0.199406
0.197512
0.195338
0.192889
0.190189
0.187264
0.183832
0.179661
-0.0465863
-0.0508627
-0.0543697
-0.0573482
-0.0600882
-0.062566
-0.0647559
-0.0666552
-0.068263
-0.0695783
-0.070601
-0.0713314
-0.071771
-0.071922
-0.0717876
-0.0713714
-0.0706769
-0.0697079
-0.068469
-0.0669658
-0.0652043
-0.0631924
-0.0609389
-0.0584526
-0.0557416
-0.0528132
-0.0496747
-0.046333
-0.0427956
-0.0390699
-0.035164
-0.0310867
-0.0268467
-0.0224519
-0.0179101
-0.0132296
-0.00841831
-0.00348388
0.00156581
0.00672202
0.0119752
0.017316
0.0227361
0.0282271
0.0337807
0.0393888
0.0450439
0.0507387
0.0564649
0.0622144
0.0679797
0.0737542
0.0795314
0.0853038
0.0910629
0.0967993
0.102504
0.108167
0.113782
0.11934
0.124832
0.130248
0.135577
0.140809
0.145933
0.150938
0.155813
0.160547
0.165127
0.169543
0.173785
0.177845
0.181712
0.185375
0.188825
0.192053
0.195046
0.197794
0.200286
0.20251
0.204459
0.206125
0.207503
0.208587
0.209371
0.209852
0.210029
0.209901
0.209466
0.208723
0.20767
0.206306
0.204637
0.202667
0.200402
0.197848
0.19503
0.191976
0.188395
0.184043
-0.0513936
-0.05585
-0.0595042
-0.0626075
-0.0654609
-0.0680398
-0.0703178
-0.072292
-0.0739609
-0.0753227
-0.0763773
-0.0771254
-0.0775691
-0.077711
-0.077555
-0.0771046
-0.0763634
-0.0753356
-0.0740262
-0.0724415
-0.0705887
-0.0684764
-0.0661137
-0.0635097
-0.0606731
-0.057612
-0.0543342
-0.0508475
-0.0471597
-0.0432785
-0.0392119
-0.034969
-0.030559
-0.0259908
-0.0212727
-0.0164128
-0.0114192
-0.00629989
-0.00106286
0.00428326
0.00972856
0.015263
0.0208778
0.0265652
0.0323172
0.0381257
0.0439825
0.0498796
0.0558088
0.0617621
0.0677323
0.0737124
0.0796959
0.0856752
0.0916418
0.0975859
0.103498
0.109368
0.11519
0.120954
0.126652
0.132274
0.137808
0.143244
0.14857
0.153777
0.158853
0.163786
0.168563
0.173172
0.177602
0.181843
0.185885
0.189718
0.193332
0.196716
0.199857
0.202744
0.205363
0.207707
0.209764
0.211527
0.212988
0.21414
0.21498
0.215504
0.21571
0.215596
0.215158
0.214397
0.21331
0.211897
0.210163
0.208113
0.205751
0.203084
0.20014
0.196948
0.193206
0.188661
-0.0564609
-0.0611094
-0.0649206
-0.0681568
-0.071132
-0.0738191
-0.0761903
-0.0782428
-0.0799746
-0.0813837
-0.0824701
-0.0832355
-0.0836822
-0.0838135
-0.0836331
-0.0831447
-0.0823523
-0.0812603
-0.0798747
-0.0782025
-0.0762517
-0.0740314
-0.0715513
-0.0688211
-0.0658503
-0.062648
-0.0592229
-0.0555831
-0.0517362
-0.0476906
-0.0434546
-0.0390375
-0.0344493
-0.0296997
-0.0247972
-0.0197496
-0.0145649
-0.00925165
-0.00381837
0.00172599
0.00737145
0.0131078
0.0189259
0.0248181
0.030777
0.0367943
0.0428614
0.0489691
0.0551092
0.0612741
0.0674571
0.0736514
0.07985
0.0860449
0.0922274
0.0983878
0.104516
0.110603
0.116641
0.122622
0.128536
0.134373
0.140121
0.145771
0.15131
0.156729
0.162017
0.16716
0.172143
0.176955
0.181583
0.186017
0.190247
0.194262
0.198051
0.201601
0.2049
0.207935
0.210695
0.213168
0.215344
0.21721
0.218761
0.219989
0.220892
0.221464
0.221703
0.221603
0.221165
0.220385
0.219264
0.217801
0.215999
0.213863
0.211398
0.20861
0.205531
0.202193
0.19828
0.193527
-0.0617981
-0.0666532
-0.0706329
-0.0740112
-0.0771161
-0.0799182
-0.0823877
-0.0845216
-0.0863183
-0.0877759
-0.0888947
-0.0896769
-0.0901253
-0.0902433
-0.0900349
-0.0895041
-0.0886553
-0.0874938
-0.086026
-0.0842597
-0.0822034
-0.0798668
-0.0772605
-0.0743953
-0.0712816
-0.0679297
-0.0643485
-0.0605461
-0.0565307
-0.0523109
-0.0478962
-0.0432965
-0.0385219
-0.0335824
-0.0284867
-0.0232425
-0.0178576
-0.0123412
-0.00670284
-0.000951988
0.00490161
0.0108481
0.0168784
0.0229845
0.029159
0.0353935
0.0416789
0.0480055
0.0543646
0.0607491
0.0671529
0.0735697
0.0799919
0.086411
0.0928177
0.0992028
0.105557
0.11187
0.118135
0.124343
0.130483
0.136544
0.142517
0.14839
0.154154
0.159796
0.165305
0.170667
0.175868
0.180894
0.185732
0.190372
0.194802
0.19901
0.202984
0.206712
0.210181
0.213377
0.216289
0.218903
0.221204
0.223183
0.224832
0.226146
0.227118
0.227744
0.228018
0.227937
0.227499
0.226703
0.225547
0.224032
0.222158
0.219931
0.217356
0.21444
0.211218
0.207724
0.203629
0.198654
-0.0674166
-0.0724942
-0.0766553
-0.0801855
-0.083428
-0.0863518
-0.088925
-0.0911444
-0.0930088
-0.0945165
-0.0956683
-0.0964665
-0.0969144
-0.0970158
-0.0967751
-0.0961971
-0.0952867
-0.0940496
-0.0924929
-0.0906249
-0.0884547
-0.0859929
-0.0832515
-0.0802426
-0.0769773
-0.073466
-0.0697185
-0.0657432
-0.0615487
-0.0571448
-0.052542
-0.0477507
-0.0427807
-0.037642
-0.0323435
-0.0268931
-0.0212988
-0.0155703
-0.00971819
-0.00375239
0.00231763
0.00848275
0.0147342
0.0210635
0.0274623
0.0339221
0.0404336
0.046987
0.0535736
0.0601862
0.0668191
0.0734661
0.0801198
0.0867711
0.0934106
0.100029
0.106618
0.113167
0.119669
0.126113
0.13249
0.138787
0.144995
0.151103
0.157101
0.162977
0.168719
0.174311
0.17974
0.184992
0.190053
0.194912
0.199554
0.203967
0.208139
0.212057
0.215709
0.21908
0.222155
0.224919
0.227357
0.229459
0.231217
0.232625
0.233675
0.234359
0.234673
0.234613
0.234179
0.233367
0.232177
0.230606
0.228657
0.226334
0.223643
0.220591
0.217219
0.213559
0.209267
0.204054
-0.0733294
-0.0786459
-0.0830016
-0.0866944
-0.0900832
-0.093136
-0.0958193
-0.0981293
-0.100065
-0.101625
-0.102809
-0.103622
-0.104067
-0.104148
-0.103871
-0.10324
-0.102262
-0.100942
-0.0992888
-0.0973104
-0.0950175
-0.0924219
-0.0895367
-0.0863747
-0.0829478
-0.0792664
-0.0753411
-0.0711816
-0.0667974
-0.0621991
-0.0573982
-0.0524053
-0.0472301
-0.041882
-0.0363702
-0.0307036
-0.0248908
-0.0189417
-0.0128673
-0.00667769
-0.000382336
0.00601021
0.0124914
0.0190525
0.0256843
0.0323775
0.0391229
0.0459111
0.0527335
0.0595829
0.0664534
0.0733386
0.0802312
0.0871223
0.0940029
0.100864
0.107696
0.114491
0.12124
0.127931
0.134555
0.1411
0.147554
0.153908
0.160151
0.166273
0.172258
0.178094
0.183764
0.189254
0.194551
0.199641
0.204508
0.20914
0.213524
0.217647
0.221495
0.225053
0.228303
0.231228
0.233815
0.236052
0.237931
0.239442
0.240577
0.241326
0.241686
0.241653
0.241225
0.240399
0.239172
0.237544
0.235514
0.23309
0.230277
0.227083
0.223549
0.219712
0.215209
0.209737
-0.0795495
-0.0851219
-0.089686
-0.093553
-0.0970984
-0.100289
-0.10309
-0.105496
-0.107506
-0.109119
-0.110337
-0.111163
-0.111602
-0.111658
-0.111339
-0.11065
-0.109597
-0.108186
-0.106427
-0.10433
-0.101905
-0.0991669
-0.0961284
-0.0928032
-0.0892033
-0.08534
-0.081225
-0.0768697
-0.0722849
-0.0674817
-0.0624719
-0.0572664
-0.0518748
-0.0463065
-0.0405711
-0.0346783
-0.0286379
-0.0224597
-0.0161542
-0.00973164
-0.00320161
0.00342731
0.0101467
0.0169476
0.0238202
0.030755
0.0377424
0.0447735
0.0518401
0.058935
0.0660516
0.0731831
0.0803223
0.087461
0.0945907
0.101703
0.108788
0.115839
0.122844
0.129793
0.136675
0.143478
0.150191
0.156804
0.163305
0.169683
0.175925
0.182015
0.18794
0.193683
0.199229
0.204563
0.20967
0.214535
0.219147
0.22349
0.227549
0.231306
0.234742
0.237842
0.240591
0.242977
0.244987
0.246611
0.247839
0.248661
0.249074
0.249073
0.248654
0.247815
0.246551
0.244862
0.24275
0.240219
0.237277
0.233932
0.230225
0.226197
0.221466
0.215715
-0.0860909
-0.0919373
-0.0967247
-0.100779
-0.104492
-0.10783
-0.110755
-0.113263
-0.115351
-0.11702
-0.118271
-0.119108
-0.119538
-0.119567
-0.1192
-0.118444
-0.117307
-0.115797
-0.113923
-0.111697
-0.109132
-0.106241
-0.103039
-0.0995383
-0.0957534
-0.0916962
-0.0873797
-0.082817
-0.0780202
-0.0730008
-0.0677704
-0.0623403
-0.0567207
-0.0509213
-0.044952
-0.0388233
-0.0325457
-0.026129
-0.0195833
-0.0129185
-0.00614439
0.000729787
0.0076954
0.0147435
0.0218647
0.0290491
0.0362872
0.0435698
0.050889
0.0582374
0.0656084
0.0729948
0.080389
0.0877836
0.095171
0.102543
0.109891
0.117206
0.124478
0.131694
0.138845
0.145919
0.152903
0.159786
0.166558
0.173206
0.179717
0.186076
0.192269
0.198278
0.204087
0.209681
0.215042
0.220158
0.225012
0.229591
0.233874
0.237845
0.241483
0.244774
0.2477
0.250247
0.2524
0.254148
0.255479
0.256385
0.256858
0.256894
0.256488
0.255636
0.254335
0.252584
0.250385
0.247743
0.244664
0.241156
0.237264
0.233029
0.228053
0.222001
-0.0929685
-0.0991098
-0.104137
-0.108392
-0.112286
-0.115781
-0.118838
-0.121452
-0.123622
-0.125347
-0.126632
-0.12748
-0.127897
-0.127891
-0.127469
-0.126639
-0.12541
-0.12379
-0.121792
-0.119427
-0.116711
-0.113656
-0.110278
-0.10659
-0.102607
-0.0983441
-0.0938145
-0.0890327
-0.0840119
-0.0787639
-0.0733004
-0.0676332
-0.0617737
-0.0557322
-0.0495189
-0.0431444
-0.0366193
-0.0299539
-0.0231581
-0.0162415
-0.00921421
-0.00208607
0.00513387
0.0124369
0.0198143
0.0272565
0.0347538
0.0422967
0.0498768
0.057487
0.0651206
0.0727703
0.0804287
0.0880883
0.0957423
0.103383
0.111003
0.118592
0.126139
0.133635
0.141065
0.14842
0.155687
0.162853
0.169908
0.17684
0.183634
0.190276
0.19675
0.20304
0.209128
0.214997
0.220631
0.226013
0.231128
0.235956
0.24048
0.24468
0.248538
0.252036
0.255155
0.257877
0.260186
0.26207
0.263517
0.264517
0.26506
0.265139
0.26475
0.263889
0.262552
0.260737
0.258448
0.255687
0.252461
0.248779
0.244687
0.240231
0.23499
0.228614
-0.1002
-0.10666
-0.111945
-0.116414
-0.1205
-0.124162
-0.127358
-0.130085
-0.13234
-0.134125
-0.135442
-0.136298
-0.136699
-0.136652
-0.136167
-0.135254
-0.133922
-0.132183
-0.13005
-0.127536
-0.124656
-0.121424
-0.117856
-0.113967
-0.109774
-0.105293
-0.100538
-0.0955244
-0.0902663
-0.0847764
-0.0790669
-0.0731504
-0.0670391
-0.0607444
-0.0542764
-0.0476452
-0.0408617
-0.0339366
-0.0268801
-0.0197021
-0.0124127
-0.00502204
0.00246068
0.0100269
0.0176685
0.0253766
0.0331414
0.0409529
0.0488024
0.0566826
0.0645869
0.0725086
0.0804403
0.0883747
0.0963047
0.104223
0.112123
0.119995
0.127829
0.135612
0.143333
0.15098
0.158541
0.166003
0.173355
0.180583
0.187674
0.194613
0.201384
0.207969
0.214352
0.220514
0.226438
0.232105
0.237496
0.242592
0.247374
0.251823
0.255919
0.259642
0.262969
0.265881
0.268362
0.270397
0.271974
0.273078
0.2737
0.273831
0.273465
0.272598
0.271227
0.269348
0.266963
0.264076
0.260693
0.256824
0.252518
0.247825
0.242299
0.235571
-0.107806
-0.114609
-0.120172
-0.124871
-0.129161
-0.133
-0.136343
-0.139187
-0.141532
-0.143377
-0.144727
-0.145587
-0.145965
-0.145871
-0.145315
-0.144309
-0.142865
-0.140995
-0.138715
-0.136038
-0.13298
-0.129557
-0.125785
-0.121681
-0.117265
-0.112551
-0.107557
-0.102298
-0.0967885
-0.0910428
-0.0850743
-0.078896
-0.0725209
-0.065961
-0.0592266
-0.0523274
-0.0452739
-0.0380776
-0.0307496
-0.0233005
-0.0157402
-0.00807824
-0.00032392
0.00751437
0.0154287
0.0234106
0.0314505
0.0395383
0.0476651
0.0558235
0.0640071
0.0722095
0.0804236
0.088642
0.0968576
0.105063
0.113252
0.121416
0.129544
0.137626
0.145648
0.153599
0.161465
0.169235
0.176895
0.184434
0.191836
0.199086
0.206169
0.213066
0.219761
0.226235
0.232466
0.238435
0.24412
0.249503
0.254564
0.259282
0.263636
0.267601
0.271154
0.274274
0.276945
0.279148
0.280869
0.282091
0.282802
0.282995
0.282661
0.281794
0.280389
0.278445
0.27596
0.272939
0.269388
0.26532
0.260786
0.255837
0.250003
0.242894
-0.115807
-0.122983
-0.128845
-0.133789
-0.138297
-0.142323
-0.145823
-0.14879
-0.151227
-0.153133
-0.154513
-0.155373
-0.155723
-0.155574
-0.154938
-0.153829
-0.152261
-0.150248
-0.147806
-0.14495
-0.141698
-0.138067
-0.134076
-0.129743
-0.125087
-0.120127
-0.114879
-0.109359
-0.103583
-0.0975671
-0.0913261
-0.0848733
-0.0782219
-0.0713841
-0.0643705
-0.057191
-0.049856
-0.0423774
-0.0347673
-0.027037
-0.0191965
-0.0112545
-0.00321964
0.00489969
0.0130953
0.0213587
0.0296807
0.0380518
0.0464631
0.0549078
0.0633793
0.0718712
0.0803764
0.0888876
0.0973976
0.1059
0.114387
0.122851
0.131283
0.139672
0.148006
0.156271
0.164455
0.172544
0.180526
0.188388
0.196115
0.203692
0.211103
0.218331
0.225356
0.232158
0.238715
0.245004
0.251005
0.256697
0.262059
0.267069
0.2717
0.275927
0.279726
0.283075
0.285954
0.288344
0.290224
0.291579
0.292395
0.292661
0.292368
0.291507
0.290072
0.28806
0.285471
0.28231
0.278582
0.274302
0.269523
0.264298
0.258129
0.250606
-0.124231
-0.131809
-0.137993
-0.143201
-0.147942
-0.152167
-0.15583
-0.158927
-0.161458
-0.163425
-0.164832
-0.165688
-0.166003
-0.165791
-0.165065
-0.163841
-0.162135
-0.159963
-0.157342
-0.154291
-0.150827
-0.146971
-0.142744
-0.138164
-0.133253
-0.128028
-0.122509
-0.116712
-0.110654
-0.104354
-0.0978264
-0.0910856
-0.0841446
-0.0770154
-0.0697093
-0.0622367
-0.0546087
-0.0468373
-0.0389349
-0.0309134
-0.0227827
-0.0145513
-0.00622705
0.00218186
0.0106669
0.0192193
0.0278302
0.0364909
0.0451936
0.053932
0.0626998
0.0714899
0.0802946
0.0891067
0.0979194
0.106726
0.115521
0.124296
0.133041
0.141748
0.150402
0.158993
0.167505
0.175927
0.184244
0.192444
0.20051
0.20843
0.216187
0.223762
0.231136
0.238286
0.245187
0.251818
0.258156
0.26418
0.269866
0.275189
0.28012
0.284632
0.288701
0.292301
0.295409
0.298003
0.300062
0.301568
0.302505
0.302859
0.302616
0.301768
0.300307
0.298229
0.295533
0.292225
0.288312
0.283805
0.278761
0.273238
0.266706
0.258731
-0.133105
-0.141119
-0.147651
-0.153143
-0.158132
-0.162568
-0.166404
-0.169635
-0.172262
-0.174288
-0.17572
-0.176565
-0.176838
-0.176553
-0.175725
-0.174373
-0.172513
-0.170165
-0.167347
-0.16408
-0.160386
-0.156287
-0.151804
-0.146958
-0.141772
-0.136265
-0.130456
-0.124365
-0.11801
-0.111409
-0.10458
-0.0975361
-0.0902911
-0.0828567
-0.0752447
-0.0674664
-0.0595338
-0.0514591
-0.0432545
-0.0349316
-0.0265005
-0.0179698
-0.00934734
-0.000640895
0.00814105
0.0169896
0.0258963
0.0348533
0.0438543
0.0528934
0.0619648
0.0710608
0.0801732
0.0892942
0.0984175
0.107538
0.116649
0.125744
0.134813
0.143847
0.152833
0.161759
0.170612
0.179379
0.188045
0.196596
0.205019
0.213298
0.221418
0.22936
0.237101
0.244617
0.251885
0.25888
0.26558
0.27196
0.277994
0.283653
0.288909
0.293732
0.298094
0.301969
0.30533
0.308151
0.310411
0.312089
0.313164
0.31362
0.313441
0.312614
0.311132
0.308989
0.306185
0.302725
0.298615
0.293866
0.288538
0.28269
0.275764
0.267297
-0.14246
-0.150947
-0.157855
-0.163652
-0.168906
-0.173568
-0.177585
-0.180955
-0.18368
-0.185765
-0.187216
-0.188044
-0.188265
-0.187894
-0.18695
-0.185452
-0.183421
-0.180877
-0.177842
-0.17434
-0.170395
-0.166031
-0.161271
-0.156139
-0.150657
-0.144847
-0.13873
-0.132327
-0.125657
-0.11874
-0.111591
-0.104228
-0.0966638
-0.0889099
-0.0809787
-0.0728823
-0.0646334
-0.0562445
-0.0477273
-0.039093
-0.0303513
-0.0215115
-0.0125817
-0.00356998
0.00551586
0.0146675
0.0238771
0.0331377
0.0424439
0.0517906
0.0611719
0.0705803
0.0800073
0.089445
0.0988871
0.108329
0.117765
0.127189
0.136592
0.145963
0.155292
0.164565
0.17377
0.182893
0.191922
0.200841
0.209636
0.218294
0.226795
0.235121
0.243248
0.251152
0.258809
0.266194
0.273281
0.280042
0.286449
0.292471
0.298078
0.30324
0.307924
0.3121
0.315738
0.318813
0.321299
0.323171
0.324405
0.32498
0.324877
0.324083
0.322588
0.320384
0.317472
0.313855
0.309536
0.304527
0.298893
0.292694
0.285338
0.276335
-0.152331
-0.161331
-0.168646
-0.17477
-0.18031
-0.18521
-0.189418
-0.192933
-0.195758
-0.197898
-0.199362
-0.200164
-0.200319
-0.199848
-0.198771
-0.197109
-0.194886
-0.192126
-0.188852
-0.185093
-0.180873
-0.176221
-0.171161
-0.165719
-0.15992
-0.153786
-0.147341
-0.140606
-0.133602
-0.126349
-0.118865
-0.111165
-0.103265
-0.0951767
-0.0869128
-0.0784857
-0.0699085
-0.0611939
-0.0523533
-0.0433973
-0.0343354
-0.025177
-0.0159312
-0.00660608
0.00279089
0.0122527
0.0217724
0.031344
0.0409625
0.0506231
0.0603202
0.0700466
0.0797941
0.0895554
0.0993243
0.109096
0.118866
0.128627
0.138372
0.148091
0.157771
0.167402
0.176971
0.186465
0.19587
0.205172
0.214358
0.22341
0.232311
0.24104
0.249575
0.25789
0.265961
0.27376
0.281259
0.288428
0.295235
0.30165
0.30764
0.31317
0.318204
0.32271
0.326657
0.330015
0.332754
0.334845
0.33626
0.336974
0.336966
0.336218
0.334719
0.332462
0.329441
0.325659
0.32112
0.315834
0.309869
0.303292
0.29547
0.285884
-0.162755
-0.172312
-0.180067
-0.186544
-0.192389
-0.197544
-0.201954
-0.205619
-0.208544
-0.210735
-0.212203
-0.212966
-0.213042
-0.212453
-0.211222
-0.209375
-0.206938
-0.203936
-0.2004
-0.196357
-0.191839
-0.186873
-0.181489
-0.175714
-0.169574
-0.163094
-0.156298
-0.149209
-0.141851
-0.134243
-0.126403
-0.118349
-0.110096
-0.101658
-0.093047
-0.0842763
-0.0753584
-0.0663061
-0.0571309
-0.0478428
-0.0384515
-0.0289661
-0.0193958
-0.00974907
-3.2984e-05
0.00974645
0.0195836
0.0294731
0.0394105
0.0493911
0.0594096
0.0694592
0.0795329
0.0896239
0.0997266
0.109836
0.119948
0.130055
0.140149
0.150223
0.160265
0.170265
0.18021
0.190087
0.199883
0.209584
0.219175
0.22864
0.237959
0.247113
0.256077
0.264829
0.273338
0.281578
0.289516
0.29712
0.304359
0.311199
0.317604
0.323534
0.328951
0.333822
0.338111
0.341785
0.344807
0.347145
0.348767
0.349644
0.34975
0.349066
0.347577
0.345272
0.342144
0.338192
0.33342
0.327839
0.32152
0.314535
0.306208
0.295986
-0.173774
-0.183937
-0.192169
-0.199027
-0.205199
-0.210625
-0.215248
-0.219067
-0.222089
-0.224324
-0.225787
-0.226495
-0.226474
-0.225746
-0.22434
-0.222282
-0.219604
-0.216335
-0.212508
-0.208155
-0.20331
-0.198004
-0.192269
-0.186134
-0.179628
-0.172777
-0.165607
-0.158142
-0.150407
-0.142422
-0.134208
-0.12578
-0.117157
-0.108352
-0.0993797
-0.0902516
-0.0809803
-0.0715783
-0.062057
-0.0524268
-0.042697
-0.0328765
-0.022974
-0.0129973
-0.00295361
0.00715162
0.0173134
0.0275272
0.037789
0.0480949
0.05844
0.0688184
0.0792238
0.0896503
0.100093
0.110546
0.121006
0.131465
0.141917
0.152354
0.162767
0.173145
0.183477
0.19375
0.203952
0.214066
0.224079
0.233973
0.24373
0.25333
0.262748
0.27196
0.280935
0.289641
0.298047
0.30612
0.313824
0.321123
0.327976
0.334342
0.340182
0.345456
0.350125
0.35415
0.35749
0.360108
0.361967
0.363034
0.36328
0.36268
0.361216
0.358871
0.355637
0.351511
0.346496
0.340603
0.333907
0.326482
0.317608
0.306693
-0.185437
-0.19626
-0.205008
-0.212277
-0.2188
-0.224514
-0.229358
-0.233334
-0.23645
-0.238721
-0.240164
-0.240802
-0.240661
-0.23977
-0.238161
-0.235865
-0.232915
-0.229348
-0.225199
-0.220505
-0.215304
-0.209629
-0.203515
-0.196992
-0.190091
-0.182842
-0.175272
-0.167407
-0.159271
-0.150888
-0.142277
-0.133458
-0.124446
-0.115257
-0.105907
-0.0964069
-0.0867691
-0.0770054
-0.0671272
-0.0571448
-0.0470675
-0.0369039
-0.0266614
-0.0163471
-0.00596759
0.00447139
0.0149648
0.0255086
0.0360997
0.0467353
0.0574117
0.0681241
0.0788668
0.0896339
0.100421
0.111223
0.122035
0.132853
0.143669
0.154477
0.165269
0.176035
0.186764
0.197445
0.208064
0.218607
0.229057
0.239399
0.249614
0.259682
0.269578
0.279275
0.288741
0.297944
0.30685
0.315425
0.32363
0.331423
0.338763
0.345607
0.35191
0.35763
0.36272
0.367136
0.370834
0.373769
0.375902
0.377192
0.377607
0.377115
0.375692
0.373319
0.369985
0.365684
0.360418
0.354195
0.347096
0.339199
0.329731
0.31806
-0.197804
-0.209344
-0.218652
-0.226363
-0.233261
-0.239278
-0.244351
-0.248484
-0.25169
-0.253985
-0.255392
-0.255938
-0.255653
-0.254571
-0.252727
-0.250158
-0.246903
-0.243004
-0.2385
-0.233432
-0.22784
-0.221763
-0.215237
-0.208294
-0.200969
-0.193294
-0.185296
-0.177004
-0.168444
-0.159638
-0.150609
-0.141377
-0.131957
-0.122368
-0.112623
-0.102736
-0.0927179
-0.0825807
-0.0723351
-0.0619911
-0.0515576
-0.0410423
-0.0304521
-0.0197928
-0.0090705
0.00170888
0.01254
0.023419
0.0343439
0.0453134
0.0563255
0.0673764
0.0784606
0.0895726
0.100708
0.111862
0.123031
0.134212
0.145399
0.156585
0.167763
0.178925
0.190062
0.201161
0.21221
0.223194
0.234098
0.244905
0.255599
0.266157
0.276554
0.286762
0.296748
0.306479
0.315919
0.32503
0.333772
0.342101
0.349971
0.357337
0.364151
0.370362
0.375919
0.380772
0.384872
0.38817
0.390617
0.392169
0.392785
0.392429
0.39107
0.388686
0.38526
0.380785
0.375259
0.368691
0.361163
0.35276
0.342648
0.330153
-0.210939
-0.22326
-0.233175
-0.241361
-0.248656
-0.254992
-0.260301
-0.26459
-0.267878
-0.270184
-0.271535
-0.271963
-0.271503
-0.270195
-0.26808
-0.265201
-0.261603
-0.257333
-0.252436
-0.246956
-0.240937
-0.23442
-0.227446
-0.220049
-0.212267
-0.204133
-0.195679
-0.186933
-0.177921
-0.168669
-0.159199
-0.149531
-0.139685
-0.129677
-0.119521
-0.109231
-0.0988195
-0.0882968
-0.0776735
-0.0669588
-0.0561606
-0.0452854
-0.0343395
-0.0233284
-0.0122577
-0.00113313
0.0100401
0.0212589
0.0325223
0.0438302
0.0551818
0.0665743
0.0780029
0.0894624
0.100949
0.112458
0.123989
0.135537
0.147099
0.158669
0.170241
0.181807
0.19336
0.204887
0.216377
0.227816
0.239189
0.250481
0.261672
0.272742
0.283665
0.29441
0.304945
0.315236
0.325245
0.334931
0.34425
0.353157
0.361605
0.369543
0.376916
0.383668
0.389744
0.395087
0.399641
0.403351
0.406161
0.408018
0.408875
0.408688
0.407421
0.405045
0.401541
0.396897
0.391107
0.384177
0.376194
0.367246
0.356438
0.343044
-0.22492
-0.23809
-0.24866
-0.257354
-0.265071
-0.271739
-0.277289
-0.281732
-0.28509
-0.287388
-0.288658
-0.288937
-0.288267
-0.286694
-0.284267
-0.281036
-0.277052
-0.272368
-0.267034
-0.261099
-0.25461
-0.247613
-0.24015
-0.232262
-0.223988
-0.215363
-0.20642
-0.19719
-0.187699
-0.177974
-0.168038
-0.157914
-0.147621
-0.137176
-0.126593
-0.115886
-0.105066
-0.0941458
-0.0831345
-0.0720401
-0.0608689
-0.0496262
-0.0383175
-0.0269486
-0.015525
-0.00405187
0.00746669
0.0190288
0.0306346
0.0422849
0.0539794
0.0657157
0.0774898
0.089298
0.101137
0.113005
0.124901
0.136821
0.148762
0.160721
0.172692
0.18467
0.196646
0.208612
0.220554
0.232461
0.244318
0.256111
0.26782
0.279424
0.290896
0.302206
0.313321
0.324205
0.334818
0.345118
0.355058
0.364592
0.373668
0.382229
0.390215
0.397565
0.404217
0.410109
0.415176
0.419354
0.422581
0.424795
0.425938
0.425961
0.424821
0.422482
0.418917
0.414111
0.408053
0.400746
0.392282
0.382751
0.371188
0.356815
-0.239831
-0.253924
-0.265202
-0.274438
-0.282601
-0.289614
-0.295408
-0.299998
-0.30341
-0.305676
-0.306833
-0.306925
-0.306004
-0.304122
-0.301337
-0.297706
-0.293288
-0.288141
-0.282321
-0.275882
-0.268875
-0.261351
-0.253358
-0.244938
-0.236133
-0.226981
-0.217516
-0.207769
-0.197769
-0.187544
-0.177119
-0.166517
-0.155757
-0.144857
-0.13383
-0.12269
-0.111449
-0.100119
-0.0887092
-0.0772257
-0.0656735
-0.0540567
-0.0423799
-0.0306486
-0.0188685
-0.00704395
0.00482252
0.0167306
0.0286816
0.0406767
0.0527157
0.0647968
0.0769171
0.0890745
0.101268
0.113496
0.125759
0.138054
0.150379
0.162731
0.175107
0.187502
0.19991
0.212322
0.224728
0.237115
0.249472
0.261782
0.274028
0.286187
0.298233
0.310135
0.321861
0.333372
0.344627
0.355582
0.366191
0.376402
0.386158
0.395398
0.404056
0.412067
0.419361
0.425867
0.431512
0.436224
0.43993
0.442559
0.444044
0.444327
0.443355
0.441085
0.437483
0.432527
0.426201
0.418505
0.409531
0.399377
0.386999
0.371562
-0.255767
-0.270864
-0.282904
-0.292719
-0.301351
-0.308722
-0.314758
-0.319483
-0.322927
-0.32513
-0.326136
-0.325999
-0.324778
-0.322537
-0.31934
-0.315255
-0.310348
-0.304681
-0.298319
-0.291321
-0.283745
-0.275646
-0.267074
-0.258079
-0.248702
-0.238984
-0.228959
-0.218662
-0.208122
-0.19737
-0.186431
-0.175328
-0.16408
-0.152706
-0.141219
-0.129632
-0.117957
-0.106206
-0.0943868
-0.0825047
-0.0705636
-0.0585668
-0.0465179
-0.0344217
-0.0222826
-0.0101039
0.00211304
0.0143692
0.0266664
0.0390065
0.0513897
0.063815
0.0762815
0.0887887
0.101337
0.113927
0.126558
0.139229
0.15194
0.164689
0.177474
0.190292
0.203139
0.216005
0.228884
0.241764
0.254633
0.267478
0.280278
0.293014
0.305658
0.318181
0.330548
0.342721
0.354658
0.366315
0.377641
0.388581
0.399074
0.409053
0.418449
0.427189
0.435196
0.442389
0.448686
0.454005
0.458262
0.461374
0.463266
0.463868
0.463115
0.460956
0.457347
0.452258
0.445669
0.437572
0.428063
0.417243
0.403986
0.387391
-0.272836
-0.289023
-0.301885
-0.312316
-0.321439
-0.329176
-0.335451
-0.340292
-0.34374
-0.345841
-0.346651
-0.346233
-0.344657
-0.341997
-0.338328
-0.333725
-0.328264
-0.322015
-0.315049
-0.307433
-0.29923
-0.290502
-0.281302
-0.271683
-0.261689
-0.251362
-0.240739
-0.229856
-0.218745
-0.207438
-0.195959
-0.184332
-0.172577
-0.160709
-0.148745
-0.136696
-0.124576
-0.112392
-0.100153
-0.0878638
-0.0755265
-0.0631445
-0.0507206
-0.0382575
-0.0257578
-0.0132232
-0.000653928
0.0119513
0.0245945
0.0372778
0.0500029
0.0627709
0.0755827
0.0884393
0.101342
0.114293
0.127292
0.14034
0.153438
0.166586
0.179784
0.19303
0.206319
0.219647
0.233007
0.24639
0.259785
0.273178
0.286552
0.299884
0.31315
0.326321
0.339362
0.352234
0.364896
0.3773
0.389394
0.401118
0.412407
0.423193
0.433399
0.442943
0.451741
0.459702
0.466734
0.472743
0.477633
0.48131
0.483684
0.484674
0.484202
0.482203
0.478626
0.47343
0.466586
0.458081
0.448013
0.436486
0.422282
0.40443
-0.29116
-0.30853
-0.322277
-0.333362
-0.342998
-0.351106
-0.357608
-0.362541
-0.365956
-0.36791
-0.368468
-0.367708
-0.365711
-0.362563
-0.35835
-0.353157
-0.347069
-0.340167
-0.332528
-0.324227
-0.315336
-0.30592
-0.296038
-0.285742
-0.275082
-0.264101
-0.25284
-0.241335
-0.229621
-0.217729
-0.205685
-0.193511
-0.181226
-0.168847
-0.156389
-0.143865
-0.131286
-0.11866
-0.105992
-0.0932872
-0.0805479
-0.0677764
-0.0549744
-0.0421427
-0.0292813
-0.0163901
-0.00346858
0.00948458
0.0224716
0.0354956
0.04856
0.0616681
0.0748228
0.0880267
0.101282
0.114591
0.127957
0.141381
0.154865
0.168413
0.182025
0.1957
0.209437
0.223232
0.237081
0.250976
0.264908
0.278863
0.292825
0.306774
0.320686
0.334533
0.34828
0.361889
0.375318
0.388517
0.401432
0.413999
0.426152
0.437816
0.448907
0.459338
0.469012
0.477832
0.485692
0.492485
0.498103
0.502437
0.505383
0.506842
0.506724
0.504949
0.501453
0.496184
0.489102
0.480185
0.469535
0.45726
0.442038
0.422823
-0.310879
-0.329531
-0.34423
-0.356008
-0.366177
-0.374656
-0.38137
-0.386363
-0.389698
-0.391445
-0.391686
-0.39051
-0.388014
-0.384296
-0.379456
-0.373589
-0.366793
-0.359157
-0.350769
-0.341713
-0.332065
-0.321897
-0.311271
-0.300242
-0.288864
-0.277183
-0.265241
-0.253077
-0.240727
-0.22822
-0.215583
-0.202838
-0.190004
-0.177096
-0.16413
-0.151117
-0.138067
-0.124987
-0.111883
-0.0987564
-0.0856109
-0.0724468
-0.0592641
-0.0460617
-0.0328377
-0.0195908
-0.00631955
0.00697798
0.0203051
0.0336663
0.047067
0.0605122
0.0740062
0.0875529
0.101156
0.11482
0.128548
0.142345
0.156215
0.170161
0.184186
0.198291
0.212477
0.226744
0.241087
0.255502
0.26998
0.284509
0.299074
0.313659
0.32824
0.34279
0.357276
0.37166
0.3859
0.399943
0.413734
0.427207
0.440294
0.452911
0.464971
0.476377
0.487024
0.496803
0.505596
0.513281
0.519735
0.524833
0.528452
0.530478
0.530801
0.529327
0.525974
0.520676
0.513381
0.504057
0.492807
0.479741
0.463426
0.442734
-0.332153
-0.352197
-0.367917
-0.380427
-0.391145
-0.399991
-0.406891
-0.4119
-0.415098
-0.416568
-0.41641
-0.414731
-0.411642
-0.407259
-0.401695
-0.39506
-0.387462
-0.379004
-0.369784
-0.359891
-0.349412
-0.33842
-0.326984
-0.315163
-0.303011
-0.290581
-0.277916
-0.265056
-0.252034
-0.238882
-0.225624
-0.212284
-0.19888
-0.185427
-0.171939
-0.158424
-0.144893
-0.131351
-0.117802
-0.10425
-0.0906955
-0.077137
-0.063572
-0.0499979
-0.0364117
-0.0228114
-0.00919461
0.00444227
0.0181045
0.0317986
0.0455315
0.0593094
0.0731373
0.0870207
0.100965
0.114978
0.129064
0.14323
0.157482
0.171822
0.186258
0.200792
0.215428
0.230167
0.245008
0.259947
0.274977
0.29009
0.305273
0.320511
0.335783
0.351063
0.36632
0.381518
0.396611
0.41155
0.426275
0.440721
0.454814
0.468467
0.481584
0.494062
0.505788
0.516637
0.526479
0.535177
0.54259
0.548574
0.552988
0.555694
0.556565
0.555484
0.552351
0.547084
0.539613
0.529893
0.518028
0.50413
0.486645
0.464353
-0.355165
-0.376718
-0.393535
-0.406815
-0.418096
-0.427297
-0.434347
-0.439317
-0.442302
-0.443409
-0.442754
-0.440467
-0.436677
-0.431518
-0.42512
-0.417607
-0.409103
-0.399724
-0.389576
-0.378759
-0.367364
-0.355471
-0.343154
-0.330476
-0.317496
-0.304266
-0.290833
-0.277235
-0.263507
-0.249678
-0.235773
-0.221814
-0.207821
-0.193807
-0.179783
-0.165757
-0.151735
-0.137724
-0.123726
-0.109745
-0.095779
-0.0818248
-0.0678778
-0.0539333
-0.039988
-0.0260386
-0.0120812
0.00188973
0.0158818
0.0299034
0.0439624
0.0580659
0.0722205
0.0864334
0.100713
0.115068
0.129505
0.144034
0.158659
0.173389
0.188231
0.203191
0.218276
0.233487
0.248826
0.264291
0.279879
0.295584
0.311397
0.327303
0.343286
0.359322
0.375381
0.391429
0.40742
0.423305
0.439025
0.454512
0.469688
0.484462
0.498734
0.512391
0.525308
0.537351
0.548372
0.558219
0.566731
0.573743
0.57909
0.582611
0.584156
0.583582
0.580766
0.575604
0.568005
0.557911
0.545424
0.530656
0.51192
0.487897
-0.380128
-0.40332
-0.421312
-0.435401
-0.447251
-0.456784
-0.463934
-0.468791
-0.471473
-0.472109
-0.470842
-0.467821
-0.463202
-0.457137
-0.449777
-0.441264
-0.431736
-0.421323
-0.410143
-0.398303
-0.385901
-0.373024
-0.359751
-0.346149
-0.332281
-0.3182
-0.303951
-0.289575
-0.275103
-0.260566
-0.245987
-0.231389
-0.216789
-0.202198
-0.187627
-0.173079
-0.158561
-0.144076
-0.129627
-0.115215
-0.100837
-0.0864869
-0.0721596
-0.057849
-0.0435501
-0.0292578
-0.014966
-0.000666509
0.0136497
0.027992
0.042369
0.0567891
0.0712613
0.0857955
0.100402
0.115091
0.129872
0.144754
0.159746
0.174858
0.1901
0.205482
0.22101
0.236689
0.252523
0.268514
0.284663
0.300967
0.317419
0.334008
0.35072
0.367534
0.384425
0.401357
0.41829
0.435174
0.451949
0.468546
0.484885
0.500873
0.516402
0.531351
0.545585
0.558956
0.571303
0.582452
0.592221
0.600422
0.606864
0.61136
0.613728
0.613797
0.611416
0.606453
0.598795
0.588361
0.575251
0.559579
0.539507
0.513613
-0.407285
-0.432258
-0.45151
-0.46644
-0.478858
-0.488688
-0.495871
-0.500522
-0.502788
-0.502824
-0.500803
-0.496902
-0.491303
-0.484182
-0.475713
-0.466059
-0.455374
-0.443801
-0.431471
-0.4185
-0.404993
-0.391044
-0.376735
-0.36214
-0.347322
-0.332334
-0.317222
-0.302024
-0.286773
-0.271498
-0.256222
-0.240965
-0.225741
-0.210561
-0.19543
-0.180353
-0.165334
-0.150374
-0.135474
-0.120632
-0.105842
-0.0910993
-0.076396
-0.0617254
-0.0470802
-0.0324525
-0.0178331
-0.00321215
0.0114206
0.0260748
0.0407602
0.0554873
0.0702676
0.0851137
0.100038
0.115051
0.130165
0.14539
0.160739
0.176225
0.191861
0.207656
0.22362
0.23976
0.256085
0.272601
0.289312
0.306218
0.323315
0.340596
0.358052
0.375666
0.393415
0.411267
0.429183
0.447115
0.465006
0.482785
0.500371
0.517668
0.534563
0.550925
0.566612
0.58146
0.595292
0.607913
0.619119
0.628695
0.636422
0.642077
0.645446
0.646324
0.644521
0.639877
0.632246
0.621524
0.607803
0.591195
0.569701
0.541783
-0.436916
-0.463825
-0.484427
-0.500228
-0.5132
-0.523274
-0.530403
-0.534733
-0.536442
-0.535722
-0.532778
-0.527821
-0.521063
-0.512712
-0.502966
-0.49201
-0.480018
-0.467146
-0.453537
-0.439318
-0.4246
-0.409485
-0.394058
-0.378396
-0.362563
-0.346611
-0.330587
-0.314526
-0.298461
-0.28242
-0.266423
-0.250489
-0.234628
-0.218847
-0.203149
-0.187539
-0.172016
-0.156582
-0.141232
-0.125963
-0.110767
-0.0956365
-0.0805644
-0.0655415
-0.0505578
-0.0356025
-0.020664
-0.00573081
0.00920789
0.0241629
0.0391458
0.0541696
0.0692482
0.0843957
0.0996258
0.114951
0.130386
0.145944
0.16164
0.17749
0.193508
0.209705
0.226095
0.242689
0.2595
0.276537
0.293806
0.311313
0.329058
0.34704
0.365253
0.383684
0.402313
0.421115
0.440053
0.459084
0.47815
0.497183
0.516102
0.534807
0.55318
0.571087
0.588372
0.604859
0.620352
0.634638
0.647484
0.658649
0.667877
0.674909
0.67949
0.681372
0.680326
0.676149
0.668659
0.65772
0.643413
0.625845
0.602839
0.572733
-0.469339
-0.498359
-0.520404
-0.537102
-0.550602
-0.560847
-0.56781
-0.57167
-0.572649
-0.570981
-0.56691
-0.560689
-0.552566
-0.542782
-0.531565
-0.519126
-0.505657
-0.49133
-0.476301
-0.460706
-0.444666
-0.428285
-0.411654
-0.394848
-0.377933
-0.360961
-0.343976
-0.327013
-0.310103
-0.293271
-0.276534
-0.259905
-0.243394
-0.227003
-0.210735
-0.194589
-0.178565
-0.162657
-0.146862
-0.131171
-0.115576
-0.100068
-0.0846374
-0.0692718
-0.0539588
-0.0386851
-0.0234375
-0.00820382
0.00702805
0.022271
0.0375392
0.0528481
0.0682132
0.0836497
0.0991725
0.114797
0.13054
0.146418
0.16245
0.178651
0.195037
0.211624
0.228428
0.245466
0.262753
0.280303
0.298126
0.316231
0.334624
0.35331
0.372287
0.391548
0.411078
0.430856
0.450853
0.471028
0.491328
0.511687
0.532024
0.552238
0.572209
0.591797
0.610837
0.629139
0.646489
0.662652
0.67737
0.690366
0.701346
0.710009
0.716051
0.719175
0.719101
0.715576
0.708372
0.697313
0.682463
0.66392
0.63931
0.606833
-0.504923
-0.536249
-0.559837
-0.577449
-0.591434
-0.601753
-0.608401
-0.611607
-0.611643
-0.608791
-0.603349
-0.595616
-0.585885
-0.574435
-0.561527
-0.547397
-0.532262
-0.516309
-0.499706
-0.4826
-0.465117
-0.447367
-0.42944
-0.411413
-0.393349
-0.375301
-0.35731
-0.33941
-0.321626
-0.303979
-0.286484
-0.269148
-0.251977
-0.234972
-0.218132
-0.201453
-0.184929
-0.168555
-0.15232
-0.136217
-0.120234
-0.10436
-0.0885818
-0.072885
-0.0572541
-0.041674
-0.0261307
-0.0106105
0.00490043
0.0204176
0.0359578
0.051538
0.0671751
0.0828855
0.0986863
0.114596
0.130633
0.146818
0.163168
0.179704
0.196443
0.213405
0.230611
0.248081
0.265832
0.283883
0.30225
0.320946
0.339985
0.359375
0.379119
0.399217
0.419662
0.440441
0.461529
0.482891
0.50448
0.526233
0.548073
0.5699
0.591593
0.613006
0.633966
0.654272
0.673694
0.691973
0.708821
0.723924
0.736946
0.747536
0.755335
0.759986
0.761147
0.758505
0.751772
0.740722
0.725395
0.705873
0.679561
0.644514
-0.544095
-0.577947
-0.603188
-0.621723
-0.636126
-0.646385
-0.65253
-0.654847
-0.653672
-0.649353
-0.642246
-0.632709
-0.621085
-0.607699
-0.592847
-0.576796
-0.559783
-0.542015
-0.523672
-0.504908
-0.485856
-0.466627
-0.447312
-0.427987
-0.408711
-0.389535
-0.370496
-0.351625
-0.332943
-0.314464
-0.296196
-0.278144
-0.260309
-0.242689
-0.225279
-0.208072
-0.191057
-0.174225
-0.157562
-0.141059
-0.1247
-0.108473
-0.092361
-0.0763463
-0.0604118
-0.0445411
-0.0287185
-0.0129282
0.00284647
0.0186231
0.03442
0.0502554
0.0661475
0.082115
0.0981776
0.114356
0.130672
0.147145
0.163796
0.180648
0.197723
0.215045
0.232636
0.250521
0.268721
0.287259
0.306157
0.325435
0.34511
0.365198
0.385707
0.406647
0.428018
0.449814
0.47202
0.494607
0.517536
0.54075
0.564176
0.587719
0.611258
0.634646
0.657703
0.680219
0.701946
0.722603
0.74187
0.759393
0.774791
0.787655
0.79756
0.80408
0.806797
0.805324
0.799299
0.78843
0.772721
0.75223
0.724116
0.686273
-0.587355
-0.623989
-0.650998
-0.67045
-0.685174
-0.695196
-0.700591
-0.701723
-0.699008
-0.692872
-0.683748
-0.67206
-0.658213
-0.64258
-0.625498
-0.607264
-0.58814
-0.568351
-0.548088
-0.527513
-0.506761
-0.485943
-0.465148
-0.444449
-0.423901
-0.40355
-0.383428
-0.363559
-0.343958
-0.324632
-0.305584
-0.286813
-0.268315
-0.250085
-0.232113
-0.214387
-0.196892
-0.179614
-0.162539
-0.145651
-0.128933
-0.112369
-0.0959375
-0.0796209
-0.0634001
-0.0472572
-0.0311738
-0.0151311
0.000889722
0.0169082
0.0329437
0.0490158
0.0651446
0.0813512
0.0976578
0.114087
0.13066
0.147401
0.164334
0.181483
0.198875
0.216536
0.234493
0.252773
0.271403
0.290411
0.309824
0.329669
0.349967
0.37074
0.392008
0.413788
0.43609
0.458916
0.482259
0.506103
0.530417
0.555153
0.580246
0.605606
0.631117
0.656634
0.681973
0.706917
0.731202
0.754525
0.776533
0.796834
0.814991
0.830531
0.842956
0.851755
0.856422
0.856473
0.851456
0.840993
0.825036
0.803608
0.773586
0.732691
-0.63529
-0.675004
-0.703909
-0.724252
-0.739157
-0.748701
-0.753029
-0.752601
-0.747935
-0.739558
-0.727994
-0.713748
-0.697291
-0.679053
-0.659416
-0.638709
-0.617219
-0.595187
-0.572814
-0.550268
-0.527682
-0.505164
-0.4828
-0.460656
-0.438782
-0.417216
-0.395981
-0.375094
-0.354561
-0.334381
-0.314552
-0.295066
-0.275915
-0.257086
-0.238565
-0.220333
-0.202374
-0.184668
-0.167199
-0.149945
-0.132887
-0.116003
-0.0992721
-0.0826738
-0.0661873
-0.0497923
-0.0334677
-0.0171922
-0.000944918
0.0152949
0.0315482
0.0478364
0.0641818
0.0806078
0.0971379
0.113795
0.130605
0.147591
0.164782
0.182207
0.199894
0.217873
0.236172
0.254824
0.273862
0.293319
0.313227
0.333617
0.354519
0.375963
0.397978
0.42059
0.443819
0.467678
0.492173
0.517299
0.543035
0.569347
0.59618
0.623455
0.651064
0.678865
0.706679
0.734279
0.761394
0.787697
0.812806
0.836285
0.857639
0.876325
0.89176
0.903333
0.910429
0.912448
0.90882
0.899057
0.883039
0.860732
0.828693
0.784451
-0.688601
-0.73175
-0.762689
-0.783865
-0.798751
-0.807499
-0.810346
-0.807882
-0.800757
-0.789621
-0.775108
-0.757819
-0.738303
-0.717052
-0.694495
-0.670995
-0.646862
-0.622351
-0.597671
-0.572989
-0.548436
-0.524113
-0.500097
-0.476446
-0.4532
-0.430386
-0.408018
-0.3861
-0.36463
-0.3436
-0.322998
-0.302811
-0.283022
-0.263612
-0.24456
-0.225844
-0.207442
-0.189331
-0.171489
-0.153891
-0.136514
-0.119334
-0.102327
-0.0854703
-0.0687414
-0.0521167
-0.0355725
-0.0190859
-0.00263435
0.0138042
0.0302526
0.0467346
0.0632747
0.0798974
0.0966274
0.113489
0.13051
0.147719
0.165145
0.182821
0.200778
0.219048
0.237664
0.256664
0.276084
0.295964
0.31634
0.33725
0.358732
0.380826
0.403569
0.426998
0.451143
0.476032
0.501682
0.528104
0.555291
0.583223
0.611863
0.641144
0.670971
0.701212
0.731693
0.76219
0.792422
0.822045
0.850651
0.877757
0.902809
0.925187
0.94421
0.959153
0.969266
0.973806
0.972054
0.963375
0.947548
0.924461
0.890293
0.842358
-0.748131
-0.795141
-0.828261
-0.850169
-0.864755
-0.872278
-0.873107
-0.868003
-0.857784
-0.843254
-0.825182
-0.80428
-0.781185
-0.756458
-0.730574
-0.703933
-0.676862
-0.649627
-0.622437
-0.595457
-0.568808
-0.542582
-0.516842
-0.491633
-0.466979
-0.442896
-0.419384
-0.396436
-0.374038
-0.352172
-0.330816
-0.309949
-0.289545
-0.26958
-0.250024
-0.230852
-0.212035
-0.193546
-0.175358
-0.157443
-0.139774
-0.122323
-0.105067
-0.0879784
-0.0710324
-0.0542027
-0.0374635
-0.0207902
-0.00415903
0.0124539
0.0290735
0.0457255
0.0624359
0.0792302
0.0961344
0.113175
0.130383
0.147788
0.165425
0.183325
0.201523
0.220056
0.238961
0.258279
0.278052
0.298324
0.319137
0.340537
0.36257
0.385286
0.408731
0.432953
0.457995
0.4839
0.5107
0.53842
0.567074
0.596662
0.627163
0.65853
0.690687
0.723517
0.75686
0.790497
0.824146
0.857454
0.889987
0.921221
0.950542
0.977245
1.00054
1.01957
1.03342
1.04118
1.04192
1.03483
1.01954
0.995826
0.959415
0.907377
-0.814906
-0.866297
-0.901753
-0.924227
-0.938114
-0.943836
-0.941946
-0.933431
-0.919327
-0.900627
-0.878264
-0.853078
-0.825808
-0.797082
-0.767426
-0.737268
-0.70695
-0.676739
-0.646841
-0.617408
-0.588547
-0.560333
-0.53281
-0.506005
-0.479925
-0.454567
-0.429916
-0.405953
-0.382648
-0.359972
-0.337894
-0.316379
-0.295396
-0.274909
-0.254885
-0.23529
-0.216092
-0.197259
-0.178758
-0.160558
-0.142628
-0.124938
-0.107462
-0.09017
-0.0730344
-0.0560266
-0.0391192
-0.0222862
-0.00550197
0.0112592
0.0280242
0.0448204
0.0616747
0.078614
0.0956658
0.11286
0.130228
0.147803
0.165621
0.183716
0.202126
0.220892
0.240054
0.259659
0.279751
0.300379
0.321594
0.343449
0.365999
0.389301
0.413414
0.438396
0.464306
0.4912
0.51913
0.548139
0.578264
0.609526
0.641928
0.675447
0.710033
0.745591
0.781982
0.819002
0.856378
0.893755
0.93068
0.966596
1.00083
1.03259
1.06096
1.08494
1.10342
1.11526
1.1193
1.11447
1.10019
1.07608
1.03731
0.980674
-0.890197
-0.946608
-0.984558
-1.00733
-1.01995
-1.0231
-1.01757
-1.00465
-0.985675
-0.96186
-0.934332
-0.904082
-0.871954
-0.838651
-0.804739
-0.770669
-0.736788
-0.703355
-0.670559
-0.638533
-0.607361
-0.577093
-0.547749
-0.519331
-0.491825
-0.465206
-0.439441
-0.414493
-0.390318
-0.366873
-0.344115
-0.321998
-0.300479
-0.279516
-0.259067
-0.239093
-0.219556
-0.200418
-0.181643
-0.163195
-0.14504
-0.127147
-0.109484
-0.0920199
-0.0747248
-0.0575683
-0.0405218
-0.0235577
-0.00664875
0.0102328
0.0271156
0.0440282
0.0609986
0.0780551
0.0952275
0.112547
0.130048
0.147765
0.165734
0.183993
0.202584
0.22155
0.240937
0.260791
0.281164
0.30211
0.323687
0.345956
0.36898
0.392826
0.417564
0.443264
0.470001
0.497847
0.526873
0.557147
0.588728
0.621664
0.655986
0.691704
0.728798
0.767205
0.806816
0.847454
0.888867
0.930709
0.972524
1.01373
1.0536
1.09125
1.12565
1.15561
1.17981
1.19683
1.2052
1.20351
1.19091
1.16674
1.12552
1.06368
-0.975598
-1.03782
-1.07841
-1.10105
-1.11162
-1.11112
-1.10074
-1.08217
-1.05708
-1.02699
-0.993266
-0.95705
-0.9193
-0.880785
-0.842105
-0.803717
-0.765959
-0.729069
-0.693208
-0.658474
-0.624919
-0.592558
-0.561381
-0.53136
-0.502453
-0.474611
-0.447778
-0.421896
-0.396905
-0.372748
-0.349366
-0.326703
-0.304704
-0.283319
-0.262499
-0.242197
-0.22237
-0.202975
-0.18397
-0.165317
-0.146978
-0.128919
-0.111106
-0.0935053
-0.0760841
-0.0588114
-0.0416572
-0.0245927
-0.00758889
0.00938381
0.0263553
0.0433551
0.0604129
0.0775586
0.0948236
0.112241
0.129845
0.147673
0.165762
0.184155
0.202894
0.222025
0.241598
0.261663
0.282276
0.303497
0.325392
0.348028
0.371477
0.395816
0.421125
0.44749
0.474999
0.503745
0.533819
0.565315
0.598317
0.632905
0.669144
0.707081
0.746735
0.788086
0.831065
0.875538
0.921289
0.967998
1.01522
1.06237
1.10867
1.15318
1.19471
1.2319
1.26316
1.28675
1.30078
1.30343
1.29342
1.26972
1.22597
1.15817
-1.07315
-1.14219
-1.18551
-1.20736
-1.21472
-1.20912
-1.19228
-1.16643
-1.13369
-1.09595
-1.05481
-1.0116
-0.967378
-0.922972
-0.878994
-0.835888
-0.793959
-0.753406
-0.714344
-0.676823
-0.640849
-0.606394
-0.573409
-0.541827
-0.511575
-0.482573
-0.454741
-0.427998
-0.402267
-0.37747
-0.353537
-0.330398
-0.307987
-0.286245
-0.265116
-0.244547
-0.224486
-0.204887
-0.185704
-0.166893
-0.148416
-0.130233
-0.11231
-0.0946088
-0.0770976
-0.0597437
-0.0425159
-0.0253835
-0.00831598
0.00871724
0.025747
0.0428043
0.0599204
0.0771267
0.0944558
0.111941
0.129618
0.147525
0.165703
0.184195
0.203047
0.222307
0.242026
0.26226
0.283069
0.304519
0.326681
0.349632
0.37345
0.398222
0.42404
0.451003
0.479218
0.508795
0.539852
0.572504
0.606869
0.643059
0.681181
0.721325
0.763556
0.80791
0.854372
0.902867
0.953232
1.0052
1.05836
1.11214
1.16575
1.21818
1.26814
1.31405
1.35402
1.38593
1.40738
1.41596
1.40983
1.38738
1.3411
1.2664
-1.1855
-1.26261
-1.30866
-1.32867
-1.33116
-1.31846
-1.29304
-1.25783
-1.21554
-1.16847
-1.1185
-1.06714
-1.01554
-0.96454
-0.914739
-0.866539
-0.820185
-0.77581
-0.73346
-0.693124
-0.654746
-0.618243
-0.583517
-0.550457
-0.51895
-0.488884
-0.460149
-0.432642
-0.406264
-0.380922
-0.356525
-0.332994
-0.310252
-0.28823
-0.266864
-0.246094
-0.225864
-0.20612
-0.186813
-0.167898
-0.149331
-0.13107
-0.113078
-0.0953184
-0.0777561
-0.0603582
-0.0430919
-0.0259252
-0.00882667
0.00823502
0.025292
0.0423767
0.0595217
0.0767592
0.0941219
0.111644
0.129362
0.147316
0.165549
0.184107
0.203035
0.222384
0.242208
0.262565
0.283523
0.305151
0.327526
0.350731
0.374853
0.399989
0.426243
0.453727
0.482566
0.512891
0.544842
0.578562
0.614203
0.651917
0.691851
0.734147
0.778931
0.826299
0.876309
0.928963
0.984177
1.04176
1.10137
1.16249
1.22435
1.28591
1.34577
1.40215
1.45287
1.49532
1.52649
1.54318
1.54276
1.52277
1.47408
1.39129
-1.3162
-1.40299
-1.45154
-1.46805
-1.46324
-1.44066
-1.40382
-1.35661
-1.30242
-1.24404
-1.18364
-1.12287
-1.06292
-1.00462
-0.948513
-0.894899
-0.843933
-0.795646
-0.749995
-0.706882
-0.666177
-0.627729
-0.59138
-0.556968
-0.524336
-0.493335
-0.463826
-0.435678
-0.408771
-0.382992
-0.358237
-0.334413
-0.311433
-0.289218
-0.267696
-0.2468
-0.226468
-0.206644
-0.187275
-0.168311
-0.149706
-0.131416
-0.113402
-0.0956267
-0.0780546
-0.0606511
-0.0433826
-0.0262165
-0.00912087
0.00793664
0.0249895
0.0420714
0.0592151
0.0764527
0.093817
0.111343
0.12907
0.147039
0.165294
0.18388
0.202845
0.222241
0.242126
0.26256
0.283615
0.305366
0.327893
0.351286
0.375641
0.401062
0.427667
0.455583
0.484949
0.515917
0.548652
0.583327
0.620127
0.659245
0.700879
0.745226
0.792478
0.842811
0.896371
0.953254
1.01348
1.07699
1.14352
1.21268
1.28375
1.35573
1.42716
1.4961
1.56004
1.61584
1.65975
1.68755
1.69547
1.67978
1.62907
1.5367
-1.47011
-1.56859
-1.61896
-1.62931
-1.61364
-1.5773
-1.52529
-1.46269
-1.39376
-1.32176
-1.24913
-1.17762
-1.10838
-1.04214
-0.979316
-0.920065
-0.864396
-0.812209
-0.763335
-0.71757
-0.67469
-0.634466
-0.59667
-0.561082
-0.527499
-0.495731
-0.465607
-0.436969
-0.409674
-0.383589
-0.358597
-0.334592
-0.311478
-0.289166
-0.267576
-0.246635
-0.226277
-0.206443
-0.187075
-0.168122
-0.149533
-0.131265
-0.113277
-0.0955317
-0.0779921
-0.0606228
-0.0433897
-0.0262602
-0.00920168
0.00781924
0.0248368
0.0418846
0.0589951
0.0762003
0.0935341
0.111033
0.128736
0.146685
0.164924
0.1835
0.202461
0.221862
0.24176
0.262222
0.28332
0.305132
0.327746
0.351254
0.375761
0.401381
0.428242
0.456483
0.486263
0.517751
0.551135
0.586621
0.624428
0.664792
0.707962
0.754201
0.803774
0.856945
0.913968
0.975058
1.04038
1.11
1.18386
1.26168
1.34293
1.42668
1.51153
1.59542
1.67556
1.74827
1.8089
1.85192
1.87202
1.86354
1.81168
1.70786
-1.65415
-1.76676
-1.81736
-1.81727
-1.78543
-1.72992
-1.65776
-1.57556
-1.48846
-1.40023
-1.31347
-1.22987
-1.15046
-1.07576
-1.00596
-0.940995
-0.880678
-0.82473
-0.772829
-0.724641
-0.679831
-0.638076
-0.599073
-0.562541
-0.528226
-0.495898
-0.465352
-0.436401
-0.40888
-0.38264
-0.357549
-0.333489
-0.310355
-0.288049
-0.266484
-0.245585
-0.225281
-0.205509
-0.18621
-0.167327
-0.148812
-0.130619
-0.112707
-0.095038
-0.0775736
-0.0602788
-0.0431195
-0.0260626
-0.00907508
0.00787678
0.0248268
0.0418081
0.0588527
0.0759931
0.0932636
0.110701
0.128346
0.14624
0.164426
0.182952
0.201866
0.221225
0.241089
0.261525
0.282607
0.304417
0.327044
0.350589
0.37516
0.400882
0.427892
0.456342
0.486403
0.518265
0.55214
0.588261
0.626883
0.668287
0.712777
0.76068
0.812346
0.868139
0.928431
0.993584
1.06393
1.13974
1.22116
1.30816
1.40046
1.49734
1.59756
1.69911
1.799
1.89306
1.97562
2.03958
2.07748
2.08082
2.02968
1.91213
-1.87847
-2.00796
-2.05541
-2.03787
-1.98195
-1.89974
-1.80092
-1.69386
-1.58465
-1.47734
-1.37451
-1.27762
-1.18736
-1.10389
-1.02707
-0.956524
-0.891803
-0.832401
-0.777813
-0.727551
-0.681153
-0.638197
-0.598299
-0.561114
-0.526336
-0.493694
-0.462949
-0.433888
-0.406325
-0.380097
-0.355059
-0.331081
-0.308049
-0.285858
-0.26442
-0.243652
-0.223484
-0.203849
-0.184685
-0.165937
-0.147554
-0.12949
-0.111704
-0.0941565
-0.0768105
-0.0596306
-0.0425827
-0.0256338
-0.00875097
0.00809879
0.0249485
0.0418303
0.0587763
0.0758191
0.0929937
0.110337
0.127889
0.14569
0.163783
0.182217
0.201041
0.220312
0.24009
0.260443
0.281446
0.303183
0.325748
0.349243
0.373785
0.399504
0.426544
0.455068
0.485262
0.517331
0.551509
0.588057
0.627263
0.669451
0.714982
0.764249
0.81769
0.875776
0.939013
1.00793
1.08306
1.16491
1.25393
1.35041
1.45443
1.56568
1.68324
1.80536
1.92912
2.04996
2.16126
2.25405
2.31807
2.34067
2.29402
2.16026
-2.15868
-2.3074
-2.34477
-2.29827
-2.20646
-2.08713
-1.95327
-1.81509
-1.67934
-1.55006
-1.42942
-1.31832
-1.21686
-1.12467
-1.0411
-0.965389
-0.896747
-0.834401
-0.777632
-0.725779
-0.678248
-0.63451
-0.5941
-0.556611
-0.521685
-0.489011
-0.458321
-0.429377
-0.401977
-0.375943
-0.351119
-0.327366
-0.304564
-0.282605
-0.261396
-0.240854
-0.220905
-0.201482
-0.182523
-0.163971
-0.145778
-0.127896
-0.110285
-0.0929048
-0.0757195
-0.0586939
-0.0417942
-0.0249881
-0.00824363
0.00847086
0.0251871
0.0419367
0.0587516
0.0756649
0.0927109
0.109926
0.127348
0.145018
0.162979
0.181278
0.199966
0.219098
0.238736
0.258947
0.279805
0.301396
0.323817
0.347173
0.371584
0.397183
0.424123
0.452576
0.482734
0.514822
0.549089
0.585821
0.625338
0.668003
0.714229
0.764479
0.819276
0.879202
0.944906
1.0171
1.09654
1.18403
1.28037
1.38629
1.50238
1.62891
1.76559
1.91126
2.06342
2.21756
2.36631
2.49878
2.60127
2.65522
2.62056
2.46864
-2.52005
-2.68778
-2.701
-2.6066
-2.46138
-2.29078
-2.11139
-1.93488
-1.76806
-1.61422
-1.47452
-1.34885
-1.23641
-1.13601
-1.04639
-0.966277
-0.894485
-0.829937
-0.771676
-0.718863
-0.670767
-0.626758
-0.586292
-0.5489
-0.514182
-0.481793
-0.451435
-0.422855
-0.395836
-0.370187
-0.345746
-0.322368
-0.299929
-0.278319
-0.257445
-0.237221
-0.217575
-0.19844
-0.179753
-0.161461
-0.143513
-0.125865
-0.108475
-0.0913064
-0.0743226
-0.0574892
-0.0407735
-0.0241443
-0.00757166
0.00897437
0.0255245
0.0421102
0.058763
0.0755149
0.092399
0.109451
0.126707
0.144208
0.161995
0.180116
0.198621
0.217564
0.237005
0.25701
0.277654
0.299024
0.321215
0.344336
0.368506
0.393864
0.420564
0.448783
0.478725
0.510621
0.544737
0.581378
0.620889
0.663672
0.710183
0.760949
0.816573
0.877748
0.945267
1.02002
1.10303
1.19542
1.29839
1.41323
1.54119
1.68335
1.84043
2.01233
2.19758
2.39244
2.58951
2.77637
2.93553
3.04057
3.0328
2.86365
-3.00601
-3.18343
-3.14426
-2.97087
-2.74665
-2.50608
-2.2687
-2.04632
-1.84436
-1.66422
-1.50518
-1.36551
-1.24307
-1.13566
-1.04122
-0.957895
-0.884053
-0.818295
-0.759425
-0.706431
-0.658453
-0.614768
-0.574763
-0.537921
-0.503802
-0.472036
-0.442309
-0.414353
-0.387939
-0.362874
-0.338989
-0.316137
-0.294195
-0.273052
-0.252616
-0.232804
-0.213542
-0.194767
-0.176418
-0.158444
-0.140796
-0.12343
-0.106307
-0.0893915
-0.0726476
-0.0560425
-0.039545
-0.0231263
-0.00675847
0.00958717
0.0259405
0.0423318
0.0587916
0.0753506
0.0920408
0.108895
0.125949
0.143241
0.160814
0.178713
0.196987
0.215687
0.234873
0.254609
0.274969
0.296038
0.317912
0.340696
0.364512
0.389498
0.415808
0.443623
0.473149
0.504626
0.538327
0.574571
0.613725
0.656215
0.702535
0.753265
0.809079
0.870768
0.939258
1.01563
1.10114
1.19726
1.30566
1.42823
1.56706
1.72433
1.90212
2.10203
2.32455
2.56793
2.82621
3.08678
3.3291
3.51744
3.56614
3.39037
-3.69525
-3.8465
-3.69815
-3.39541
-3.05608
-2.72234
-2.4136
-2.13872
-1.89923
-1.69283
-1.5158
-1.36404
-1.23369
-1.1213
-1.02391
-0.939034
-0.864594
-0.798879
-0.740476
-0.688219
-0.641144
-0.598453
-0.559481
-0.523675
-0.490574
-0.459791
-0.431003
-0.403935
-0.378358
-0.354074
-0.330916
-0.308742
-0.287428
-0.266869
-0.246972
-0.227659
-0.208861
-0.190515
-0.172568
-0.154967
-0.137668
-0.120631
-0.103818
-0.0871937
-0.0707257
-0.0543831
-0.0381372
-0.0219612
-0.00582917
0.010286
0.0264126
0.04258
0.0588174
0.0751535
0.0916172
0.10824
0.125056
0.142102
0.159419
0.177052
0.195046
0.21345
0.232322
0.251724
0.271728
0.292415
0.313879
0.336224
0.359567
0.384044
0.409807
0.437037
0.465939
0.496752
0.529755
0.565271
0.603679
0.64542
0.691015
0.741078
0.796337
0.857661
0.926085
1.00285
1.08945
1.18767
1.29965
1.42795
1.57559
1.74605
1.94321
2.17111
2.43341
2.73214
3.06541
3.42366
3.78644
4.10998
4.27402
4.1301
-4.73091
-4.75252
-4.38511
-3.87479
-3.37234
-2.91941
-2.52763
-2.19694
-1.92097
-1.69139
-1.5001
-1.34
-1.20517
-1.0908
-0.993014
-0.908732
-0.835488
-0.77131
-0.714617
-0.664133
-0.618824
-0.577848
-0.540514
-0.506255
-0.474602
-0.445167
-0.417627
-0.391713
-0.367197
-0.343888
-0.321627
-0.300275
-0.279716
-0.259848
-0.240586
-0.221857
-0.203595
-0.185745
-0.168256
-0.15108
-0.134178
-0.117512
-0.101046
-0.0847492
-0.0685912
-0.0525436
-0.0365802
-0.0206769
-0.00481012
0.0110457
0.026918
0.0428341
0.0588205
0.0749033
0.0911091
0.107467
0.12401
0.140773
0.157795
0.175117
0.192782
0.210839
0.229338
0.248341
0.267916
0.28814
0.309102
0.330901
0.35365
0.377479
0.402535
0.428992
0.457051
0.486947
0.518954
0.553393
0.590642
0.631145
0.675432
0.724131
0.778
0.837953
0.9051
0.9808
1.06672
1.16491
1.27794
1.40898
1.562
1.74191
1.9547
2.20755
2.5086
2.86616
3.28644
3.76919
4.30188
4.84094
5.23317
5.22947
-6.37135
-6.00084
-5.21733
-4.38879
-3.66499
-3.06777
-2.58695
-2.20346
-1.89745
-1.65182
-1.45292
-1.29021
-1.15566
-1.04317
-0.948102
-0.866919
-0.796882
-0.735862
-0.682191
-0.634548
-0.591878
-0.553334
-0.518229
-0.486007
-0.45621
-0.428465
-0.402461
-0.377941
-0.354691
-0.332533
-0.311317
-0.290915
-0.271219
-0.252138
-0.233593
-0.215518
-0.197856
-0.180556
-0.163574
-0.146867
-0.1304
-0.114139
-0.098054
-0.0821151
-0.0662954
-0.0505698
-0.0349155
-0.0193109
-0.0037341
0.0118387
0.0274326
0.0430728
0.0587829
0.0745857
0.0905056
0.10657
0.122808
0.139255
0.155946
0.172917
0.190211
0.20787
0.225944
0.244488
0.263567
0.283252
0.303625
0.324779
0.346819
0.369866
0.394061
0.419567
0.446575
0.475308
0.50603
0.539049
0.574731
0.613507
0.655897
0.702522
0.754136
0.811659
0.876227
0.949245
1.03248
1.12815
1.23911
1.36902
1.52265
1.70623
1.92796
2.19858
2.53194
2.94536
3.45894
4.09202
4.8545
5.72225
6.54351
6.95037
-9.19322
-7.71446
-6.14676
-4.86423
-3.86773
-3.11611
-2.55597
-2.13532
-1.81455
-1.5658
-1.3696
-1.21225
-1.08406
-0.978103
-0.889322
-0.813984
-0.749288
-0.693098
-0.643771
-0.60002
-0.560832
-0.525401
-0.49308
-0.463348
-0.435781
-0.410032
-0.385818
-0.362906
-0.3411
-0.320242
-0.300197
-0.280852
-0.262111
-0.243894
-0.226132
-0.20877
-0.191757
-0.175052
-0.158615
-0.142412
-0.126411
-0.110585
-0.0949053
-0.079348
-0.0638895
-0.0485083
-0.0331845
-0.0178992
-0.00263261
0.0126372
0.0279328
0.0432759
0.0586872
0.0741871
0.089797
0.105542
0.12145
0.137551
0.153878
0.170465
0.187348
0.204567
0.222167
0.240199
0.25872
0.277796
0.2975
0.317917
0.339142
0.361286
0.384477
0.408865
0.434625
0.461965
0.491128
0.5224
0.556122
0.592699
0.632618
0.676466
0.724961
0.778981
0.839626
0.908269
0.986655
1.07703
1.18231
1.30637
1.45443
1.63361
1.85382
2.12906
2.47921
2.93264
3.5297
4.32356
5.36868
6.70447
8.32986
9.87526
-14.6998
-9.96449
-6.82771
-4.98189
-3.75478
-2.91611
-2.33967
-1.93155
-1.63228
-1.40614
-1.23083
-1.09181
-0.979392
-0.886882
-0.809565
-0.744022
-0.687724
-0.638766
-0.595691
-0.557369
-0.522911
-0.491616
-0.462923
-0.436383
-0.411631
-0.388373
-0.366367
-0.345416
-0.325357
-0.306057
-0.287406
-0.26931
-0.25169
-0.234483
-0.217633
-0.201097
-0.184835
-0.168815
-0.153006
-0.13738
-0.121914
-0.106583
-0.091368
-0.0762472
-0.061202
-0.0462154
-0.0312706
-0.0163514
-0.00144073
0.0134803
0.0284311
0.0434299
0.0584939
0.0736406
0.0888892
0.104262
0.119782
0.135478
0.151378
0.16751
0.183906
0.200603
0.217638
0.235055
0.252905
0.271243
0.290134
0.309651
0.329874
0.350902
0.372845
0.395834
0.420022
0.44559
0.472752
0.501758
0.532908
0.566556
0.603131
0.643151
0.687248
0.736201
0.790981
0.852813
0.923258
1.00434
1.0987
1.20993
1.34293
1.50458
1.70487
1.9587
2.28892
2.73197
3.34846
4.23472
5.52115
7.44
10.6662
15.5119
-23.9827
-12.1676
-6.55153
-4.26846
-3.05993
-2.32847
-1.86533
-1.55258
-1.32757
-1.15814
-1.02632
-0.921113
-0.835375
-0.764263
-0.704349
-0.653142
-0.608782
-0.569862
-0.535295
-0.504235
-0.476014
-0.450104
-0.426083
-0.403613
-0.38242
-0.362283
-0.343023
-0.324495
-0.306581
-0.289184
-0.272225
-0.255638
-0.239369
-0.223373
-0.207614
-0.192064
-0.176696
-0.16149
-0.146425
-0.131483
-0.116649
-0.101906
-0.0872403
-0.0726364
-0.0580813
-0.0435623
-0.029067
-0.0145828
-9.58392e-05
0.014409
0.0289469
0.0435325
0.0581795
0.072902
0.0877159
0.10264
0.117693
0.132899
0.14828
0.16386
0.179665
0.195724
0.212067
0.228731
0.245755
0.263183
0.281068
0.299465
0.318442
0.338074
0.358451
0.379677
0.401874
0.425188
0.449789
0.475877
0.503691
0.533512
0.565679
0.600602
0.638776
0.680809
0.727456
0.779662
0.838616
0.905854
0.983369
1.07382
1.18085
1.30955
1.46737
1.66574
1.9232
2.27258
2.77744
3.5588
4.83499
7.21344
12.9463
24.884
)
;

boundaryField
{
    movingWall
    {
        type            zeroGradient;
    }
    fixedWalls
    {
        type            zeroGradient;
    }
    frontAndBack
    {
        type            empty;
    }
}


// ************************************************************************* //
