/*--------------------------------*- C++ -*----------------------------------*\
| =========                 |                                                 |
| \\      /  F ield         | OpenFOAM: The Open Source CFD Toolbox           |
|  \\    /   O peration     | Version:  2212                                  |
|   \\  /    A nd           | Website:  www.openfoam.com                      |
|    \\/     M anipulation  |                                                 |
\*---------------------------------------------------------------------------*/
FoamFile
{
    version     2.0;
    format      ascii;
    arch        "LSB;label=32;scalar=64";
    class       volScalarField;
    location    "0.0105";
    object      p;
}
// * * * * * * * * * * * * * * * * * * * * * * * * * * * * * * * * * * * * * //

dimensions      [0 2 -2 0 0 0 0];

internalField   nonuniform List<scalar> 
10000
(
-1.40119e-07
-4.24836e-05
-0.000301333
-0.00071309
-0.00125925
-0.00191894
-0.00264778
-0.00340185
-0.00414278
-0.00483868
-0.00546471
-0.0060011
-0.00643255
-0.00674679
-0.00693315
-0.0069844
-0.00689651
-0.00666553
-0.00628741
-0.00575973
-0.00508119
-0.00425252
-0.00327686
-0.00215856
-0.000901546
0.000490032
0.00201137
0.003658
0.00542667
0.00731451
0.00931738
0.0114297
0.0136453
0.015958
0.0183626
0.0208549
0.0234317
0.0260895
0.028823
0.0316266
0.0344943
0.0374209
0.040402
0.043432
0.0465052
0.0496157
0.0527564
0.0559203
0.059101
0.0622925
0.0654891
0.0686847
0.0718721
0.0750443
0.0781956
0.0813208
0.0844143
0.0874697
0.0904798
0.0934376
0.0963373
0.0991734
0.101941
0.104635
0.107252
0.109786
0.112234
0.114589
0.116846
0.119
0.121047
0.12298
0.124793
0.12648
0.128033
0.12945
0.130727
0.13186
0.132847
0.133681
0.134361
0.134883
0.135248
0.135457
0.135514
0.135421
0.135185
0.134813
0.134315
0.133701
0.132984
0.132183
0.131321
0.130428
0.129541
0.128702
0.127966
0.127396
0.127068
0.127014
7.25145e-05
0.000130694
-3.82002e-05
-0.000358623
-0.000801902
-0.00134603
-0.00195053
-0.00257691
-0.00319233
-0.00376989
-0.00428611
-0.00472256
-0.00506581
-0.00530356
-0.00542575
-0.00542508
-0.00529515
-0.00503134
-0.00463076
-0.00409056
-0.0034087
-0.00258538
-0.00162264
-0.00052345
0.000709028
0.00207129
0.00355906
0.00516809
0.00689471
0.00873546
0.0106865
0.0127436
0.014902
0.0171559
0.0194995
0.0219285
0.0244393
0.027029
0.0296935
0.0324272
0.0352242
0.038079
0.0409859
0.0439402
0.0469371
0.0499712
0.0530357
0.0561232
0.0592266
0.0623404
0.0654589
0.068576
0.0716853
0.0747804
0.0778553
0.0809039
0.0839206
0.0868989
0.0898323
0.0927149
0.095541
0.0983051
0.101002
0.103626
0.106174
0.108643
0.111027
0.11332
0.115518
0.117617
0.11961
0.121494
0.123262
0.124908
0.126426
0.127812
0.129064
0.130178
0.131151
0.13198
0.132662
0.133197
0.133584
0.133826
0.133926
0.133889
0.13372
0.133428
0.133023
0.132515
0.131917
0.131247
0.130527
0.129785
0.129051
0.128362
0.12776
0.127291
0.127012
0.126961
0.000465117
0.000522066
0.000372391
8.54709e-05
-0.000309618
-0.000789469
-0.00131831
-0.00186186
-0.0023934
-0.00288902
-0.00332754
-0.00369281
-0.00397099
-0.00415133
-0.00422553
-0.0041851
-0.00402299
-0.00373414
-0.003315
-0.00276297
-0.00207671
-0.00125565
-0.000301341
0.000783697
0.00199694
0.00333551
0.00479594
0.00637483
0.00806862
0.00987304
0.0117839
0.0137973
0.0159095
0.0181157
0.0204102
0.0227886
0.0252474
0.0277832
0.0303921
0.0330691
0.0358087
0.0386052
0.0414527
0.0443461
0.0472815
0.0502535
0.0532556
0.0562808
0.0593225
0.0623744
0.0654308
0.0684855
0.0715322
0.0745651
0.0775787
0.0805665
0.0835216
0.0864379
0.0893098
0.0921319
0.0948988
0.0976053
0.100246
0.102816
0.105311
0.107727
0.110061
0.112305
0.114456
0.11651
0.118462
0.120307
0.122039
0.123653
0.125144
0.126508
0.127741
0.12884
0.129803
0.130627
0.131311
0.131855
0.132261
0.13253
0.132666
0.132673
0.132557
0.132326
0.13199
0.131559
0.131047
0.13047
0.129847
0.129204
0.128567
0.127967
0.127436
0.12701
0.126732
0.126634
0.00118627
0.00113913
0.000939717
0.000630396
0.000235831
-0.000222268
-0.000713215
-0.00121023
-0.00168918
-0.0021297
-0.00251535
-0.00283006
-0.00306101
-0.00319922
-0.00323613
-0.00316435
-0.00297742
-0.00266918
-0.00223534
-0.00167357
-0.000982591
-0.000162086
0.000786738
0.00186181
0.00306054
0.00437997
0.0058175
0.00737082
0.00903696
0.0108117
0.0126906
0.0146695
0.016744
0.0189099
0.021163
0.0234996
0.025916
0.028408
0.0309711
0.0336009
0.0362918
0.0390387
0.0418363
0.0446794
0.0475637
0.0504838
0.0534331
0.0564054
0.0593953
0.0623966
0.0654023
0.0684058
0.0714012
0.0743828
0.0773451
0.0802818
0.0831861
0.0860514
0.0888727
0.0916451
0.0943635
0.0970225
0.0996172
0.102143
0.104596
0.106971
0.109263
0.111468
0.113581
0.115599
0.117517
0.11933
0.121034
0.122623
0.124091
0.125436
0.126655
0.127743
0.128697
0.129517
0.130203
0.130756
0.131179
0.131471
0.131637
0.131679
0.131604
0.131419
0.131134
0.130759
0.130307
0.129793
0.129235
0.128654
0.128072
0.127515
0.127008
0.126582
0.126262
0.126066
0.00210489
0.00189939
0.00160851
0.00124949
0.000831812
0.000374079
-0.00010085
-0.000570716
-0.00101473
-0.00141682
-0.00176221
-0.00203765
-0.00223253
-0.00233724
-0.00234355
-0.00224523
-0.00203629
-0.00171087
-0.0012644
-0.000694477
3.25015e-07
0.00081998
0.00176369
0.00282997
0.00401624
0.00531959
0.00673774
0.00826851
0.00990919
0.0116564
0.0135064
0.0154547
0.017496
0.0196261
0.021842
0.0241405
0.0265182
0.0289707
0.031493
0.0340802
0.0367269
0.039428
0.0421793
0.0449767
0.0478147
0.0506875
0.0535891
0.0565139
0.0594566
0.0624114
0.0653714
0.0683291
0.0712786
0.0742146
0.0771309
0.0800209
0.0828784
0.0856981
0.0884748
0.0912031
0.093878
0.0964949
0.0990494
0.101536
0.103952
0.10629
0.108547
0.110716
0.112795
0.114781
0.116669
0.118456
0.120134
0.1217
0.12315
0.124478
0.125682
0.126759
0.127707
0.128524
0.129213
0.129776
0.130213
0.130526
0.130716
0.130788
0.130746
0.1306
0.130356
0.130026
0.12962
0.129154
0.128642
0.128101
0.12755
0.12701
0.126502
0.126049
0.125658
0.12533
0.00311928
0.00273354
0.00233257
0.00190867
0.0014528
0.00097817
0.000503562
4.58571e-05
-0.000379254
-0.000756689
-0.00107394
-0.001321
-0.00148853
-0.00156766
-0.00155077
-0.00143138
-0.00120393
-0.000863535
-0.000405946
0.000171316
0.000869335
0.00168819
0.00262723
0.00368503
0.00485954
0.00614878
0.00755069
0.00906252
0.0106814
0.0124044
0.0142283
0.0161487
0.0181606
0.0202599
0.0224436
0.0247088
0.0270516
0.0294684
0.0319543
0.0345034
0.0371106
0.0397715
0.0424817
0.0452374
0.0480336
0.0508642
0.0537234
0.0566065
0.0595081
0.0624213
0.0653392
0.0682559
0.0711652
0.0740606
0.076936
0.079785
0.0826015
0.0853804
0.0881174
0.0908072
0.0934444
0.0960244
0.0985433
0.100996
0.103379
0.105685
0.10791
0.11005
0.1121
0.114058
0.115921
0.117683
0.119339
0.120886
0.122318
0.123631
0.124823
0.12589
0.126832
0.127649
0.128342
0.128913
0.129363
0.129692
0.129902
0.129997
0.129983
0.129867
0.129656
0.12936
0.128989
0.128555
0.128072
0.127553
0.127014
0.12647
0.125941
0.125443
0.124964
0.124487
0.00417033
0.00360285
0.00308398
0.00258639
0.00207944
0.00157439
0.00108674
0.000627445
0.000208926
-0.000156111
-0.000457515
-0.000686428
-0.000834684
-0.000895277
-0.000861307
-0.000726136
-0.000484478
-0.000132015
0.000334575
0.000917812
0.00161855
0.0024369
0.00337206
0.00442241
0.00558655
0.00686315
0.00825052
0.0097461
0.0113469
0.0130501
0.0148517
0.0167474
0.0187334
0.0208062
0.0229626
0.0251994
0.0275127
0.0298982
0.0323517
0.0348674
0.0374401
0.040066
0.0427415
0.0454614
0.0482205
0.051014
0.0538368
0.0566837
0.0595491
0.0624262
0.0653078
0.0681879
0.0710613
0.0739216
0.0767616
0.079575
0.0823563
0.0851008
0.0878038
0.0904599
0.093064
0.0956123
0.0981009
0.100525
0.102878
0.105157
0.107356
0.109471
0.111498
0.113434
0.115275
0.117016
0.118653
0.120181
0.121598
0.122898
0.12408
0.12514
0.126079
0.126897
0.127594
0.128172
0.128631
0.128972
0.129197
0.129311
0.129318
0.129225
0.129039
0.128767
0.128419
0.128004
0.127535
0.127023
0.126479
0.125917
0.125351
0.124795
0.124217
0.123586
0.00521624
0.00447506
0.00383812
0.00326065
0.00269508
0.00214996
0.00163726
0.00116558
0.00074395
0.000381087
8.56936e-05
-0.000134019
-0.000271076
-0.00031952
-0.000273298
-0.000126453
0.000125832
0.00048748
0.000961154
0.00154872
0.00225116
0.00306858
0.00399999
0.00504405
0.00619978
0.00746585
0.00884047
0.0103219
0.0119077
0.0135942
0.0153773
0.0172526
0.0192167
0.0212671
0.0234004
0.025613
0.0279015
0.030261
0.0326864
0.035173
0.0377166
0.0403132
0.0429588
0.0456485
0.0483768
0.0511388
0.0539304
0.0567464
0.0595806
0.0624259
0.0652759
0.0681252
0.070968
0.0737974
0.0766068
0.0793904
0.0821427
0.0848584
0.0875327
0.0901603
0.0927363
0.0952574
0.0977202
0.100119
0.102449
0.104705
0.106883
0.108978
0.110986
0.112904
0.114728
0.116451
0.11807
0.119584
0.120987
0.122277
0.123451
0.124508
0.125446
0.126265
0.126965
0.127548
0.128014
0.128364
0.128601
0.128729
0.128753
0.128678
0.128509
0.128252
0.127915
0.127508
0.127041
0.126523
0.125964
0.125371
0.124758
0.124135
0.123454
0.122671
0.00622617
0.00532322
0.00457046
0.00391146
0.00328349
0.00269099
0.00214513
0.00165234
0.00121829
0.000849441
0.000552842
0.000335012
0.000202108
0.000160025
0.000213992
0.000368817
0.000628786
0.000997068
0.00147606
0.00206691
0.00277032
0.00358608
0.00451356
0.00555207
0.00670079
0.00795832
0.00932285
0.0107929
0.0123661
0.0140386
0.0158062
0.0176652
0.019612
0.0216439
0.0237582
0.0259511
0.0282185
0.030556
0.0329585
0.0354211
0.0379405
0.0405133
0.0431345
0.0457987
0.0485014
0.0512383
0.0540045
0.0567943
0.0596015
0.06242
0.0652437
0.068067
0.070884
0.0736879
0.0764723
0.0792317
0.0819603
0.0846527
0.0873036
0.0899079
0.092461
0.0949599
0.0974015
0.0997803
0.102091
0.104329
0.106491
0.108571
0.110565
0.112468
0.114277
0.115986
0.117592
0.119093
0.120487
0.121769
0.122939
0.123993
0.124931
0.125752
0.126455
0.127041
0.127512
0.127869
0.128115
0.128254
0.12829
0.128227
0.128068
0.127817
0.127484
0.127076
0.126602
0.126069
0.125483
0.124852
0.124185
0.12349
0.122706
0.121776
0.00717654
0.00612408
0.0052611
0.00452121
0.00382748
0.00318414
0.00260004
0.00207883
0.00162475
0.00124312
0.000939033
0.000717304
0.000583454
0.00054298
0.000600532
0.000760029
0.0010249
0.0013976
0.00188003
0.00247309
0.00317684
0.00399081
0.00491477
0.00594849
0.00709108
0.00834163
0.00969879
0.0111604
0.0127237
0.0143849
0.01614
0.0179859
0.0199195
0.0219374
0.0240365
0.0262137
0.0284643
0.0307835
0.0331672
0.0356114
0.0381124
0.040666
0.0432675
0.0459117
0.0485944
0.0513113
0.0540573
0.056826
0.0596115
0.0624082
0.0652104
0.0680127
0.0708092
0.0735929
0.0763579
0.0790987
0.0818092
0.0844834
0.0871161
0.0897024
0.0922382
0.0947204
0.0971456
0.0995088
0.101805
0.10403
0.10618
0.108248
0.110231
0.112124
0.113921
0.11562
0.117216
0.11871
0.120097
0.121375
0.122541
0.123595
0.124533
0.125355
0.12606
0.126649
0.127124
0.127487
0.12774
0.127887
0.12793
0.127873
0.127716
0.127465
0.127128
0.126712
0.126224
0.125668
0.125049
0.124372
0.123647
0.122879
0.121995
0.120927
0.00804821
0.00685932
0.00589315
0.00507315
0.00431327
0.00361673
0.00299033
0.00243603
0.00195681
0.00155654
0.00123928
0.00100917
0.000870566
0.000827988
0.000885711
0.00104706
0.00131434
0.0016896
0.0021739
0.00276775
0.00347099
0.00428335
0.00520463
0.00623457
0.00737248
0.00861774
0.00996959
0.0114253
0.0129812
0.014634
0.0163803
0.0182165
0.0201399
0.0221476
0.0242361
0.0264013
0.0286388
0.0309443
0.0333139
0.0357443
0.0382316
0.0407711
0.0433578
0.0459872
0.0486551
0.0513571
0.0540876
0.0568401
0.0596091
0.0623896
0.0651758
0.0679623
0.0707432
0.0735121
0.0762631
0.0789907
0.0816883
0.0843495
0.0869692
0.0895431
0.092067
0.0945378
0.0969518
0.099304
0.10159
0.103806
0.105947
0.108008
0.109983
0.111868
0.113659
0.115351
0.116942
0.118431
0.119814
0.12109
0.122254
0.123307
0.124246
0.125068
0.125775
0.126367
0.126847
0.127214
0.127472
0.127623
0.127669
0.127611
0.127452
0.127196
0.12685
0.126421
0.125912
0.125328
0.12467
0.123945
0.123159
0.122318
0.121337
0.120141
0.00882714
0.00751351
0.00645024
0.00555401
0.00472874
0.0039769
0.00330547
0.00271518
0.00220722
0.00178405
0.00144944
0.00120723
0.00106063
0.00101318
0.00106841
0.00122904
0.00149679
0.0018729
0.00235778
0.00295129
0.0036534
0.00446432
0.0053836
0.0064108
0.00754597
0.00878845
0.0101367
0.0115883
0.0131395
0.0147869
0.0165273
0.0183577
0.0202748
0.0222758
0.0243571
0.0265143
0.0287429
0.0310391
0.0333997
0.0358213
0.0382992
0.0408288
0.0434055
0.0460252
0.0486836
0.0513756
0.0540952
0.0568364
0.0595945
0.0623643
0.0651399
0.0679157
0.0706862
0.0734455
0.0761876
0.0789069
0.0815963
0.0842494
0.0868617
0.0894288
0.0919463
0.0944108
0.0968185
0.0991643
0.101444
0.103654
0.10579
0.107846
0.109817
0.111698
0.113486
0.115176
0.116766
0.118254
0.119636
0.12091
0.122074
0.123126
0.124065
0.12489
0.125599
0.126195
0.126678
0.127049
0.127309
0.127459
0.127503
0.127441
0.127276
0.127011
0.126653
0.126206
0.125672
0.125054
0.124355
0.123578
0.122732
0.12182
0.120747
0.119432
0.00950261
0.00807351
0.00691991
0.00595129
0.00506175
0.00425454
0.00353673
0.00290806
0.00236873
0.00192031
0.00156568
0.00130831
0.00115103
0.00109646
0.00114705
0.00130484
0.00157136
0.00194669
0.00243078
0.00302345
0.0037245
0.004534
0.00545189
0.00647786
0.00761201
0.00885378
0.0102008
0.0116501
0.0131989
0.0148439
0.0165818
0.0184096
0.0203244
0.0223226
0.0244004
0.0265533
0.0287773
0.0310693
0.0334259
0.035843
0.0383159
0.04084
0.0434115
0.0460265
0.04868
0.0513665
0.0540802
0.0568157
0.0595683
0.0623328
0.065103
0.0678733
0.0706387
0.0733935
0.0761316
0.0788471
0.0815329
0.0841831
0.0867934
0.0893592
0.0918758
0.0943391
0.0967452
0.0990891
0.101367
0.103575
0.105709
0.107763
0.109732
0.111614
0.113403
0.115096
0.116689
0.118178
0.119561
0.120835
0.121999
0.123053
0.123994
0.124821
0.125533
0.126132
0.126618
0.12699
0.12725
0.127397
0.127436
0.127368
0.127194
0.126918
0.126543
0.126074
0.125511
0.124858
0.124115
0.123286
0.12238
0.121399
0.120239
0.118813
0.0100654
0.00853031
0.00729204
0.00625348
0.00530209
0.00444076
0.00367605
0.00300746
0.00243519
0.0019601
0.00158385
0.00130935
0.00113927
0.0010755
0.00111971
0.00127312
0.00153654
0.00190967
0.00239192
0.0029833
0.00368366
0.00449234
0.00540955
0.00643596
0.00757112
0.00881351
0.010161
0.0116107
0.0131597
0.0148051
0.0165437
0.0183726
0.0202887
0.0222879
0.024366
0.0265188
0.028743
0.0310356
0.0333927
0.0358096
0.0382818
0.0408053
0.0433765
0.0459913
0.0486443
0.05133
0.0540432
0.0567785
0.0595313
0.0622959
0.0650658
0.067836
0.0706018
0.0733572
0.0760961
0.0788125
0.0814996
0.0841521
0.0867658
0.0893358
0.0918566
0.0943236
0.0967329
0.0990795
0.101359
0.10357
0.105705
0.107761
0.109733
0.111619
0.113414
0.115113
0.11671
0.118204
0.11959
0.120867
0.122033
0.12309
0.124034
0.124865
0.125581
0.126182
0.126669
0.127041
0.127297
0.12744
0.127473
0.127397
0.127212
0.126921
0.126527
0.126032
0.125438
0.124747
0.12396
0.123079
0.122114
0.121066
0.119824
0.118295
0.0105082
0.00887583
0.00755761
0.00645261
0.00544152
0.00452721
0.00371624
0.00300756
0.0024014
0.00189846
0.00149965
0.0012069
0.00102239
0.000947689
0.000984
0.00113173
0.00139037
0.00176002
0.00224015
0.00283002
0.00352943
0.00433831
0.00525674
0.00628499
0.00742242
0.00866713
0.0100169
0.0114693
0.0130214
0.0146701
0.0164128
0.0182464
0.0201671
0.0221707
0.0242529
0.0264103
0.0286397
0.0309375
0.0332992
0.0357201
0.0381962
0.040724
0.0432998
0.0459189
0.048576
0.051266
0.0539841
0.056725
0.0594835
0.0622536
0.0650289
0.0678046
0.0705762
0.0733376
0.0760824
0.0788046
0.0814984
0.0841586
0.086781
0.0893602
0.0918898
0.0943653
0.0967826
0.0991368
0.101424
0.10364
0.105781
0.107843
0.109823
0.111717
0.11352
0.115227
0.116832
0.118331
0.119723
0.121005
0.122177
0.123239
0.124188
0.125022
0.125741
0.126343
0.12683
0.127199
0.127452
0.12759
0.127615
0.127529
0.127331
0.127022
0.126606
0.126084
0.125457
0.124727
0.123896
0.122965
0.121941
0.12083
0.119511
0.117887
0.0108252
0.00910238
0.00770999
0.00654202
0.00547305
0.0045071
0.00365102
0.00290297
0.00226265
0.00173108
0.0013088
0.000996818
0.000796844
0.000710073
0.000736823
0.000877139
0.00113033
0.0014959
0.00197337
0.00256189
0.00326096
0.00407104
0.00499226
0.00602393
0.00716492
0.00841363
0.0097679
0.0112252
0.012783
0.0144383
0.0161884
0.0180299
0.0199584
0.0219698
0.0240605
0.0262271
0.0284662
0.0307732
0.0331436
0.035573
0.0380579
0.0405949
0.04318
0.0458081
0.0484743
0.051174
0.0539027
0.0566546
0.0594241
0.0622052
0.0649917
0.0677789
0.070562
0.0733346
0.0760904
0.078824
0.0815298
0.0842031
0.0868392
0.089432
0.0919748
0.0944634
0.0968936
0.0992606
0.101559
0.103787
0.105938
0.108011
0.110001
0.111906
0.113721
0.115437
0.117051
0.11856
0.11996
0.121251
0.122431
0.123499
0.124453
0.125291
0.126011
0.126614
0.127099
0.127466
0.127715
0.127847
0.127864
0.127765
0.127552
0.127223
0.126783
0.126233
0.125573
0.124805
0.123929
0.122948
0.121869
0.120697
0.119306
0.117593
0.0110117
0.00920516
0.00774342
0.00651567
0.00539136
0.00437521
0.00347496
0.00268842
0.00201428
0.00145353
0.00100696
0.000675009
0.000458565
0.000358443
0.000374474
0.000506058
0.000753071
0.00111448
0.00158922
0.00217669
0.00287675
0.00368951
0.0046146
0.00565089
0.00679709
0.00805172
0.00941269
0.0108775
0.0124437
0.0141088
0.0158695
0.0177218
0.0196613
0.0216844
0.0237879
0.0259681
0.0282207
0.0305409
0.0329244
0.0353671
0.0378659
0.040417
0.0430158
0.0456578
0.0483384
0.0510535
0.0537982
0.0565663
0.0593519
0.0621495
0.064953
0.0677575
0.0705577
0.0733469
0.0761192
0.0788697
0.0815932
0.0842844
0.0869385
0.0895489
0.0921094
0.0946157
0.0970639
0.0994487
0.101765
0.104008
0.106175
0.108262
0.110267
0.112186
0.114014
0.115743
0.117369
0.118889
0.120302
0.121604
0.122794
0.123869
0.124829
0.125669
0.126391
0.126995
0.12748
0.127845
0.128089
0.128214
0.128221
0.128109
0.127878
0.127529
0.127064
0.126486
0.125793
0.124987
0.124068
0.123038
0.121905
0.120675
0.119215
0.11742
0.0110658
0.009181
0.00765319
0.0063687
0.00519184
0.00412724
0.00318345
0.00235876
0.00165135
0.00106132
0.000589606
0.000236841
3.0597e-06
-0.000111744
-0.000107527
1.51256e-05
0.000255465
0.00061239
0.00108487
0.00167241
0.00237486
0.00319162
0.00412164
0.00516388
0.00631719
0.00757989
0.00894989
0.010425
0.012003
0.0136809
0.015455
0.017321
0.0192751
0.0213141
0.0234345
0.0256322
0.0279021
0.0302396
0.0326408
0.035102
0.0376197
0.0401894
0.0428069
0.045468
0.0481685
0.0509043
0.0536699
0.0564591
0.0592661
0.0620857
0.0649118
0.0677391
0.0705617
0.073373
0.0761675
0.0789406
0.0816868
0.0844005
0.0870765
0.0897088
0.0922915
0.0948205
0.0972918
0.0996994
0.102038
0.104302
0.10649
0.108597
0.11062
0.112556
0.114399
0.116143
0.117785
0.119321
0.120748
0.122065
0.123266
0.12435
0.125315
0.12616
0.126885
0.127491
0.127977
0.12834
0.12858
0.128697
0.128692
0.128566
0.128317
0.127947
0.127458
0.126851
0.126125
0.125281
0.12432
0.123243
0.122058
0.120771
0.119246
0.117372
0.0109868
0.0090271
0.00743631
0.00609739
0.00486997
0.00375868
0.00277228
0.00190956
0.00116877
0.000549551
5.23267e-05
-0.000322471
-0.000574782
-0.000704864
-0.000713008
-0.000599595
-0.000365997
-1.32553e-05
0.000457938
0.00104694
0.00175288
0.0025746
0.00351095
0.00456094
0.00572337
0.00699644
0.00837826
0.00986689
0.0114598
0.0131535
0.0149439
0.0168271
0.0187998
0.0208588
0.0230001
0.0252188
0.0275098
0.0298692
0.0322932
0.0347779
0.0373192
0.0399125
0.0425538
0.0452396
0.0479655
0.0507269
0.0535183
0.0563334
0.0591672
0.0620143
0.0648684
0.0677236
0.0705739
0.0734128
0.0762351
0.0790362
0.0818101
0.0845507
0.087253
0.0899116
0.0925212
0.095078
0.0975773
0.100013
0.102379
0.10467
0.106883
0.109014
0.111059
0.113016
0.114878
0.116642
0.118303
0.119857
0.121303
0.122634
0.123848
0.124942
0.125916
0.126767
0.127498
0.128108
0.128595
0.128956
0.12919
0.129298
0.129282
0.129141
0.128875
0.128484
0.12797
0.127333
0.126574
0.125693
0.124691
0.123568
0.122332
0.12099
0.119402
0.117453
0.0107723
0.00874161
0.00709061
0.00569853
0.00442181
0.00326521
0.002237
0.00133641
0.000561992
-8.67908e-05
-0.000610023
-0.00100763
-0.00127932
-0.00142508
-0.00144561
-0.00134175
-0.00111453
-0.000764866
-0.000293705
0.000297757
0.00100806
0.00183591
0.00278028
0.00384004
0.00501377
0.0062999
0.00769677
0.00920223
0.0108131
0.0125254
0.0143353
0.0162396
0.0182352
0.0203181
0.0224838
0.0247273
0.027044
0.0294302
0.0318821
0.0343951
0.0369648
0.0395869
0.0422578
0.044974
0.0477305
0.0505225
0.0533445
0.056191
0.059057
0.061937
0.0648242
0.0677125
0.0705957
0.0734677
0.0763235
0.0791577
0.081964
0.0847362
0.0874696
0.0901593
0.0928009
0.0953902
0.0979223
0.10039
0.102788
0.105111
0.107355
0.109514
0.111586
0.113568
0.115455
0.117242
0.118925
0.120501
0.121965
0.123313
0.124541
0.125648
0.126631
0.127493
0.128231
0.128846
0.129334
0.129693
0.129921
0.130021
0.129993
0.129838
0.129554
0.129142
0.128602
0.127935
0.127143
0.126225
0.125182
0.124013
0.122728
0.121333
0.119685
0.117664
0.0104205
0.008322
0.00661317
0.00516935
0.00384372
0.00264243
0.00157312
0.000634761
-0.000173571
-0.000852568
-0.00140252
-0.00182322
-0.00211435
-0.00227602
-0.00230891
-0.00221417
-0.00199237
-0.00164456
-0.00117244
-0.000577772
0.000137915
0.000973464
0.00192769
0.00299925
0.00418687
0.00548921
0.00690443
0.00842965
0.0100612
0.0117952
0.0136286
0.0155582
0.0175805
0.0196909
0.0218847
0.0241572
0.0265045
0.0289226
0.0314071
0.0339532
0.0365566
0.0392132
0.0419197
0.0446717
0.0474642
0.0502919
0.0531501
0.0560336
0.0589375
0.0618557
0.064781
0.0677073
0.0706288
0.0735395
0.0764339
0.0793062
0.0821497
0.0849584
0.0877282
0.0904546
0.0931331
0.0957595
0.0983285
0.100833
0.103268
0.105627
0.107905
0.110099
0.112203
0.114214
0.116129
0.117943
0.119652
0.121251
0.122736
0.124102
0.125346
0.126468
0.127465
0.128339
0.129086
0.129706
0.130196
0.130553
0.130776
0.130868
0.130831
0.130662
0.130359
0.129924
0.129358
0.128661
0.127835
0.126881
0.125796
0.124583
0.123248
0.121801
0.120094
0.118004
0.00993088
0.00776539
0.00600032
0.00450637
0.00313211
0.00188596
0.000775995
-0.00019992
-0.00104266
-0.00175248
-0.00232937
-0.00277309
-0.00308352
-0.00326092
-0.00330576
-0.0032189
-0.00300128
-0.00265453
-0.00218076
-0.00158194
-0.000859444
-1.45123e-05
0.000951448
0.00203718
0.00324167
0.00456341
0.0059998
0.00754734
0.00920245
0.010962
0.0128228
0.0147817
0.0168341
0.0189756
0.0212015
0.0235079
0.0258906
0.0283454
0.0308672
0.0334514
0.036094
0.0387912
0.0415388
0.0443322
0.0471659
0.0500352
0.0529355
0.0558619
0.0588092
0.0617707
0.0647391
0.0677086
0.0706737
0.0736284
0.0765665
0.0794817
0.0823674
0.0852183
0.0880304
0.0907989
0.0935193
0.096187
0.0987969
0.101342
0.103817
0.106217
0.108536
0.110767
0.112908
0.114955
0.116903
0.118747
0.120484
0.122108
0.123616
0.125003
0.126267
0.127406
0.128421
0.129308
0.130065
0.130691
0.131183
0.131539
0.13176
0.131847
0.1318
0.131617
0.131295
0.130837
0.130243
0.129517
0.128657
0.127665
0.126539
0.12528
0.123898
0.1224
0.120635
0.118477
0.00930275
0.00706984
0.00524857
0.00370543
0.00228336
0.000992103
-0.000158944
-0.00117257
-0.0020499
-0.00279055
-0.00339417
-0.0038607
-0.00419017
-0.00438252
-0.00443816
-0.00435794
-0.00414362
-0.0037973
-0.00332104
-0.00271671
-0.00198581
-0.00112976
-0.000149872
0.000952858
0.00217726
0.00352106
0.00498097
0.00655351
0.00823562
0.0100245
0.0119167
0.013908
0.0159941
0.0181704
0.0204332
0.0227782
0.0252011
0.0276968
0.0302607
0.0328883
0.0355759
0.0383192
0.0411134
0.0439535
0.0468341
0.0497509
0.0526996
0.0556748
0.0586707
0.0616806
0.0646973
0.0677153
0.0707293
0.0737329
0.0767196
0.079683
0.0826167
0.0855158
0.0883761
0.0911924
0.0939594
0.0966727
0.0993277
0.101918
0.104439
0.106884
0.109246
0.111522
0.113704
0.11579
0.117775
0.119653
0.12142
0.123073
0.124607
0.126018
0.127305
0.128466
0.129499
0.130401
0.13117
0.131803
0.1323
0.132658
0.132879
0.132962
0.132906
0.132707
0.132366
0.131884
0.131264
0.130507
0.129613
0.128583
0.127415
0.126111
0.12468
0.123131
0.121309
0.119084
0.00853494
0.00623372
0.00435526
0.00276295
0.00129369
-4.29219e-05
-0.00123598
-0.00228767
-0.00319927
-0.00397039
-0.00460058
-0.00508956
-0.00543714
-0.00564324
-0.00570845
-0.00563419
-0.00542259
-0.00507577
-0.00459575
-0.00398443
-0.00324345
-0.00237416
-0.00137761
-0.000254945
0.000991891
0.00235991
0.00384578
0.00544655
0.00715945
0.00898131
0.010908
0.0129352
0.0150586
0.0172744
0.0195787
0.0219669
0.0244339
0.0269751
0.029586
0.0322625
0.0350005
0.0377951
0.040641
0.043533
0.0464665
0.0494372
0.0524402
0.0554697
0.0585195
0.061583
0.0646536
0.0677256
0.0707936
0.073851
0.0768914
0.0799086
0.0828965
0.0858501
0.0887647
0.0916341
0.0944529
0.0972167
0.0999215
0.102562
0.105133
0.107627
0.110039
0.112362
0.11459
0.116719
0.118745
0.12066
0.122462
0.124147
0.125711
0.127151
0.128464
0.129649
0.130701
0.13162
0.132401
0.133045
0.133549
0.133913
0.134134
0.134213
0.134147
0.133934
0.133573
0.133068
0.132421
0.131634
0.130705
0.129635
0.128425
0.127075
0.125596
0.123997
0.122118
0.119826
0.00762566
0.00525538
0.00331852
0.0016759
0.000158943
-0.00122328
-0.00245876
-0.00354872
-0.00449444
-0.00529578
-0.00595216
-0.00646285
-0.00682737
-0.00704622
-0.00712036
-0.0070516
-0.00684192
-0.00649338
-0.00600817
-0.00538824
-0.00463511
-0.00374989
-0.00273381
-0.00158877
-0.000317441
0.00107711
0.00259204
0.00422471
0.00597199
0.00783003
0.00979447
0.0118612
0.0140264
0.0162863
0.0186365
0.0210719
0.0235875
0.0261789
0.0288421
0.0315727
0.034366
0.0372167
0.0401194
0.0430693
0.0460617
0.049092
0.052155
0.0552441
0.0583532
0.061476
0.0646061
0.0677378
0.0708649
0.0739812
0.0770808
0.0801579
0.0832064
0.0862207
0.0891952
0.0921234
0.0949994
0.0978194
0.10058
0.103276
0.105901
0.10845
0.110915
0.113289
0.115567
0.117744
0.119813
0.12177
0.123611
0.125332
0.12693
0.128402
0.129744
0.130955
0.132029
0.132966
0.133763
0.13442
0.134934
0.135304
0.135527
0.135602
0.135526
0.135299
0.134921
0.134394
0.13372
0.1329
0.131935
0.130826
0.129573
0.128177
0.126649
0.124999
0.123063
0.120703
0.00657232
0.00413264
0.00213622
0.000441365
-0.00112453
-0.00255258
-0.00383047
-0.004959
-0.00593909
-0.00677042
-0.00745223
-0.00798374
-0.00836471
-0.00859592
-0.00867869
-0.00861475
-0.00840594
-0.00805442
-0.00756246
-0.00693187
-0.00616399
-0.00526008
-0.0042221
-0.0030527
-0.00175464
-0.000330519
0.00121709
0.00288518
0.00466999
0.00656735
0.00857322
0.0106839
0.0128957
0.0152043
0.0176046
0.0200915
0.0226603
0.0253071
0.0280277
0.0308174
0.0336708
0.0365826
0.0395477
0.0425614
0.0456185
0.0487141
0.0518421
0.0549962
0.0581704
0.0613584
0.0645538
0.0677506
0.0709423
0.0741231
0.0772878
0.080431
0.0835463
0.0866272
0.0896673
0.0926599
0.0955995
0.0984824
0.101305
0.104062
0.106748
0.109355
0.111877
0.114307
0.116638
0.118866
0.120984
0.122987
0.124871
0.126633
0.12827
0.129776
0.13115
0.132388
0.133487
0.134445
0.135262
0.135935
0.136462
0.136839
0.137063
0.137134
0.13705
0.13681
0.136415
0.135866
0.135164
0.134313
0.133311
0.132161
0.130865
0.129422
0.127844
0.126143
0.124149
0.12172
0.00537208
0.0028624
0.000805541
-0.000943154
-0.00255934
-0.00403386
-0.00535457
-0.00652207
-0.00753671
-0.00839772
-0.00910445
-0.00965652
-0.0100541
-0.0102976
-0.0103886
-0.0103286
-0.0101196
-0.00976371
-0.00926307
-0.00861937
-0.00783412
-0.0069093
-0.00584755
-0.00465162
-0.00332385
-0.00186659
-0.000282829
0.00142379
0.00324922
0.00518961
0.00724139
0.00940089
0.0116638
0.0140253
0.0164801
0.0190233
0.0216507
0.0243583
0.0271415
0.029995
0.0329136
0.0358919
0.0389253
0.0420086
0.045136
0.0483019
0.0515002
0.0547251
0.0579703
0.0612296
0.064496
0.0677634
0.0710256
0.0742769
0.077513
0.0807284
0.0839163
0.0870695
0.090181
0.0932443
0.0962543
0.0992073
0.102099
0.104923
0.107674
0.110345
0.112928
0.115417
0.117807
0.120091
0.122262
0.124316
0.126247
0.128054
0.129732
0.131277
0.132685
0.133954
0.135082
0.136066
0.136904
0.137595
0.138135
0.138519
0.138747
0.138815
0.138725
0.138474
0.138062
0.13749
0.136761
0.135877
0.134839
0.133648
0.132306
0.130815
0.129188
0.127433
0.125379
0.122879
0.004023
0.00144162
-0.000676582
-0.00248011
-0.00414809
-0.00567045
-0.00703478
-0.00824151
-0.00929078
-0.0101816
-0.0109135
-0.0114866
-0.0119008
-0.0121566
-0.0122552
-0.0121983
-0.0119879
-0.0116259
-0.0111144
-0.0104552
-0.00965061
-0.00870314
-0.00761555
-0.00639021
-0.00502924
-0.00353544
-0.00191249
-0.000164307
0.0017054
0.00369327
0.00579578
0.00800873
0.0103272
0.012746
0.0152602
0.0178652
0.0205567
0.0233304
0.0261811
0.0291038
0.0320931
0.035144
0.0382515
0.0414099
0.0446127
0.047854
0.0511283
0.0544298
0.0577524
0.0610889
0.0644322
0.0677761
0.0711148
0.0744433
0.0777571
0.0810506
0.0843166
0.0875477
0.0907369
0.0938777
0.0969652
0.0999951
0.102962
0.10586
0.108681
0.11142
0.114069
0.116623
0.119076
0.12142
0.123649
0.125758
0.127742
0.129597
0.13132
0.132907
0.134353
0.135658
0.136818
0.13783
0.138694
0.139404
0.139957
0.14035
0.140582
0.14065
0.140555
0.140293
0.139864
0.13927
0.138514
0.137597
0.136521
0.135288
0.133901
0.132361
0.130681
0.128872
0.126755
0.12418
0.00252421
-0.00013191
-0.00231325
-0.00417285
-0.00589421
-0.00746598
-0.00887489
-0.0101213
-0.0112056
-0.0121271
-0.0128851
-0.0134796
-0.0139105
-0.0141781
-0.0142837
-0.0142288
-0.0140154
-0.0136454
-0.0131209
-0.0124446
-0.0116191
-0.010647
-0.00953078
-0.00827262
-0.00687514
-0.00534184
-0.00367672
-0.00188338
3.49853e-05
0.00207507
0.00423289
0.00650361
0.00888204
0.0113631
0.0139422
0.0166146
0.0193757
0.0222206
0.0251443
0.0281418
0.0312081
0.0343376
0.0375248
0.0407635
0.0440469
0.0473693
0.0507253
0.0541096
0.0575156
0.0609353
0.0643616
0.0677883
0.0712101
0.0746224
0.0780201
0.0813975
0.084747
0.0880617
0.0913349
0.0945601
0.097732
0.100845
0.103894
0.10687
0.109767
0.11258
0.115301
0.117926
0.120446
0.122856
0.125148
0.127316
0.129355
0.131264
0.133036
0.134668
0.136158
0.137502
0.138697
0.139741
0.140631
0.141362
0.141931
0.142335
0.142573
0.142642
0.142542
0.142269
0.141823
0.141208
0.140424
0.139474
0.13836
0.137084
0.13565
0.134059
0.132325
0.130458
0.128275
0.125623
0.000874657
-0.00186041
-0.00410788
-0.00602551
-0.00780175
-0.00942428
-0.010879
-0.0121663
-0.0132868
-0.01424
-0.0150249
-0.015641
-0.0160882
-0.0163672
-0.0164788
-0.0164246
-0.0162065
-0.0158266
-0.0152878
-0.014593
-0.0137447
-0.0127453
-0.0115971
-0.0103029
-0.00886596
-0.00729023
-0.00557938
-0.00373655
-0.00176486
0.000331958
0.00254932
0.00488215
0.00732538
0.00987415
0.0125237
0.0152689
0.0181048
0.0210264
0.0240288
0.0271073
0.0302568
0.0334709
0.0367433
0.0400675
0.0434371
0.0468465
0.0502906
0.0537637
0.0572588
0.0607678
0.0642833
0.0677994
0.0713112
0.0748137
0.0783016
0.0817685
0.0852073
0.0886117
0.0919753
0.0952916
0.0985542
0.101757
0.104892
0.107953
0.110933
0.113826
0.116625
0.119326
0.12192
0.124401
0.12676
0.128991
0.131091
0.133057
0.134883
0.136567
0.138104
0.139491
0.140725
0.141803
0.14272
0.143475
0.144062
0.14448
0.144725
0.144796
0.144691
0.144407
0.143946
0.143309
0.142498
0.141514
0.14036
0.13904
0.137558
0.135914
0.134122
0.132195
0.129942
0.127208
-0.000928242
-0.00374685
-0.00606405
-0.00804217
-0.00987503
-0.0115499
-0.0130523
-0.0143825
-0.0155407
-0.0165263
-0.0173384
-0.017976
-0.0184393
-0.0187286
-0.018845
-0.01879
-0.0185658
-0.018175
-0.0176206
-0.0169054
-0.0160317
-0.0150018
-0.0138184
-0.0124852
-0.0110059
-0.00938416
-0.00762327
-0.00572633
-0.00369686
-0.00153911
0.000742069
0.00314173
0.00565502
0.00827697
0.0110023
0.0138255
0.0167415
0.0197456
0.022833
0.0259989
0.0292374
0.0325417
0.0359046
0.03932
0.0427817
0.0462845
0.0498229
0.0533907
0.0569807
0.0605851
0.0641965
0.0678091
0.0714175
0.0750167
0.078601
0.0821638
0.0856985
0.089199
0.0926595
0.0960731
0.0994323
0.10273
0.105958
0.109109
0.112179
0.115159
0.118044
0.120827
0.1235
0.126057
0.128488
0.130788
0.132955
0.134983
0.136869
0.138608
0.140197
0.141631
0.142906
0.14402
0.144969
0.145749
0.146358
0.146791
0.147045
0.147117
0.147007
0.146714
0.146237
0.145578
0.144739
0.143721
0.142527
0.141161
0.139628
0.137928
0.136077
0.134085
0.131759
0.128939
-0.00288822
-0.00579481
-0.00818529
-0.0102268
-0.0121189
-0.0138486
-0.015401
-0.0167759
-0.0179732
-0.0189918
-0.019831
-0.0204901
-0.0209687
-0.0212674
-0.0213873
-0.0213303
-0.0210991
-0.0206963
-0.0201247
-0.0193867
-0.0184845
-0.0174209
-0.0161995
-0.0148243
-0.013299
-0.0116268
-0.00981119
-0.00785567
-0.00576423
-0.00354132
-0.00119161
0.00128011
0.00386886
0.00656922
0.00937538
0.0122818
0.0152836
0.0183764
0.0215551
0.0248144
0.0281477
0.0315475
0.0350069
0.0385195
0.0420797
0.0456822
0.0493209
0.0529894
0.0566805
0.0603867
0.0641009
0.0678169
0.0715289
0.0752314
0.0789187
0.0825845
0.0862223
0.0898261
0.09339
0.0969065
0.100368
0.103766
0.107093
0.110343
0.113508
0.116583
0.119559
0.122431
0.125189
0.127827
0.130336
0.132711
0.13495
0.137048
0.138998
0.140797
0.142441
0.143924
0.145244
0.146397
0.147381
0.148191
0.148823
0.149271
0.149534
0.149609
0.149495
0.149193
0.1487
0.148019
0.147151
0.146097
0.144861
0.143449
0.141863
0.140106
0.138191
0.136131
0.13373
0.130819
-0.0050091
-0.00800823
-0.0104757
-0.0125841
-0.0145391
-0.0163266
-0.0179311
-0.0193524
-0.0205899
-0.0216422
-0.0225087
-0.0231887
-0.0236819
-0.0239891
-0.0241118
-0.0240524
-0.0238133
-0.023397
-0.0228058
-0.022042
-0.0211084
-0.0200084
-0.018746
-0.0173252
-0.0157494
-0.0140221
-0.0121472
-0.0101288
-0.00797107
-0.00567823
-0.00325474
-0.000705541
0.0019639
0.00474773
0.00763998
0.0106352
0.0137289
0.0169166
0.0201928
0.0235512
0.0269847
0.030486
0.0340481
0.0376647
0.0413299
0.0450382
0.0487834
0.052559
0.0563577
0.0601725
0.0639964
0.067823
0.0716455
0.0754583
0.0792559
0.0830322
0.0867806
0.090495
0.0941685
0.0977939
0.101363
0.104868
0.108301
0.111655
0.114923
0.118099
0.121173
0.124139
0.126988
0.129712
0.132306
0.134763
0.137081
0.139253
0.141273
0.143136
0.144838
0.146375
0.147744
0.148941
0.149963
0.150805
0.15146
0.151925
0.152197
0.152276
0.15216
0.151849
0.15134
0.150635
0.149737
0.148647
0.147369
0.145909
0.144268
0.142449
0.140468
0.138339
0.135857
0.132851
-0.00729467
-0.0103917
-0.0129405
-0.0151196
-0.0171411
-0.0189896
-0.0206486
-0.0221178
-0.0233965
-0.0244833
-0.0253773
-0.0260779
-0.0265853
-0.0269008
-0.0270261
-0.0269637
-0.0267154
-0.0262835
-0.0256701
-0.024878
-0.0239104
-0.0227712
-0.0214642
-0.0199933
-0.0183622
-0.0165752
-0.0146367
-0.0125511
-0.0103222
-0.00795404
-0.00545124
-0.00281922
-6.39478e-05
0.00280857
0.00579258
0.00888284
0.0120748
0.0153635
0.0187429
0.0222061
0.0257459
0.0293549
0.0330264
0.0367538
0.0405307
0.0443512
0.0482093
0.0520986
0.056012
0.0599424
0.0638829
0.0678267
0.071767
0.0756976
0.079613
0.0835073
0.0873738
0.0912055
0.0949953
0.0987355
0.102419
0.106037
0.109583
0.113048
0.116426
0.119707
0.122885
0.125951
0.128897
0.131715
0.1344
0.136946
0.139348
0.1416
0.143695
0.145627
0.147392
0.148988
0.150412
0.151657
0.15272
0.153595
0.154275
0.154758
0.155042
0.155127
0.15501
0.154689
0.154164
0.153435
0.152506
0.151379
0.150058
0.148547
0.14685
0.144968
0.142917
0.140714
0.138147
0.135041
-0.00974921
-0.0129502
-0.0155855
-0.0178391
-0.0199304
-0.021843
-0.023559
-0.025078
-0.0263993
-0.0275214
-0.0284432
-0.0291647
-0.0296867
-0.0300106
-0.0301383
-0.0300717
-0.0298125
-0.0293627
-0.0287249
-0.0279022
-0.0268981
-0.0257161
-0.0243602
-0.0228346
-0.0211438
-0.0192928
-0.0172863
-0.0151284
-0.0128227
-0.0103736
-0.00778597
-0.00506579
-0.00221929
0.000747681
0.00382968
0.00702145
0.0103179
0.0137136
0.0172021
0.0207762
0.0244286
0.0281522
0.0319399
0.0357849
0.0396801
0.0436195
0.0475972
0.0516073
0.0556426
0.0596956
0.0637594
0.0678272
0.0718921
0.075948
0.0799891
0.0840089
0.0880004
0.0919562
0.0958688
0.0997309
0.103535
0.107274
0.110939
0.114522
0.118015
0.121409
0.124696
0.127868
0.130918
0.133838
0.136622
0.139263
0.141755
0.144093
0.146267
0.148275
0.150111
0.151772
0.153254
0.154551
0.155658
0.156567
0.157275
0.15778
0.158079
0.158171
0.158053
0.157722
0.157179
0.156426
0.155467
0.154302
0.152937
0.151374
0.149617
0.147668
0.145545
0.143264
0.140608
0.137393
-0.0123777
-0.015689
-0.018416
-0.0207483
-0.0229129
-0.0248927
-0.0266687
-0.0282396
-0.029605
-0.0307634
-0.0317141
-0.0324575
-0.0329948
-0.0333272
-0.0334563
-0.0333839
-0.0331119
-0.0326423
-0.0319781
-0.0311223
-0.0300782
-0.0288494
-0.0274401
-0.0258555
-0.0241009
-0.0221815
-0.0201019
-0.017866
-0.0154778
-0.012942
-0.010264
-0.00745011
-0.00450638
-0.00143853
0.00174804
0.00504777
0.0084549
0.0119635
0.0155671
0.0192587
0.0230307
0.0268757
0.0307863
0.0347554
0.0387758
0.0428409
0.0469454
0.0510835
0.0552478
0.0594305
0.0636244
0.0678229
0.0720196
0.0762083
0.0803826
0.0845353
0.0886587
0.0927454
0.096788
0.100779
0.104712
0.108579
0.11237
0.116078
0.119692
0.123205
0.126608
0.129893
0.133055
0.136084
0.138973
0.141716
0.144304
0.146733
0.148994
0.151084
0.152997
0.154729
0.156275
0.157627
0.158779
0.159728
0.160468
0.160997
0.161313
0.161413
0.161293
0.160952
0.160393
0.159617
0.158626
0.157423
0.15601
0.154393
0.152573
0.150555
0.148355
0.145991
0.143239
0.139909
-0.0151856
-0.0186136
-0.0214376
-0.0238534
-0.0260953
-0.0281457
-0.0299846
-0.0316101
-0.0330216
-0.034218
-0.0351992
-0.0359656
-0.0365184
-0.0368586
-0.0369879
-0.0369083
-0.0366217
-0.0361305
-0.0354374
-0.0345452
-0.033457
-0.032177
-0.0307102
-0.0290626
-0.0272398
-0.0252469
-0.0230885
-0.0207688
-0.0182922
-0.0156641
-0.0128901
-0.00997624
-0.00692863
-0.00375312
-0.000455424
0.00295849
0.00648243
0.0101101
0.0138353
0.0176511
0.0215498
0.025523
0.0295631
0.0336628
0.0378151
0.0420135
0.0462523
0.0505255
0.0548259
0.0591453
0.0634763
0.0678127
0.0721484
0.0764772
0.080792
0.0850848
0.0893473
0.0935721
0.0977523
0.101881
0.105951
0.109953
0.113877
0.117715
0.121458
0.125096
0.128623
0.13203
0.135311
0.138456
0.141457
0.144306
0.146998
0.149525
0.151881
0.15406
0.156056
0.157865
0.159478
0.160888
0.162091
0.163083
0.163859
0.164416
0.164751
0.164859
0.164738
0.164389
0.163814
0.163014
0.161991
0.160748
0.159286
0.157611
0.155725
0.153632
0.151351
0.148899
0.146043
0.142591
-0.0181792
-0.0217304
-0.0246572
-0.0271617
-0.0294856
-0.0316104
-0.0335153
-0.0351981
-0.0366583
-0.0378951
-0.0389082
-0.0396982
-0.0402661
-0.0406133
-0.0407417
-0.0406534
-0.0403505
-0.0398351
-0.0391096
-0.0381768
-0.0370404
-0.0357051
-0.0341769
-0.032462
-0.030566
-0.0284939
-0.0262508
-0.0238414
-0.0212707
-0.0185443
-0.0156679
-0.0126475
-0.00948908
-0.00619914
-0.00278397
0.000750269
0.00439736
0.00815092
0.0120046
0.0159514
0.0199833
0.0240914
0.0282675
0.0325047
0.0367961
0.0411353
0.045516
0.0499317
0.0543751
0.0588383
0.063314
0.0677959
0.0722781
0.0767541
0.0812164
0.0856564
0.0900655
0.0944363
0.0987621
0.103036
0.10725
0.111395
0.11546
0.119436
0.123314
0.127087
0.130746
0.134283
0.13769
0.140957
0.144076
0.14704
0.149841
0.152475
0.154932
0.157207
0.159293
0.161183
0.162868
0.164342
0.165602
0.166642
0.167458
0.168045
0.1684
0.168518
0.168399
0.168044
0.167454
0.166629
0.165573
0.164287
0.162773
0.161037
0.159081
0.156908
0.154538
0.151992
0.149027
0.145445
-0.0213655
-0.0250476
-0.0280832
-0.0306818
-0.0330927
-0.0352961
-0.0372705
-0.039014
-0.0405257
-0.0418047
-0.0428509
-0.0436647
-0.0442474
-0.0446009
-0.0447273
-0.0446287
-0.0443069
-0.0437637
-0.0430016
-0.042024
-0.0408352
-0.0394408
-0.0378468
-0.0360596
-0.0340846
-0.0319275
-0.0295938
-0.0270889
-0.0244182
-0.021587
-0.0186014
-0.0154672
-0.0121912
-0.0087803
-0.00524127
-0.00158029
0.00219671
0.00608326
0.0100725
0.0141571
0.0183287
0.0225781
0.0268973
0.0312791
0.0357171
0.0402045
0.0447347
0.0493004
0.053894
0.0585082
0.0631362
0.0677716
0.0724079
0.0770384
0.0816552
0.0862495
0.0908129
0.0953379
0.0998176
0.104245
0.108611
0.112906
0.11712
0.121242
0.125264
0.129179
0.132979
0.136654
0.140194
0.143591
0.146835
0.14992
0.15284
0.155588
0.158155
0.160532
0.162713
0.164688
0.166451
0.167996
0.169318
0.170412
0.171271
0.171891
0.172268
0.172399
0.172285
0.171925
0.17132
0.170471
0.169381
0.168049
0.166481
0.164679
0.162647
0.160389
0.157925
0.155279
0.152199
0.148476
-0.0247522
-0.0285739
-0.0317251
-0.0344231
-0.0369262
-0.0392129
-0.041261
-0.0430685
-0.0446343
-0.0459572
-0.0470373
-0.0478753
-0.048473
-0.0488323
-0.0489553
-0.0488438
-0.0484995
-0.0479244
-0.0471216
-0.0460951
-0.04485
-0.0433919
-0.041727
-0.0398617
-0.0378019
-0.0355539
-0.0331239
-0.0305175
-0.0277401
-0.0247971
-0.0216949
-0.0184401
-0.0150397
-0.0115012
-0.00783146
-0.00403668
-0.000122584
0.00390422
0.00803615
0.0122653
0.0165831
0.0209808
0.0254502
0.0299842
0.0345762
0.0392193
0.0439063
0.0486294
0.0533809
0.0581539
0.062942
0.0677385
0.0725367
0.077329
0.0821074
0.0868636
0.0915892
0.0962765
0.100918
0.105507
0.110033
0.114486
0.118856
0.123133
0.127309
0.131376
0.135324
0.139145
0.142827
0.146361
0.149739
0.152954
0.156001
0.15887
0.161552
0.164038
0.166319
0.168387
0.170235
0.171858
0.173248
0.174399
0.175304
0.17596
0.176363
0.176512
0.176405
0.176041
0.175422
0.174548
0.173422
0.172044
0.170416
0.168545
0.166432
0.164082
0.16152
0.158766
0.155563
0.151693
-0.0283471
-0.0323182
-0.0355925
-0.0383959
-0.0409965
-0.0433716
-0.0454975
-0.0473721
-0.0489943
-0.050363
-0.0514783
-0.0523416
-0.0529544
-0.0533186
-0.053436
-0.0533084
-0.0529378
-0.0523269
-0.0514794
-0.0504
-0.049094
-0.047567
-0.0458254
-0.043876
-0.0417256
-0.0393809
-0.0368484
-0.0341338
-0.0312425
-0.0281803
-0.0249543
-0.0215718
-0.0180402
-0.014367
-0.0105591
-0.00662279
-0.00256407
0.0016102
0.00589188
0.0102725
0.0147436
0.0192968
0.0239242
0.0286182
0.0333717
0.0381776
0.0430285
0.0479166
0.052834
0.0577738
0.0627296
0.0676949
0.0726624
0.0776241
0.082572
0.0874978
0.0923934
0.0972509
0.102062
0.10682
0.111513
0.116132
0.120668
0.125109
0.129448
0.133676
0.137782
0.141757
0.145589
0.14927
0.152791
0.156146
0.159327
0.162325
0.165129
0.16773
0.170119
0.172288
0.174229
0.175935
0.177397
0.17861
0.179566
0.180264
0.180698
0.180868
0.18077
0.180403
0.17977
0.178872
0.177708
0.176281
0.174591
0.172645
0.170446
0.168
0.165332
0.162466
0.159131
0.155102
-0.0321584
-0.0362892
-0.039695
-0.0426104
-0.0453142
-0.0477826
-0.0499904
-0.0519355
-0.0536169
-0.0550337
-0.0561861
-0.0570755
-0.0577031
-0.0580705
-0.0581796
-0.0580327
-0.0576324
-0.0569821
-0.0560861
-0.0549494
-0.0535771
-0.0519752
-0.0501509
-0.0481115
-0.0458645
-0.0434168
-0.0407748
-0.0379446
-0.0349319
-0.0317432
-0.0283862
-0.0248688
-0.0211987
-0.0173831
-0.013429
-0.00934317
-0.00513217
-0.000803223
0.00363539
0.00817499
0.0128071
0.0175235
0.0223165
0.0271782
0.0321008
0.0370767
0.0420989
0.0471595
0.0522508
0.0573655
0.0624969
0.0676385
0.0727827
0.0779217
0.083047
0.0881505
0.0932239
0.0982592
0.103248
0.108182
0.113051
0.117845
0.122554
0.127169
0.131681
0.136078
0.140352
0.14449
0.148482
0.15232
0.155995
0.159499
0.162823
0.165957
0.168891
0.171616
0.174121
0.176399
0.17844
0.180235
0.181776
0.183056
0.18407
0.184815
0.185285
0.185478
0.185391
0.185024
0.184379
0.183455
0.182253
0.180773
0.179018
0.176993
0.174704
0.172155
0.169375
0.166388
0.162911
0.158712
-0.0361946
-0.0404961
-0.0440422
-0.0470765
-0.0498895
-0.0524562
-0.0547503
-0.0567698
-0.0585139
-0.0599815
-0.0611728
-0.0620885
-0.0627298
-0.0630985
-0.0631969
-0.0630279
-0.0625949
-0.0619017
-0.0609528
-0.0597533
-0.0583088
-0.056626
-0.0547128
-0.0525773
-0.0502272
-0.0476694
-0.0449104
-0.0419568
-0.0388153
-0.0354929
-0.0319975
-0.0283376
-0.0245211
-0.020555
-0.0164465
-0.0122032
-0.00783219
-0.00334112
0.00126196
0.00596846
0.0107697
0.0156574
0.0206237
0.0256605
0.0307597
0.0359134
0.0411144
0.0463554
0.0516285
0.0569259
0.0622408
0.0675662
0.0728949
0.0782191
0.0835302
0.0888197
0.094079
0.0992998
0.104474
0.109592
0.114645
0.119623
0.124516
0.129314
0.134007
0.138583
0.143034
0.147346
0.151509
0.155515
0.159353
0.163016
0.166492
0.169772
0.172845
0.175701
0.178332
0.180727
0.182875
0.184767
0.186394
0.187749
0.188827
0.189623
0.190133
0.190353
0.19028
0.189916
0.189259
0.188309
0.187067
0.185531
0.183707
0.1816
0.179215
0.176558
0.173657
0.170539
0.166911
0.162528
-0.040465
-0.0449483
-0.0486437
-0.0518044
-0.054733
-0.0574038
-0.0597896
-0.061888
-0.0636983
-0.065219
-0.0664499
-0.0673915
-0.0680453
-0.0684135
-0.0684992
-0.0683058
-0.0678369
-0.0670966
-0.0660896
-0.0648215
-0.0632988
-0.061529
-0.0595206
-0.0572821
-0.0548214
-0.0521456
-0.0492618
-0.0461773
-0.0428995
-0.039436
-0.0357947
-0.0319841
-0.0280126
-0.0238877
-0.0196171
-0.0152084
-0.0106697
-0.00600866
-0.0012331
0.00364855
0.0086273
0.0136943
0.0188415
0.0240609
0.0293444
0.0346838
0.0400719
0.0455011
0.0509636
0.0564516
0.0619578
0.0674751
0.0729964
0.078514
0.0840193
0.0895033
0.094957
0.100372
0.105739
0.111051
0.116297
0.121469
0.126554
0.131544
0.136426
0.141192
0.145829
0.150327
0.154673
0.158857
0.162869
0.166699
0.170337
0.173773
0.176995
0.179994
0.182759
0.185279
0.187543
0.189539
0.19126
0.192698
0.193846
0.1947
0.195254
0.195504
0.19545
0.195089
0.194421
0.193445
0.19216
0.190568
0.188671
0.186477
0.183991
0.181218
0.178188
0.17493
0.171139
0.166559
-0.0449788
-0.0496556
-0.0535099
-0.0568052
-0.0598569
-0.0626385
-0.0651217
-0.0673036
-0.0691831
-0.0707584
-0.0720291
-0.0729961
-0.0736614
-0.0740278
-0.0740988
-0.0738781
-0.0733694
-0.0725771
-0.0715064
-0.0701639
-0.0685568
-0.0666935
-0.0645829
-0.0622336
-0.0596541
-0.0568522
-0.0538359
-0.0506129
-0.0471911
-0.0435785
-0.039783
-0.0358134
-0.0316785
-0.0273867
-0.022946
-0.0183644
-0.0136499
-0.00881039
-0.00385395
0.00121109
0.00637547
0.0116298
0.0169657
0.0223753
0.0278509
0.0333844
0.0389679
0.0445934
0.050253
0.0559392
0.0616446
0.0673621
0.0730845
0.078804
0.0845119
0.0901991
0.0958559
0.101474
0.107044
0.112558
0.118007
0.123381
0.128669
0.133859
0.138942
0.143906
0.148741
0.153434
0.157974
0.162347
0.166544
0.170553
0.174363
0.177965
0.181348
0.1845
0.187409
0.190063
0.192451
0.194562
0.196386
0.197915
0.199141
0.200058
0.200661
0.200947
0.200914
0.200559
0.199881
0.198878
0.19755
0.195898
0.193927
0.191641
0.189046
0.186149
0.182981
0.179572
0.175606
0.170817
-0.0497456
-0.0546293
-0.0586531
-0.0620922
-0.0652754
-0.068175
-0.0707612
-0.0730306
-0.0749816
-0.0766126
-0.0779235
-0.0789158
-0.0795918
-0.0799548
-0.0800085
-0.0797566
-0.0792035
-0.0783539
-0.077214
-0.075791
-0.074093
-0.0721289
-0.069908
-0.0674396
-0.0647328
-0.0617967
-0.0586399
-0.0552703
-0.0516962
-0.0479257
-0.0439674
-0.0398302
-0.0355236
-0.0310568
-0.0264381
-0.0216754
-0.0167765
-0.0117498
-0.00660396
-0.00134742
0.00401044
0.00946006
0.0149927
0.0206008
0.0262767
0.0320126
0.0377997
0.0436296
0.0494941
0.0553861
0.0612986
0.0672248
0.073157
0.0790869
0.0850059
0.0909046
0.0967735
0.102604
0.108386
0.114113
0.119775
0.12536
0.130859
0.136261
0.141554
0.146727
0.151771
0.15667
0.161414
0.165987
0.170379
0.174579
0.178574
0.182354
0.185908
0.189223
0.192287
0.195087
0.19761
0.199846
0.201783
0.203411
0.204721
0.205708
0.206368
0.206696
0.206688
0.206341
0.205652
0.204623
0.203251
0.201539
0.199488
0.197105
0.194396
0.191366
0.188049
0.184481
0.180327
0.175312
-0.0547766
-0.0598818
-0.0640873
-0.0676802
-0.0710039
-0.0740286
-0.076723
-0.0790836
-0.0811089
-0.0827972
-0.0841491
-0.0851663
-0.0858518
-0.0862089
-0.0862417
-0.0859543
-0.0853517
-0.0844395
-0.0832244
-0.0817143
-0.0799179
-0.0778447
-0.0755049
-0.0729088
-0.0700664
-0.0669876
-0.0636815
-0.0601564
-0.0564205
-0.0524827
-0.0483525
-0.0440392
-0.0395526
-0.0349024
-0.0300971
-0.0251444
-0.0200523
-0.0148296
-0.00948572
-0.00402962
0.0015295
0.0071824
0.0129204
0.0187356
0.0246203
0.0305664
0.0365653
0.0426076
0.048685
0.0547907
0.0609184
0.0670613
0.0732116
0.0793605
0.0854989
0.0916176
0.0977075
0.103759
0.109765
0.115715
0.121599
0.127406
0.133126
0.138749
0.144263
0.149657
0.154919
0.160036
0.164993
0.169778
0.174378
0.17878
0.182973
0.186944
0.190681
0.19417
0.1974
0.200358
0.203029
0.2054
0.207459
0.209195
0.210598
0.211665
0.212389
0.212763
0.212783
0.212446
0.211751
0.210695
0.209279
0.207504
0.20537
0.202885
0.200052
0.196881
0.193408
0.189668
0.185316
0.180058
-0.0600841
-0.0654273
-0.0698275
-0.0735847
-0.0770577
-0.0802148
-0.0830232
-0.0854794
-0.087582
-0.0893298
-0.0907234
-0.091765
-0.0924578
-0.0928058
-0.0928135
-0.092486
-0.0918286
-0.0908477
-0.0895507
-0.087946
-0.086043
-0.083852
-0.0813845
-0.0786519
-0.075665
-0.0724342
-0.0689689
-0.065278
-0.0613703
-0.0572555
-0.0529439
-0.0484456
-0.0437703
-0.0389275
-0.033926
-0.028774
-0.0234796
-0.0180522
-0.0125018
-0.00683787
-0.00106938
0.00479504
0.0107469
0.016778
0.02288
0.0290445
0.0352626
0.0415251
0.0478238
0.0541516
0.0605025
0.0668701
0.0732463
0.0796222
0.0859884
0.0923359
0.0986557
0.104939
0.111177
0.11736
0.123477
0.129516
0.135469
0.141323
0.147069
0.152694
0.158186
0.163531
0.168715
0.173723
0.178543
0.183161
0.187564
0.191738
0.19567
0.199348
0.202757
0.205885
0.208716
0.211234
0.213425
0.215279
0.216787
0.217942
0.218737
0.219164
0.219218
0.218895
0.218194
0.217114
0.215653
0.213811
0.211591
0.208996
0.206035
0.202714
0.199075
0.195153
0.190586
0.185067
-0.0656816
-0.0712805
-0.0758891
-0.0798214
-0.0834531
-0.0867506
-0.0896797
-0.0922368
-0.0944204
-0.0962295
-0.0976651
-0.0987299
-0.0994275
-0.0997627
-0.099741
-0.0993681
-0.09865
-0.0975935
-0.0962066
-0.0944989
-0.0924804
-0.0901629
-0.0875588
-0.0846805
-0.0815393
-0.0781458
-0.0745103
-0.0706427
-0.0665527
-0.0622508
-0.0577481
-0.053055
-0.0481812
-0.0431359
-0.0379283
-0.0325673
-0.0270616
-0.0214209
-0.0156555
-0.00977511
-0.00378858
0.00229589
0.0084701
0.0147254
0.021053
0.0274438
0.0338889
0.0403795
0.0469075
0.053466
0.0600486
0.0666486
0.0732584
0.079869
0.0864713
0.0930564
0.0996155
0.10614
0.11262
0.119046
0.125406
0.131689
0.137885
0.143983
0.149971
0.155839
0.161573
0.167158
0.172581
0.177826
0.182879
0.187726
0.192352
0.196743
0.200885
0.204765
0.208368
0.211679
0.214681
0.217358
0.219694
0.221679
0.223303
0.224556
0.22543
0.225916
0.226009
0.225706
0.225003
0.2239
0.222393
0.220482
0.21817
0.215461
0.212363
0.208885
0.205068
0.200952
0.196153
0.190352
-0.0715828
-0.077456
-0.0822879
-0.086407
-0.0902079
-0.0936552
-0.0967124
-0.0993758
-0.101644
-0.103516
-0.104994
-0.10608
-0.10678
-0.107099
-0.107042
-0.106618
-0.105832
-0.104692
-0.103206
-0.101387
-0.0992438
-0.0967907
-0.0940405
-0.0910061
-0.0876995
-0.0841319
-0.0803146
-0.076259
-0.071976
-0.0674766
-0.0627722
-0.0578737
-0.0527907
-0.0475324
-0.0421085
-0.0365287
-0.0308027
-0.0249402
-0.0189511
-0.0128453
-0.0066316
-0.000318332
0.00608639
0.0125739
0.0191348
0.0257599
0.0324401
0.0391668
0.0459324
0.0527298
0.0595523
0.066393
0.073244
0.080097
0.0869436
0.0937751
0.100583
0.107358
0.11409
0.120769
0.127383
0.133921
0.140373
0.146726
0.152969
0.159092
0.165079
0.170918
0.176593
0.182088
0.187389
0.192478
0.197342
0.201964
0.206331
0.210429
0.21424
0.217749
0.220935
0.223783
0.226278
0.228408
0.230159
0.231521
0.232483
0.233037
0.233177
0.232898
0.232197
0.23107
0.229517
0.227535
0.225127
0.222299
0.219058
0.215412
0.211405
0.207079
0.202031
0.195925
-0.0778023
-0.0839701
-0.0890414
-0.0933608
-0.0973425
-0.100949
-0.104142
-0.106917
-0.109274
-0.11121
-0.11273
-0.113836
-0.114535
-0.114833
-0.114736
-0.114253
-0.113391
-0.112158
-0.110565
-0.108624
-0.106347
-0.103749
-0.100842
-0.0976396
-0.0941556
-0.0904019
-0.0863912
-0.0821362
-0.077649
-0.072941
-0.0680236
-0.062908
-0.0576045
-0.0521226
-0.0464724
-0.0406643
-0.0347084
-0.0286149
-0.0223931
-0.0160526
-0.00960266
-0.00305186
0.00359141
0.0103186
0.0171205
0.0239878
0.0309113
0.0378825
0.0448938
0.0519382
0.0590088
0.0660983
0.0731988
0.0803025
0.0874016
0.0944882
0.101554
0.108588
0.115582
0.122524
0.129404
0.136208
0.142927
0.149548
0.156059
0.162449
0.168704
0.174809
0.18075
0.18651
0.192072
0.19742
0.202536
0.207407
0.212016
0.216347
0.220381
0.224101
0.227487
0.230524
0.233193
0.235481
0.237372
0.238853
0.239914
0.240546
0.240741
0.240492
0.239796
0.238649
0.237049
0.234994
0.232487
0.229534
0.22614
0.222315
0.218104
0.213553
0.208237
0.201802
-0.0843571
-0.0908417
-0.0961701
-0.100704
-0.104879
-0.108654
-0.11199
-0.114883
-0.11733
-0.119333
-0.120895
-0.122019
-0.122714
-0.122985
-0.122841
-0.122291
-0.121343
-0.120008
-0.118298
-0.116226
-0.113805
-0.111049
-0.107973
-0.104591
-0.100917
-0.0969654
-0.0927495
-0.0882833
-0.0835799
-0.0786511
-0.0735086
-0.068164
-0.0626285
-0.0569123
-0.0510258
-0.0449794
-0.0387838
-0.0324492
-0.0259851
-0.0194007
-0.0127054
-0.00590852
0.000981386
0.00795589
0.0150064
0.0221239
0.0292991
0.0365232
0.0437884
0.0510876
0.0584142
0.0657608
0.0731195
0.0804828
0.0878433
0.0951935
0.102525
0.109829
0.117095
0.124311
0.131466
0.138548
0.145545
0.152446
0.159238
0.165909
0.172445
0.178832
0.185052
0.191091
0.196931
0.202553
0.20794
0.213076
0.217944
0.222524
0.226798
0.230746
0.23435
0.237592
0.240452
0.242912
0.244956
0.246571
0.247744
0.248465
0.248723
0.248513
0.247827
0.246662
0.245016
0.242887
0.240277
0.237191
0.233635
0.229618
0.22519
0.220397
0.214792
0.208002
-0.0912671
-0.0980925
-0.103697
-0.10846
-0.11284
-0.116795
-0.120281
-0.123296
-0.125839
-0.12791
-0.129513
-0.130653
-0.131338
-0.131577
-0.131378
-0.130751
-0.129708
-0.128261
-0.126423
-0.124208
-0.12163
-0.118704
-0.115446
-0.111871
-0.107994
-0.103832
-0.0993983
-0.0947082
-0.0897755
-0.0846131
-0.0792328
-0.0736471
-0.0678679
-0.0619065
-0.0557731
-0.0494782
-0.0430322
-0.0364459
-0.0297291
-0.0228914
-0.0159421
-0.00889059
-0.00174569
0.00548432
0.0127914
0.020167
0.0276019
0.0350871
0.0426143
0.0501764
0.0577669
0.0653788
0.0730046
0.0806365
0.0882675
0.0958903
0.103497
0.111079
0.118625
0.126125
0.133567
0.140937
0.148226
0.155419
0.162505
0.169471
0.176302
0.182983
0.189499
0.195833
0.201966
0.20788
0.213556
0.218975
0.224119
0.228966
0.233498
0.237694
0.241536
0.245001
0.248067
0.250716
0.25293
0.254694
0.255993
0.256815
0.257147
0.256983
0.256314
0.255136
0.253446
0.251242
0.248524
0.245298
0.24157
0.237349
0.232687
0.227635
0.221719
0.214546
-0.0985545
-0.105747
-0.111647
-0.116655
-0.121253
-0.125396
-0.129042
-0.132184
-0.134825
-0.136965
-0.138609
-0.139761
-0.140432
-0.14063
-0.140367
-0.139655
-0.138507
-0.136936
-0.134957
-0.132585
-0.129837
-0.126727
-0.123272
-0.119489
-0.115396
-0.11101
-0.106345
-0.101417
-0.0962416
-0.0908317
-0.0852008
-0.0793617
-0.0733271
-0.0671087
-0.0607172
-0.0541625
-0.047455
-0.0406061
-0.0336263
-0.0265257
-0.0193136
-0.0119989
-0.00459034
0.00290382
0.0104758
0.0181173
0.0258196
0.0335733
0.0413702
0.0492031
0.0570657
0.0649514
0.0728528
0.0807624
0.0886729
0.0965773
0.104468
0.112336
0.120173
0.127966
0.135704
0.143375
0.150965
0.158463
0.165856
0.17313
0.18027
0.187262
0.194089
0.200734
0.207178
0.213402
0.219385
0.225106
0.230544
0.235678
0.240489
0.244955
0.249053
0.252761
0.256053
0.258909
0.261311
0.263241
0.264682
0.265618
0.266037
0.265929
0.265286
0.264101
0.262369
0.260089
0.25726
0.253886
0.249975
0.245537
0.240626
0.235296
0.229046
0.221458
-0.106244
-0.113831
-0.120049
-0.125318
-0.130147
-0.134491
-0.138303
-0.141579
-0.144321
-0.14653
-0.148211
-0.149371
-0.150021
-0.150171
-0.149835
-0.149027
-0.147761
-0.146053
-0.143919
-0.141376
-0.13844
-0.13513
-0.131463
-0.127459
-0.123134
-0.118508
-0.113597
-0.108417
-0.102983
-0.0973117
-0.0914168
-0.0853117
-0.0790093
-0.0725216
-0.0658595
-0.0590331
-0.052053
-0.0449307
-0.0376776
-0.0303044
-0.0228202
-0.0152336
-0.00755277
0.000214264
0.00805946
0.0159747
0.0239512
0.0319803
0.0400541
0.0481657
0.0563087
0.0644765
0.0726619
0.0808575
0.0890561
0.0972507
0.105434
0.113598
0.121734
0.12983
0.137875
0.145856
0.153761
0.161576
0.169288
0.176883
0.184347
0.191664
0.198819
0.205793
0.212567
0.219119
0.225428
0.23147
0.237224
0.242667
0.24778
0.252537
0.256914
0.260884
0.264423
0.267508
0.270118
0.272233
0.273833
0.2749
0.27542
0.275382
0.274774
0.273588
0.271819
0.269462
0.266517
0.26299
0.258886
0.254218
0.249042
0.243413
0.2368
0.228763
-0.114362
-0.122376
-0.128934
-0.134482
-0.139558
-0.144113
-0.148099
-0.151514
-0.154359
-0.156637
-0.158352
-0.159515
-0.160136
-0.16023
-0.15981
-0.158893
-0.157496
-0.155636
-0.15333
-0.150598
-0.147458
-0.14393
-0.140034
-0.135791
-0.131218
-0.126336
-0.121162
-0.115713
-0.110006
-0.104058
-0.0978853
-0.0915007
-0.0849173
-0.0781471
-0.0712014
-0.0640912
-0.0568272
-0.0494211
-0.0418846
-0.0342289
-0.0264631
-0.0185955
-0.0106336
-0.00258534
0.00554107
0.0137373
0.0219949
0.030306
0.0386634
0.0470609
0.0554922
0.0639504
0.0724279
0.0809174
0.0894121
0.0979053
0.10639
0.114859
0.123304
0.131712
0.140074
0.148377
0.156607
0.164751
0.172795
0.180726
0.188529
0.196188
0.203687
0.211009
0.218131
0.225031
0.231685
0.23807
0.244162
0.24994
0.255377
0.260449
0.265128
0.269384
0.273194
0.276531
0.279372
0.281692
0.28347
0.284687
0.285326
0.285371
0.28481
0.283632
0.281829
0.279396
0.276335
0.272648
0.268343
0.263431
0.25797
0.25202
0.245015
0.23649
-0.12294
-0.131414
-0.138339
-0.144185
-0.149523
-0.154301
-0.15847
-0.162028
-0.164978
-0.167322
-0.169068
-0.170227
-0.170812
-0.170838
-0.170322
-0.169282
-0.167737
-0.165707
-0.163211
-0.160271
-0.156908
-0.153143
-0.149
-0.144498
-0.139659
-0.134502
-0.129047
-0.123312
-0.117317
-0.111077
-0.104611
-0.097932
-0.0910534
-0.0839871
-0.0767448
-0.0693382
-0.0617789
-0.0540787
-0.0462491
-0.0383008
-0.0302435
-0.0220853
-0.0138338
-0.00549645
0.00291852
0.0114028
0.0199484
0.0285481
0.0371958
0.0458861
0.0546128
0.0633688
0.0721461
0.0809372
0.0897356
0.0985354
0.107331
0.116114
0.124876
0.133608
0.142296
0.150931
0.159498
0.167983
0.176374
0.184655
0.192813
0.200831
0.208693
0.21638
0.22387
0.231137
0.238159
0.24491
0.251365
0.257501
0.263288
0.2687
0.273705
0.278275
0.282382
0.285996
0.289091
0.291639
0.293619
0.295008
0.295785
0.295931
0.295429
0.294268
0.292438
0.289933
0.286754
0.282903
0.278386
0.273215
0.26745
0.261153
0.253725
0.244671
-0.132012
-0.140982
-0.148302
-0.154467
-0.160082
-0.165097
-0.169457
-0.173162
-0.176217
-0.178626
-0.180398
-0.181545
-0.182083
-0.182028
-0.181401
-0.180222
-0.178511
-0.176292
-0.173586
-0.170417
-0.16681
-0.162788
-0.158375
-0.153595
-0.148468
-0.143016
-0.137262
-0.131224
-0.124922
-0.118374
-0.111598
-0.104609
-0.0974199
-0.0900434
-0.0824914
-0.0747761
-0.0669099
-0.0589047
-0.0507716
-0.0425211
-0.0341623
-0.0257041
-0.0171542
-0.00852016
0.000190324
0.00896952
0.01781
0.0267054
0.0356502
0.0446397
0.053668
0.0627281
0.0718119
0.0809119
0.0900217
0.0991363
0.10825
0.117356
0.126446
0.13551
0.144536
0.153513
0.162428
0.171267
0.180018
0.188665
0.197194
0.205589
0.213832
0.221903
0.22978
0.237437
0.244849
0.251991
0.258836
0.265355
0.271519
0.277297
0.282658
0.287571
0.292003
0.295921
0.299297
0.302103
0.304311
0.305895
0.30683
0.307095
0.306669
0.305537
0.303689
0.301118
0.297821
0.293801
0.289062
0.283615
0.277525
0.270856
0.26297
0.253343
-0.141616
-0.151122
-0.158866
-0.165371
-0.171283
-0.176546
-0.181106
-0.184963
-0.188124
-0.190594
-0.192384
-0.193509
-0.193986
-0.193836
-0.19308
-0.191742
-0.189845
-0.187415
-0.184477
-0.181057
-0.177183
-0.172881
-0.168176
-0.163093
-0.157657
-0.151891
-0.145816
-0.139455
-0.132828
-0.125954
-0.118851
-0.111534
-0.104019
-0.0963172
-0.0884422
-0.0804058
-0.0722208
-0.0638991
-0.0554519
-0.046889
-0.0382195
-0.0294521
-0.0205953
-0.0116568
-0.00264377
0.00643714
0.0155794
0.0247773
0.0340261
0.043321
0.0526565
0.0620261
0.0714222
0.0808376
0.0902665
0.0997037
0.109144
0.118581
0.128007
0.137412
0.146785
0.156115
0.16539
0.174597
0.183722
0.19275
0.201666
0.210455
0.219098
0.227573
0.235858
0.243928
0.251756
0.259315
0.266575
0.273505
0.280074
0.28625
0.291998
0.297284
0.302071
0.306326
0.310015
0.313108
0.315572
0.317378
0.318497
0.318901
0.318569
0.317483
0.315628
0.312997
0.309585
0.305391
0.30042
0.294681
0.288243
0.281174
0.272796
0.262548
-0.151792
-0.161878
-0.170077
-0.176948
-0.183174
-0.1887
-0.193469
-0.197482
-0.200747
-0.203272
-0.205071
-0.20616
-0.206561
-0.206297
-0.205392
-0.203873
-0.201767
-0.199102
-0.195907
-0.192212
-0.188045
-0.183437
-0.178416
-0.173007
-0.167239
-0.161135
-0.154718
-0.148012
-0.14104
-0.13382
-0.126371
-0.118709
-0.110851
-0.102809
-0.0945969
-0.0862265
-0.0777103
-0.0690605
-0.0602881
-0.0514028
-0.0424134
-0.0333286
-0.0241569
-0.014906
-0.00558274
0.00380705
0.0132579
0.0227649
0.0323236
0.0419297
0.0515779
0.0612621
0.0709757
0.0807125
0.090467
0.100234
0.110009
0.119784
0.129553
0.139308
0.149037
0.158731
0.168378
0.177965
0.187477
0.196902
0.206223
0.215423
0.224484
0.233384
0.242101
0.250607
0.258877
0.266879
0.274582
0.281953
0.288959
0.295565
0.301734
0.307426
0.312604
0.317229
0.321267
0.324681
0.327434
0.329492
0.330821
0.331391
0.331176
0.330153
0.328307
0.325624
0.322099
0.317728
0.312515
0.306468
0.29966
0.292164
0.283254
0.272334
-0.162588
-0.173299
-0.181989
-0.18925
-0.195811
-0.201615
-0.206601
-0.210772
-0.214138
-0.216711
-0.218506
-0.219544
-0.219851
-0.219451
-0.218374
-0.216649
-0.214307
-0.21138
-0.2079
-0.2039
-0.199414
-0.194474
-0.189109
-0.183349
-0.177222
-0.170755
-0.163973
-0.1569
-0.14956
-0.141973
-0.134159
-0.126134
-0.117915
-0.109517
-0.100953
-0.0922352
-0.0833754
-0.0743856
-0.0652769
-0.0560592
-0.0467411
-0.037331
-0.0278367
-0.0182656
-0.00862426
0.00108188
0.0108481
0.02067
0.030544
0.0404661
0.0504319
0.0604359
0.0704723
0.0805358
0.0906213
0.100724
0.110839
0.12096
0.13108
0.141192
0.151286
0.161354
0.171383
0.181362
0.191277
0.201112
0.210853
0.220482
0.229981
0.239328
0.248499
0.257469
0.266206
0.274679
0.282856
0.2907
0.298177
0.305249
0.311873
0.31801
0.323616
0.328653
0.333078
0.33685
0.339928
0.342273
0.343845
0.34461
0.344537
0.343601
0.34178
0.339057
0.335423
0.330874
0.325409
0.319039
0.31184
0.303887
0.294406
0.282759
-0.174058
-0.185445
-0.194662
-0.202341
-0.209258
-0.215353
-0.220562
-0.224892
-0.228355
-0.230965
-0.232742
-0.233711
-0.2339
-0.23334
-0.232063
-0.230103
-0.227494
-0.224274
-0.220479
-0.216144
-0.211308
-0.206005
-0.200267
-0.194127
-0.187615
-0.180759
-0.173586
-0.166121
-0.15839
-0.150414
-0.142214
-0.133807
-0.12521
-0.116439
-0.107507
-0.098427
-0.0892106
-0.0798691
-0.0704135
-0.0608535
-0.051198
-0.0414545
-0.0316302
-0.0217316
-0.0117646
-0.00173489
0.00835303
0.0184953
0.028689
0.0389313
0.049219
0.0595476
0.0699119
0.0803068
0.0907278
0.101171
0.111631
0.122102
0.13258
0.143057
0.153525
0.163975
0.174397
0.184779
0.195108
0.205369
0.215546
0.225622
0.235579
0.245395
0.255045
0.264502
0.273734
0.282709
0.29139
0.299743
0.307727
0.315301
0.322421
0.329044
0.335123
0.340614
0.345469
0.349642
0.353086
0.355756
0.35761
0.358605
0.358706
0.357882
0.356106
0.353357
0.349622
0.344896
0.339175
0.332467
0.324853
0.316415
0.306318
0.293884
-0.186265
-0.19838
-0.208164
-0.21629
-0.223584
-0.229982
-0.235421
-0.239909
-0.24346
-0.246094
-0.247835
-0.248712
-0.248758
-0.248008
-0.2465
-0.24427
-0.241361
-0.237813
-0.233667
-0.228964
-0.223744
-0.218045
-0.211903
-0.205351
-0.198422
-0.191147
-0.183556
-0.175674
-0.167528
-0.15914
-0.150532
-0.141723
-0.132729
-0.123567
-0.114252
-0.104795
-0.0952087
-0.0855039
-0.0756911
-0.0657796
-0.0557777
-0.0456928
-0.0355311
-0.0252979
-0.0149989
-0.00463947
0.00577571
0.0162432
0.0267608
0.0373274
0.0479408
0.0585978
0.0692938
0.080024
0.0907842
0.101571
0.11238
0.123207
0.134048
0.144896
0.155744
0.166586
0.17741
0.188207
0.198962
0.209662
0.220291
0.230832
0.241266
0.251573
0.261726
0.271697
0.281453
0.29096
0.300181
0.309077
0.317607
0.325724
0.333384
0.340539
0.347138
0.353131
0.358463
0.363084
0.366941
0.369984
0.372161
0.373427
0.373738
0.373057
0.371351
0.368595
0.364771
0.359871
0.353889
0.346831
0.338781
0.329823
0.319065
0.305781
-0.199277
-0.212181
-0.222574
-0.231173
-0.238864
-0.245579
-0.251252
-0.255893
-0.259523
-0.262165
-0.263849
-0.264607
-0.264479
-0.263504
-0.261726
-0.25919
-0.255941
-0.252026
-0.247491
-0.242381
-0.23674
-0.230608
-0.224024
-0.217026
-0.209648
-0.201924
-0.193885
-0.185559
-0.176971
-0.168147
-0.159108
-0.149875
-0.140466
-0.130896
-0.12118
-0.111331
-0.101362
-0.0912817
-0.0811015
-0.0708295
-0.0604731
-0.0500387
-0.0395319
-0.0289579
-0.0183215
-0.00762777
0.00311884
0.0139156
0.0247613
0.0356559
0.0465985
0.0575868
0.068617
0.0796848
0.0907867
0.10192
0.113081
0.124268
0.135477
0.146702
0.157938
0.169178
0.180414
0.191634
0.202827
0.213979
0.225075
0.236099
0.247031
0.257851
0.268531
0.279042
0.289351
0.299423
0.309219
0.318697
0.327813
0.336519
0.344766
0.352503
0.359673
0.366219
0.372082
0.377205
0.381529
0.384996
0.387547
0.38913
0.389693
0.389191
0.387586
0.384846
0.380951
0.375884
0.369639
0.362218
0.353709
0.3442
0.332732
0.318529
-0.213173
-0.226928
-0.237975
-0.247078
-0.255186
-0.262229
-0.268136
-0.272925
-0.276621
-0.279251
-0.280849
-0.281457
-0.281117
-0.279878
-0.277789
-0.274902
-0.27127
-0.266945
-0.261978
-0.256417
-0.250311
-0.243704
-0.23664
-0.229158
-0.221295
-0.213089
-0.20457
-0.19577
-0.186713
-0.177427
-0.167934
-0.158255
-0.14841
-0.138414
-0.128282
-0.118027
-0.10766
-0.0971933
-0.0866354
-0.0759939
-0.065275
-0.0544838
-0.0436254
-0.0327048
-0.0217266
-0.0106953
0.00038569
0.0115148
0.0226921
0.0339181
0.0451926
0.056514
0.0678794
0.0792859
0.0907311
0.102213
0.113731
0.125281
0.136861
0.148468
0.160097
0.171742
0.183396
0.19505
0.206691
0.218308
0.229886
0.24141
0.25286
0.264214
0.275445
0.286524
0.297418
0.308089
0.318496
0.328596
0.338341
0.347684
0.35657
0.364942
0.372737
0.379894
0.386348
0.392034
0.396884
0.400834
0.403817
0.40577
0.406633
0.406355
0.404888
0.402196
0.398249
0.393028
0.386521
0.378726
0.369736
0.359641
0.347412
0.332216
-0.228042
-0.242716
-0.254464
-0.264101
-0.272645
-0.280024
-0.286167
-0.291094
-0.294836
-0.297427
-0.298907
-0.299325
-0.298732
-0.297182
-0.294735
-0.29145
-0.287385
-0.2826
-0.27715
-0.27109
-0.264472
-0.257345
-0.249756
-0.241749
-0.233365
-0.224639
-0.215608
-0.2063
-0.196746
-0.18697
-0.176998
-0.166852
-0.156551
-0.146111
-0.135547
-0.12487
-0.114094
-0.103228
-0.0922821
-0.0812621
-0.070173
-0.0590187
-0.0478034
-0.0365318
-0.0252084
-0.0138368
-0.00241899
0.00904484
0.0205558
0.0321151
0.0437228
0.0553781
0.067079
0.0788245
0.0906136
0.102446
0.114321
0.126238
0.138193
0.150185
0.162212
0.174268
0.186348
0.198443
0.210543
0.222637
0.234712
0.246752
0.258738
0.270647
0.282455
0.29413
0.305638
0.316942
0.327999
0.338763
0.349186
0.359217
0.368795
0.377858
0.38634
0.394172
0.401283
0.407598
0.413043
0.417543
0.421021
0.423406
0.424628
0.424625
0.423343
0.420734
0.416763
0.411405
0.40464
0.396464
0.38697
0.376256
0.363211
0.346944
-0.243983
-0.259647
-0.272145
-0.282348
-0.291348
-0.29907
-0.305444
-0.310494
-0.314258
-0.316777
-0.3181
-0.318282
-0.317385
-0.315474
-0.312614
-0.308874
-0.304321
-0.299018
-0.29303
-0.286415
-0.279233
-0.271536
-0.263376
-0.254801
-0.245852
-0.23657
-0.226988
-0.21714
-0.207056
-0.196764
-0.186289
-0.175653
-0.164876
-0.153973
-0.14296
-0.131848
-0.120649
-0.109373
-0.098029
-0.0866214
-0.0751545
-0.0636315
-0.0520555
-0.0404302
-0.0287592
-0.0170449
-0.00528818
0.00651195
0.0183574
0.0302498
0.0421902
0.0541785
0.0662147
0.0782991
0.0904325
0.102616
0.114849
0.127133
0.139465
0.151846
0.164274
0.176746
0.189257
0.201801
0.21437
0.226952
0.239537
0.252108
0.264648
0.277135
0.289543
0.301841
0.313996
0.325968
0.337714
0.349189
0.36034
0.37111
0.381438
0.391255
0.400489
0.409067
0.416906
0.423926
0.430041
0.435166
0.439214
0.442103
0.443751
0.444086
0.443042
0.440562
0.436602
0.431128
0.424114
0.415551
0.405535
0.394166
0.380249
0.362827
-0.261107
-0.277838
-0.291138
-0.301939
-0.311412
-0.319482
-0.326078
-0.33123
-0.334984
-0.337391
-0.338508
-0.338402
-0.337144
-0.334809
-0.331474
-0.327216
-0.322109
-0.316225
-0.309635
-0.302407
-0.294602
-0.286282
-0.277501
-0.268309
-0.258751
-0.248869
-0.238698
-0.228275
-0.21763
-0.206794
-0.19579
-0.184641
-0.173367
-0.161983
-0.150504
-0.138943
-0.127309
-0.115612
-0.10386
-0.0920566
-0.0802052
-0.0683085
-0.0563687
-0.0443879
-0.0323679
-0.0203095
-0.00821254
0.00392443
0.0161037
0.0283276
0.0405983
0.0529178
0.0652878
0.0777102
0.0901871
0.10272
0.115311
0.127961
0.140671
0.153442
0.166274
0.179166
0.192113
0.205113
0.218157
0.231238
0.244345
0.257463
0.270574
0.283658
0.29669
0.30964
0.322473
0.33515
0.347628
0.359859
0.371788
0.383355
0.394494
0.405131
0.415191
0.424589
0.433237
0.441044
0.447914
0.45375
0.458453
0.461927
0.464081
0.464826
0.464085
0.46179
0.457883
0.452324
0.445077
0.436125
0.425568
0.413509
0.398661
0.379997
-0.279538
-0.29742
-0.311576
-0.323007
-0.332969
-0.341388
-0.348191
-0.353417
-0.357123
-0.359368
-0.360222
-0.359764
-0.358077
-0.355248
-0.351365
-0.346514
-0.340779
-0.334243
-0.326983
-0.319073
-0.310585
-0.301582
-0.292124
-0.282263
-0.272047
-0.26152
-0.250721
-0.239686
-0.228448
-0.217037
-0.205479
-0.193795
-0.182003
-0.17012
-0.158159
-0.146134
-0.134053
-0.121926
-0.109757
-0.0975499
-0.0853084
-0.0730339
-0.0607276
-0.0483897
-0.0360198
-0.0236172
-0.0111805
0.00129187
0.0138027
0.0263553
0.0389535
0.0516013
0.0643023
0.07706
0.0898777
0.102758
0.115705
0.12872
0.141806
0.154967
0.168204
0.181517
0.194904
0.208364
0.221891
0.235479
0.249118
0.262795
0.276494
0.290195
0.303874
0.317503
0.331046
0.344467
0.35772
0.370755
0.383516
0.395939
0.407954
0.419485
0.430447
0.440749
0.450293
0.458979
0.466699
0.473341
0.478796
0.482952
0.485702
0.486943
0.486582
0.484538
0.480739
0.475133
0.467675
0.458339
0.447226
0.434443
0.418602
0.398601
-0.299416
-0.318538
-0.33361
-0.345702
-0.356168
-0.364932
-0.371921
-0.377185
-0.380792
-0.382815
-0.383337
-0.382451
-0.380255
-0.376849
-0.372333
-0.366805
-0.36036
-0.353091
-0.345083
-0.33642
-0.327179
-0.317429
-0.307233
-0.296647
-0.285721
-0.274503
-0.263033
-0.251349
-0.239485
-0.22747
-0.21533
-0.203086
-0.190756
-0.178356
-0.165899
-0.153396
-0.140858
-0.128289
-0.115696
-0.10308
-0.0904447
-0.0777896
-0.0651146
-0.0524182
-0.0396982
-0.0269524
-0.0141788
-0.00137453
0.0114639
0.0243415
0.0372637
0.0502362
0.0632643
0.0763527
0.0895062
0.10273
0.116028
0.129405
0.142866
0.156415
0.170055
0.183789
0.197618
0.211541
0.225556
0.239658
0.253838
0.268086
0.282387
0.296723
0.311072
0.325406
0.339693
0.353894
0.367965
0.381854
0.395502
0.408844
0.421807
0.434307
0.446255
0.457551
0.468089
0.477755
0.48643
0.493989
0.500306
0.505252
0.508704
0.510541
0.510652
0.508939
0.505316
0.499714
0.492075
0.482365
0.470686
0.457145
0.440247
0.418808
-0.320901
-0.341361
-0.357409
-0.370195
-0.381176
-0.390275
-0.397422
-0.402677
-0.406123
-0.40785
-0.407957
-0.406553
-0.403753
-0.399673
-0.394427
-0.388125
-0.380876
-0.372784
-0.363944
-0.354447
-0.344377
-0.333809
-0.322809
-0.311437
-0.299746
-0.287788
-0.275604
-0.263233
-0.250708
-0.238059
-0.22531
-0.212482
-0.199594
-0.18666
-0.173693
-0.160702
-0.147695
-0.134677
-0.121652
-0.108624
-0.0955914
-0.0825543
-0.0695097
-0.0564545
-0.0433853
-0.030299
-0.0171925
-0.00406155
0.00909934
0.022297
0.0355385
0.0488309
0.0621805
0.0755934
0.0890764
0.102636
0.116281
0.130015
0.143846
0.157779
0.17182
0.185973
0.200243
0.214631
0.229136
0.243756
0.258484
0.273312
0.288228
0.303217
0.318257
0.333324
0.348386
0.363405
0.378338
0.39313
0.407724
0.422051
0.436034
0.449586
0.462609
0.474997
0.486634
0.497394
0.507142
0.51574
0.523044
0.528906
0.533182
0.535732
0.536425
0.53514
0.531774
0.52624
0.518464
0.508398
0.496145
0.481816
0.463794
0.440809
-0.344173
-0.366078
-0.38317
-0.396681
-0.408184
-0.417601
-0.424865
-0.430051
-0.43326
-0.4346
-0.434192
-0.432164
-0.428649
-0.423782
-0.417693
-0.410508
-0.40235
-0.393333
-0.383566
-0.373146
-0.362163
-0.350699
-0.338824
-0.326602
-0.314091
-0.301341
-0.288399
-0.275301
-0.26208
-0.248765
-0.23538
-0.221946
-0.20848
-0.194997
-0.181507
-0.168017
-0.154532
-0.141058
-0.127598
-0.114154
-0.100723
-0.0873034
-0.0738899
-0.0604777
-0.0470625
-0.0336403
-0.0202063
-0.00675429
0.0067233
0.020235
0.0337893
0.0473943
0.0610577
0.0747876
0.0885929
0.102483
0.116466
0.130551
0.144745
0.159056
0.173492
0.188062
0.20277
0.217621
0.232616
0.247756
0.263036
0.278452
0.293995
0.309651
0.325403
0.341227
0.357094
0.372968
0.388806
0.404554
0.420153
0.435533
0.450614
0.465304
0.479499
0.493086
0.505937
0.517913
0.528867
0.538641
0.547073
0.553994
0.559236
0.562637
0.56404
0.563301
0.560292
0.554906
0.547049
0.536656
0.52383
0.508682
0.489468
0.464819
-0.36944
-0.392908
-0.411114
-0.425382
-0.437407
-0.447115
-0.454442
-0.459483
-0.46236
-0.463205
-0.462162
-0.459383
-0.455023
-0.449238
-0.442177
-0.433984
-0.424796
-0.414743
-0.403942
-0.3925
-0.380513
-0.368069
-0.355244
-0.342106
-0.328714
-0.315122
-0.301373
-0.287506
-0.273554
-0.259542
-0.245495
-0.231434
-0.217373
-0.203326
-0.189301
-0.175302
-0.161335
-0.147401
-0.133503
-0.119641
-0.105812
-0.0920104
-0.0782303
-0.0644655
-0.0507103
-0.0369587
-0.0232036
-0.00943681
0.00435104
0.0181696
0.0320283
0.0459367
0.0599045
0.0739425
0.0880616
0.102273
0.116586
0.131012
0.14556
0.160242
0.175068
0.190048
0.20519
0.2205
0.235982
0.251641
0.267476
0.283486
0.299665
0.316001
0.332481
0.349085
0.365787
0.382551
0.399336
0.416091
0.432756
0.449259
0.465517
0.481437
0.496908
0.511808
0.525997
0.539327
0.551631
0.562736
0.572455
0.580598
0.586972
0.591384
0.59365
0.593597
0.591068
0.585929
0.578063
0.567385
0.553995
0.538002
0.517522
0.491086
-0.396939
-0.4221
-0.441497
-0.456549
-0.469089
-0.479048
-0.486368
-0.491168
-0.493597
-0.493814
-0.491993
-0.488313
-0.482956
-0.4761
-0.467919
-0.458575
-0.448224
-0.437007
-0.425054
-0.412482
-0.399393
-0.38588
-0.372026
-0.357901
-0.343567
-0.329077
-0.314474
-0.299797
-0.285076
-0.270338
-0.255605
-0.240897
-0.226227
-0.211603
-0.197032
-0.182518
-0.168063
-0.153668
-0.139333
-0.125055
-0.110828
-0.096648
-0.082506
-0.0683951
-0.0543073
-0.040234
-0.0261657
-0.0120919
0.00199792
0.0161141
0.0302672
0.0444687
0.0587309
0.0730669
0.0874896
0.102011
0.116644
0.131401
0.146294
0.161337
0.176544
0.191926
0.207494
0.223256
0.239221
0.255397
0.271787
0.288394
0.305214
0.32224
0.339464
0.356868
0.37443
0.392118
0.409892
0.427704
0.445494
0.463191
0.480712
0.497957
0.514812
0.531145
0.54681
0.561641
0.575458
0.588065
0.599253
0.608805
0.616499
0.62211
0.62542
0.62622
0.624319
0.619551
0.611769
0.600864
0.586928
0.570069
0.548247
0.519886
-0.426941
-0.45394
-0.474609
-0.49047
-0.503509
-0.513661
-0.520882
-0.525321
-0.527159
-0.52659
-0.523819
-0.519061
-0.512526
-0.504424
-0.494952
-0.484297
-0.47263
-0.460109
-0.446874
-0.433053
-0.418756
-0.404081
-0.389113
-0.373928
-0.358587
-0.343143
-0.327638
-0.312109
-0.296586
-0.281094
-0.265654
-0.250282
-0.234987
-0.219776
-0.204653
-0.189619
-0.174674
-0.159819
-0.145048
-0.130358
-0.11574
-0.101187
-0.0866908
-0.072242
-0.0578301
-0.0434439
-0.0290712
-0.0147003
-0.000319598
0.0140825
0.0285185
0.0430021
0.0575479
0.0721707
0.086885
0.101705
0.116645
0.13172
0.146947
0.162342
0.177919
0.193692
0.209674
0.22588
0.242321
0.259009
0.275952
0.293154
0.310618
0.328342
0.346321
0.364543
0.382988
0.401629
0.420431
0.439349
0.458325
0.477288
0.496155
0.514825
0.533178
0.551075
0.568361
0.584856
0.600362
0.614662
0.627524
0.638699
0.647932
0.654961
0.659527
0.661379
0.660287
0.656043
0.648463
0.637408
0.622959
0.605219
0.581976
0.551538
-0.459757
-0.488757
-0.510784
-0.527474
-0.54098
-0.55125
-0.558257
-0.562185
-0.563256
-0.561705
-0.55778
-0.551732
-0.543811
-0.534258
-0.5233
-0.511149
-0.497996
-0.484014
-0.469356
-0.454159
-0.43854
-0.422603
-0.406437
-0.390115
-0.373701
-0.357246
-0.340791
-0.324372
-0.308016
-0.291746
-0.275578
-0.259526
-0.243595
-0.227789
-0.212109
-0.196555
-0.181123
-0.165809
-0.150608
-0.135511
-0.12051
-0.105595
-0.0907546
-0.0759782
-0.0612522
-0.046563
-0.031897
-0.0172412
-0.00258281
0.0120918
0.0267977
0.0415509
0.0563676
0.0712641
0.0862561
0.10136
0.116594
0.131976
0.147523
0.163255
0.179188
0.195338
0.211724
0.228363
0.245272
0.262464
0.279952
0.297747
0.315854
0.33428
0.353021
0.372073
0.39142
0.411042
0.430909
0.450979
0.471198
0.491499
0.511798
0.531993
0.551962
0.571562
0.590625
0.608959
0.62635
0.642557
0.657322
0.670364
0.681387
0.690088
0.696161
0.699305
0.69924
0.695708
0.688481
0.677378
0.662465
0.643835
0.619089
0.586408
-0.495741
-0.526928
-0.550409
-0.567941
-0.581869
-0.592154
-0.598797
-0.602025
-0.602113
-0.599345
-0.594017
-0.58643
-0.576878
-0.565638
-0.552972
-0.539118
-0.524288
-0.508673
-0.492437
-0.475726
-0.458666
-0.441363
-0.423907
-0.406371
-0.388818
-0.371297
-0.353848
-0.336503
-0.319287
-0.302216
-0.285305
-0.26856
-0.251984
-0.23558
-0.219343
-0.203271
-0.187356
-0.171592
-0.155967
-0.140474
-0.1251
-0.109834
-0.0946625
-0.0795707
-0.064543
-0.0495638
-0.0346183
-0.0196923
-0.00477091
0.0101619
0.0251235
0.0401317
0.0552042
0.0703586
0.085613
0.100987
0.116499
0.132172
0.148025
0.164077
0.180349
0.196863
0.213639
0.230698
0.248061
0.265746
0.28377
0.302149
0.320897
0.340022
0.35953
0.379419
0.399684
0.42031
0.441273
0.462538
0.484056
0.505763
0.52758
0.549403
0.571112
0.592557
0.613563
0.633927
0.653416
0.671768
0.688695
0.703878
0.716981
0.727651
0.735526
0.740249
0.741474
0.738888
0.732202
0.721185
0.705879
0.686362
0.660025
0.624912
-0.535305
-0.568896
-0.593934
-0.612314
-0.626593
-0.63676
-0.642846
-0.645139
-0.643974
-0.6397
-0.632674
-0.623254
-0.611783
-0.598586
-0.583959
-0.568167
-0.551449
-0.53401
-0.516029
-0.497659
-0.479031
-0.460254
-0.441415
-0.422589
-0.403834
-0.385196
-0.366712
-0.34841
-0.330309
-0.312421
-0.294753
-0.277307
-0.260085
-0.243081
-0.226292
-0.209708
-0.193319
-0.177113
-0.161078
-0.145201
-0.129468
-0.113866
-0.0983769
-0.0829841
-0.0676698
-0.052417
-0.0372091
-0.0220298
-0.00686163
0.00831354
0.0235148
0.0387614
0.0540723
0.0694673
0.0849671
0.100593
0.116368
0.132314
0.148453
0.164808
0.181402
0.198262
0.215411
0.232874
0.250674
0.268837
0.287385
0.306339
0.325718
0.345538
0.365809
0.38654
0.407732
0.42938
0.451467
0.473964
0.496832
0.520012
0.543428
0.566984
0.590557
0.613997
0.637122
0.65972
0.68154
0.702299
0.721675
0.739313
0.75483
0.767813
0.77784
0.784482
0.787321
0.785968
0.780061
0.769305
0.753705
0.733317
0.705296
0.667536
-0.578934
-0.61518
-0.641891
-0.661111
-0.675643
-0.68551
-0.690792
-0.69185
-0.689101
-0.682971
-0.673892
-0.66229
-0.648569
-0.633101
-0.616223
-0.598233
-0.579392
-0.559924
-0.540018
-0.519836
-0.499508
-0.479146
-0.458834
-0.438643
-0.418626
-0.398825
-0.379272
-0.359986
-0.340982
-0.322263
-0.303832
-0.285685
-0.267818
-0.250223
-0.232889
-0.215804
-0.198953
-0.18232
-0.165889
-0.149646
-0.133572
-0.117649
-0.10186
-0.086183
-0.0706003
-0.0550929
-0.0396418
-0.0242277
-0.00883111
0.00656817
0.0219904
0.0374562
0.0529866
0.0686037
0.0843305
0.10019
0.116207
0.132405
0.148809
0.165447
0.182344
0.19953
0.217032
0.234879
0.253098
0.271722
0.290776
0.31029
0.330287
0.350789
0.371817
0.393388
0.415513
0.438194
0.461424
0.485186
0.509449
0.534162
0.559259
0.584649
0.610212
0.6358
0.661229
0.686278
0.710681
0.734134
0.756281
0.776729
0.79504
0.810739
0.823331
0.832302
0.837147
0.837382
0.832555
0.822287
0.806531
0.785305
0.7555
0.714846
-0.627199
-0.666397
-0.694907
-0.714941
-0.729585
-0.738913
-0.743071
-0.742519
-0.737773
-0.72936
-0.717804
-0.703609
-0.687248
-0.66915
-0.649696
-0.629217
-0.607997
-0.586277
-0.564257
-0.542102
-0.519943
-0.497885
-0.476012
-0.454387
-0.433055
-0.412053
-0.391401
-0.371113
-0.351193
-0.331639
-0.312445
-0.293604
-0.275102
-0.256928
-0.239064
-0.221493
-0.204197
-0.187155
-0.170349
-0.153759
-0.137364
-0.121142
-0.105072
-0.0891322
-0.0733026
-0.0575616
-0.0418878
-0.0262593
-0.0106547
0.00494759
0.0205695
0.0362334
0.0519627
0.0677815
0.0837143
0.0997859
0.116022
0.13245
0.149097
0.165995
0.183173
0.200662
0.218494
0.236701
0.255318
0.27438
0.293921
0.313973
0.334568
0.355738
0.377511
0.399914
0.422968
0.446686
0.471074
0.496126
0.521821
0.548122
0.574973
0.602294
0.629972
0.657864
0.685788
0.713517
0.740774
0.767232
0.792509
0.816165
0.837706
0.85659
0.872233
0.884026
0.891354
0.89362
0.890254
0.880768
0.865042
0.84304
0.811345
0.767507
-0.680781
-0.723288
-0.753737
-0.77453
-0.789087
-0.797557
-0.800178
-0.797538
-0.790285
-0.779069
-0.764524
-0.747251
-0.7278
-0.706663
-0.684267
-0.660978
-0.637102
-0.612895
-0.588563
-0.564271
-0.540148
-0.516292
-0.492776
-0.469654
-0.446964
-0.424728
-0.402959
-0.381658
-0.360821
-0.340436
-0.32049
-0.300967
-0.281849
-0.263114
-0.244742
-0.226708
-0.20899
-0.191564
-0.174406
-0.157492
-0.140799
-0.124301
-0.107975
-0.0917972
-0.0757449
-0.0597938
-0.0439199
-0.0280996
-0.0123099
0.00347228
0.0192706
0.03511
0.0510156
0.0670132
0.0831282
0.0993873
0.115818
0.132452
0.149319
0.166453
0.183886
0.201653
0.219788
0.23833
0.257319
0.276794
0.296794
0.317359
0.338529
0.360344
0.382844
0.406063
0.430036
0.454787
0.480337
0.506692
0.533848
0.561783
0.590455
0.619797
0.64971
0.680062
0.710674
0.74132
0.771718
0.801521
0.83032
0.857631
0.882902
0.905513
0.924784
0.939991
0.950388
0.955235
0.953813
0.945491
0.930048
0.907368
0.873672
0.826305
-0.740504
-0.786753
-0.819292
-0.840746
-0.854937
-0.862121
-0.862668
-0.857336
-0.846941
-0.832286
-0.81414
-0.793216
-0.770154
-0.745513
-0.719768
-0.69332
-0.666495
-0.639556
-0.612711
-0.586122
-0.559907
-0.534155
-0.508925
-0.484257
-0.460174
-0.436686
-0.413792
-0.391481
-0.369736
-0.348536
-0.327859
-0.307678
-0.287968
-0.268701
-0.249848
-0.23138
-0.21327
-0.195489
-0.178008
-0.160799
-0.143835
-0.127089
-0.110535
-0.0941465
-0.0778979
-0.0617623
-0.0457137
-0.0297269
-0.0137774
0.00215957
0.01811
0.0341005
0.0501578
0.0663086
0.0825801
0.0990009
0.115602
0.132416
0.149476
0.166819
0.184479
0.202495
0.220906
0.239754
0.259084
0.278941
0.299369
0.320417
0.342132
0.364565
0.387764
0.411777
0.436648
0.462419
0.489124
0.516787
0.54542
0.575022
0.60557
0.637014
0.669275
0.702235
0.735728
0.769536
0.803373
0.836884
0.869635
0.9011
0.930669
0.957636
0.981214
1.00055
1.01473
1.02285
1.02399
1.01733
1.00252
0.979306
0.943492
0.892186
-0.807378
-0.857896
-0.892688
-0.91464
-0.928071
-0.933396
-0.931169
-0.922374
-0.908044
-0.889173
-0.866693
-0.841448
-0.814177
-0.785509
-0.75597
-0.725988
-0.695903
-0.665983
-0.636428
-0.607387
-0.578967
-0.551235
-0.524234
-0.497986
-0.472493
-0.447749
-0.423737
-0.400431
-0.377801
-0.355816
-0.334439
-0.313636
-0.29337
-0.273606
-0.254309
-0.235444
-0.216977
-0.198876
-0.181106
-0.163636
-0.146435
-0.129473
-0.112722
-0.0961523
-0.079736
-0.0634439
-0.0472485
-0.0311229
-0.015041
0.00102415
0.0171003
0.0332155
0.0493977
0.0656748
0.0820759
0.0986319
0.115376
0.132343
0.149569
0.167091
0.184948
0.203182
0.221837
0.240959
0.260596
0.280799
0.30162
0.323115
0.345341
0.368356
0.39222
0.416992
0.442733
0.469498
0.497338
0.526299
0.556413
0.587701
0.620164
0.653777
0.688484
0.724191
0.760752
0.797963
0.835548
0.873151
0.910317
0.94649
0.980996
1.01305
1.04174
1.06605
1.08491
1.09716
1.10165
1.09732
1.0836
1.06009
1.02204
0.966295
-0.882652
-0.938093
-0.975305
-0.997493
-1.00961
-1.0123
-1.00638
-0.993134
-0.973879
-0.949845
-0.922158
-0.89181
-0.859648
-0.826375
-0.792558
-0.758648
-0.72499
-0.691842
-0.659389
-0.62776
-0.597036
-0.567261
-0.538453
-0.510608
-0.483709
-0.457725
-0.43262
-0.408353
-0.384878
-0.362149
-0.340118
-0.318738
-0.297963
-0.277749
-0.258053
-0.238835
-0.220055
-0.201675
-0.183656
-0.165964
-0.148563
-0.131422
-0.114508
-0.0977901
-0.0812375
-0.0648196
-0.0485073
-0.0322724
-0.016087
7.78022e-05
0.0162514
0.032463
0.0487418
0.0651172
0.0816202
0.0982839
0.115143
0.132234
0.149595
0.167265
0.185288
0.203707
0.222571
0.24193
0.261836
0.282346
0.30352
0.325421
0.348114
0.371668
0.396153
0.421643
0.448211
0.475931
0.504874
0.535107
0.566688
0.599662
0.63406
0.669887
0.70712
0.745695
0.785496
0.826346
0.86799
0.91008
0.952157
0.993642
1.03381
1.07178
1.10652
1.13685
1.16146
1.17893
1.1878
1.18668
1.17471
1.15123
1.11084
1.05004
-0.967904
-1.02908
-1.06887
-1.09088
-1.10088
-1.09988
-1.08905
-1.0701
-1.04469
-1.01434
-0.980412
-0.94406
-0.906243
-0.867731
-0.829125
-0.790883
-0.753339
-0.716731
-0.681214
-0.646882
-0.613784
-0.581931
-0.551306
-0.521878
-0.493598
-0.466414
-0.440265
-0.415089
-0.390825
-0.36741
-0.344783
-0.322884
-0.301658
-0.28105
-0.261011
-0.241493
-0.222451
-0.20384
-0.185619
-0.167748
-0.150189
-0.132908
-0.115869
-0.099039
-0.0823846
-0.0658742
-0.0494776
-0.0331649
-0.0169064
-0.000671832
0.0155694
0.0318478
0.0481939
0.0646389
0.0812155
0.097958
0.114902
0.132086
0.14955
0.167337
0.185491
0.204061
0.223097
0.242652
0.262786
0.28356
0.305041
0.3273
0.35041
0.374451
0.399504
0.425656
0.452997
0.481619
0.511616
0.543077
0.576089
0.610727
0.647055
0.685118
0.724929
0.766467
0.809658
0.854364
0.900367
0.947345
0.994853
1.0423
1.08892
1.13376
1.17566
1.21325
1.24495
1.26902
1.28361
1.28687
1.27755
1.25462
1.2118
1.14518
-1.06516
-1.13309
-1.17557
-1.19674
-1.20349
-1.19735
-1.18002
-1.15374
-1.12063
-1.08258
-1.0412
-0.997811
-0.953494
-0.909066
-0.865143
-0.82217
-0.780449
-0.740176
-0.701461
-0.664351
-0.628847
-0.594915
-0.5625
-0.531532
-0.50193
-0.473611
-0.446489
-0.42048
-0.395503
-0.371478
-0.348328
-0.325983
-0.304374
-0.28344
-0.263121
-0.243365
-0.224118
-0.205332
-0.18696
-0.168959
-0.151289
-0.133911
-0.116788
-0.0998837
-0.0831646
-0.0665978
-0.0501513
-0.0337939
-0.0174944
-0.00122156
0.0150563
0.0313711
0.0477547
0.0642401
0.0808607
0.0976516
0.11465
0.131895
0.149429
0.167298
0.185548
0.20423
0.223397
0.243107
0.263422
0.284412
0.30615
0.328712
0.352183
0.376649
0.402206
0.428954
0.457
0.486455
0.517437
0.550061
0.584444
0.620696
0.658921
0.699205
0.741612
0.786172
0.832867
0.881617
0.932257
0.984514
1.03798
1.09208
1.14603
1.19882
1.24916
1.29548
1.33592
1.36834
1.39038
1.39962
1.39423
1.37261
1.32735
1.25394
-1.17706
-1.25304
-1.29821
-1.31752
-1.31936
-1.30607
-1.28012
-1.24444
-1.20173
-1.15431
-1.10406
-1.05249
-1.00076
-0.949712
-0.899951
-0.851872
-0.805722
-0.761627
-0.719632
-0.679717
-0.641823
-0.605861
-0.571725
-0.5393
-0.508468
-0.479111
-0.451115
-0.424372
-0.398778
-0.374236
-0.350655
-0.327949
-0.30604
-0.284856
-0.264332
-0.244405
-0.225018
-0.206117
-0.187652
-0.169575
-0.151844
-0.134415
-0.117251
-0.100315
-0.0835709
-0.0669854
-0.050525
-0.0341572
-0.0178502
-0.00157173
0.014711
0.0310313
0.0474225
0.0639179
0.0805514
0.0973587
0.114378
0.131651
0.149222
0.167137
0.185446
0.204199
0.223454
0.243273
0.263722
0.284875
0.306813
0.329618
0.353382
0.378204
0.404189
0.431453
0.46012
0.490323
0.5222
0.555897
0.591563
0.629347
0.669397
0.711849
0.756825
0.804419
0.854684
0.907617
0.96313
1.02103
1.08097
1.14243
1.20465
1.26658
1.32684
1.38365
1.43485
1.47783
1.5096
1.52699
1.52735
1.50823
1.46063
1.37923
-1.30716
-1.3928
-1.44046
-1.45625
-1.45078
-1.42757
-1.39016
-1.34243
-1.28778
-1.22901
-1.16828
-1.10727
-1.04717
-0.988814
-0.932728
-0.879228
-0.828463
-0.780461
-0.735172
-0.692492
-0.652287
-0.614398
-0.578661
-0.544908
-0.512977
-0.482714
-0.453973
-0.426619
-0.400528
-0.375581
-0.351674
-0.328707
-0.306592
-0.285248
-0.2646
-0.244579
-0.225122
-0.206172
-0.187675
-0.16958
-0.151839
-0.134411
-0.117253
-0.100328
-0.0836012
-0.0670362
-0.0505989
-0.0342565
-0.0179765
-0.00172569
0.01453
0.0308248
0.0471924
0.063666
0.0802799
0.097071
0.114079
0.131346
0.148918
0.166842
0.185168
0.20395
0.223248
0.243126
0.263656
0.284916
0.306991
0.329971
0.353955
0.379051
0.405378
0.433066
0.462254
0.493097
0.525757
0.56041
0.597239
0.636436
0.678195
0.722712
0.770173
0.820751
0.874587
0.931773
0.992329
1.05617
1.12306
1.19258
1.26404
1.33641
1.40825
1.47764
1.54206
1.5984
1.64293
1.67144
1.68016
1.66539
1.6158
1.52489
-1.46031
-1.55767
-1.60715
-1.61678
-1.60042
-1.56342
-1.51081
-1.44766
-1.37823
-1.30579
-1.23281
-1.16103
-1.09161
-1.0253
-0.962484
-0.903342
-0.847876
-0.795978
-0.747475
-0.702158
-0.659795
-0.62015
-0.582988
-0.548085
-0.51523
-0.484229
-0.454903
-0.427091
-0.400643
-0.375425
-0.351314
-0.328201
-0.305985
-0.284578
-0.263894
-0.243862
-0.224412
-0.205484
-0.187019
-0.168965
-0.151271
-0.133894
-0.116792
-0.0999256
-0.0832583
-0.066754
-0.0503782
-0.0340978
-0.0178797
-0.00168972
0.0145068
0.0307441
0.0470555
0.0634745
0.0800358
0.0967773
0.113739
0.130965
0.148501
0.166394
0.184695
0.203462
0.222754
0.24264
0.263194
0.284499
0.306642
0.329721
0.353842
0.379123
0.405694
0.433696
0.463289
0.494645
0.527951
0.563412
0.601249
0.641696
0.684999
0.731418
0.781215
0.83465
0.891971
0.953388
1.01906
1.08905
1.16329
1.24151
1.32316
1.40733
1.4926
1.57695
1.65758
1.73084
1.79208
1.83582
1.85673
1.84918
1.79847
1.69614
-1.64344
-1.75498
-1.80473
-1.80392
-1.77138
-1.71519
-1.6424
-1.5596
-1.47197
-1.38327
-1.29613
-1.21224
-1.13263
-1.05784
-0.988043
-0.923186
-0.863073
-0.807422
-0.755903
-0.708177
-0.6639
-0.622745
-0.584399
-0.548578
-0.515019
-0.483487
-0.453771
-0.425678
-0.399038
-0.373699
-0.349523
-0.32639
-0.30419
-0.282822
-0.2622
-0.242243
-0.222881
-0.204049
-0.185684
-0.167733
-0.150145
-0.132873
-0.115876
-0.0991148
-0.0825508
-0.0661483
-0.0498729
-0.0336912
-0.0175695
-0.0014736
0.0146309
0.0307777
0.0469998
0.0633309
0.0798062
0.096464
0.113345
0.130493
0.147953
0.165774
0.184007
0.20271
0.221946
0.241784
0.262302
0.283583
0.30572
0.328817
0.352985
0.378351
0.405054
0.43325
0.463111
0.49483
0.528618
0.564708
0.603357
0.644844
0.68947
0.737561
0.789463
0.845536
0.906146
0.971649
1.04237
1.11858
1.20041
1.28784
1.38057
1.47789
1.57856
1.68057
1.78097
1.87557
1.95874
2.02341
2.06211
2.06637
2.01639
1.90033
-1.86671
-1.99522
-2.04187
-2.02362
-1.967
-1.8841
-1.78462
-1.67694
-1.56716
-1.45935
-1.35612
-1.25891
-1.16844
-1.08487
-1.00804
-0.937606
-0.873092
-0.813994
-0.759799
-0.710012
-0.664165
-0.621829
-0.582611
-0.546162
-0.512168
-0.480352
-0.450468
-0.422298
-0.395652
-0.370359
-0.346272
-0.323256
-0.301194
-0.279979
-0.259518
-0.239729
-0.220538
-0.201876
-0.183682
-0.165898
-0.148473
-0.131362
-0.114521
-0.0979109
-0.0814938
-0.0652342
-0.0490976
-0.0330505
-0.0170597
-0.00109142
0.0148877
0.0309106
0.0470101
0.0632199
0.0795755
0.0961153
0.11288
0.129911
0.147255
0.16496
0.183079
0.20167
0.220796
0.240528
0.260944
0.28213
0.304182
0.327206
0.351324
0.376665
0.403378
0.431629
0.461605
0.493514
0.527591
0.564097
0.603322
0.645587
0.691253
0.740712
0.794396
0.852774
0.916347
0.985636
1.06117
1.14345
1.23291
1.32985
1.43434
1.54605
1.66409
1.7867
1.91097
2.03236
2.14425
2.23773
2.30254
2.32603
2.2805
2.1482
-2.14578
-2.29363
-2.33025
-2.28307
-2.19057
-2.07054
-1.936
-1.79716
-1.66082
-1.53102
-1.40995
-1.29852
-1.19684
-1.10453
-1.02095
-0.945349
-0.876916
-0.814881
-0.758514
-0.70715
-0.660186
-0.617087
-0.57738
-0.540652
-0.506537
-0.474719
-0.444922
-0.416903
-0.390454
-0.365391
-0.341554
-0.318801
-0.297006
-0.27606
-0.255866
-0.23634
-0.217404
-0.19899
-0.181035
-0.163482
-0.14628
-0.129383
-0.112748
-0.0963349
-0.0801079
-0.0640311
-0.0480707
-0.0321938
-0.016368
-0.000560999
0.0152593
0.0311251
0.0470689
0.0631245
0.079327
0.0957136
0.112324
0.1292
0.146386
0.163932
0.181889
0.200317
0.219277
0.238841
0.259085
0.280099
0.301981
0.324841
0.3488
0.373996
0.400585
0.42874
0.458658
0.490564
0.524711
0.561383
0.600903
0.643635
0.689989
0.740427
0.795469
0.855695
0.921747
0.994331
1.0742
1.16215
1.25897
1.36539
1.48198
1.60901
1.7462
1.89239
2.04507
2.19976
2.34911
2.48224
2.58548
2.64027
2.60668
2.45615
-2.50594
-2.67292
-2.68549
-2.59044
-2.44453
-2.27321
-2.09312
-1.91595
-1.7485
-1.59412
-1.45397
-1.32796
-1.21527
-1.11475
-1.02512
-0.945111
-0.87353
-0.809295
-0.751444
-0.699131
-0.651617
-0.608265
-0.568523
-0.531917
-0.498038
-0.466533
-0.437101
-0.40948
-0.383447
-0.358806
-0.33539
-0.31305
-0.291657
-0.271099
-0.251279
-0.23211
-0.213514
-0.195425
-0.177778
-0.160519
-0.143597
-0.126966
-0.110585
-0.0944141
-0.0784185
-0.0625633
-0.0468153
-0.0311431
-0.0155162
9.59953e-05
0.0157245
0.0314009
0.0471573
0.0630261
0.0790415
0.0952396
0.111659
0.12834
0.145327
0.162668
0.180415
0.198625
0.217361
0.23669
0.256693
0.277456
0.299079
0.321672
0.345361
0.370285
0.396603
0.424496
0.454168
0.485855
0.519825
0.556382
0.595876
0.638707
0.685332
0.736276
0.792141
0.853617
0.921491
0.996654
1.08011
1.17298
1.27647
1.39184
1.52034
1.66306
1.82069
1.99314
2.17894
2.37436
2.57203
2.75952
2.91939
3.02522
3.01844
2.85056
-2.99066
-3.16749
-3.12775
-2.95374
-2.72884
-2.48756
-2.24946
-2.02639
-1.82379
-1.64309
-1.48358
-1.34354
-1.22085
-1.1133
-1.01884
-0.935604
-0.861968
-0.796524
-0.738068
-0.685582
-0.638199
-0.595188
-0.555928
-0.519895
-0.486643
-0.455792
-0.427023
-0.40006
-0.374669
-0.35065
-0.327829
-0.306055
-0.2852
-0.26515
-0.245808
-0.22709
-0.208919
-0.191228
-0.173957
-0.157053
-0.140465
-0.12415
-0.108068
-0.0921817
-0.0764567
-0.0608595
-0.0453586
-0.029925
-0.0145302
0.000854902
0.0162604
0.0317165
0.0472539
0.062904
0.0786994
0.0946742
0.110865
0.127311
0.144056
0.161147
0.178635
0.196573
0.215023
0.234053
0.253739
0.274168
0.29544
0.317663
0.340963
0.365479
0.391373
0.418825
0.448048
0.479281
0.512804
0.548934
0.588042
0.630555
0.676968
0.727859
0.783902
0.845886
0.914732
0.991515
1.07749
1.17412
1.28306
1.40621
1.54563
1.7035
1.88189
2.0824
2.30551
2.54948
2.80836
3.06955
3.31254
3.5016
3.55119
3.37654
-3.67869
-3.82953
-3.68069
-3.37736
-3.03737
-2.70291
-2.39343
-2.11784
-1.87768
-1.6707
-1.49317
-1.34102
-1.21039
-1.09784
-1.00041
-0.915613
-0.84137
-0.775965
-0.717977
-0.666234
-0.619765
-0.577763
-0.539556
-0.504584
-0.472377
-0.442541
-0.414744
-0.388707
-0.364191
-0.340993
-0.318941
-0.297887
-0.277703
-0.258278
-0.239518
-0.221341
-0.203674
-0.186454
-0.169623
-0.153129
-0.136927
-0.120975
-0.105236
-0.0896738
-0.0742559
-0.0589514
-0.0437314
-0.0285689
-0.0134374
0.00169036
0.0168425
0.0320483
0.0473371
0.0627377
0.07828
0.0939963
0.109922
0.126094
0.142556
0.159351
0.176528
0.194139
0.212243
0.230905
0.250199
0.270211
0.291036
0.312781
0.335568
0.359536
0.384842
0.411668
0.440225
0.470755
0.50354
0.538905
0.577232
0.618964
0.664622
0.714822
0.770291
0.831896
0.90067
0.977852
1.06492
1.16367
1.27622
1.40513
1.55341
1.72452
1.92234
2.1509
2.41384
2.71322
3.04711
3.40598
3.76939
4.09359
4.2584
4.11542
-4.71325
-4.7346
-4.36678
-3.8559
-3.35279
-2.89913
-2.5066
-2.17516
-1.8985
-1.66829
-1.47647
-1.31594
-1.1808
-1.06624
-0.968387
-0.884166
-0.811104
-0.747226
-0.690946
-0.64098
-0.596286
-0.556015
-0.519467
-0.486067
-0.455338
-0.426884
-0.400373
-0.375528
-0.352115
-0.329937
-0.308825
-0.288638
-0.269253
-0.250565
-0.232485
-0.214935
-0.197848
-0.181165
-0.164832
-0.148802
-0.133034
-0.117488
-0.102131
-0.0869292
-0.0718529
-0.0568739
-0.0419657
-0.0271043
-0.0122656
0.00257567
0.0174467
0.0323745
0.0473854
0.0625059
0.0777635
0.0931879
0.108812
0.124673
0.140809
0.157263
0.17408
0.19131
0.209006
0.227233
0.24606
0.265569
0.28585
0.307007
0.329155
0.352429
0.376982
0.402989
0.430657
0.460224
0.491967
0.526211
0.563336
0.603791
0.648104
0.696909
0.750961
0.811175
0.878659
0.954768
1.04116
1.1399
1.25352
1.38521
1.53891
1.71952
1.93303
2.18661
2.48837
2.84663
3.26759
3.75098
4.2843
4.82396
5.21685
5.21388
-6.35277
-5.98213
-5.19828
-4.3692
-3.64473
-3.04676
-2.56515
-2.18087
-1.87411
-1.6278
-1.42832
-1.26513
-1.13022
-1.0175
-0.922332
-0.841182
-0.771307
-0.710575
-0.657312
-0.61019
-0.568145
-0.530322
-0.496027
-0.464692
-0.435853
-0.409125
-0.384191
-0.360783
-0.338682
-0.3177
-0.297682
-0.278492
-0.260019
-0.242165
-0.224849
-0.208
-0.191556
-0.175466
-0.159681
-0.14416
-0.128865
-0.113762
-0.0988191
-0.0840083
-0.069302
-0.0546752
-0.0401054
-0.0255708
-0.0110496
0.00348175
0.0180477
0.0326729
0.0473807
0.0621944
0.0771389
0.092242
0.107534
0.123049
0.138823
0.154895
0.171306
0.188103
0.205337
0.223066
0.241356
0.260283
0.27993
0.300395
0.321786
0.34423
0.36787
0.392875
0.41944
0.447792
0.478199
0.510973
0.546483
0.585165
0.62754
0.674232
0.725996
0.783753
0.848639
0.922056
1.00576
1.10199
1.21356
1.34414
1.49849
1.68284
1.90536
2.17677
2.51093
2.92513
3.43945
4.07323
4.83636
5.70468
6.52649
6.93388
-9.17399
-7.69518
-6.12717
-4.8441
-3.84691
-3.09449
-2.53349
-2.11199
-1.7904
-1.5409
-1.34404
-1.18614
-1.05754
-0.951296
-0.862371
-0.787032
-0.722474
-0.666558
-0.617633
-0.574407
-0.535857
-0.501168
-0.469683
-0.440872
-0.414299
-0.389611
-0.366512
-0.34476
-0.324153
-0.304522
-0.285726
-0.267644
-0.250177
-0.233238
-0.216755
-0.200665
-0.184918
-0.169466
-0.15427
-0.139292
-0.124502
-0.109869
-0.0953671
-0.0809708
-0.066657
-0.0524045
-0.0381939
-0.0240062
-0.00982205
0.00437986
0.0186212
0.032923
0.0473058
0.06179
0.0763976
0.0911536
0.106086
0.121226
0.136605
0.152259
0.168225
0.184545
0.201267
0.218442
0.236131
0.254402
0.273333
0.29301
0.313535
0.335021
0.357602
0.381433
0.406694
0.433596
0.462387
0.49336
0.526857
0.563289
0.603146
0.647019
0.695627
0.749851
0.81079
0.879817
0.958673
1.0496
1.15551
1.28028
1.4291
1.60909
1.83016
2.10627
2.45731
2.91161
3.5095
4.30415
5.34996
6.68635
8.31222
9.85796
-14.6802
-9.94491
-6.80782
-4.96142
-3.73354
-2.89397
-2.31657
-1.90748
-1.60726
-1.38026
-1.20418
-1.06453
-0.951606
-0.858743
-0.781229
-0.715644
-0.659457
-0.61076
-0.568087
-0.5303
-0.496501
-0.465978
-0.43816
-0.412585
-0.388879
-0.366736
-0.345904
-0.326174
-0.307375
-0.289365
-0.272025
-0.255255
-0.23897
-0.223099
-0.207585
-0.192377
-0.177432
-0.162715
-0.148193
-0.133838
-0.119623
-0.105526
-0.0915258
-0.0776009
-0.0637335
-0.0499069
-0.0361052
-0.0223125
-0.00851231
0.00531316
0.0191823
0.0331124
0.0471204
0.0612235
0.0754412
0.089795
0.104309
0.11901
0.133927
0.149089
0.16453
0.180286
0.196398
0.212911
0.229879
0.247359
0.265421
0.284139
0.303601
0.323908
0.345176
0.367541
0.391162
0.416225
0.442948
0.471588
0.502449
0.535892
0.57235
0.612344
0.65651
0.70563
0.760677
0.822874
0.893783
0.975418
1.07043
1.1824
1.3162
1.47873
1.67995
1.93475
2.26596
2.71
3.32746
4.21463
5.50188
7.4214
10.6481
15.4941
-23.9631
-12.148
-6.53159
-4.24785
-3.03841
-2.30588
-1.84159
-1.52767
-1.30154
-1.13108
-0.998343
-0.89236
-0.806012
-0.734458
-0.67428
-0.622984
-0.578709
-0.54004
-0.505882
-0.475379
-0.447852
-0.42276
-0.39967
-0.378228
-0.358151
-0.339203
-0.321194
-0.303967
-0.287394
-0.271367
-0.255799
-0.240616
-0.225757
-0.211171
-0.196816
-0.18266
-0.168671
-0.154827
-0.141104
-0.127484
-0.11395
-0.100486
-0.0870763
-0.0737075
-0.0603669
-0.0470426
-0.0337233
-0.0203972
-0.00705141
0.00632774
0.0197541
0.0332411
0.0468018
0.0604498
0.0742006
0.0880719
0.102083
0.116257
0.130615
0.145182
0.159985
0.175054
0.190421
0.206124
0.222205
0.238712
0.255698
0.273226
0.291366
0.3102
0.329822
0.350342
0.371888
0.394613
0.418692
0.444332
0.471779
0.50132
0.5333
0.568134
0.606323
0.64848
0.69536
0.74791
0.80732
0.875123
0.953311
1.04454
1.15243
1.28208
1.44094
1.6404
1.89899
2.24953
2.75554
3.53801
4.8152
7.1945
12.9279
24.8659
)
;

boundaryField
{
    movingWall
    {
        type            zeroGradient;
    }
    fixedWalls
    {
        type            zeroGradient;
    }
    frontAndBack
    {
        type            empty;
    }
}


// ************************************************************************* //
