/*--------------------------------*- C++ -*----------------------------------*\
| =========                 |                                                 |
| \\      /  F ield         | OpenFOAM: The Open Source CFD Toolbox           |
|  \\    /   O peration     | Version:  2212                                  |
|   \\  /    A nd           | Website:  www.openfoam.com                      |
|    \\/     M anipulation  |                                                 |
\*---------------------------------------------------------------------------*/
FoamFile
{
    version     2.0;
    format      ascii;
    arch        "LSB;label=32;scalar=64";
    class       volScalarField;
    location    "0.01";
    object      p;
}
// * * * * * * * * * * * * * * * * * * * * * * * * * * * * * * * * * * * * * //

dimensions      [0 2 -2 0 0 0 0];

internalField   nonuniform List<scalar> 
10000
(
-2.34665e-08
-0.000769565
-0.00211873
-0.00361416
-0.00505421
-0.00646138
-0.00782214
-0.00911928
-0.0103338
-0.0114459
-0.0124385
-0.0132993
-0.0140202
-0.0145942
-0.0150157
-0.0152802
-0.0153852
-0.0153295
-0.0151128
-0.0147361
-0.0142008
-0.0135089
-0.0126632
-0.0116668
-0.0105237
-0.00923834
-0.00781505
-0.00625794
-0.00457129
-0.00275972
-0.000828333
0.0012174
0.00337202
0.00563011
0.00798636
0.0104358
0.0129733
0.0155933
0.0182894
0.0210552
0.0238846
0.0267716
0.0297103
0.0326953
0.0357213
0.0387824
0.0418724
0.0449853
0.0481156
0.0512583
0.0544079
0.0575584
0.060704
0.0638393
0.0669587
0.0700568
0.0731275
0.0761648
0.0791626
0.0821152
0.0850168
0.0878617
0.0906437
0.0933566
0.0959943
0.0985507
0.10102
0.103397
0.105675
0.107848
0.109912
0.11186
0.113688
0.11539
0.116962
0.1184
0.119697
0.120851
0.121857
0.122713
0.123415
0.123963
0.124356
0.124593
0.124676
0.124608
0.124391
0.124033
0.123543
0.122931
0.122214
0.121409
0.120541
0.119639
0.118739
0.117888
0.11714
0.116561
0.116228
0.116172
-0.000648077
-0.00135775
-0.0024356
-0.0036404
-0.00486068
-0.00607138
-0.00725048
-0.0083785
-0.00943768
-0.0104106
-0.0112807
-0.0120348
-0.0126631
-0.0131582
-0.013514
-0.0137257
-0.0137897
-0.0137039
-0.0134673
-0.0130798
-0.0125422
-0.0118561
-0.0110234
-0.0100466
-0.00892893
-0.00767391
-0.00628545
-0.00476773
-0.00312468
-0.00136051
0.000519938
0.00251183
0.00461036
0.0068102
0.00910577
0.0114921
0.0139644
0.0165174
0.019145
0.0218413
0.0246003
0.027416
0.0302823
0.033194
0.0361457
0.0391321
0.0421472
0.045185
0.0482401
0.0513072
0.0543808
0.0574551
0.0605245
0.0635838
0.0666276
0.0696504
0.0726461
0.0756087
0.0785324
0.0814116
0.0842409
0.0870145
0.0897263
0.0923701
0.0949402
0.0974309
0.0998368
0.102152
0.104371
0.106489
0.1085
0.110398
0.112181
0.113841
0.115377
0.116782
0.118053
0.119186
0.120178
0.121027
0.121731
0.122289
0.122701
0.122969
0.123093
0.123077
0.122926
0.122647
0.122248
0.121742
0.121144
0.120471
0.119746
0.118996
0.118252
0.117553
0.11694
0.116462
0.116178
0.116121
-0.00132561
-0.00186349
-0.00267408
-0.0036469
-0.00468587
-0.00574353
-0.00678637
-0.00778884
-0.0087316
-0.00959846
-0.0103742
-0.0110454
-0.0116013
-0.012034
-0.0123372
-0.0125059
-0.0125362
-0.0124252
-0.0121712
-0.0117736
-0.0112325
-0.0105493
-0.00972533
-0.00876268
-0.007664
-0.00643226
-0.00507071
-0.00358328
-0.00197404
-0.000246964
0.00159361
0.00354316
0.00559713
0.00775054
0.00999807
0.0123347
0.0147555
0.0172553
0.0198284
0.0224691
0.0251718
0.0279305
0.0307391
0.0335923
0.0364847
0.0394112
0.042366
0.0453434
0.0483379
0.0513442
0.0543567
0.0573697
0.0603779
0.0633762
0.0663593
0.0693218
0.0722576
0.0751607
0.0780253
0.0808462
0.0836179
0.0863346
0.0889904
0.0915793
0.0940958
0.0965343
0.0988896
0.101156
0.103329
0.105402
0.107371
0.109231
0.110977
0.112605
0.114111
0.115491
0.116741
0.117859
0.118841
0.119686
0.120392
0.12096
0.121389
0.121681
0.121838
0.121864
0.121764
0.121545
0.121217
0.12079
0.120278
0.1197
0.119074
0.118424
0.117779
0.117168
0.116627
0.116193
0.115909
0.115802
-0.00166068
-0.00211213
-0.00278057
-0.00360248
-0.00450913
-0.00545104
-0.00639096
-0.00729971
-0.00815518
-0.00894076
-0.00964253
-0.0102478
-0.0107458
-0.0111282
-0.0113884
-0.0115213
-0.0115229
-0.0113899
-0.0111204
-0.0107133
-0.0101682
-0.00948579
-0.0086675
-0.00771514
-0.00663083
-0.00541709
-0.00407692
-0.00261385
-0.00103154
0.000666176
0.00247491
0.00439025
0.00640794
0.00852331
0.0107313
0.0130272
0.0154061
0.0178626
0.0203911
0.0229859
0.0256419
0.0283533
0.0311141
0.0339189
0.0367625
0.0396397
0.0425447
0.0454719
0.0484159
0.0513715
0.0543333
0.0572957
0.0602533
0.0632011
0.0661341
0.0690468
0.0719332
0.0747876
0.077604
0.080377
0.0831013
0.0857713
0.0883811
0.090925
0.0933974
0.0957931
0.098107
0.100334
0.102468
0.104505
0.10644
0.108268
0.109984
0.111586
0.113068
0.114428
0.115662
0.116768
0.117743
0.118585
0.119295
0.119871
0.120314
0.120626
0.12081
0.12087
0.12081
0.120639
0.120364
0.119996
0.119548
0.119035
0.118475
0.117889
0.1173
0.116734
0.116219
0.115784
0.115455
0.115247
-0.00160994
-0.00210818
-0.00273969
-0.00348386
-0.00430551
-0.00516231
-0.00602065
-0.00685327
-0.00763759
-0.00835612
-0.00899536
-0.00954385
-0.00999144
-0.0103297
-0.0105521
-0.010653
-0.0106283
-0.0104749
-0.0101906
-0.00977378
-0.00922413
-0.00854185
-0.00772774
-0.00678341
-0.00571095
-0.00451253
-0.00319074
-0.00174885
-0.000190236
0.0014816
0.00326244
0.00514787
0.00713368
0.00921534
0.011388
0.0136473
0.0159886
0.0184064
0.0208949
0.0234488
0.0260629
0.0287317
0.0314492
0.0342103
0.0370099
0.0398426
0.0427028
0.0455846
0.0484829
0.0513926
0.0543086
0.0572254
0.0601376
0.06304
0.0659279
0.0687959
0.0716382
0.0744489
0.0772222
0.0799524
0.0826344
0.0852627
0.0878314
0.0903351
0.0927683
0.0951259
0.0974027
0.0995938
0.101694
0.103699
0.105603
0.107403
0.109093
0.110671
0.112132
0.113475
0.114695
0.11579
0.116759
0.1176
0.118312
0.118896
0.119352
0.119682
0.11989
0.119979
0.119954
0.119822
0.119591
0.119271
0.118873
0.11841
0.117898
0.117354
0.116798
0.116251
0.115735
0.115274
0.114872
0.114529
-0.00132988
-0.00192604
-0.00257876
-0.00329709
-0.0040755
-0.0048793
-0.0056795
-0.0064536
-0.00718153
-0.00784639
-0.00843475
-0.00893592
-0.00934063
-0.00964087
-0.00983009
-0.00990295
-0.00985501
-0.00968298
-0.00938464
-0.00895843
-0.00840359
-0.00772026
-0.00690904
-0.00597105
-0.00490806
-0.00372207
-0.0024155
-0.000991415
0.000547068
0.00219665
0.00395331
0.00581279
0.00777102
0.00982358
0.0119657
0.014193
0.016501
0.0188845
0.0213379
0.0238557
0.0264329
0.0290639
0.0317432
0.0344654
0.0372257
0.0400188
0.042839
0.0456806
0.0485382
0.0514073
0.0542827
0.0571589
0.0600308
0.0628933
0.0657415
0.0685703
0.0713738
0.074146
0.0768812
0.0795739
0.0822188
0.0848106
0.0873436
0.0898122
0.0922112
0.0945353
0.0967797
0.0989397
0.10101
0.102987
0.104865
0.10664
0.108307
0.109865
0.111308
0.112636
0.113844
0.114931
0.115895
0.116734
0.117449
0.11804
0.118507
0.118853
0.119081
0.119194
0.119198
0.119098
0.118902
0.118618
0.118256
0.117828
0.117348
0.116828
0.116286
0.115737
0.1152
0.114694
0.114202
0.113708
-0.000910702
-0.00162915
-0.00233645
-0.00306282
-0.00382879
-0.00460702
-0.00537221
-0.0061061
-0.00679226
-0.00741596
-0.00796465
-0.00842802
-0.00879759
-0.00906606
-0.00922707
-0.00927545
-0.00920703
-0.00901846
-0.00870726
-0.00827189
-0.00771152
-0.00702615
-0.00621621
-0.00528258
-0.00422676
-0.00305053
-0.00175608
-0.000346255
0.00117594
0.00280724
0.00454371
0.00638129
0.00831618
0.0103441
0.0124604
0.0146606
0.0169403
0.0192945
0.0217175
0.0242041
0.0267493
0.0293478
0.0319939
0.0346824
0.0374086
0.0401672
0.0429525
0.045759
0.0485816
0.0514156
0.0542558
0.0570971
0.0599342
0.0627623
0.0655765
0.0683716
0.0711418
0.073881
0.0765835
0.079244
0.0818574
0.0844183
0.086921
0.0893599
0.0917298
0.0940255
0.0962424
0.098376
0.100421
0.102374
0.10423
0.105984
0.107633
0.109173
0.110602
0.111918
0.113116
0.114196
0.115156
0.115995
0.116712
0.117309
0.117785
0.118144
0.118388
0.118521
0.118547
0.118471
0.118301
0.118042
0.117705
0.117299
0.116834
0.116323
0.115778
0.115212
0.114638
0.114073
0.113482
0.112832
-0.000415861
-0.00126732
-0.00204887
-0.00280585
-0.00358069
-0.00435356
-0.00510261
-0.00581278
-0.00647104
-0.00706494
-0.00758365
-0.00801786
-0.00835958
-0.00860209
-0.0087396
-0.00876716
-0.00868079
-0.00847732
-0.00815435
-0.00771025
-0.00714413
-0.00645585
-0.00564571
-0.00471448
-0.00366352
-0.0024944
-0.00120912
0.000189641
0.00169901
0.00331581
0.00503612
0.00685596
0.00877168
0.0107792
0.012874
0.0150517
0.017308
0.0196376
0.022035
0.0244952
0.0270134
0.0295842
0.0322021
0.034862
0.0375592
0.0402884
0.0430441
0.0458208
0.0486137
0.0514179
0.0542286
0.0570405
0.0598485
0.0626477
0.0654333
0.0682001
0.0709422
0.0736537
0.0763288
0.0789625
0.0815497
0.0840849
0.0865626
0.088977
0.0913227
0.0935949
0.095789
0.0979006
0.0999254
0.101859
0.103696
0.105433
0.107067
0.108594
0.110012
0.111318
0.112509
0.113583
0.11454
0.115379
0.116098
0.1167
0.117184
0.117553
0.11781
0.117957
0.117999
0.11794
0.117786
0.117544
0.11722
0.116823
0.116363
0.115847
0.115287
0.11469
0.11407
0.113438
0.112744
0.111942
0.000105287
-0.000880016
-0.00174581
-0.00254861
-0.00334787
-0.00412999
-0.00487722
-0.0055772
-0.00621952
-0.00679404
-0.00729152
-0.00770393
-0.00802422
-0.00824618
-0.0083645
-0.00837465
-0.00827287
-0.00805619
-0.00772237
-0.00726986
-0.00669777
-0.00600586
-0.0051943
-0.00426373
-0.00321541
-0.00205081
-0.000771821
0.000618941
0.00211871
0.00372444
0.00543228
0.00723832
0.00913904
0.0111304
0.013208
0.0153676
0.0176048
0.0199145
0.0222911
0.0247298
0.0272257
0.0297738
0.0323685
0.0350047
0.0376779
0.0403829
0.0431144
0.0458668
0.0486352
0.0514152
0.0542018
0.0569899
0.0597743
0.0625501
0.0653125
0.0680562
0.0707754
0.0734643
0.0761173
0.0787293
0.0812953
0.0838099
0.0862674
0.088662
0.0909884
0.0932417
0.0954176
0.0975119
0.0995201
0.101438
0.103261
0.104985
0.106608
0.108125
0.109534
0.110833
0.112019
0.113089
0.114044
0.114883
0.115604
0.11621
0.1167
0.117076
0.117342
0.117499
0.117551
0.117502
0.117358
0.117123
0.116803
0.116407
0.11594
0.11541
0.114824
0.114189
0.113515
0.112812
0.112017
0.11107
0.000613396
-0.000500298
-0.00145288
-0.0023105
-0.00314546
-0.00394786
-0.004704
-0.00540443
-0.00604062
-0.00660462
-0.00708873
-0.00748604
-0.00779049
-0.00799664
-0.00809968
-0.00809553
-0.00798078
-0.00775262
-0.00740896
-0.0069484
-0.00637014
-0.0056739
-0.00485979
-0.00392835
-0.00288074
-0.00171833
-0.000442946
0.000942778
0.00243609
0.004034
0.00573279
0.00752871
0.00941835
0.0113978
0.0134625
0.0156082
0.0178307
0.0201249
0.0224853
0.0249072
0.0273858
0.0299161
0.0324925
0.0351102
0.0377646
0.0404509
0.0431635
0.045897
0.0486466
0.0514079
0.0541761
0.0569459
0.0597123
0.0624701
0.0652146
0.0679405
0.070642
0.0733134
0.0759492
0.0785446
0.0810944
0.0835931
0.0860351
0.0884145
0.090726
0.092965
0.0951272
0.0972086
0.0992046
0.101111
0.102924
0.104639
0.106253
0.107764
0.109167
0.110461
0.111644
0.112712
0.113666
0.114505
0.115229
0.115837
0.116331
0.116713
0.116983
0.117146
0.117203
0.117159
0.117017
0.116782
0.11646
0.116055
0.115574
0.115022
0.114404
0.113725
0.112995
0.11222
0.111326
0.110244
0.00107928
-0.000154962
-0.00119269
-0.00210899
-0.00298681
-0.00381783
-0.00459099
-0.00529994
-0.005938
-0.00649877
-0.00697612
-0.00736423
-0.00765789
-0.00785248
-0.00794379
-0.00792819
-0.00780264
-0.00756461
-0.00721221
-0.00674414
-0.00615963
-0.00545849
-0.00464079
-0.00370706
-0.00265839
-0.00149609
-0.000221969
0.00116135
0.00265112
0.00424439
0.00593748
0.00772682
0.00960911
0.0115804
0.0136362
0.0157722
0.0179844
0.0202676
0.0226164
0.0250262
0.0274924
0.0300098
0.0325731
0.0351774
0.0378185
0.0404914
0.0431907
0.0459109
0.0486474
0.0513957
0.0541511
0.0569084
0.0596622
0.0624076
0.0651395
0.0678528
0.0705419
0.073201
0.0758248
0.0784083
0.0809466
0.0834342
0.0858652
0.0882339
0.0905351
0.0927643
0.0949173
0.09699
0.0989782
0.100877
0.102684
0.104393
0.106003
0.107509
0.10891
0.110202
0.111383
0.112451
0.113405
0.114245
0.11497
0.115581
0.116077
0.116462
0.116735
0.1169
0.116958
0.116913
0.116769
0.116528
0.116196
0.115777
0.115276
0.114696
0.114042
0.113316
0.112527
0.111682
0.110694
0.109486
0.00148302
0.000135723
-0.000984074
-0.00195976
-0.0028841
-0.00374932
-0.00454578
-0.00526943
-0.0059156
-0.00647913
-0.00695519
-0.00733908
-0.00762641
-0.00781327
-0.0078961
-0.0078717
-0.00773738
-0.00749099
-0.00713087
-0.00665584
-0.00606518
-0.00535872
-0.00453657
-0.00359925
-0.00254788
-0.0013838
-0.000108811
0.00127447
0.00276335
0.00435494
0.00604562
0.0078318
0.00971027
0.0116771
0.0137279
0.0158583
0.0180643
0.0203409
0.0226827
0.0250851
0.0275436
0.0300531
0.0326085
0.035205
0.0378382
0.0405033
0.0431948
0.0459073
0.0486363
0.0513775
0.0541259
0.0568763
0.0596231
0.0623614
0.0650862
0.0677924
0.0704744
0.0731264
0.0757432
0.0783198
0.0808514
0.0833323
0.0857569
0.0881195
0.090415
0.092639
0.0947872
0.0968557
0.0988401
0.100736
0.10254
0.104247
0.105855
0.107361
0.108761
0.110053
0.111235
0.112304
0.11326
0.114101
0.114828
0.11544
0.115938
0.116323
0.116596
0.11676
0.116816
0.116767
0.116616
0.116366
0.11602
0.115582
0.115056
0.114445
0.113752
0.112978
0.112131
0.111217
0.11014
0.108816
0.0018104
0.000356881
-0.000841697
-0.00187612
-0.00284846
-0.00375116
-0.00457534
-0.00531858
-0.00597771
-0.00654882
-0.00702816
-0.00741202
-0.00769682
-0.00787934
-0.00795659
-0.00792581
-0.00778469
-0.00753137
-0.00716448
-0.00668299
-0.00608623
-0.00537411
-0.00454677
-0.00360474
-0.00254922
-0.00138161
-0.000103732
0.0012818
0.00277232
0.00436502
0.00605632
0.00784264
0.00972077
0.0116868
0.0137363
0.015865
0.018069
0.0203433
0.0226826
0.0250822
0.0275379
0.0300447
0.0325974
0.0351913
0.037822
0.0404848
0.0431742
0.0458848
0.0486121
0.0513517
0.0540987
0.0568477
0.0595931
0.0623299
0.0650531
0.0677577
0.0704379
0.0730881
0.0757029
0.0782776
0.0808071
0.0832861
0.085709
0.0880702
0.0903646
0.092588
0.094736
0.0968045
0.0987893
0.100686
0.10249
0.104199
0.105809
0.107316
0.108718
0.110013
0.111198
0.11227
0.113228
0.114072
0.1148
0.115413
0.115912
0.116296
0.116569
0.11673
0.116781
0.116725
0.116564
0.116301
0.115938
0.115478
0.114925
0.114281
0.113547
0.112724
0.11182
0.11084
0.109679
0.108247
0.00204988
0.000496998
-0.000777024
-0.00186899
-0.00288965
-0.00383176
-0.00468652
-0.0054529
-0.00612883
-0.0067114
-0.00719778
-0.00758516
-0.00787073
-0.00805182
-0.00812598
-0.00809095
-0.0079448
-0.00768594
-0.00731315
-0.00682559
-0.00622272
-0.00550452
-0.00467123
-0.00372348
-0.00266249
-0.00148968
-0.000206917
0.00118313
0.00267781
0.00427437
0.00596925
0.00775889
0.00964008
0.0116089
0.0136608
0.0157918
0.0179979
0.0202742
0.0226154
0.025017
0.0274748
0.0299839
0.0325392
0.0351357
0.0377694
0.0404353
0.0431281
0.0458423
0.0485734
0.051317
0.0540681
0.0568212
0.0595706
0.0623113
0.0650383
0.0677465
0.0704303
0.0730838
0.0757018
0.0782794
0.0808118
0.0832938
0.0857198
0.0880844
0.0903825
0.0926098
0.094762
0.096835
0.0988242
0.100725
0.102534
0.104247
0.105862
0.107374
0.108781
0.110081
0.11127
0.112346
0.113308
0.114155
0.114885
0.1155
0.115998
0.116382
0.116653
0.11681
0.116855
0.11679
0.116617
0.116338
0.115956
0.115474
0.114892
0.114213
0.113438
0.112566
0.111606
0.110561
0.109322
0.10779
0.00219163
0.000546379
-0.00079948
-0.00194757
-0.00301624
-0.00399875
-0.00488608
-0.00567805
-0.00637367
-0.00697081
-0.00746733
-0.00786121
-0.00815029
-0.00833244
-0.00840568
-0.00836823
-0.00821855
-0.00795524
-0.00757726
-0.00708389
-0.00647476
-0.00575
-0.00490996
-0.00395535
-0.00288748
-0.00170778
-0.000418153
0.000978685
0.00248009
0.00408332
0.00578482
0.00758101
0.00946868
0.0114439
0.0135021
0.0156393
0.0178516
0.0201342
0.0224819
0.0248902
0.0273551
0.0298716
0.0324344
0.0350389
0.0376807
0.0403552
0.0430567
0.0457799
0.0485202
0.051273
0.0540335
0.0567959
0.0595545
0.0623042
0.0650403
0.0677574
0.0704499
0.0731119
0.0757381
0.0783237
0.0808641
0.083354
0.0857881
0.0881609
0.0904675
0.0927034
0.0948642
0.0969458
0.0989435
0.100853
0.10267
0.104391
0.106014
0.107534
0.108948
0.110255
0.11145
0.112532
0.113499
0.114349
0.115082
0.115699
0.116198
0.116581
0.116849
0.117001
0.117039
0.116964
0.116778
0.116483
0.116081
0.115574
0.114963
0.114249
0.113432
0.112512
0.111496
0.11039
0.109075
0.10745
0.00222756
0.000496699
-0.000917196
-0.00211991
-0.00323603
-0.00425916
-0.0051804
-0.00599977
-0.00671721
-0.00733132
-0.0078405
-0.00824327
-0.00853809
-0.00872337
-0.00879754
-0.0087592
-0.00860711
-0.00834011
-0.00795731
-0.00745818
-0.00684252
-0.0061106
-0.00526287
-0.0043001
-0.00322374
-0.00203531
-0.000736741
0.000669248
0.00218003
0.00379287
0.00550415
0.00731023
0.00920791
0.0111932
0.0132616
0.0154091
0.0176319
0.0199253
0.0222841
0.024704
0.0271807
0.0297096
0.0322852
0.0349026
0.0375578
0.0402459
0.0429614
0.0456988
0.0484533
0.0512206
0.0539954
0.0567721
0.0595449
0.0623088
0.0650589
0.0677899
0.0704961
0.0731716
0.0758111
0.0784098
0.0809633
0.0834663
0.0859135
0.0882995
0.0906192
0.0928682
0.0950421
0.0971366
0.099147
0.101069
0.102898
0.10463
0.106264
0.107794
0.109219
0.110534
0.111738
0.112827
0.113799
0.114655
0.115392
0.116011
0.116512
0.116894
0.117159
0.117306
0.117336
0.117251
0.117052
0.11674
0.116317
0.115784
0.115142
0.114392
0.113534
0.112566
0.111496
0.11033
0.108943
0.107231
0.00215127
0.000340865
-0.00113741
-0.00239305
-0.00355592
-0.00461964
-0.00557547
-0.00642365
-0.00716453
-0.00779738
-0.00832113
-0.0087347
-0.00903704
-0.00922708
-0.00930364
-0.00926556
-0.00911182
-0.00884153
-0.00845401
-0.0079489
-0.0073262
-0.00658628
-0.00572969
-0.00475732
-0.00367073
-0.00247157
-0.00116178
0.00025591
0.00177887
0.00340437
0.0051287
0.00694813
0.00885943
0.0108587
0.0129412
0.0151032
0.017341
0.0196498
0.0220244
0.0244606
0.0269543
0.0295005
0.0320937
0.0347292
0.0374028
0.0401097
0.0428443
0.0456008
0.0483746
0.0511611
0.0539552
0.0567511
0.059543
0.0623258
0.0650948
0.0678446
0.0705695
0.0732636
0.0759215
0.0785386
0.0811102
0.0836314
0.0860967
0.0885007
0.0908383
0.0931049
0.0952961
0.0974076
0.0994347
0.101373
0.103217
0.104965
0.106612
0.108155
0.109592
0.110919
0.112132
0.11323
0.11421
0.115072
0.115814
0.116437
0.116939
0.117321
0.117583
0.117725
0.117748
0.117652
0.117439
0.11711
0.116665
0.116106
0.115433
0.114647
0.113747
0.112731
0.111608
0.110384
0.108929
0.107134
0.00195776
7.28731e-05
-0.00146649
-0.00277338
-0.00398217
-0.00508637
-0.0060771
-0.006955
-0.00772055
-0.00837348
-0.00891322
-0.00933905
-0.00965031
-0.00984633
-0.00992624
-0.00988912
-0.00973416
-0.00946069
-0.00906828
-0.00855673
-0.00792619
-0.00717717
-0.00631035
-0.00532677
-0.0042281
-0.00301604
-0.00169259
-0.000260489
0.0012776
0.00291889
0.00465959
0.0064959
0.00842454
0.0104416
0.0125425
0.0147233
0.0169805
0.0193094
0.0217046
0.024162
0.0266774
0.0292459
0.0318618
0.0345204
0.0372175
0.0399482
0.0427068
0.0454875
0.0482854
0.0510961
0.0539144
0.0567343
0.0595501
0.0623567
0.0651494
0.067923
0.0706716
0.0733894
0.0760708
0.0787113
0.0813063
0.0838507
0.086339
0.0887657
0.0911257
0.0934143
0.0956271
0.0977597
0.0998074
0.101765
0.103629
0.105394
0.107058
0.108617
0.110068
0.111408
0.112633
0.113742
0.114731
0.115601
0.116349
0.116976
0.117481
0.117863
0.118123
0.11826
0.118275
0.118168
0.117941
0.117594
0.117127
0.11654
0.115836
0.115013
0.114071
0.113008
0.111833
0.110553
0.109033
0.107162
0.00164302
-0.000312411
-0.00191005
-0.00326665
-0.00452066
-0.00566505
-0.00669086
-0.007599
-0.00839012
-0.00906414
-0.00962091
-0.0100601
-0.0103813
-0.0105841
-0.0106679
-0.0106321
-0.010476
-0.0101992
-0.00980147
-0.00928279
-0.0086434
-0.00788399
-0.00700541
-0.00600886
-0.00489613
-0.00366891
-0.00232924
-0.000879931
0.000676282
0.00233654
0.00409696
0.00595367
0.00790341
0.00994225
0.0120656
0.0142697
0.0165509
0.0189044
0.0213251
0.0238085
0.0263505
0.0289462
0.0315898
0.0342765
0.037002
0.0397616
0.0425492
0.045359
0.0481861
0.0510259
0.0538732
0.0567221
0.0595667
0.0624021
0.0652236
0.068026
0.0708035
0.0735501
0.0762602
0.0789293
0.0815528
0.0841254
0.0866416
0.0890957
0.0914825
0.0937974
0.096036
0.0981938
0.100266
0.102247
0.104133
0.105919
0.107603
0.10918
0.110648
0.112003
0.113243
0.114363
0.115364
0.116242
0.116998
0.11763
0.118138
0.118521
0.118779
0.118912
0.118919
0.118802
0.118559
0.118193
0.117703
0.117089
0.116353
0.115493
0.114509
0.1134
0.112174
0.11084
0.109259
0.107316
0.00120387
-0.000819443
-0.00247327
-0.00387811
-0.00517672
-0.00636106
-0.00742205
-0.00836078
-0.00917809
-0.009874
-0.0104486
-0.0109019
-0.0112337
-0.0114437
-0.0115317
-0.0114972
-0.0113398
-0.0110593
-0.0106556
-0.0101289
-0.00947952
-0.00870835
-0.00781643
-0.00680507
-0.00567616
-0.00443143
-0.00307294
-0.00160362
-2.63171e-05
0.00165605
0.00343953
0.00532021
0.00729483
0.00935948
0.0115095
0.0137412
0.0160508
0.0184336
0.0208844
0.0233985
0.0259721
0.0285998
0.031276
0.0339958
0.0367548
0.0395481
0.0423698
0.0452138
0.048075
0.050949
0.0538305
0.0567135
0.0595922
0.0624616
0.0653171
0.0681537
0.0709654
0.0737461
0.0764903
0.0791932
0.0818503
0.0844562
0.0870052
0.0894913
0.0919095
0.0942551
0.0965237
0.0987105
0.100811
0.102819
0.10473
0.106541
0.108247
0.109845
0.111332
0.112706
0.113961
0.115096
0.116109
0.116999
0.117763
0.118401
0.118913
0.119297
0.119554
0.119683
0.119683
0.119554
0.119296
0.118911
0.118397
0.117756
0.116987
0.11609
0.115065
0.113911
0.112636
0.111251
0.109612
0.1076
0.000637582
-0.00145201
-0.00316079
-0.00461276
-0.00595526
-0.00717953
-0.00827586
-0.00924549
-0.0100895
-0.0108078
-0.0114008
-0.0118687
-0.0122114
-0.012429
-0.0125212
-0.0124879
-0.012329
-0.0120442
-0.0116337
-0.0110979
-0.0104373
-0.00965293
-0.00874603
-0.00771798
-0.00657071
-0.00530605
-0.00392615
-0.00243405
-0.000832681
0.000874949
0.00268485
0.00459307
0.00659637
0.00869081
0.0108717
0.0131352
0.0154777
0.0178944
0.0203798
0.0229294
0.0255392
0.0282039
0.0309176
0.0336754
0.0364728
0.0393049
0.0421657
0.045049
0.0479496
0.050863
0.0537839
0.0567064
0.0596246
0.0625336
0.0654288
0.0683051
0.0711565
0.0739769
0.0767606
0.0795028
0.0821988
0.0848432
0.0874299
0.0899531
0.0924074
0.0947881
0.0970908
0.0993107
0.101443
0.103481
0.105421
0.107259
0.108991
0.110614
0.112123
0.113517
0.114791
0.115944
0.116971
0.117872
0.118647
0.119292
0.119809
0.120196
0.120452
0.120577
0.120569
0.120428
0.120155
0.11975
0.119213
0.118544
0.117743
0.11681
0.115745
0.114547
0.113225
0.11179
0.110095
0.108017
-5.8566e-05
-0.0022135
-0.00397662
-0.0054753
-0.00686119
-0.00812541
-0.0092574
-0.0102583
-0.0111293
-0.0118706
-0.0124825
-0.0129653
-0.0133192
-0.0135443
-0.0136408
-0.0136084
-0.0134474
-0.0131576
-0.0127395
-0.0121935
-0.0115203
-0.0107214
-0.00979777
-0.00875103
-0.00758317
-0.00629615
-0.00489221
-0.00337451
-0.00174609
-9.97461e-06
0.00182977
0.00376918
0.00580499
0.00793323
0.0101491
0.0124488
0.0148285
0.0172835
0.0198082
0.0223981
0.0250488
0.0277552
0.0305113
0.0333119
0.0361528
0.0390288
0.0419337
0.0448615
0.0478067
0.050765
0.0537309
0.0566985
0.059662
0.0626164
0.0655571
0.068479
0.071376
0.0742418
0.0770707
0.0798577
0.082598
0.0852861
0.0879158
0.0904811
0.0929763
0.0953968
0.097738
0.0999951
0.102163
0.104235
0.106208
0.108077
0.109838
0.111488
0.113023
0.114441
0.115736
0.116907
0.117952
0.118867
0.119653
0.120308
0.120831
0.121221
0.121477
0.121597
0.121582
0.121429
0.121141
0.120717
0.120156
0.11946
0.118627
0.11766
0.116555
0.115314
0.113947
0.112463
0.110713
0.108571
-0.000887478
-0.0031073
-0.00492459
-0.00647007
-0.0078995
-0.00920375
-0.0103718
-0.0114044
-0.0123029
-0.0130675
-0.0136986
-0.0141965
-0.0145618
-0.0147946
-0.014895
-0.0148633
-0.0146996
-0.0144041
-0.0139773
-0.0134199
-0.012733
-0.0119178
-0.0109756
-0.00990806
-0.00871729
-0.00740537
-0.00597466
-0.00442846
-0.00276985
-0.0010019
0.000871277
0.00284564
0.00491789
0.00708401
0.00933915
0.0116793
0.0141007
0.0165986
0.0191672
0.0218019
0.0244984
0.0272514
0.0300547
0.0329032
0.0357924
0.0387174
0.0416718
0.0446493
0.0476447
0.0506533
0.0536699
0.0566886
0.0597033
0.0627091
0.0657013
0.0686747
0.0716231
0.0745402
0.0774201
0.0802576
0.0830478
0.0857851
0.0884631
0.0910755
0.0936167
0.0960818
0.0984661
0.100765
0.102972
0.105083
0.107092
0.108995
0.110789
0.11247
0.114035
0.115479
0.116799
0.117992
0.119055
0.119987
0.120787
0.121452
0.121982
0.122376
0.122632
0.122749
0.122726
0.122562
0.122259
0.121816
0.121232
0.120509
0.119646
0.118644
0.117501
0.116218
0.114805
0.113273
0.111468
0.109261
-0.00185239
-0.00413693
-0.00600864
-0.00760137
-0.0090749
-0.0104195
-0.011624
-0.0126889
-0.0136153
-0.0144037
-0.0150543
-0.0155677
-0.0159444
-0.0161847
-0.0162889
-0.0162573
-0.0160902
-0.0157881
-0.0153516
-0.0147817
-0.0140794
-0.0132461
-0.0122833
-0.0111927
-0.00997658
-0.00863708
-0.00717672
-0.00559889
-0.00390675
-0.0021034
-0.000193021
0.00182024
0.00393302
0.00614125
0.00843996
0.0108251
0.0132928
0.0158382
0.0184556
0.0211399
0.0238871
0.0266915
0.0295471
0.0324485
0.0353913
0.0383705
0.0413796
0.0444124
0.0474634
0.0505281
0.0536014
0.056677
0.059749
0.0628122
0.0658619
0.0688928
0.0718987
0.0748729
0.0778094
0.080703
0.0835487
0.0863405
0.0890722
0.091737
0.0943293
0.0968438
0.0992758
0.10162
0.103872
0.106025
0.108075
0.110018
0.111849
0.113564
0.115161
0.116635
0.117982
0.1192
0.120285
0.121236
0.12205
0.122728
0.123266
0.123665
0.123922
0.124036
0.124006
0.123832
0.123514
0.123053
0.122447
0.121697
0.120804
0.119768
0.118586
0.11726
0.115801
0.11422
0.112359
0.110086
-0.00295649
-0.00530609
-0.00723265
-0.00887342
-0.0103918
-0.0117776
-0.013019
-0.0141167
-0.0150717
-0.0158842
-0.0165548
-0.0170838
-0.0174719
-0.0177196
-0.0178272
-0.0177951
-0.0176239
-0.0173142
-0.0168668
-0.0162828
-0.0155633
-0.01471
-0.0137244
-0.0126082
-0.011364
-0.00999405
-0.00850091
-0.00688809
-0.00515883
-0.00331629
-0.00136476
0.000691519
0.0028491
0.00510383
0.00745067
0.00988538
0.0124042
0.015002
0.017673
0.020412
0.0232148
0.0260759
0.0289888
0.0319484
0.0349501
0.037989
0.0410584
0.044152
0.0472644
0.0503911
0.053527
0.0566657
0.059801
0.0629277
0.0660408
0.0691352
0.0722043
0.0752413
0.0782402
0.0811954
0.0841019
0.0869537
0.0897442
0.0924667
0.095115
0.097684
0.100169
0.102564
0.104865
0.107066
0.109161
0.111147
0.113019
0.114773
0.116405
0.117912
0.11929
0.120536
0.121645
0.122617
0.123449
0.124139
0.124687
0.125092
0.125351
0.125463
0.125427
0.125244
0.124912
0.124432
0.123805
0.123029
0.122105
0.121033
0.119812
0.118442
0.116936
0.115304
0.113385
0.111045
-0.00420238
-0.00661829
-0.00860056
-0.0102903
-0.0118545
-0.0132823
-0.0145615
-0.0156928
-0.0166768
-0.017514
-0.0182047
-0.0187496
-0.0191491
-0.0194038
-0.0195143
-0.019481
-0.0193047
-0.0189862
-0.0185265
-0.0179267
-0.0171881
-0.0163125
-0.0153015
-0.0141572
-0.0128821
-0.0114786
-0.0099493
-0.0082979
-0.00652773
-0.00464204
-0.00264521
-0.000541616
0.0016652
0.00397101
0.00637067
0.00885984
0.0114347
0.0140899
0.0168196
0.0196185
0.0224821
0.025405
0.0283808
0.0314041
0.0344702
0.0375743
0.0407098
0.0438701
0.0470499
0.0502447
0.0534491
0.0566569
0.0598616
0.0630577
0.0662404
0.069404
0.0725421
0.0756477
0.0787144
0.0817368
0.0847094
0.0876264
0.090481
0.0932661
0.0959757
0.0986042
0.101147
0.103598
0.105954
0.108207
0.110352
0.112385
0.114302
0.116098
0.117771
0.119315
0.120727
0.122002
0.123139
0.124133
0.124984
0.12569
0.126249
0.126661
0.126923
0.127035
0.126994
0.126801
0.126456
0.125958
0.125308
0.124505
0.12355
0.122441
0.121179
0.119763
0.118207
0.116523
0.114545
0.112137
-0.00559214
-0.00807644
-0.010116
-0.0118557
-0.0134669
-0.0149379
-0.0162558
-0.0174214
-0.0184353
-0.0192975
-0.0200087
-0.0205694
-0.0209802
-0.0212416
-0.0213544
-0.0213191
-0.0211367
-0.020808
-0.0203343
-0.0197167
-0.0189569
-0.0180566
-0.0170178
-0.0158425
-0.0145334
-0.013093
-0.0115241
-0.00983042
-0.00801541
-0.00608247
-0.0040361
-0.00188078
0.000379824
0.0027414
0.00519871
0.0077473
0.0103832
0.013101
0.0158946
0.0187586
0.0216885
0.0246787
0.0277229
0.0308154
0.0339519
0.0371271
0.0403346
0.0435677
0.046821
0.0500899
0.0533691
0.0566522
0.0599324
0.0632041
0.0664621
0.069701
0.072914
0.0760938
0.0792339
0.0823288
0.0853729
0.0883604
0.0912842
0.0941373
0.0969133
0.0996067
0.102213
0.104726
0.10714
0.10945
0.111651
0.113736
0.115702
0.117545
0.11926
0.120845
0.122294
0.123603
0.124769
0.125789
0.126661
0.127383
0.127956
0.128376
0.128643
0.128755
0.12871
0.128509
0.12815
0.127634
0.12696
0.126129
0.12514
0.123993
0.122688
0.121224
0.119617
0.117879
0.115841
0.113363
-0.00712759
-0.009683
-0.011782
-0.0135731
-0.0152328
-0.0167482
-0.018106
-0.0193068
-0.0203512
-0.0212392
-0.0219712
-0.0225478
-0.0229696
-0.0232374
-0.0233518
-0.0233136
-0.0231238
-0.0227834
-0.0222939
-0.0216566
-0.0208732
-0.0199459
-0.0188766
-0.0176674
-0.0163211
-0.0148406
-0.0132285
-0.0114887
-0.00962487
-0.00764055
-0.00554033
-0.00332883
-0.00100982
0.00141229
0.00393215
0.00654517
0.0092472
0.0120328
0.0148955
0.01783
0.0208317
0.0238948
0.0270131
0.0301808
0.0333934
0.0366459
0.0399315
0.0432437
0.0465769
0.0499263
0.0532866
0.0566512
0.0600131
0.0633665
0.0667061
0.0700262
0.0733199
0.0765798
0.0797991
0.0829721
0.0860933
0.0891567
0.0921552
0.0950818
0.0979297
0.100694
0.103368
0.105948
0.108428
0.1108
0.11306
0.115202
0.117222
0.119115
0.120878
0.122507
0.123996
0.125341
0.126539
0.127587
0.128483
0.129225
0.129812
0.130244
0.130516
0.130629
0.130581
0.13037
0.129998
0.129463
0.128765
0.127903
0.126879
0.125692
0.124341
0.122828
0.121168
0.119376
0.117277
0.114728
-0.00881072
-0.0114404
-0.0136014
-0.0154459
-0.0171555
-0.018717
-0.0201161
-0.0213531
-0.0224288
-0.0233432
-0.0240964
-0.0246891
-0.0251218
-0.0253955
-0.0255108
-0.0254687
-0.0252702
-0.0249167
-0.0244096
-0.0237507
-0.0229416
-0.0219847
-0.0208821
-0.0196362
-0.0182497
-0.0167255
-0.0150666
-0.0132769
-0.0113603
-0.00932042
-0.00716202
-0.00488983
-0.00250773
-2.02693e-05
0.00256709
0.00524958
0.00802289
0.0108814
0.0138187
0.0168292
0.0199081
0.0230499
0.0262482
0.029497
0.032792
0.0361278
0.039498
0.0428957
0.0463151
0.0497515
0.0531993
0.0566517
0.0601017
0.0635431
0.0669706
0.0703781
0.0737586
0.0771047
0.0804092
0.0836663
0.0868705
0.0900156
0.0930947
0.0961005
0.0990264
0.101866
0.104616
0.107268
0.109818
0.112258
0.114582
0.116786
0.118864
0.120813
0.122627
0.124303
0.125836
0.127221
0.128454
0.129533
0.130455
0.131219
0.131824
0.132268
0.132548
0.132662
0.132611
0.132392
0.132005
0.13145
0.130726
0.129833
0.128772
0.127542
0.126146
0.124583
0.12287
0.121022
0.118861
0.116237
-0.0106439
-0.0133512
-0.015577
-0.0174773
-0.0192388
-0.020848
-0.0222899
-0.0235646
-0.0246727
-0.0256142
-0.0263891
-0.026998
-0.0274416
-0.0277208
-0.0278364
-0.0277894
-0.0275811
-0.027213
-0.0266866
-0.026004
-0.0251671
-0.0241782
-0.0230397
-0.0217539
-0.020324
-0.0187528
-0.0170434
-0.0152
-0.0132266
-0.0111269
-0.00890591
-0.00656841
-0.00411845
-0.00156071
0.00109919
0.00385628
0.0067061
0.00964293
0.0126602
0.0157522
0.0189143
0.0221406
0.0254248
0.0287609
0.0321444
0.0355701
0.0390312
0.0425208
0.0460329
0.0495626
0.0531043
0.056651
0.0601955
0.0637314
0.0672529
0.0707541
0.0742278
0.0776663
0.0810624
0.08441
0.0877035
0.0909367
0.0941027
0.097194
0.100204
0.103126
0.105956
0.108686
0.111312
0.113825
0.116219
0.11849
0.120631
0.122639
0.12451
0.126238
0.127818
0.129246
0.130519
0.131632
0.132584
0.133372
0.133996
0.134454
0.134743
0.13486
0.134806
0.134578
0.134176
0.1336
0.132849
0.131924
0.130825
0.129553
0.128109
0.126495
0.124728
0.122824
0.120598
0.117896
-0.0126298
-0.0154184
-0.0177119
-0.0196707
-0.0214864
-0.0231453
-0.0246319
-0.0259459
-0.0270877
-0.0280572
-0.0288544
-0.0294799
-0.0299344
-0.0302187
-0.030334
-0.0302812
-0.0300619
-0.0296777
-0.0291305
-0.0284223
-0.0275552
-0.0265319
-0.0253547
-0.0240262
-0.0225495
-0.0209277
-0.0191642
-0.0172631
-0.0152287
-0.0130648
-0.0107765
-0.00836887
-0.00584607
-0.00321295
-0.0004753
0.00236173
0.00529348
0.00831416
0.0114171
0.0145966
0.0178476
0.0211645
0.0245408
0.0279706
0.031449
0.0349708
0.0385293
0.0421173
0.0457286
0.0493582
0.0530002
0.0566476
0.060293
0.0639295
0.0675515
0.0711527
0.074726
0.0782634
0.0817575
0.0852022
0.0885916
0.0919196
0.095179
0.0983625
0.101463
0.104474
0.10739
0.110204
0.112911
0.115503
0.117973
0.120316
0.122526
0.124598
0.126529
0.128313
0.129946
0.131422
0.132737
0.133888
0.134873
0.135689
0.136335
0.136808
0.137107
0.137228
0.137171
0.136935
0.136518
0.13592
0.135142
0.134183
0.133046
0.131731
0.13024
0.128574
0.126751
0.124787
0.122492
0.119707
-0.0147715
-0.0176452
-0.0200098
-0.02203
-0.0239028
-0.0256138
-0.0271471
-0.0285022
-0.0296791
-0.0306776
-0.0314979
-0.0321404
-0.0326058
-0.0328951
-0.0330094
-0.03295
-0.0327186
-0.0323169
-0.031747
-0.0310111
-0.0301116
-0.0290512
-0.0278324
-0.0264579
-0.0249311
-0.0232551
-0.0214334
-0.0194704
-0.0173704
-0.0151376
-0.0127772
-0.0102943
-0.0076934
-0.00497955
-0.00215867
0.000763884
0.00378329
0.00689368
0.0100883
0.0133613
0.0167075
0.0201214
0.0235962
0.027126
0.0307059
0.0343305
0.0379928
0.0416857
0.0454027
0.0491385
0.0528873
0.0566418
0.0603943
0.0641378
0.0678665
0.071574
0.0752533
0.0788961
0.082495
0.0860434
0.0895356
0.0929651
0.0963248
0.099607
0.102804
0.10591
0.108918
0.111823
0.114617
0.117294
0.119845
0.122266
0.12455
0.126692
0.128688
0.130534
0.132223
0.133751
0.135114
0.136307
0.137328
0.138174
0.138844
0.139335
0.139645
0.139772
0.139713
0.139468
0.139036
0.138416
0.13761
0.136618
0.135442
0.134084
0.132543
0.130823
0.128941
0.126913
0.124544
0.12167
-0.0170725
-0.0200359
-0.0224752
-0.0245601
-0.0264931
-0.0282589
-0.0298411
-0.0312391
-0.0324526
-0.0334814
-0.0343255
-0.0349854
-0.0354619
-0.0357559
-0.0358687
-0.0358018
-0.0355569
-0.0351361
-0.0345416
-0.0337758
-0.0328413
-0.0317409
-0.0304774
-0.0290535
-0.0274727
-0.0257384
-0.0238543
-0.0218249
-0.0196546
-0.0173479
-0.0149101
-0.0123466
-0.00966208
-0.00686186
-0.003952
-0.000938037
0.00217503
0.00538125
0.00867379
0.0120466
0.0154945
0.0190118
0.0225917
0.0262283
0.0299163
0.0336502
0.0374231
0.0412273
0.0450566
0.0489052
0.0527672
0.0566351
0.0605011
0.0643579
0.0681996
0.0720199
0.0758116
0.0795664
0.0832767
0.0869357
0.0905375
0.0940754
0.0975421
0.10093
0.10423
0.107438
0.110545
0.113546
0.116434
0.119201
0.12184
0.124344
0.126707
0.128925
0.130992
0.132904
0.134656
0.136241
0.137655
0.138893
0.139954
0.140833
0.141529
0.14204
0.142363
0.142496
0.142436
0.142183
0.141736
0.141095
0.140261
0.139235
0.13802
0.136615
0.135023
0.133245
0.1313
0.129203
0.126754
0.123785
-0.0195367
-0.0225952
-0.0251133
-0.0272663
-0.0292627
-0.0310862
-0.0327198
-0.0341626
-0.0354144
-0.0364748
-0.0373436
-0.0380214
-0.0385089
-0.0388073
-0.0389179
-0.0388423
-0.0385825
-0.0381408
-0.0375195
-0.0367213
-0.035749
-0.0346055
-0.0332937
-0.0318167
-0.0301779
-0.0283811
-0.02643
-0.0243293
-0.0220837
-0.0196979
-0.0171773
-0.0145275
-0.0117537
-0.00886125
-0.00585644
-0.00274497
0.000467965
0.0037763
0.00717316
0.0106524
0.0142085
0.0178359
0.0215277
0.0252777
0.0290805
0.0329304
0.0368204
0.0407428
0.044691
0.048659
0.0526408
0.0566287
0.0606147
0.0645914
0.0685527
0.0724924
0.0764031
0.0802767
0.0841052
0.0878817
0.0915999
0.0952531
0.0988336
0.102333
0.105744
0.109059
0.112272
0.115375
0.118363
0.121227
0.123959
0.126553
0.129002
0.131301
0.133445
0.135429
0.137248
0.138894
0.140364
0.141652
0.142755
0.14367
0.144396
0.144929
0.145266
0.145406
0.145347
0.145087
0.144625
0.143963
0.143101
0.14204
0.140782
0.139329
0.137682
0.135842
0.133828
0.131658
0.129125
0.126055
-0.0221684
-0.0253278
-0.0279294
-0.0301542
-0.0322174
-0.0341017
-0.0357892
-0.037279
-0.0385709
-0.0396641
-0.0405586
-0.0412547
-0.0417534
-0.0420557
-0.0421632
-0.0420777
-0.0418014
-0.0413366
-0.0406861
-0.0398528
-0.0388396
-0.0376496
-0.0362859
-0.0347517
-0.0330508
-0.0311868
-0.029164
-0.026987
-0.0246608
-0.0221904
-0.0195814
-0.0168398
-0.0139708
-0.0109803
-0.00787443
-0.00465925
-0.0013402
0.00207659
0.00558421
0.00917632
0.0128474
0.0165914
0.0204018
0.024272
0.0281964
0.0321691
0.036183
0.0402303
0.0443041
0.0483984
0.0525067
0.0566214
0.0607343
0.0648378
0.0689258
0.0729918
0.0770287
0.081028
0.0849818
0.0888828
0.0927244
0.0964998
0.100201
0.10382
0.107347
0.110777
0.114102
0.117315
0.120409
0.123376
0.126208
0.128898
0.131439
0.133825
0.136052
0.138113
0.140004
0.141717
0.143247
0.144588
0.145737
0.146692
0.147449
0.148006
0.148361
0.14851
0.148452
0.148186
0.14771
0.147027
0.146135
0.145037
0.143735
0.14223
0.140523
0.138616
0.13653
0.134283
0.131661
0.128486
-0.0249723
-0.0282389
-0.0309293
-0.03323
-0.0353634
-0.0373118
-0.039056
-0.0405952
-0.041929
-0.0430565
-0.0439775
-0.0446924
-0.0452021
-0.0455078
-0.0456113
-0.0455144
-0.0452196
-0.0447297
-0.0440475
-0.0431762
-0.0421188
-0.0408788
-0.0394593
-0.0378638
-0.0360961
-0.0341603
-0.0320607
-0.0298022
-0.0273901
-0.0248297
-0.0221268
-0.0192875
-0.0163175
-0.0132228
-0.0100099
-0.00668482
-0.00325336
0.000278213
0.00390302
0.00761458
0.0114071
0.0152745
0.0192101
0.0232073
0.02726
0.0313622
0.0355068
0.0396858
0.0438922
0.0481196
0.0523614
0.05661
0.060857
0.0650946
0.0693166
0.0735164
0.0776867
0.0818193
0.0859056
0.0899384
0.0939107
0.0978154
0.101645
0.105389
0.109041
0.112592
0.116036
0.119365
0.122573
0.125651
0.12859
0.131382
0.134021
0.136501
0.138817
0.140962
0.142929
0.144714
0.146308
0.147706
0.148906
0.149903
0.150696
0.15128
0.151654
0.151815
0.15176
0.151488
0.151
0.150294
0.149371
0.148234
0.146884
0.145323
0.143553
0.141575
0.139413
0.137085
0.134372
0.131086
-0.0279535
-0.0313342
-0.0341188
-0.0364998
-0.0387075
-0.0407232
-0.0425273
-0.0441184
-0.0454961
-0.0466593
-0.0476078
-0.0483419
-0.0488625
-0.049171
-0.0492694
-0.0491596
-0.0488446
-0.0483272
-0.0476107
-0.0466983
-0.0455935
-0.0442997
-0.0428204
-0.0411591
-0.0393201
-0.0373075
-0.0351259
-0.0327807
-0.0302772
-0.0276211
-0.0248185
-0.0218757
-0.0187987
-0.0155938
-0.0122675
-0.00882627
-0.00527607
-0.00162328
0.00212521
0.00596278
0.00988339
0.0138808
0.0179483
0.0220791
0.0262669
0.0305055
0.0347874
0.039105
0.0434508
0.0478183
0.0522008
0.0565906
0.060979
0.0653584
0.069722
0.0740632
0.0783747
0.082648
0.0868746
0.0910467
0.0951572
0.0991987
0.103163
0.107041
0.110825
0.114505
0.118076
0.121529
0.124857
0.128052
0.131105
0.134008
0.136752
0.139333
0.141743
0.143978
0.146028
0.147889
0.149552
0.151014
0.152268
0.153312
0.154143
0.154758
0.155154
0.155329
0.155279
0.155004
0.154501
0.153772
0.152817
0.151638
0.150237
0.148617
0.14678
0.14473
0.142488
0.140077
0.137266
0.133863
-0.0311179
-0.0346196
-0.0375041
-0.0399703
-0.0422566
-0.0443435
-0.0462107
-0.0478565
-0.0492802
-0.0504806
-0.0514575
-0.0522112
-0.0527427
-0.0530534
-0.0531456
-0.0530216
-0.0526843
-0.0521372
-0.0513837
-0.0504272
-0.0492713
-0.0479198
-0.0463764
-0.0446447
-0.0427293
-0.0406348
-0.0383659
-0.0359283
-0.0333277
-0.0305702
-0.0276619
-0.0246094
-0.0214191
-0.0180976
-0.0146516
-0.0110877
-0.00741214
-0.00363151
0.000247367
0.0042177
0.00827318
0.0124075
0.0166137
0.020885
0.0252147
0.0295964
0.0340227
0.0384856
0.0429778
0.0474925
0.0520229
0.056561
0.0610985
0.0656272
0.0701402
0.0746306
0.079091
0.0835128
0.0878874
0.0922066
0.096463
0.100649
0.104757
0.108776
0.112699
0.116517
0.120222
0.123806
0.127263
0.130584
0.133759
0.136779
0.139636
0.142324
0.144836
0.147166
0.149306
0.151248
0.152987
0.154516
0.15583
0.156926
0.1578
0.158449
0.158871
0.159061
0.159018
0.158739
0.158223
0.157469
0.15648
0.155257
0.153803
0.152122
0.150216
0.14809
0.145766
0.143266
0.140352
0.136822
-0.0344712
-0.0381015
-0.041092
-0.0436487
-0.0460183
-0.0481807
-0.0501145
-0.0518178
-0.0532898
-0.0545292
-0.0555355
-0.0563093
-0.0568516
-0.057164
-0.0572489
-0.0571091
-0.0567478
-0.0561686
-0.0553751
-0.0543712
-0.0531605
-0.051747
-0.0501348
-0.0483278
-0.0463308
-0.0441486
-0.0417867
-0.0392508
-0.0365471
-0.0336818
-0.0306614
-0.0274927
-0.0241826
-0.0207378
-0.0171652
-0.0134718
-0.00966401
-0.00574858
-0.00173234
0.00237779
0.00657519
0.0108534
0.0152054
0.0196243
0.0241031
0.028635
0.0332125
0.0378279
0.0424736
0.0471427
0.0518283
0.0565223
0.0612162
0.0659019
0.0705719
0.0752193
0.0798363
0.0844145
0.0889448
0.0934189
0.0978292
0.102168
0.106426
0.110596
0.114666
0.118629
0.122476
0.126201
0.129795
0.133249
0.136553
0.139698
0.142676
0.145479
0.1481
0.150532
0.152767
0.154798
0.156618
0.158221
0.1596
0.160752
0.161674
0.162361
0.162812
0.163021
0.162985
0.162703
0.162173
0.161394
0.160369
0.159101
0.157592
0.155847
0.15387
0.151664
0.149253
0.146659
0.143632
0.139965
-0.0380203
-0.0417872
-0.0448904
-0.0475433
-0.0500014
-0.0522437
-0.0542479
-0.0560118
-0.0575344
-0.0588144
-0.0598514
-0.0606458
-0.0611987
-0.0615123
-0.061589
-0.0614318
-0.0610442
-0.0604302
-0.0595936
-0.0585385
-0.0572688
-0.0557888
-0.0541027
-0.0522149
-0.0501305
-0.0478548
-0.0453937
-0.0427531
-0.0399396
-0.0369599
-0.0338207
-0.0305289
-0.0270919
-0.0235168
-0.0198106
-0.0159805
-0.0120333
-0.00797588
-0.00381501
0.000442202
0.00478884
0.00921822
0.0137235
0.0182973
0.0229324
0.0276218
0.032358
0.0371331
0.0419398
0.0467707
0.0516188
0.0564762
0.0613342
0.0661845
0.0710193
0.0758313
0.0806129
0.0853551
0.0900491
0.0946861
0.0992582
0.103757
0.108175
0.112502
0.116728
0.120845
0.124844
0.128716
0.132455
0.136051
0.139493
0.142771
0.145877
0.148802
0.151539
0.154081
0.156419
0.158546
0.160454
0.162135
0.163586
0.1648
0.165774
0.166504
0.166985
0.167215
0.167189
0.166904
0.16636
0.165556
0.164495
0.163179
0.161614
0.159804
0.157751
0.15546
0.152955
0.150257
0.147109
0.143295
-0.0417721
-0.0456848
-0.0489079
-0.051663
-0.0542151
-0.0565421
-0.0586206
-0.0604483
-0.0620241
-0.0633466
-0.0644153
-0.0652308
-0.0657944
-0.0661083
-0.0661755
-0.065999
-0.0655828
-0.064931
-0.0640478
-0.0629373
-0.061604
-0.0600522
-0.0582867
-0.0563122
-0.0541342
-0.0517586
-0.0491916
-0.0464396
-0.0435095
-0.0404083
-0.0371432
-0.0337212
-0.0301502
-0.0264376
-0.0225906
-0.0186165
-0.0145225
-0.0103157
-0.00600279
-0.00159104
0.0029123
0.00750038
0.0121663
0.0169025
0.0217016
0.0265559
0.0314582
0.0364008
0.0413759
0.0463764
0.0513948
0.0564232
0.061453
0.0664756
0.071483
0.0764676
0.0814215
0.0863359
0.0912015
0.0960095
0.100752
0.10542
0.110005
0.114498
0.118889
0.123168
0.127327
0.131357
0.135249
0.138995
0.142582
0.146002
0.149244
0.152299
0.155161
0.15782
0.160268
0.162498
0.1645
0.166268
0.167796
0.169077
0.170109
0.170884
0.171401
0.171653
0.171637
0.171351
0.170793
0.169964
0.168866
0.167503
0.165879
0.163999
0.161866
0.159484
0.156876
0.154066
0.150788
0.146819
-0.0457346
-0.0498028
-0.0531538
-0.0560176
-0.0586695
-0.0610862
-0.0632433
-0.0651382
-0.0667699
-0.0681367
-0.0692382
-0.0700752
-0.0706492
-0.0709626
-0.0710187
-0.0708208
-0.0703731
-0.0696801
-0.0687461
-0.0675757
-0.0661737
-0.0645447
-0.0626938
-0.0606264
-0.0583483
-0.055866
-0.0531863
-0.0503158
-0.0472618
-0.0440321
-0.0406338
-0.0370745
-0.0333622
-0.0295049
-0.0255097
-0.0213841
-0.017136
-0.0127724
-0.00829993
-0.00372613
0.000941435
0.00569572
0.0105298
0.0154361
0.0204065
0.0254335
0.0305096
0.0356273
0.0407788
0.0459566
0.0511531
0.0563604
0.0615699
0.0667728
0.0719608
0.077126
0.0822604
0.0873551
0.0924008
0.0973885
0.102309
0.107155
0.111917
0.116585
0.121149
0.1256
0.129927
0.134123
0.138178
0.142082
0.145825
0.149394
0.152781
0.155976
0.158969
0.161754
0.164321
0.166662
0.168766
0.170628
0.172239
0.173594
0.174687
0.175512
0.176066
0.176344
0.176341
0.176056
0.175486
0.174632
0.173497
0.172085
0.170399
0.168444
0.166224
0.163742
0.161024
0.158096
0.15468
0.150545
-0.0499162
-0.0541504
-0.0576377
-0.0606172
-0.063375
-0.0658869
-0.068127
-0.0700928
-0.0717831
-0.0731961
-0.0743316
-0.0751904
-0.0757744
-0.0760863
-0.0761294
-0.0759076
-0.0754252
-0.0746871
-0.073698
-0.0724628
-0.0709865
-0.0692743
-0.0673319
-0.065165
-0.0627801
-0.0601841
-0.0573844
-0.0543882
-0.0512032
-0.0478376
-0.0442989
-0.0405948
-0.0367339
-0.0327243
-0.0285735
-0.0242891
-0.0198793
-0.0153513
-0.0107118
-0.00596838
-0.001129
0.00379905
0.00880884
0.0138927
0.0190423
0.0242496
0.0295073
0.0348079
0.0401437
0.0455068
0.0508893
0.0562834
0.0616805
0.0670717
0.0724485
0.0778026
0.0831259
0.0884094
0.093644
0.0988201
0.103929
0.108961
0.113909
0.118762
0.123509
0.12814
0.132646
0.137017
0.141244
0.145316
0.149222
0.152951
0.156492
0.159835
0.162971
0.16589
0.168585
0.171044
0.173259
0.175221
0.176923
0.178357
0.179517
0.180397
0.180993
0.1813
0.181313
0.181031
0.18045
0.179572
0.178399
0.176935
0.175183
0.173148
0.170834
0.168246
0.165411
0.162357
0.158796
0.154486
-0.0543258
-0.0587374
-0.0623701
-0.0654727
-0.0683432
-0.0709559
-0.0732839
-0.0753244
-0.0770761
-0.0785373
-0.0797079
-0.080589
-0.0811825
-0.0814914
-0.0815195
-0.0812709
-0.0807504
-0.079963
-0.078914
-0.0776085
-0.0760522
-0.0742506
-0.07221
-0.0699368
-0.0674379
-0.0647209
-0.0617939
-0.0586644
-0.0553408
-0.0518317
-0.0481449
-0.0442884
-0.0402712
-0.0361018
-0.0317876
-0.0273366
-0.0227573
-0.0180571
-0.0132428
-0.00832195
-0.00330301
0.00180653
0.00699974
0.0122689
0.0176054
0.0230009
0.028448
0.0339395
0.0394675
0.0450238
0.0506003
0.0561891
0.0617818
0.0673695
0.0729432
0.0784946
0.0840153
0.0894964
0.0949285
0.100302
0.105608
0.110837
0.11598
0.121026
0.125966
0.130788
0.135482
0.140038
0.144447
0.148697
0.152777
0.156675
0.16038
0.163882
0.16717
0.170234
0.173065
0.175653
0.177987
0.180057
0.181857
0.183376
0.184609
0.18555
0.186194
0.186534
0.186567
0.186289
0.1857
0.184798
0.183586
0.182066
0.180244
0.178123
0.17571
0.173009
0.170052
0.166866
0.16315
0.15865
-0.0589733
-0.0635744
-0.0673623
-0.070596
-0.0735862
-0.0763059
-0.0787269
-0.0808462
-0.0826624
-0.084174
-0.0853809
-0.0862844
-0.0868868
-0.0871913
-0.0872021
-0.0869235
-0.0863609
-0.0855197
-0.0844054
-0.0830239
-0.0813812
-0.0794836
-0.0773378
-0.0749509
-0.0723304
-0.0694847
-0.0664224
-0.0631518
-0.0596816
-0.0560209
-0.052178
-0.0481609
-0.0439793
-0.0396418
-0.035156
-0.0305302
-0.0257732
-0.0208926
-0.0158951
-0.0107888
-0.0055822
-0.00028315
0.00510145
0.0105639
0.0160952
0.0216869
0.0273315
0.0330219
0.0387501
0.0445076
0.0502861
0.0560777
0.0618739
0.0676661
0.0734451
0.0792021
0.0849286
0.0906159
0.0962545
0.101835
0.107347
0.112782
0.118129
0.12338
0.128522
0.133545
0.138437
0.143189
0.14779
0.152228
0.156493
0.160571
0.164452
0.168122
0.171573
0.174792
0.17777
0.180495
0.182957
0.185145
0.187049
0.188662
0.189976
0.190984
0.19168
0.192059
0.192115
0.191846
0.191249
0.190322
0.189069
0.187491
0.185594
0.183383
0.180866
0.178048
0.17496
0.171633
0.16775
0.163046
-0.0638688
-0.0686727
-0.0726263
-0.0759999
-0.0791175
-0.0819508
-0.0844703
-0.0866726
-0.0885566
-0.0901209
-0.0913654
-0.0922915
-0.092902
-0.0932004
-0.093191
-0.092879
-0.0922699
-0.0913696
-0.0901844
-0.0887206
-0.0869847
-0.0849838
-0.0827251
-0.0802166
-0.0774663
-0.0744835
-0.0712776
-0.0678573
-0.0642319
-0.0604111
-0.0564033
-0.052217
-0.0478621
-0.0433478
-0.0386817
-0.0338724
-0.0289289
-0.0238592
-0.0186702
-0.0133698
-0.00796719
-0.00247033
0.00311389
0.00877774
0.0145121
0.0203082
0.0261584
0.0320557
0.0379922
0.043959
0.0499476
0.05595
0.061958
0.0679628
0.0739553
0.0799264
0.0858674
0.0917695
0.0976235
0.103419
0.109147
0.114797
0.12036
0.125824
0.131179
0.136413
0.141514
0.146472
0.151276
0.155915
0.160375
0.164645
0.168712
0.172563
0.176187
0.179572
0.182707
0.18558
0.188179
0.190493
0.192512
0.194227
0.195629
0.196711
0.197467
0.197889
0.197973
0.197714
0.19711
0.196158
0.194861
0.193223
0.191248
0.188944
0.186317
0.183374
0.180149
0.176669
0.172604
0.167679
-0.0690235
-0.0740444
-0.0781753
-0.0816982
-0.0849514
-0.0879054
-0.0905292
-0.0928194
-0.0947748
-0.0963941
-0.0976774
-0.0986263
-0.0992437
-0.0995338
-0.0995013
-0.0991517
-0.0984911
-0.0975261
-0.0962636
-0.0947103
-0.0928738
-0.0907616
-0.0883817
-0.0857429
-0.0828542
-0.0797255
-0.0763669
-0.0727879
-0.0689981
-0.065008
-0.0608261
-0.0564615
-0.0519242
-0.0472239
-0.0423684
-0.0373664
-0.0322275
-0.0269598
-0.0215704
-0.0160673
-0.0104602
-0.00475703
0.00103515
0.00690867
0.0128543
0.0188628
0.0249268
0.0310392
0.037192
0.0433762
0.0495831
0.0558046
0.0620326
0.0682586
0.0744731
0.0806669
0.0868311
0.0929571
0.0990355
0.105056
0.11101
0.116885
0.122672
0.12836
0.133937
0.139393
0.144714
0.14989
0.154909
0.159759
0.164427
0.168901
0.173166
0.177209
0.181018
0.184581
0.187884
0.190916
0.193663
0.196113
0.198257
0.200083
0.201582
0.202746
0.203567
0.204039
0.204154
0.203908
0.203297
0.202321
0.20098
0.199278
0.197223
0.194821
0.192079
0.189004
0.185628
0.181982
0.177721
0.172559
-0.0744497
-0.0797031
-0.0840236
-0.087706
-0.0911038
-0.0941861
-0.0969205
-0.0993036
-0.101334
-0.103011
-0.104334
-0.105305
-0.105928
-0.106208
-0.106148
-0.105756
-0.105039
-0.104003
-0.102656
-0.101005
-0.09906
-0.0968277
-0.0943177
-0.0915396
-0.0885031
-0.085219
-0.0816983
-0.077951
-0.0739874
-0.0698182
-0.0654528
-0.0609002
-0.056171
-0.0512752
-0.046221
-0.0410171
-0.0356736
-0.030199
-0.0246002
-0.0188859
-0.0130656
-0.00714779
-0.00113935
0.004952
0.0111169
0.0173459
0.0236316
0.0299671
0.0363443
0.0427541
0.0491875
0.0556364
0.0620929
0.0685486
0.0749939
0.0814194
0.0878159
0.094175
0.100487
0.106743
0.112931
0.119041
0.125063
0.130985
0.136797
0.142485
0.148038
0.153444
0.15869
0.163764
0.168652
0.173341
0.177817
0.182065
0.186072
0.189824
0.193308
0.19651
0.199417
0.202016
0.204295
0.206242
0.207848
0.209103
0.209997
0.210523
0.210674
0.210444
0.209829
0.208828
0.207442
0.205677
0.203539
0.201034
0.198169
0.19495
0.191411
0.187586
0.183115
0.177699
-0.0801609
-0.0856637
-0.0901874
-0.0940401
-0.0975922
-0.100811
-0.103663
-0.106144
-0.108253
-0.10999
-0.111353
-0.112347
-0.112974
-0.113239
-0.113148
-0.112709
-0.111928
-0.110814
-0.109375
-0.107619
-0.105555
-0.103194
-0.100544
-0.0976168
-0.0944227
-0.0909733
-0.0872805
-0.0833549
-0.0792074
-0.0748493
-0.0702903
-0.0655398
-0.0606089
-0.055508
-0.0502453
-0.0448301
-0.0392727
-0.0335819
-0.027765
-0.0218305
-0.0157885
-0.00964761
-0.00341465
0.00290265
0.00929476
0.0157523
0.0222676
0.0288341
0.0354437
0.0420871
0.0487551
0.0554396
0.0621332
0.0688272
0.0755122
0.0821783
0.0888165
0.0954181
0.101974
0.108474
0.114907
0.121263
0.12753
0.133697
0.139754
0.145687
0.151484
0.157132
0.162618
0.167928
0.17305
0.177969
0.182669
0.187135
0.191354
0.195309
0.198986
0.202372
0.205452
0.208211
0.210638
0.212719
0.214441
0.215795
0.216771
0.217358
0.217549
0.217339
0.216723
0.215699
0.214271
0.212441
0.210216
0.207602
0.204604
0.20123
0.197516
0.1935
0.188805
0.183116
-0.0861722
-0.0919429
-0.0966843
-0.100719
-0.104436
-0.1078
-0.110776
-0.113361
-0.115553
-0.117351
-0.118756
-0.11977
-0.120398
-0.120646
-0.120519
-0.120026
-0.119175
-0.117975
-0.116435
-0.114564
-0.112373
-0.109872
-0.107073
-0.103986
-0.100623
-0.0969983
-0.0931228
-0.0890084
-0.0846664
-0.0801088
-0.0753456
-0.0703868
-0.0652439
-0.0599275
-0.0544463
-0.04881
-0.0430291
-0.0371127
-0.0310682
-0.0249046
-0.0186321
-0.0122594
-0.00579345
0.000758047
0.00738554
0.0140795
0.0208325
0.0276379
0.0344878
0.0413727
0.0482833
0.0552118
0.0621506
0.0690916
0.0760249
0.0829407
0.0898298
0.0966834
0.103493
0.110247
0.116936
0.123547
0.13007
0.136494
0.142808
0.148998
0.155051
0.160954
0.166693
0.172255
0.177624
0.182786
0.187724
0.192423
0.196867
0.20104
0.204926
0.20851
0.211777
0.214712
0.217299
0.219525
0.221376
0.222839
0.223904
0.22456
0.224799
0.224614
0.224001
0.222958
0.221487
0.219591
0.217274
0.214543
0.211403
0.207862
0.203963
0.199744
0.194809
0.188826
-0.0924998
-0.0985585
-0.103534
-0.107763
-0.111656
-0.115175
-0.118283
-0.120976
-0.123254
-0.125116
-0.126562
-0.127596
-0.128223
-0.128448
-0.12828
-0.127727
-0.126798
-0.125502
-0.123852
-0.121856
-0.119527
-0.116876
-0.113916
-0.110658
-0.107116
-0.103304
-0.0992344
-0.0949196
-0.0903718
-0.0856033
-0.0806248
-0.0754464
-0.0700804
-0.0645378
-0.0588275
-0.0529596
-0.0469451
-0.0407931
-0.0345116
-0.0281094
-0.0215971
-0.0149837
-0.00827608
-0.00148185
0.00538939
0.0123281
0.0193269
0.0263792
0.0334773
0.0406117
0.047773
0.0549535
0.0621458
0.069342
0.0765323
0.0837067
0.0908556
0.0979706
0.105043
0.112061
0.119015
0.125893
0.132684
0.139377
0.145959
0.152419
0.158741
0.164913
0.170919
0.176745
0.182376
0.187795
0.192987
0.197934
0.20262
0.207026
0.211136
0.214935
0.218404
0.221528
0.22429
0.226675
0.228666
0.23025
0.231415
0.232149
0.232444
0.232291
0.231686
0.230627
0.229114
0.227148
0.224733
0.221877
0.218587
0.214871
0.210775
0.206339
0.201144
0.194842
-0.0991614
-0.10553
-0.110756
-0.115195
-0.119275
-0.122958
-0.126206
-0.129014
-0.131381
-0.133308
-0.134795
-0.135847
-0.136469
-0.136667
-0.136451
-0.13583
-0.134814
-0.133414
-0.131643
-0.129511
-0.127033
-0.12422
-0.121086
-0.117645
-0.113912
-0.1099
-0.105624
-0.101096
-0.0963304
-0.0913389
-0.0861328
-0.0807232
-0.0751224
-0.0693421
-0.0633917
-0.0572814
-0.0510227
-0.044625
-0.0380963
-0.031446
-0.0246847
-0.0178215
-0.0108633
-0.00381763
0.00330585
0.0104977
0.0177505
0.0250578
0.0324121
0.0398038
0.0472238
0.0546643
0.0621183
0.0695781
0.0770338
0.0844753
0.0918931
0.0992787
0.106623
0.113916
0.121146
0.128301
0.135371
0.142344
0.149208
0.15595
0.162555
0.169008
0.175295
0.181401
0.187308
0.193001
0.198463
0.203674
0.208617
0.213274
0.217626
0.221656
0.225345
0.228674
0.231626
0.234184
0.236329
0.238047
0.239323
0.240147
0.240506
0.240393
0.239802
0.238729
0.237173
0.235135
0.232618
0.229631
0.226182
0.222282
0.217975
0.213305
0.207828
0.201179
-0.106176
-0.112879
-0.118375
-0.123038
-0.127318
-0.131176
-0.134571
-0.137499
-0.13996
-0.141953
-0.143481
-0.144548
-0.145161
-0.145326
-0.145055
-0.144357
-0.143244
-0.141729
-0.139825
-0.137546
-0.134905
-0.131917
-0.128597
-0.12496
-0.121021
-0.116796
-0.1123
-0.107546
-0.102549
-0.0973214
-0.0918751
-0.0862216
-0.080374
-0.0743442
-0.0681421
-0.0617785
-0.0552649
-0.0486113
-0.0418257
-0.0349177
-0.0278982
-0.0207761
-0.0135584
-0.00625283
0.00113124
0.00858436
0.0160992
0.0236695
0.0312878
0.0389447
0.0466311
0.0543395
0.0620634
0.0697948
0.0775243
0.0852416
0.0929372
0.100603
0.108229
0.115806
0.123323
0.130767
0.138127
0.145393
0.152551
0.159588
0.166489
0.17324
0.179823
0.186222
0.192423
0.198406
0.204154
0.209647
0.214866
0.219792
0.224404
0.228683
0.232608
0.236161
0.23932
0.242066
0.244381
0.246248
0.24765
0.248574
0.249009
0.248945
0.248374
0.24729
0.245691
0.243579
0.240957
0.237834
0.234219
0.230121
0.225588
0.220663
0.214881
0.207856
-0.113567
-0.120629
-0.126416
-0.131318
-0.135813
-0.139857
-0.143408
-0.146462
-0.149019
-0.15108
-0.152648
-0.153727
-0.154324
-0.15445
-0.154114
-0.15333
-0.152109
-0.150467
-0.148417
-0.145976
-0.143159
-0.139981
-0.13646
-0.132613
-0.128454
-0.124002
-0.119271
-0.114278
-0.109035
-0.103557
-0.0978575
-0.0919472
-0.0858401
-0.0795486
-0.0730833
-0.0664552
-0.0596762
-0.0527562
-0.0457039
-0.0385288
-0.0312419
-0.0238521
-0.0163664
-0.00879245
-0.00113963
0.00658271
0.0143674
0.0222084
0.0300983
0.0380279
0.0459884
0.0539726
0.061974
0.0699852
0.0779966
0.0859982
0.0939804
0.101935
0.109853
0.117725
0.12554
0.133284
0.140947
0.148517
0.155983
0.163329
0.170541
0.177602
0.184497
0.191208
0.197718
0.204009
0.210062
0.215856
0.221371
0.226584
0.231476
0.236024
0.240206
0.244
0.247385
0.250339
0.252841
0.254873
0.256416
0.257456
0.257979
0.257972
0.257427
0.256336
0.254697
0.252511
0.249781
0.246517
0.242727
0.238418
0.233639
0.22844
0.222328
0.214898
-0.121356
-0.128807
-0.134906
-0.140066
-0.144789
-0.149031
-0.152747
-0.155933
-0.15859
-0.160719
-0.162323
-0.16341
-0.163986
-0.164064
-0.163654
-0.162771
-0.16143
-0.159646
-0.157437
-0.154819
-0.151811
-0.148429
-0.144691
-0.140617
-0.136223
-0.131528
-0.126548
-0.121299
-0.115796
-0.110054
-0.104086
-0.0979052
-0.0915256
-0.0849599
-0.0782193
-0.0713152
-0.0642598
-0.0570632
-0.0497341
-0.0422824
-0.0347188
-0.0270524
-0.0192901
-0.0114393
-0.00350967
0.0044898
0.0125521
0.0206714
0.0288404
0.0370502
0.0452923
0.0535597
0.0618463
0.070145
0.0784463
0.0867404
0.095018
0.103271
0.111491
0.119668
0.127791
0.135846
0.143824
0.151712
0.159498
0.167168
0.174705
0.182093
0.189316
0.196354
0.203192
0.20981
0.216187
0.222303
0.228134
0.233657
0.238849
0.243687
0.248147
0.252205
0.255836
0.259018
0.261728
0.263944
0.265646
0.266816
0.26744
0.267502
0.266991
0.2659
0.264225
0.261966
0.259128
0.255717
0.251738
0.247202
0.24216
0.236666
0.2302
0.222331
-0.12957
-0.137441
-0.143877
-0.149313
-0.15428
-0.158733
-0.162622
-0.165946
-0.168705
-0.170902
-0.172541
-0.173629
-0.174177
-0.174196
-0.173701
-0.172706
-0.17123
-0.16929
-0.166905
-0.164095
-0.160878
-0.157274
-0.153304
-0.148986
-0.14434
-0.139384
-0.134138
-0.128617
-0.122838
-0.116816
-0.110566
-0.1041
-0.0974339
-0.0905808
-0.0835523
-0.0763603
-0.0690171
-0.061533
-0.0539168
-0.0461786
-0.0383289
-0.0303767
-0.0223289
-0.014193
-0.00597838
0.00230613
0.0106538
0.0190589
0.0275145
0.036012
0.044543
0.0531009
0.0616802
0.0702739
0.078873
0.0874676
0.096049
0.104609
0.11314
0.121632
0.130073
0.138452
0.146756
0.154975
0.163094
0.171101
0.178978
0.18671
0.194277
0.201662
0.208846
0.215811
0.222533
0.228991
0.23516
0.241015
0.246531
0.251682
0.256443
0.260788
0.264689
0.268123
0.271062
0.273482
0.275363
0.276681
0.27742
0.277564
0.277098
0.276016
0.274311
0.271982
0.269032
0.265466
0.261288
0.256509
0.251186
0.245376
0.238527
0.230183
-0.13824
-0.146564
-0.153362
-0.159095
-0.164324
-0.168999
-0.173071
-0.176538
-0.179402
-0.181665
-0.183333
-0.184417
-0.184926
-0.184876
-0.184281
-0.183161
-0.181534
-0.179421
-0.176843
-0.173821
-0.170378
-0.166535
-0.162312
-0.157732
-0.152815
-0.147581
-0.14205
-0.13624
-0.130168
-0.12385
-0.1173
-0.110534
-0.103567
-0.0964129
-0.0890833
-0.081591
-0.0739483
-0.0661655
-0.0582516
-0.0502166
-0.0420712
-0.033824
-0.025482
-0.0170527
-0.00854509
3.22321e-05
0.00867282
0.0173712
0.0261207
0.0349129
0.04374
0.0525958
0.0614751
0.0703711
0.0792754
0.0881784
0.0970717
0.105948
0.114799
0.123615
0.132385
0.141098
0.14974
0.158301
0.166768
0.175126
0.183359
0.191449
0.199378
0.207128
0.214679
0.222011
0.2291
0.235923
0.242453
0.248664
0.254528
0.260018
0.265106
0.269763
0.273961
0.27767
0.280863
0.283512
0.285592
0.287079
0.287951
0.288192
0.287786
0.286722
0.284994
0.282598
0.279533
0.275804
0.271416
0.266379
0.260757
0.254608
0.247345
0.238483
-0.147398
-0.156213
-0.163402
-0.169452
-0.174959
-0.179871
-0.184135
-0.18775
-0.190719
-0.193046
-0.194739
-0.195809
-0.196269
-0.196135
-0.195427
-0.194163
-0.192367
-0.190062
-0.187271
-0.184019
-0.180329
-0.176225
-0.17173
-0.166867
-0.161659
-0.156127
-0.150293
-0.144174
-0.13779
-0.131158
-0.124293
-0.117211
-0.109927
-0.102457
-0.0948134
-0.0870081
-0.0790539
-0.0709611
-0.0627387
-0.0543969
-0.0459462
-0.0373952
-0.0287506
-0.0200199
-0.0112117
-0.00233421
0.00660643
0.0156051
0.0246552
0.033749
0.042879
0.0520395
0.0612256
0.0704311
0.0796478
0.0888667
0.0980798
0.10728
0.11646
0.12561
0.134719
0.143775
0.152767
0.161683
0.17051
0.179234
0.187839
0.196305
0.204615
0.212749
0.220687
0.228408
0.235887
0.243098
0.250014
0.256607
0.262846
0.268702
0.274145
0.279143
0.283665
0.287679
0.291153
0.294057
0.29636
0.298038
0.299065
0.299422
0.299092
0.29806
0.296317
0.293856
0.290674
0.286776
0.282167
0.276859
0.270918
0.264404
0.256692
0.247267
-0.157082
-0.166428
-0.174038
-0.180428
-0.186232
-0.191393
-0.195858
-0.199625
-0.2027
-0.205088
-0.206798
-0.207843
-0.208241
-0.208009
-0.207168
-0.205743
-0.203758
-0.201239
-0.198214
-0.194708
-0.190748
-0.186361
-0.181571
-0.176403
-0.170882
-0.16503
-0.158871
-0.152424
-0.145709
-0.138745
-0.131546
-0.124132
-0.116517
-0.108716
-0.100744
-0.0926128
-0.0843349
-0.0759206
-0.067379
-0.0587204
-0.0499551
-0.0410916
-0.0321363
-0.0230965
-0.0139806
-0.00479613
0.00445116
0.0137564
0.0231135
0.0325151
0.0419542
0.0514258
0.0609252
0.0704467
0.0799827
0.0895247
0.0990651
0.108597
0.118115
0.127608
0.137065
0.146476
0.155829
0.165112
0.174314
0.183418
0.19241
0.20127
0.209979
0.218517
0.226863
0.234996
0.242888
0.250514
0.257843
0.264845
0.271488
0.277741
0.28357
0.288941
0.293819
0.298168
0.301953
0.30514
0.307695
0.30959
0.310798
0.311294
0.311058
0.310072
0.308323
0.305801
0.302503
0.298433
0.293595
0.288002
0.281719
0.274812
0.266613
0.256578
-0.167333
-0.177254
-0.185318
-0.192073
-0.198192
-0.203617
-0.208291
-0.212214
-0.215393
-0.217835
-0.219553
-0.220562
-0.220882
-0.220533
-0.21954
-0.217931
-0.215734
-0.212978
-0.209693
-0.205909
-0.201655
-0.196958
-0.191848
-0.186351
-0.180493
-0.174299
-0.167793
-0.160996
-0.15393
-0.146613
-0.139064
-0.131299
-0.123336
-0.11519
-0.106876
-0.0984053
-0.089791
-0.0810434
-0.0721717
-0.0631863
-0.0540971
-0.0449123
-0.0356383
-0.0262819
-0.0168512
-0.0073532
0.00220701
0.0118249
0.0214949
0.03121
0.0409641
0.0507525
0.0605711
0.0704147
0.0802762
0.0901478
0.100022
0.109894
0.119757
0.129601
0.139417
0.149193
0.158918
0.168581
0.17817
0.18767
0.197065
0.206336
0.215463
0.224426
0.233203
0.24177
0.250102
0.258168
0.265939
0.273381
0.28046
0.287142
0.29339
0.299167
0.304435
0.309154
0.313284
0.316787
0.319627
0.321771
0.323187
0.323848
0.323728
0.322805
0.321062
0.318488
0.315077
0.310833
0.305758
0.299862
0.293213
0.285883
0.27716
0.266464
-0.1782
-0.188743
-0.197295
-0.204441
-0.210894
-0.216596
-0.221487
-0.225568
-0.228849
-0.231339
-0.233054
-0.234011
-0.234234
-0.233747
-0.23258
-0.230762
-0.228326
-0.225306
-0.221734
-0.217643
-0.213066
-0.208033
-0.202576
-0.196723
-0.190502
-0.18394
-0.177063
-0.169894
-0.162454
-0.154765
-0.146845
-0.138713
-0.130385
-0.121879
-0.113207
-0.104383
-0.0954195
-0.0863266
-0.0771137
-0.0677911
-0.0583685
-0.0488538
-0.039253
-0.0295727
-0.0198203
-0.0100023
-0.000123218
0.00981308
0.0198014
0.0298355
0.0399099
0.0500204
0.0601635
0.0703347
0.0805273
0.0907343
0.10095
0.111168
0.121383
0.131587
0.141769
0.15192
0.162028
0.172083
0.182073
0.191983
0.201797
0.211497
0.221061
0.23047
0.2397
0.248727
0.257524
0.26606
0.274302
0.282215
0.289764
0.29691
0.303614
0.309835
0.31553
0.320656
0.325169
0.329027
0.332189
0.334617
0.336274
0.337128
0.337149
0.336309
0.334589
0.331973
0.328457
0.324038
0.318716
0.312499
0.305461
0.297678
0.28839
0.276975
-0.189736
-0.200951
-0.21003
-0.217592
-0.224401
-0.230393
-0.235508
-0.239748
-0.243126
-0.245654
-0.247351
-0.248238
-0.248342
-0.247693
-0.246324
-0.244269
-0.241566
-0.23825
-0.23436
-0.229931
-0.225
-0.219601
-0.213766
-0.207528
-0.200916
-0.19396
-0.186686
-0.17912
-0.171284
-0.163201
-0.154891
-0.146371
-0.137662
-0.128777
-0.119733
-0.110542
-0.101216
-0.0917659
-0.0822007
-0.0725308
-0.0627656
-0.0529125
-0.0429772
-0.032966
-0.0228856
-0.0127417
-0.00253814
0.00772172
0.0180333
0.0283912
0.0387904
0.0492276
0.0596998
0.0702031
0.0807318
0.0912797
0.101841
0.112412
0.122987
0.133557
0.144115
0.154649
0.165151
0.175609
0.186013
0.196348
0.206598
0.216743
0.226765
0.23664
0.246347
0.25586
0.265149
0.274184
0.28293
0.291349
0.299403
0.30705
0.314249
0.320954
0.327118
0.332693
0.337632
0.341887
0.345413
0.348164
0.3501
0.35118
0.35137
0.350639
0.348963
0.346323
0.342708
0.338114
0.332536
0.325982
0.318531
0.310264
0.300366
0.288172
-0.201999
-0.213942
-0.223587
-0.231594
-0.238778
-0.245075
-0.250419
-0.254818
-0.258286
-0.260839
-0.2625
-0.263294
-0.263255
-0.262415
-0.260814
-0.25849
-0.255484
-0.251839
-0.247595
-0.242794
-0.237475
-0.231675
-0.225431
-0.218775
-0.211742
-0.204362
-0.196664
-0.188675
-0.180419
-0.171919
-0.163197
-0.154271
-0.145161
-0.135882
-0.12645
-0.116877
-0.107176
-0.0973567
-0.0874286
-0.0774017
-0.067285
-0.0570855
-0.0468086
-0.0364601
-0.0260459
-0.0155709
-0.00503805
0.00554984
0.0161889
0.0268743
0.037602
0.0483696
0.0591746
0.070014
0.0808828
0.0917758
0.102689
0.113617
0.124557
0.135502
0.146443
0.15737
0.168275
0.179148
0.189979
0.200752
0.211453
0.222063
0.232561
0.242925
0.253133
0.263157
0.272968
0.282534
0.291817
0.300778
0.309375
0.317565
0.3253
0.332533
0.339212
0.345284
0.350697
0.355397
0.359332
0.362452
0.364707
0.366053
0.366449
0.365858
0.364252
0.361606
0.357903
0.353134
0.347293
0.340387
0.332501
0.323718
0.313162
0.300122
-0.215058
-0.227788
-0.238041
-0.246522
-0.254104
-0.260717
-0.266296
-0.27085
-0.274397
-0.276959
-0.278562
-0.279238
-0.279024
-0.277961
-0.276091
-0.27346
-0.270114
-0.2661
-0.261465
-0.256253
-0.250507
-0.244269
-0.237579
-0.230472
-0.222984
-0.215149
-0.206997
-0.198557
-0.189856
-0.180916
-0.17176
-0.162407
-0.152878
-0.143188
-0.133352
-0.123383
-0.113293
-0.103093
-0.0927916
-0.0823982
-0.0719216
-0.0613681
-0.050743
-0.0400512
-0.0292979
-0.0184869
-0.0076204
0.00329936
0.0142692
0.0252853
0.0363445
0.047445
0.0585857
0.0697639
0.080976
0.0922178
0.103486
0.114777
0.126088
0.137412
0.148743
0.160071
0.171389
0.182687
0.193957
0.205183
0.216351
0.227442
0.238436
0.249311
0.260044
0.270608
0.280971
0.2911
0.300955
0.310496
0.319677
0.328453
0.336772
0.344581
0.351825
0.358447
0.364387
0.369584
0.373981
0.377519
0.380143
0.381801
0.382445
0.382033
0.380527
0.377897
0.37412
0.369181
0.363075
0.355805
0.347459
0.338124
0.326859
0.312904
-0.228986
-0.242568
-0.253475
-0.262462
-0.270461
-0.277403
-0.283218
-0.287921
-0.291534
-0.294084
-0.295602
-0.296128
-0.295705
-0.294379
-0.2922
-0.289219
-0.28549
-0.281063
-0.275992
-0.270326
-0.264112
-0.257395
-0.250219
-0.242624
-0.234646
-0.226322
-0.217685
-0.208766
-0.199591
-0.190186
-0.180573
-0.170773
-0.160804
-0.150685
-0.140429
-0.130049
-0.119559
-0.108966
-0.0982805
-0.0875114
-0.0766667
-0.0657521
-0.0547722
-0.0437315
-0.032634
-0.0214825
-0.0102786
0.000976331
0.0122798
0.0236289
0.0350216
0.0464573
0.0579353
0.0694545
0.0810121
0.092605
0.104231
0.115888
0.127574
0.139283
0.15101
0.162745
0.174484
0.186218
0.197937
0.209629
0.221279
0.232869
0.244379
0.255787
0.26707
0.2782
0.289146
0.299871
0.310336
0.320497
0.330306
0.339714
0.348666
0.357105
0.36497
0.372198
0.378723
0.384478
0.389395
0.39341
0.396458
0.398482
0.399424
0.399234
0.397865
0.395278
0.391445
0.386348
0.379977
0.372332
0.363502
0.353578
0.341551
0.326606
-0.24387
-0.258373
-0.269984
-0.279507
-0.287945
-0.295226
-0.301278
-0.30612
-0.30978
-0.312291
-0.313693
-0.314031
-0.313356
-0.311723
-0.309187
-0.305808
-0.301645
-0.296756
-0.2912
-0.285032
-0.278303
-0.271063
-0.263359
-0.255234
-0.246728
-0.237879
-0.228724
-0.219294
-0.209617
-0.199721
-0.189626
-0.179356
-0.168929
-0.158362
-0.147669
-0.136865
-0.12596
-0.114963
-0.103884
-0.0927302
-0.0815098
-0.0702275
-0.0588872
-0.0474924
-0.0360463
-0.0245507
-0.0130062
-0.00141377
0.0102252
0.0219088
0.0336363
0.045408
0.0572246
0.0690856
0.0809898
0.0929354
0.104921
0.116947
0.129011
0.141108
0.153235
0.165384
0.177551
0.189729
0.201908
0.214078
0.226224
0.238329
0.250373
0.262337
0.274195
0.28592
0.297479
0.308836
0.319949
0.330772
0.341255
0.351345
0.360984
0.37011
0.378657
0.386554
0.393729
0.400106
0.40561
0.410167
0.413706
0.416158
0.417455
0.417538
0.416348
0.41384
0.409978
0.40474
0.398107
0.390075
0.380737
0.370189
0.357344
0.341328
-0.259809
-0.275307
-0.287673
-0.297766
-0.306663
-0.314291
-0.320576
-0.325542
-0.329225
-0.331666
-0.332912
-0.333017
-0.332041
-0.330047
-0.3271
-0.323267
-0.318614
-0.313208
-0.307112
-0.300388
-0.293093
-0.285281
-0.277001
-0.268302
-0.259226
-0.249815
-0.240106
-0.230132
-0.219924
-0.209508
-0.198908
-0.188144
-0.177238
-0.166205
-0.15506
-0.143816
-0.132484
-0.121072
-0.109589
-0.0980431
-0.0864401
-0.0747844
-0.0630788
-0.0513259
-0.0395278
-0.0276854
-0.0157986
-0.00386735
0.00810777
0.0201263
0.0321887
0.0442964
0.0564512
0.0686541
0.0809049
0.0932035
0.10555
0.117945
0.130388
0.142877
0.155408
0.167975
0.180576
0.193205
0.205854
0.218513
0.231168
0.243804
0.256402
0.268942
0.2814
0.293748
0.305953
0.317977
0.329778
0.341307
0.352513
0.36334
0.373724
0.383599
0.392893
0.401528
0.409423
0.416496
0.422663
0.427839
0.431943
0.434893
0.436612
0.437027
0.436069
0.433685
0.429829
0.424471
0.417583
0.409156
0.399288
0.388079
0.374358
0.357184
-0.276913
-0.293487
-0.306661
-0.317358
-0.326734
-0.334714
-0.341224
-0.346294
-0.34997
-0.352301
-0.353343
-0.353162
-0.351828
-0.349412
-0.34599
-0.341639
-0.336432
-0.330445
-0.323748
-0.316409
-0.308491
-0.300052
-0.291146
-0.281825
-0.272136
-0.262121
-0.25182
-0.241268
-0.230497
-0.219533
-0.2084
-0.197121
-0.185714
-0.174197
-0.162583
-0.150885
-0.139114
-0.127277
-0.115382
-0.103436
-0.0914444
-0.0794102
-0.0673352
-0.055221
-0.0430686
-0.0308779
-0.018648
-0.00637794
0.00593297
0.0182856
0.0306818
0.0431244
0.0556162
0.0681597
0.080756
0.0934066
0.106113
0.118877
0.131701
0.144582
0.157518
0.170507
0.183547
0.196633
0.20976
0.222918
0.236095
0.249277
0.262446
0.275583
0.288665
0.301663
0.314546
0.327275
0.339805
0.352087
0.364068
0.375687
0.386878
0.397569
0.40768
0.417129
0.425825
0.433677
0.440591
0.446472
0.451225
0.454755
0.456973
0.45779
0.45713
0.454924
0.451117
0.445667
0.438537
0.429712
0.419295
0.407389
0.39273
0.374306
-0.295308
-0.313044
-0.327084
-0.338418
-0.34829
-0.356624
-0.363346
-0.368494
-0.372124
-0.374296
-0.375078
-0.374548
-0.372786
-0.369878
-0.365908
-0.360965
-0.355132
-0.348493
-0.341126
-0.333106
-0.324501
-0.315376
-0.305789
-0.295795
-0.285444
-0.274782
-0.26385
-0.252684
-0.241317
-0.229775
-0.218084
-0.206265
-0.194337
-0.182317
-0.170218
-0.158053
-0.145831
-0.133559
-0.121243
-0.108891
-0.0965052
-0.0840882
-0.0716405
-0.0591628
-0.0466548
-0.0341154
-0.0215427
-0.00893479
0.00371046
0.0163954
0.0291233
0.0418984
0.0547249
0.0676064
0.0805459
0.0935462
0.106611
0.119742
0.132944
0.146217
0.15956
0.172973
0.186455
0.200003
0.213614
0.227279
0.240988
0.254729
0.268486
0.28224
0.295969
0.309647
0.32324
0.336709
0.350011
0.363095
0.375904
0.388375
0.400438
0.412016
0.423023
0.433367
0.442952
0.451675
0.459431
0.466113
0.47161
0.475815
0.47862
0.479926
0.47964
0.477679
0.473973
0.468467
0.461115
0.451895
0.440913
0.428273
0.412611
0.392839
-0.315135
-0.334126
-0.349094
-0.361099
-0.371482
-0.380167
-0.387081
-0.392272
-0.395807
-0.39776
-0.398214
-0.397259
-0.394991
-0.391506
-0.386905
-0.381286
-0.374745
-0.367373
-0.359259
-0.350485
-0.341125
-0.331249
-0.320921
-0.310199
-0.299135
-0.28778
-0.276174
-0.264357
-0.252359
-0.24021
-0.227933
-0.215551
-0.203081
-0.19054
-0.177941
-0.165295
-0.15261
-0.139894
-0.127152
-0.114387
-0.101603
-0.0887995
-0.0759772
-0.0631349
-0.0502714
-0.0373844
-0.0244708
-0.0115274
0.00144939
0.0144635
0.0275198
0.0406238
0.0537812
0.066997
0.0802758
0.0936221
0.107041
0.120537
0.134115
0.147778
0.161527
0.175363
0.189288
0.203302
0.217401
0.23158
0.24583
0.260142
0.274502
0.288891
0.303291
0.317674
0.332008
0.346256
0.360373
0.374307
0.388
0.401386
0.414391
0.426932
0.438918
0.450249
0.460819
0.470515
0.479219
0.486809
0.493159
0.498145
0.501644
0.503539
0.503718
0.502081
0.498541
0.493026
0.485483
0.475879
0.464317
0.450908
0.434174
0.41295
-0.336555
-0.356903
-0.372862
-0.385572
-0.396479
-0.405507
-0.412583
-0.417771
-0.421152
-0.422814
-0.422857
-0.421388
-0.418519
-0.414362
-0.409033
-0.402642
-0.395298
-0.387104
-0.378157
-0.368547
-0.358356
-0.347659
-0.336525
-0.325015
-0.313186
-0.301088
-0.288765
-0.276256
-0.263594
-0.250806
-0.237917
-0.224947
-0.211915
-0.198836
-0.185722
-0.172583
-0.159427
-0.146259
-0.133082
-0.119901
-0.106715
-0.0935242
-0.0803267
-0.0671207
-0.0539035
-0.0406715
-0.0274203
-0.0141453
-0.000841352
0.0124972
0.025877
0.0393048
0.0527878
0.0663325
0.0799452
0.0936322
0.1074
0.121256
0.135206
0.149256
0.163408
0.177666
0.192034
0.206513
0.221104
0.235801
0.250601
0.265494
0.280469
0.295511
0.310602
0.325717
0.340825
0.355888
0.370863
0.385698
0.400332
0.414698
0.428718
0.442304
0.455358
0.467774
0.479435
0.490217
0.499986
0.508605
0.515932
0.521825
0.526141
0.528741
0.529493
0.528275
0.524979
0.51952
0.511828
0.501854
0.489705
0.475491
0.457617
0.434827
-0.359752
-0.381565
-0.398585
-0.412032
-0.423471
-0.432825
-0.440026
-0.445152
-0.448303
-0.449585
-0.449119
-0.44703
-0.443449
-0.438509
-0.432339
-0.425067
-0.416815
-0.407698
-0.397822
-0.387287
-0.376182
-0.364587
-0.352577
-0.340216
-0.327564
-0.314673
-0.301587
-0.288347
-0.274985
-0.261528
-0.247999
-0.23442
-0.220805
-0.207171
-0.193529
-0.179887
-0.16625
-0.152623
-0.139009
-0.125407
-0.111818
-0.0982388
-0.0846673
-0.0710998
-0.0575321
-0.043959
-0.030375
-0.0167738
-0.00314841
0.0105086
0.0242054
0.0379505
0.0517523
0.0656189
0.0795584
0.0935791
0.107689
0.121899
0.136215
0.150646
0.165197
0.179874
0.194682
0.209626
0.224708
0.239927
0.255281
0.270763
0.286365
0.302075
0.317877
0.333747
0.349658
0.365574
0.38145
0.397236
0.41287
0.428284
0.443395
0.458113
0.472333
0.48594
0.498807
0.510797
0.521762
0.531547
0.539994
0.546936
0.55221
0.555652
0.557103
0.556418
0.553466
0.548143
0.540355
0.53004
0.5173
0.50225
0.483163
0.458687
-0.384931
-0.408332
-0.426484
-0.440701
-0.452673
-0.462328
-0.469601
-0.474591
-0.477419
-0.478214
-0.47712
-0.474286
-0.469865
-0.46401
-0.456871
-0.448594
-0.439314
-0.429159
-0.418249
-0.406691
-0.394581
-0.382006
-0.369045
-0.355766
-0.342231
-0.328494
-0.314599
-0.300586
-0.286488
-0.272331
-0.258137
-0.243925
-0.229711
-0.215507
-0.201324
-0.187169
-0.173045
-0.158955
-0.144898
-0.130875
-0.116882
-0.102917
-0.0889738
-0.0750487
-0.0611352
-0.0472267
-0.0333161
-0.0193953
-0.00545572
0.00851221
0.0225183
0.0365724
0.0506844
0.0648642
0.0791217
0.0934673
0.107912
0.122466
0.137142
0.151947
0.16689
0.181979
0.197223
0.212628
0.2282
0.243941
0.259851
0.275928
0.292166
0.308556
0.325086
0.341735
0.358477
0.375279
0.392099
0.408887
0.425581
0.442112
0.458396
0.474336
0.489824
0.504736
0.518934
0.532267
0.544574
0.55568
0.565406
0.573562
0.579958
0.584399
0.586701
0.586687
0.584202
0.579112
0.571299
0.56068
0.547357
0.531443
0.511068
0.484776
-0.412332
-0.437453
-0.456815
-0.471831
-0.484331
-0.494248
-0.501526
-0.506285
-0.508675
-0.508852
-0.506987
-0.503259
-0.497846
-0.490926
-0.482671
-0.473245
-0.462802
-0.451485
-0.439422
-0.426732
-0.41352
-0.399877
-0.385886
-0.371619
-0.357138
-0.342499
-0.327748
-0.312921
-0.298052
-0.283165
-0.26828
-0.253415
-0.238584
-0.223798
-0.209065
-0.194389
-0.179773
-0.165216
-0.150717
-0.136272
-0.121878
-0.107529
-0.0932201
-0.078943
-0.0646905
-0.0504541
-0.0362249
-0.0219931
-0.0077481
0.00652153
0.0208272
0.0351803
0.0495922
0.0640746
0.0786396
0.0932998
0.108068
0.122958
0.137982
0.153152
0.168478
0.183972
0.199644
0.215506
0.231563
0.247823
0.26429
0.280964
0.297844
0.314925
0.332197
0.349645
0.367245
0.384967
0.402772
0.420611
0.438426
0.456145
0.473683
0.490942
0.507807
0.524145
0.539809
0.554635
0.568444
0.581045
0.592231
0.601787
0.609492
0.61512
0.61845
0.619276
0.617405
0.61267
0.604922
0.594056
0.580167
0.563366
0.541623
0.513374
-0.442225
-0.469213
-0.489869
-0.505711
-0.518724
-0.528848
-0.536042
-0.540452
-0.542261
-0.541661
-0.538856
-0.534056
-0.527474
-0.519314
-0.509773
-0.499037
-0.48728
-0.474658
-0.461313
-0.447375
-0.432954
-0.418148
-0.403044
-0.387714
-0.372225
-0.356629
-0.340972
-0.325291
-0.309616
-0.29397
-0.278372
-0.262836
-0.247374
-0.231994
-0.216703
-0.201503
-0.186392
-0.171367
-0.156426
-0.141563
-0.126772
-0.112046
-0.0973776
-0.0827565
-0.0681735
-0.0536185
-0.0390805
-0.0245479
-0.0100081
0.00455226
0.0191461
0.0337862
0.0484857
0.0632583
0.0781186
0.0930813
0.108162
0.123375
0.138736
0.15426
0.169958
0.185846
0.201937
0.218245
0.234782
0.251556
0.268576
0.285848
0.303373
0.321151
0.339178
0.357441
0.375922
0.394594
0.413423
0.432363
0.451358
0.470336
0.489215
0.507891
0.526246
0.54414
0.561417
0.577898
0.593389
0.607676
0.620527
0.631696
0.640927
0.647959
0.652532
0.654396
0.653318
0.649087
0.641522
0.630486
0.616062
0.598355
0.575163
0.544802
-0.474922
-0.503944
-0.525982
-0.542672
-0.556171
-0.566429
-0.573421
-0.577333
-0.578387
-0.576816
-0.572865
-0.566786
-0.558825
-0.549222
-0.5382
-0.525972
-0.512729
-0.498647
-0.483879
-0.468565
-0.452822
-0.436753
-0.420448
-0.403981
-0.387416
-0.370807
-0.354198
-0.337624
-0.321111
-0.30468
-0.288348
-0.272124
-0.25602
-0.24004
-0.224187
-0.208459
-0.192853
-0.177364
-0.161985
-0.146709
-0.131529
-0.116434
-0.101415
-0.0864597
-0.0715569
-0.0566942
-0.041859
-0.0270375
-0.0122152
0.00262302
0.0174916
0.032405
0.0473782
0.0624272
0.0775687
0.0928201
0.108198
0.123721
0.139406
0.155268
0.171325
0.187594
0.204092
0.220836
0.237842
0.255123
0.272691
0.290556
0.308726
0.327205
0.345993
0.365085
0.384467
0.404117
0.424007
0.444094
0.464326
0.484635
0.504939
0.525134
0.545098
0.564686
0.583732
0.602046
0.619415
0.635601
0.650346
0.663371
0.67438
0.683071
0.689138
0.692278
0.692208
0.688671
0.681438
0.670333
0.655422
0.636798
0.612072
0.579427
-0.510783
-0.542027
-0.565545
-0.583099
-0.597038
-0.607328
-0.613971
-0.617197
-0.617279
-0.614501
-0.60916
-0.601553
-0.59197
-0.580687
-0.567963
-0.554035
-0.539117
-0.523401
-0.507057
-0.490229
-0.473044
-0.455608
-0.438011
-0.420328
-0.402623
-0.384947
-0.367341
-0.349836
-0.332456
-0.315218
-0.298134
-0.281212
-0.264458
-0.247873
-0.231457
-0.215204
-0.199107
-0.183158
-0.167349
-0.15167
-0.13611
-0.120657
-0.105299
-0.0900227
-0.074813
-0.059656
-0.0445371
-0.0294407
-0.0143502
0.000751001
0.0158791
0.0310502
0.0462815
0.0615913
0.0769987
0.092523
0.108183
0.123999
0.139991
0.156176
0.172576
0.189211
0.206101
0.223268
0.24073
0.258506
0.276612
0.295063
0.313873
0.333052
0.352606
0.372536
0.392834
0.413486
0.434468
0.455746
0.477271
0.498981
0.520795
0.542612
0.564308
0.585734
0.606717
0.627054
0.646515
0.664838
0.681735
0.69689
0.709968
0.720616
0.728471
0.733173
0.734376
0.731765
0.725053
0.714012
0.698682
0.679143
0.652791
0.617672
-0.550225
-0.583909
-0.609012
-0.627436
-0.641747
-0.651936
-0.658037
-0.660341
-0.659183
-0.654912
-0.647885
-0.638456
-0.626965
-0.613732
-0.599051
-0.58319
-0.566386
-0.548849
-0.53076
-0.512273
-0.493519
-0.474607
-0.455626
-0.436652
-0.417743
-0.398947
-0.380302
-0.361833
-0.343562
-0.325498
-0.307651
-0.290023
-0.272616
-0.255427
-0.23845
-0.221678
-0.205098
-0.1887
-0.172472
-0.156402
-0.140475
-0.124679
-0.108998
-0.0934144
-0.0779132
-0.0624775
-0.0470908
-0.0317355
-0.0163934
-0.00104619
0.0143242
0.029736
0.0452083
0.0607617
0.0764176
0.0921972
0.108122
0.124213
0.140493
0.156983
0.173708
0.19069
0.207956
0.225529
0.243432
0.261688
0.280318
0.299345
0.318786
0.33866
0.358979
0.379751
0.400976
0.422647
0.44475
0.467255
0.490125
0.513302
0.53671
0.560253
0.583806
0.607221
0.630318
0.652882
0.674667
0.695387
0.714725
0.732326
0.747807
0.760757
0.770749
0.777353
0.780153
0.778757
0.772803
0.761999
0.746348
0.72591
0.697837
0.660025
-0.593738
-0.630114
-0.656919
-0.676206
-0.690789
-0.700697
-0.706009
-0.707093
-0.704364
-0.69825
-0.689183
-0.677583
-0.66385
-0.648354
-0.631429
-0.613374
-0.594451
-0.574887
-0.554875
-0.534575
-0.514122
-0.493623
-0.473168
-0.452826
-0.432652
-0.41269
-0.392969
-0.37351
-0.354327
-0.335426
-0.31681
-0.298475
-0.280417
-0.26263
-0.245101
-0.22782
-0.21077
-0.193937
-0.177305
-0.16086
-0.144584
-0.128462
-0.112474
-0.0966019
-0.0808269
-0.0651304
-0.049494
-0.0338984
-0.0183235
-0.002749
0.012845
0.0284786
0.0441731
0.0599513
0.0758365
0.0918519
0.108021
0.124367
0.140915
0.15769
0.174719
0.19203
0.20965
0.227609
0.245934
0.264652
0.283789
0.303375
0.323435
0.343994
0.365071
0.386684
0.40884
0.431543
0.454786
0.478553
0.502813
0.527518
0.552601
0.57797
0.603508
0.629066
0.65446
0.679468
0.703828
0.727234
0.749335
0.769737
0.788002
0.803655
0.816198
0.825117
0.829906
0.83008
0.825186
0.814844
0.79901
0.777705
0.747811
0.707056
-0.641899
-0.681266
-0.709898
-0.730022
-0.744737
-0.754123
-0.758328
-0.757816
-0.753105
-0.744722
-0.733188
-0.719006
-0.702643
-0.684524
-0.665029
-0.64449
-0.623193
-0.601381
-0.579256
-0.556984
-0.534698
-0.512504
-0.490485
-0.468706
-0.447213
-0.426043
-0.405217
-0.384748
-0.364643
-0.3449
-0.325514
-0.306478
-0.287779
-0.269405
-0.25134
-0.233565
-0.216063
-0.198813
-0.181798
-0.164997
-0.148394
-0.131966
-0.115693
-0.0995527
-0.0835245
-0.0675879
-0.0517225
-0.0359073
-0.0201204
-0.00433931
0.0114577
0.0272927
0.0431891
0.0591715
0.0752652
0.091495
0.107886
0.124465
0.141259
0.158297
0.175608
0.193224
0.211178
0.2295
0.248224
0.26738
0.287004
0.30713
0.32779
0.349018
0.370842
0.393286
0.416371
0.44011
0.464508
0.48956
0.515248
0.541537
0.568369
0.595663
0.62331
0.651166
0.679047
0.706727
0.733933
0.760338
0.78556
0.809161
0.830647
0.849472
0.865054
0.876783
0.884041
0.886228
0.882773
0.873187
0.857356
0.835244
0.803423
0.759435
-0.695397
-0.73811
-0.768709
-0.789613
-0.804261
-0.812807
-0.815491
-0.812906
-0.805703
-0.794529
-0.780018
-0.762767
-0.743322
-0.722171
-0.699741
-0.676398
-0.652451
-0.628156
-0.603722
-0.579315
-0.555064
-0.53107
-0.507405
-0.484126
-0.461269
-0.438858
-0.416907
-0.395418
-0.374389
-0.353808
-0.333664
-0.313938
-0.294615
-0.275674
-0.257092
-0.238848
-0.220917
-0.203275
-0.1859
-0.16877
-0.151862
-0.135153
-0.118619
-0.102235
-0.0859768
-0.0698233
-0.0537523
-0.0377408
-0.0217646
-0.00579948
0.0101783
0.0261927
0.0422688
0.0584331
0.0747125
0.0911337
0.107724
0.124512
0.141528
0.158804
0.176373
0.19427
0.21253
0.23119
0.250286
0.269856
0.28994
0.310581
0.331819
0.353694
0.376244
0.399505
0.423508
0.448278
0.473836
0.500189
0.527335
0.555252
0.5839
0.61321
0.643086
0.673393
0.703954
0.734545
0.764883
0.794625
0.823361
0.850609
0.875815
0.898358
0.917558
0.932689
0.943001
0.947752
0.946221
0.937777
0.922202
0.89938
0.865519
0.817956
-0.755062
-0.80155
-0.834266
-0.855852
-0.870153
-0.877431
-0.878058
-0.872796
-0.862464
-0.847864
-0.829762
-0.808869
-0.785821
-0.761173
-0.735402
-0.708906
-0.682015
-0.654993
-0.628049
-0.601346
-0.575004
-0.549111
-0.523729
-0.498898
-0.474642
-0.450972
-0.427888
-0.405382
-0.383437
-0.362034
-0.34115
-0.320759
-0.300837
-0.281355
-0.262286
-0.243601
-0.22527
-0.207266
-0.189561
-0.172131
-0.154948
-0.137986
-0.121218
-0.104616
-0.0881548
-0.0718107
-0.0555598
-0.0393772
-0.0232365
-0.00711165
0.00902304
0.0251931
0.0414251
0.0577471
0.0741877
0.0907753
0.107539
0.124511
0.141724
0.159212
0.177013
0.195163
0.213701
0.232669
0.252107
0.27206
0.292576
0.313702
0.335487
0.357981
0.381231
0.405285
0.430186
0.455974
0.482686
0.510344
0.538965
0.568545
0.599061
0.630467
0.662683
0.695591
0.729025
0.762769
0.796538
0.829981
0.862661
0.894055
0.92355
0.950441
0.973941
0.993186
1.00727
1.01528
1.01629
1.00949
0.994514
0.971134
0.93512
0.883568
-0.821906
-0.872695
-0.907688
-0.929792
-0.943351
-0.948787
-0.946657
-0.937948
-0.923694
-0.904891
-0.882466
-0.85726
-0.83001
-0.801343
-0.771783
-0.74176
-0.711615
-0.681615
-0.651965
-0.622812
-0.594263
-0.566388
-0.53923
-0.512812
-0.48714
-0.462207
-0.437998
-0.414489
-0.391652
-0.369455
-0.347863
-0.32684
-0.306353
-0.286368
-0.266847
-0.247758
-0.229064
-0.210733
-0.192734
-0.175037
-0.157612
-0.140429
-0.123457
-0.106668
-0.0900325
-0.0735265
-0.0571239
-0.0407975
-0.024519
-0.00826028
0.00800572
0.0243058
0.0406681
0.0571219
0.0736975
0.0904252
0.107336
0.124465
0.141847
0.159521
0.177523
0.195895
0.21468
0.233923
0.253671
0.273974
0.294886
0.316462
0.33876
0.361836
0.385751
0.410564
0.436334
0.463116
0.490962
0.519917
0.550014
0.581275
0.613701
0.647269
0.681923
0.717569
0.754062
0.791201
0.82871
0.866235
0.903323
0.939416
0.973843
1.00581
1.03441
1.05863
1.07737
1.0895
1.09385
1.08936
1.07546
1.05175
1.01346
0.957424
-0.897185
-0.952924
-0.990357
-1.01272
-1.02497
-1.02779
-1.02199
-1.00884
-0.989681
-0.965727
-0.938105
-0.907806
-0.875673
-0.842407
-0.808576
-0.774629
-0.740915
-0.707691
-0.675144
-0.643404
-0.61255
-0.582629
-0.553659
-0.525639
-0.498552
-0.472372
-0.447064
-0.422586
-0.398896
-0.375946
-0.353689
-0.33208
-0.311075
-0.290631
-0.270705
-0.251255
-0.232241
-0.213625
-0.195372
-0.177447
-0.159816
-0.142448
-0.125307
-0.108363
-0.0915865
-0.0749499
-0.0584258
-0.0419848
-0.0255967
-0.00923184
0.00713815
0.0235411
0.0400062
0.0565643
0.0732472
0.0900873
0.107118
0.124376
0.141899
0.159726
0.177899
0.19646
0.215457
0.23494
0.254961
0.275576
0.296845
0.318829
0.341595
0.365211
0.389748
0.415278
0.441876
0.469613
0.498562
0.528786
0.560346
0.593288
0.627643
0.663419
0.700591
0.739095
0.77882
0.819588
0.861147
0.903151
0.945144
0.986541
1.02662
1.0645
1.09915
1.12937
1.15386
1.1712
1.17991
1.17861
1.16644
1.14273
1.10208
1.04094
-0.982481
-1.04398
-1.084
-1.1062
-1.11636
-1.1155
-1.10481
-1.08598
-1.06067
-1.03041
-0.996561
-0.960266
-0.922485
-0.883986
-0.845371
-0.807096
-0.769499
-0.732817
-0.697207
-0.662764
-0.629535
-0.597532
-0.566741
-0.53713
-0.508656
-0.481267
-0.454907
-0.429514
-0.405026
-0.381381
-0.358518
-0.336381
-0.314915
-0.294068
-0.27379
-0.254032
-0.234749
-0.215896
-0.197434
-0.179324
-0.16153
-0.144015
-0.126742
-0.10968
-0.092797
-0.0760634
-0.0594499
-0.0429252
-0.0264574
-0.0100155
0.00642949
0.0229063
0.0394453
0.0560787
0.0728402
0.089764
0.106885
0.124242
0.141874
0.159823
0.178132
0.196847
0.216019
0.235704
0.255958
0.276842
0.298422
0.320767
0.343952
0.368056
0.393161
0.419356
0.446728
0.475368
0.505369
0.536819
0.569806
0.604408
0.640688
0.678691
0.718433
0.759891
0.802996
0.847612
0.893522
0.940407
0.987822
1.03518
1.08171
1.12645
1.16825
1.20573
1.23729
1.26122
1.27564
1.2787
1.26917
1.24599
1.20288
1.13588
-1.07982
-1.14809
-1.19081
-1.21219
-1.21911
-1.21313
-1.19595
-1.16981
-1.13682
-1.09887
-1.05757
-1.01426
-0.96998
-0.92557
-0.881641
-0.838638
-0.796865
-0.75652
-0.717712
-0.680489
-0.644851
-0.610766
-0.578178
-0.547021
-0.517217
-0.488686
-0.461345
-0.435111
-0.409902
-0.385637
-0.362243
-0.339649
-0.317791
-0.296608
-0.276042
-0.256037
-0.236541
-0.217505
-0.198885
-0.180638
-0.162725
-0.145105
-0.127743
-0.110601
-0.0936488
-0.0768537
-0.0601846
-0.0436085
-0.0270923
-0.0106043
0.00588519
0.0224055
0.0389881
0.0556669
0.0724773
0.0894549
0.106636
0.124061
0.141769
0.159804
0.178212
0.197043
0.216352
0.236197
0.25664
0.277745
0.299585
0.322237
0.345784
0.370316
0.395928
0.422721
0.4508
0.480274
0.511258
0.543869
0.578224
0.614436
0.652607
0.692824
0.735153
0.779625
0.826226
0.874877
0.925416
0.977573
1.03094
1.08494
1.1388
1.19148
1.24172
1.28792
1.32822
1.36048
1.38234
1.39138
1.38575
1.36388
1.31829
1.24448
-1.19185
-1.26817
-1.3136
-1.33312
-1.33515
-1.32204
-1.29625
-1.26072
-1.21816
-1.17085
-1.12069
-1.0692
-1.01751
-0.96649
-0.916724
-0.868617
-0.822416
-0.778249
-0.736159
-0.696129
-0.658097
-0.621975
-0.58766
-0.555038
-0.523997
-0.494421
-0.466199
-0.439223
-0.413389
-0.388598
-0.364762
-0.341798
-0.31963
-0.298188
-0.277406
-0.257222
-0.237577
-0.218418
-0.199695
-0.181363
-0.163379
-0.145703
-0.128294
-0.111115
-0.0941318
-0.0773122
-0.0606225
-0.0440288
-0.027497
-0.0109951
0.00550695
0.0220392
0.0386343
0.0553279
0.0721567
0.0891572
0.106367
0.123825
0.141574
0.159659
0.178129
0.197036
0.216439
0.2364
0.256982
0.278256
0.300299
0.323197
0.347042
0.371933
0.397978
0.425291
0.453992
0.484213
0.516093
0.549776
0.585413
0.623152
0.663142
0.70552
0.75041
0.797909
0.848073
0.900899
0.956303
1.01409
1.07393
1.13528
1.1974
1.25922
1.31937
1.37606
1.42711
1.46993
1.50153
1.5187
1.51881
1.49942
1.45148
1.36965
-1.32213
-1.40812
-1.45604
-1.47205
-1.46677
-1.44375
-1.40653
-1.35896
-1.30447
-1.24582
-1.1852
-1.12427
-1.06422
-1.00589
-0.949798
-0.89627
-0.845452
-0.797376
-0.751991
-0.709194
-0.668845
-0.630789
-0.594864
-0.560907
-0.52876
-0.498271
-0.469297
-0.441703
-0.415362
-0.390159
-0.365988
-0.342753
-0.320368
-0.298755
-0.277839
-0.257551
-0.237828
-0.218609
-0.199844
-0.181483
-0.163482
-0.145797
-0.128387
-0.111214
-0.0942419
-0.0774359
-0.060762
-0.0441855
-0.0276721
-0.0111897
0.00529194
0.0218038
0.03838
0.0550573
0.0718732
0.0888643
0.106068
0.123525
0.141278
0.159375
0.177867
0.196809
0.216261
0.236288
0.256956
0.27834
0.300526
0.323604
0.347674
0.372847
0.399238
0.426977
0.456202
0.487064
0.519729
0.554368
0.591166
0.630314
0.672008
0.716445
0.763816
0.814293
0.86802
0.925092
0.985531
1.04926
1.11603
1.18544
1.25678
1.32904
1.40077
1.47002
1.5343
1.59049
1.63482
1.66311
1.67159
1.65653
1.6066
1.51523
-1.47551
-1.5732
-1.62295
-1.6328
-1.61665
-1.57986
-1.52744
-1.46447
-1.3952
-1.3229
-1.25003
-1.17833
-1.10897
-1.04268
-0.979867
-0.920696
-0.865176
-0.813202
-0.764601
-0.71916
-0.676648
-0.636828
-0.59947
-0.564356
-0.531278
-0.500045
-0.47048
-0.442419
-0.415714
-0.39023
-0.365846
-0.342454
-0.319958
-0.29827
-0.277309
-0.257
-0.237273
-0.218065
-0.199321
-0.18099
-0.163026
-0.145385
-0.128023
-0.110901
-0.0939807
-0.0772275
-0.0606066
-0.0440832
-0.0276232
-0.0111947
0.00523324
0.0216924
0.038218
0.0548474
0.071618
0.0885661
0.105729
0.123147
0.140867
0.158938
0.177411
0.196343
0.215796
0.235835
0.256532
0.277965
0.300225
0.32341
0.347626
0.37299
0.39963
0.427688
0.45732
0.488698
0.52201
0.557459
0.595264
0.635659
0.678894
0.72523
0.774931
0.828261
0.885466
0.946762
1.01231
1.08218
1.15629
1.23439
1.31592
1.39996
1.48511
1.56933
1.64982
1.72292
1.78397
1.82749
1.84815
1.84031
1.78925
1.68646
-1.65892
-1.77078
-1.82079
-1.8202
-1.78788
-1.73191
-1.65932
-1.57671
-1.48925
-1.4007
-1.31367
-1.22987
-1.15032
-1.07555
-1.00575
-0.940864
-0.880696
-0.824966
-0.773344
-0.725488
-0.681054
-0.639717
-0.60117
-0.565131
-0.531343
-0.499573
-0.469609
-0.44126
-0.414355
-0.38874
-0.364281
-0.340859
-0.318367
-0.29671
-0.2758
-0.255556
-0.235905
-0.21678
-0.198124
-0.179886
-0.162018
-0.144473
-0.127208
-0.110182
-0.0933561
-0.0766954
-0.0601654
-0.0437319
-0.027361
-0.0110207
0.00532024
0.0216946
0.0381377
0.0546869
0.0713788
0.088249
0.105335
0.122678
0.140327
0.15833
0.176741
0.195616
0.215018
0.235014
0.255678
0.277095
0.299357
0.322568
0.346839
0.372294
0.399072
0.427328
0.457234
0.488981
0.522778
0.558857
0.597473
0.638908
0.683465
0.731472
0.783276
0.839238
0.899727
0.965103
1.0357
1.11177
1.19347
1.28076
1.37336
1.47055
1.57109
1.67297
1.77322
1.86766
1.95064
2.01509
2.05355
2.05753
2.00719
1.89068
-1.88251
-2.01131
-2.05821
-2.04018
-1.98379
-1.90111
-1.80185
-1.69436
-1.58475
-1.4771
-1.37399
-1.27687
-1.18645
-1.10291
-1.02608
-0.955613
-0.891043
-0.831864
-0.777561
-0.727637
-0.681627
-0.639103
-0.599678
-0.563006
-0.528777
-0.496716
-0.466576
-0.438142
-0.411221
-0.385643
-0.361261
-0.337945
-0.315582
-0.294068
-0.273309
-0.253222
-0.233729
-0.214763
-0.196266
-0.178184
-0.160469
-0.143075
-0.125956
-0.109071
-0.0923821
-0.075854
-0.0594534
-0.0431467
-0.0269006
-0.0106827
0.00553866
0.0217962
0.0381249
0.0545608
0.0711397
0.0878965
0.104869
0.122101
0.139639
0.157534
0.175837
0.194605
0.213901
0.233795
0.254364
0.275693
0.29788
0.321029
0.345256
0.370693
0.397488
0.425807
0.455834
0.487778
0.521868
0.558365
0.597559
0.639775
0.685373
0.734747
0.788331
0.846595
0.910042
0.979198
1.05459
1.13673
1.22605
1.32285
1.42719
1.53876
1.65666
1.77913
1.90324
2.02447
2.13619
2.22945
2.29402
2.31725
2.27137
2.13863
-2.16193
-2.31004
-2.34689
-2.29993
-2.20765
-2.08785
-1.95353
-1.8149
-1.67874
-1.5491
-1.42816
-1.31682
-1.21519
-1.12291
-1.03933
-0.963689
-0.895199
-0.833079
-0.776599
-0.725093
-0.677961
-0.634671
-0.594753
-0.557796
-0.52344
-0.491369
-0.461308
-0.433015
-0.40628
-0.380921
-0.356778
-0.333715
-0.31161
-0.290355
-0.269853
-0.250016
-0.230766
-0.212036
-0.193766
-0.175905
-0.158403
-0.141212
-0.124288
-0.10759
-0.0910792
-0.0747237
-0.0584908
-0.0423477
-0.0262611
-0.0101987
0.00587106
0.02198
0.0381617
0.0544508
0.070882
0.0874903
0.104314
0.121396
0.138785
0.156528
0.174675
0.193284
0.212419
0.23215
0.252557
0.273725
0.295751
0.318743
0.342821
0.368122
0.394801
0.423032
0.45301
0.484957
0.519122
0.555791
0.595286
0.637973
0.684262
0.734616
0.789557
0.849667
0.915591
0.988036
1.06776
1.15556
1.25222
1.35848
1.47492
1.6018
1.73884
1.88488
2.03741
2.19193
2.3411
2.47403
2.57703
2.63157
2.59766
2.44671
-2.52246
-2.68966
-2.70243
-2.60759
-2.46192
-2.29084
-2.11097
-1.93401
-1.76675
-1.61253
-1.4725
-1.34658
-1.23395
-1.13346
-1.04382
-0.963782
-0.892142
-0.82782
-0.769854
-0.717396
-0.669712
-0.626166
-0.586209
-0.54937
-0.515243
-0.483477
-0.453772
-0.425866
-0.399535
-0.374586
-0.350853
-0.328193
-0.30648
-0.285603
-0.265463
-0.245971
-0.22705
-0.208632
-0.19066
-0.173082
-0.155849
-0.138914
-0.122232
-0.105764
-0.0894736
-0.0733301
-0.0573024
-0.0413582
-0.0254645
-0.00958951
0.00629719
0.0222257
0.0382277
0.0543365
0.0705862
0.0870117
0.103651
0.120547
0.137744
0.15529
0.173233
0.191631
0.210547
0.230054
0.250228
0.271155
0.292932
0.315667
0.339484
0.364523
0.390943
0.418921
0.448662
0.480397
0.514394
0.550957
0.590434
0.633226
0.67979
0.730653
0.786418
0.847778
0.915521
0.990542
1.07385
1.16656
1.26988
1.38508
1.51342
1.65597
1.81344
1.98572
2.17136
2.36661
2.5641
2.75139
2.91104
3.01664
3.00956
2.8413
-3.00755
-3.18456
-3.145
-2.97119
-2.74652
-2.50548
-2.26761
-2.04476
-1.84235
-1.6618
-1.50242
-1.36248
-1.23984
-1.13233
-1.03786
-0.954602
-0.880909
-0.815377
-0.756806
-0.704175
-0.656621
-0.613413
-0.573935
-0.537663
-0.504156
-0.473036
-0.443983
-0.416723
-0.391023
-0.366683
-0.343534
-0.32143
-0.300244
-0.279863
-0.260189
-0.241136
-0.222626
-0.204596
-0.18699
-0.169756
-0.152847
-0.136216
-0.119822
-0.103626
-0.0875965
-0.071703
-0.0559162
-0.0402044
-0.0245353
-0.00887851
0.00679428
0.0225108
0.0383009
0.0541969
0.0702325
0.086442
0.102862
0.119533
0.136497
0.1538
0.17149
0.189624
0.208265
0.227482
0.24735
0.267954
0.289389
0.311764
0.335204
0.359847
0.385853
0.413403
0.442704
0.473997
0.507558
0.543705
0.582805
0.625287
0.671645
0.722459
0.778407
0.840276
0.908989
0.985627
1.07145
1.1679
1.27667
1.39964
1.53888
1.69657
1.87478
2.07511
2.29804
2.54184
2.80053
3.06154
3.30432
3.49316
3.54248
3.3675
-3.69595
-3.8469
-3.69822
-3.39509
-3.05532
-2.7211
-2.41186
-2.13649
-1.89653
-1.68971
-1.51231
-1.36026
-1.2297
-1.11718
-1.01976
-0.934937
-0.86064
-0.795151
-0.737049
-0.685162
-0.638521
-0.59632
-0.557891
-0.522676
-0.490207
-0.460092
-0.432
-0.405652
-0.380813
-0.357283
-0.334893
-0.313496
-0.292968
-0.2732
-0.254095
-0.235569
-0.217553
-0.199983
-0.182806
-0.165973
-0.149439
-0.13316
-0.117096
-0.101214
-0.0854822
-0.0698744
-0.0543617
-0.0389134
-0.023499
-0.00809033
0.00733816
0.0228119
0.0383591
0.0540116
0.0698017
0.0857623
0.101927
0.118334
0.135023
0.152039
0.169428
0.187245
0.205551
0.224412
0.243899
0.264095
0.285094
0.307004
0.329944
0.35405
0.379481
0.406417
0.435066
0.46567
0.498507
0.533902
0.572232
0.613942
0.659553
0.709683
0.765061
0.826554
0.895197
0.97223
1.05914
1.15771
1.27008
1.3988
1.54688
1.71779
1.91542
2.14378
2.40653
2.70571
3.03941
3.3981
3.76131
4.08532
4.2499
4.10664
-4.73083
-4.75226
-4.38457
-3.87388
-3.37099
-2.91757
-2.52528
-2.19407
-1.91761
-1.68758
-1.4959
-1.33548
-1.20041
-1.08589
-0.988057
-0.903819
-0.83071
-0.766753
-0.710361
-0.660252
-0.615386
-0.574914
-0.538141
-0.504493
-0.473493
-0.444749
-0.41793
-0.392762
-0.369013
-0.34649
-0.325026
-0.304484
-0.284741
-0.265695
-0.247255
-0.229344
-0.211896
-0.194852
-0.178164
-0.161785
-0.145673
-0.129789
-0.114096
-0.0985646
-0.0831667
-0.0678772
-0.0526689
-0.0375132
-0.022382
-0.00725024
0.00790482
0.0231066
0.0383822
0.0537618
0.0692762
0.084955
0.100829
0.116934
0.133308
0.149992
0.167033
0.18448
0.202391
0.220828
0.23986
0.259565
0.280033
0.301368
0.323683
0.347109
0.371801
0.397933
0.425709
0.455365
0.487176
0.521463
0.558604
0.599048
0.643325
0.692068
0.746035
0.806141
0.873496
0.949457
1.03569
1.13424
1.24768
1.37916
1.53266
1.71305
1.92635
2.1797
2.48125
2.83929
3.26005
3.74325
4.27638
4.81586
5.20855
5.20537
-6.37062
-6.00001
-5.21628
-4.38738
-3.66314
-3.06541
-2.58405
-2.20001
-1.89346
-1.64734
-1.44802
-1.28495
-1.15013
-1.03747
-0.942331
-0.861175
-0.79126
-0.730455
-0.677084
-0.62982
-0.587602
-0.549576
-0.515051
-0.483461
-0.454342
-0.427313
-0.402057
-0.378313
-0.355862
-0.334521
-0.314136
-0.294576
-0.27573
-0.257502
-0.239811
-0.222588
-0.205771
-0.189311
-0.17316
-0.157279
-0.141629
-0.126176
-0.110888
-0.0957381
-0.0807025
-0.0657577
-0.0508789
-0.0360404
-0.0212171
-0.00638713
0.00846975
0.0233751
0.0383543
0.0534355
0.0686466
0.0840142
0.0995663
0.115335
0.131357
0.147671
0.164319
0.181347
0.198808
0.21676
0.235267
0.254403
0.274252
0.294909
0.316481
0.339091
0.362887
0.388033
0.414724
0.443182
0.473673
0.506505
0.542046
0.580731
0.62308
0.66972
0.721406
0.779062
0.843823
0.917095
1.00064
1.09668
1.20806
1.33843
1.49256
1.67667
1.89895
2.17012
2.50404
2.918
3.4321
4.06567
4.8286
5.69675
6.5184
6.92563
-9.19202
-7.71323
-6.14532
-4.86243
-3.86547
-3.11331
-2.55258
-2.13133
-1.80998
-1.56069
-1.36401
-1.20626
-1.07776
-0.971596
-0.882714
-0.807381
-0.742792
-0.686809
-0.637779
-0.594411
-0.555686
-0.520791
-0.489071
-0.459995
-0.433132
-0.408129
-0.384696
-0.362592
-0.341621
-0.321615
-0.302437
-0.283968
-0.266111
-0.248781
-0.231908
-0.215432
-0.199299
-0.183465
-0.167892
-0.152543
-0.137386
-0.122393
-0.107536
-0.092792
-0.0781408
-0.0635616
-0.0490326
-0.0345313
-0.0200361
-0.00552813
0.00901042
0.0235991
0.038261
0.0530217
0.0679057
0.0829364
0.0981387
0.113542
0.12918
0.145089
0.161305
0.177869
0.194831
0.212242
0.230162
0.248658
0.267805
0.287689
0.308409
0.33008
0.352834
0.376824
0.402228
0.429255
0.458147
0.489194
0.522738
0.559188
0.599032
0.642862
0.691402
0.745532
0.806353
0.875238
0.953931
1.04467
1.15038
1.27493
1.42351
1.60325
1.82406
2.09992
2.45069
2.90472
3.50236
4.29677
5.34238
6.67858
8.30431
9.84995
-14.6983
-9.96304
-6.82606
-4.97985
-3.75222
-2.91294
-2.33582
-1.92702
-1.62708
-1.40033
-1.22446
-1.08498
-0.972195
-0.879433
-0.801979
-0.736414
-0.680207
-0.631446
-0.58867
-0.55074
-0.516762
-0.486026
-0.457963
-0.432112
-0.408101
-0.385628
-0.364443
-0.344344
-0.325163
-0.30676
-0.289018
-0.27184
-0.255146
-0.238867
-0.222947
-0.207335
-0.19199
-0.176877
-0.161965
-0.147224
-0.132631
-0.118162
-0.103795
-0.0895134
-0.0752993
-0.061136
-0.0470055
-0.0328891
-0.0187692
-0.00462997
0.00954343
0.0237681
0.0380644
0.0524544
0.0669588
0.0815971
0.0963912
0.111368
0.126556
0.141987
0.157691
0.173705
0.190071
0.206836
0.224051
0.241772
0.260067
0.27901
0.298687
0.319198
0.340659
0.363205
0.38699
0.412196
0.439041
0.467775
0.4987
0.532177
0.568638
0.608603
0.652712
0.701748
0.756683
0.818744
0.88949
0.970939
1.06575
1.17748
1.31103
1.47329
1.67422
1.92873
2.25964
2.70339
3.32056
4.20745
5.49446
7.41377
10.6403
15.4862
-23.9813
-12.1661
-6.54984
-4.26632
-3.05716
-2.32496
-1.86102
-1.54745
-1.32164
-1.15148
-1.019
-0.913238
-0.827064
-0.755639
-0.695543
-0.644282
-0.599996
-0.561268
-0.527007
-0.496357
-0.468643
-0.443327
-0.419976
-0.398241
-0.377838
-0.358539
-0.340156
-0.322537
-0.305557
-0.289113
-0.273118
-0.257504
-0.242212
-0.227196
-0.212414
-0.197834
-0.183427
-0.169168
-0.155038
-0.141018
-0.12709
-0.113239
-0.0994517
-0.0857146
-0.072016
-0.0583438
-0.0446846
-0.0310241
-0.0173491
-0.00364778
0.0100915
0.0238825
0.0377422
0.0516882
0.0657368
0.0799036
0.0942065
0.108668
0.123311
0.138162
0.153244
0.168587
0.184226
0.200199
0.216547
0.233314
0.250555
0.26833
0.286709
0.305771
0.325611
0.346336
0.368072
0.390965
0.415189
0.440946
0.468479
0.498074
0.530077
0.5649
0.603046
0.645129
0.691907
0.744324
0.803573
0.871186
0.94916
1.04015
1.14777
1.27712
1.43566
1.63479
1.89304
2.24324
2.7489
3.53103
4.80793
7.18697
12.9202
24.8581
)
;

boundaryField
{
    movingWall
    {
        type            zeroGradient;
    }
    fixedWalls
    {
        type            zeroGradient;
    }
    frontAndBack
    {
        type            empty;
    }
}


// ************************************************************************* //
