/*--------------------------------*- C++ -*----------------------------------*\
| =========                 |                                                 |
| \\      /  F ield         | OpenFOAM: The Open Source CFD Toolbox           |
|  \\    /   O peration     | Version:  2212                                  |
|   \\  /    A nd           | Website:  www.openfoam.com                      |
|    \\/     M anipulation  |                                                 |
\*---------------------------------------------------------------------------*/
FoamFile
{
    version     2.0;
    format      ascii;
    arch        "LSB;label=32;scalar=64";
    class       volScalarField;
    location    "0.003";
    object      p;
}
// * * * * * * * * * * * * * * * * * * * * * * * * * * * * * * * * * * * * * //

dimensions      [0 2 -2 0 0 0 0];

internalField   nonuniform List<scalar> 
10000
(
2.10513e-08
4.17177e-05
0.000930548
0.00351912
0.00674122
0.00980097
0.0125191
0.0149259
0.0170875
0.0190692
0.0209327
0.0227269
0.024499
0.026272
0.0280596
0.0298909
0.0317957
0.0337863
0.0358691
0.038052
0.0403357
0.0427333
0.0452592
0.0479135
0.0506879
0.0535781
0.0565851
0.0597077
0.0629419
0.0662856
0.0697375
0.0732915
0.0769421
0.0806892
0.0845334
0.0884692
0.0924884
0.0965887
0.100771
0.105032
0.109364
0.113761
0.118223
0.122744
0.12731
0.131905
0.136522
0.141158
0.145811
0.150471
0.155128
0.159778
0.164415
0.169026
0.173596
0.178116
0.182583
0.186999
0.191358
0.195652
0.199875
0.204028
0.208114
0.212127
0.216062
0.219915
0.223681
0.227356
0.230933
0.234407
0.237767
0.241009
0.244132
0.247134
0.250007
0.252738
0.25532
0.257749
0.260015
0.262108
0.264019
0.265745
0.267283
0.268636
0.269807
0.270797
0.2716
0.272205
0.272607
0.272808
0.272812
0.272622
0.272242
0.271688
0.270997
0.270222
0.269434
0.268726
0.268218
0.267999
0.000459286
0.00257977
0.00452503
0.00716495
0.00998667
0.0125189
0.0147867
0.0168497
0.0187704
0.0205911
0.0223391
0.0240569
0.0257748
0.0275095
0.0292778
0.0310948
0.0329749
0.0349409
0.0370071
0.039172
0.0414397
0.0438181
0.0463154
0.0489363
0.0516796
0.0545421
0.0575206
0.0606112
0.0638122
0.0671246
0.0705455
0.0740667
0.0776828
0.0813945
0.0852008
0.0890955
0.0930735
0.0971337
0.101275
0.10549
0.109772
0.114121
0.118538
0.123012
0.127529
0.132073
0.13664
0.14123
0.145834
0.150442
0.155048
0.15965
0.164235
0.168791
0.173306
0.177771
0.182187
0.186555
0.190867
0.195112
0.199285
0.203394
0.207435
0.2114
0.215286
0.219093
0.222815
0.226447
0.229985
0.23342
0.236743
0.239948
0.243038
0.246009
0.248847
0.25154
0.254086
0.256482
0.258717
0.260779
0.262661
0.264362
0.265882
0.26722
0.268381
0.269368
0.270174
0.270792
0.271217
0.271459
0.271526
0.271422
0.27115
0.270727
0.270189
0.269585
0.268975
0.268426
0.268008
0.267778
0.00223967
0.00523974
0.00763348
0.0101813
0.0126438
0.0148083
0.0167509
0.0185489
0.0202653
0.0219277
0.0235625
0.0251939
0.026837
0.0285179
0.0302509
0.0320377
0.0338934
0.0358337
0.0378729
0.0400181
0.042273
0.0446377
0.0471173
0.049716
0.052436
0.0552772
0.0582337
0.0612991
0.064474
0.0677604
0.0711541
0.0746479
0.0782382
0.0819247
0.0857032
0.0895671
0.0935144
0.0975446
0.101652
0.105828
0.11007
0.114381
0.118761
0.123196
0.12767
0.132175
0.136707
0.141261
0.145829
0.150398
0.154965
0.159528
0.164074
0.168585
0.173054
0.177481
0.181864
0.186198
0.190479
0.194693
0.198836
0.202913
0.206923
0.210855
0.214702
0.218471
0.222162
0.225766
0.229274
0.232681
0.235979
0.239163
0.24223
0.245173
0.247981
0.250645
0.25316
0.255527
0.257736
0.259776
0.261639
0.263324
0.264833
0.266167
0.267326
0.268313
0.269121
0.269746
0.270191
0.270467
0.270582
0.27054
0.270343
0.270006
0.269561
0.269055
0.268535
0.268048
0.267626
0.267288
0.00607328
0.00881686
0.0109813
0.0130762
0.015076
0.0168702
0.0185144
0.0200744
0.0215906
0.0230972
0.0246193
0.0261546
0.0277226
0.0293418
0.0310204
0.0327719
0.0346031
0.0365195
0.0385326
0.0406551
0.0428912
0.0452434
0.0477121
0.0502966
0.0529999
0.0558229
0.0587596
0.0618054
0.0649612
0.0682262
0.0715953
0.0750659
0.0786376
0.0823068
0.0860658
0.0899094
0.0938371
0.0978456
0.101924
0.106067
0.110278
0.114561
0.118911
0.123313
0.127753
0.132229
0.136737
0.141265
0.145803
0.150342
0.15488
0.159412
0.163922
0.168395
0.17283
0.17723
0.181591
0.185905
0.190164
0.194358
0.198484
0.202542
0.206528
0.210431
0.214252
0.217996
0.221663
0.225246
0.228735
0.232124
0.235406
0.238575
0.241627
0.244549
0.247331
0.249965
0.252456
0.254802
0.256992
0.259014
0.260862
0.262539
0.264045
0.265378
0.266537
0.267522
0.268333
0.268967
0.26943
0.269735
0.269889
0.269894
0.269748
0.269466
0.269075
0.268616
0.268126
0.267638
0.267147
0.266643
0.0106446
0.0126348
0.0142589
0.0158312
0.0173795
0.0188089
0.0201755
0.021508
0.0228372
0.0241935
0.0255855
0.0270263
0.0285219
0.0300744
0.0316977
0.0334066
0.0352068
0.0371017
0.039095
0.0411959
0.0434113
0.0457466
0.048201
0.0507725
0.0534615
0.0562652
0.0591807
0.0622082
0.0653468
0.068592
0.0719399
0.075392
0.0789481
0.0826015
0.0863451
0.090176
0.0940909
0.0980803
0.102134
0.106251
0.110439
0.114699
0.119022
0.123394
0.127809
0.132265
0.136752
0.141257
0.145769
0.150284
0.154797
0.1593
0.163777
0.168218
0.172628
0.17701
0.181355
0.185652
0.189895
0.194076
0.198189
0.202233
0.206198
0.210079
0.213878
0.217604
0.221256
0.224822
0.228294
0.23167
0.234941
0.238099
0.241135
0.244037
0.246796
0.24941
0.251882
0.254212
0.256387
0.258396
0.260233
0.261903
0.263405
0.264737
0.265896
0.266882
0.267696
0.268341
0.268825
0.269159
0.269347
0.269386
0.269276
0.26903
0.268671
0.268232
0.267743
0.267222
0.266639
0.265956
0.0149891
0.0161163
0.0171762
0.0182859
0.0194319
0.0205496
0.0216571
0.0227872
0.0239564
0.0251692
0.0264407
0.0277855
0.0292034
0.0306963
0.0322717
0.033937
0.0357024
0.0375724
0.0395487
0.0416334
0.0438321
0.0461494
0.048587
0.0511447
0.0538186
0.0566038
0.0595008
0.0625113
0.065632
0.0688585
0.0721907
0.0756299
0.0791724
0.0828118
0.0865445
0.0903679
0.0942724
0.0982442
0.102278
0.106378
0.110551
0.114792
0.119092
0.123441
0.127839
0.13228
0.136749
0.141232
0.145725
0.150222
0.154714
0.159192
0.163645
0.168065
0.172461
0.176832
0.181165
0.185449
0.18968
0.193853
0.197959
0.20199
0.20594
0.209806
0.213595
0.21731
0.22095
0.224503
0.227963
0.231326
0.234587
0.237734
0.240756
0.243641
0.246386
0.248989
0.251453
0.253773
0.255938
0.257934
0.259761
0.261423
0.26292
0.26425
0.265409
0.266398
0.26722
0.267881
0.268388
0.268746
0.268956
0.269016
0.268928
0.2687
0.268354
0.267914
0.267405
0.266836
0.266153
0.265301
0.0188216
0.0191996
0.0197428
0.0204462
0.0212547
0.0220902
0.0229735
0.0239198
0.0249362
0.0260238
0.0271897
0.0284382
0.0297767
0.031212
0.0327432
0.034371
0.0361033
0.0379463
0.0399023
0.041971
0.0441552
0.0464568
0.0488787
0.0514206
0.0540774
0.0568472
0.0597308
0.0627263
0.0658297
0.0690406
0.0723613
0.0757893
0.0793189
0.0829475
0.0866738
0.0904905
0.0943832
0.0983399
0.10236
0.106452
0.110615
0.114839
0.11912
0.123455
0.127841
0.132268
0.13672
0.141187
0.145666
0.150152
0.15463
0.159092
0.163531
0.167945
0.172337
0.176703
0.181028
0.185302
0.189526
0.193695
0.197797
0.201821
0.205763
0.209625
0.213412
0.217126
0.220757
0.224298
0.227746
0.231099
0.23435
0.237485
0.240493
0.243369
0.246109
0.248712
0.251175
0.25349
0.255646
0.257632
0.259449
0.261102
0.262594
0.263923
0.265086
0.266082
0.266916
0.267594
0.268121
0.268495
0.268718
0.268788
0.268707
0.268484
0.268137
0.267685
0.267144
0.266519
0.265737
0.264736
0.0221068
0.0218807
0.0219854
0.0223418
0.0228506
0.0234456
0.0241326
0.0249086
0.0257813
0.0267544
0.0278222
0.0289845
0.0302505
0.031627
0.0331132
0.0347082
0.0364132
0.0382321
0.0401663
0.0422174
0.0443866
0.0466748
0.0490826
0.0516079
0.0542489
0.0570067
0.0598798
0.0628627
0.0659536
0.0691544
0.0724651
0.0758813
0.0793994
0.0830206
0.086742
0.0905499
0.0944293
0.0983754
0.102391
0.106479
0.110633
0.114845
0.119114
0.123439
0.127815
0.132229
0.136667
0.141123
0.145597
0.150077
0.154548
0.159004
0.163443
0.167862
0.172257
0.176621
0.18094
0.185211
0.189433
0.193601
0.197701
0.201723
0.205667
0.209535
0.213328
0.217041
0.220666
0.224197
0.227633
0.230975
0.234216
0.23734
0.240338
0.24321
0.245953
0.248562
0.251029
0.253342
0.255489
0.257466
0.259275
0.260923
0.262415
0.263747
0.264916
0.265923
0.266772
0.267467
0.268009
0.268393
0.268621
0.268694
0.268615
0.268392
0.268038
0.267568
0.26699
0.266307
0.265435
0.264305
0.0248519
0.0241693
0.0239215
0.0239792
0.0242282
0.0246151
0.0251259
0.0257515
0.0264944
0.027355
0.0283287
0.0294159
0.0306186
0.031939
0.0333811
0.0349443
0.0366252
0.0384237
0.0403391
0.0423729
0.044527
0.0468021
0.049196
0.0517069
0.0543367
0.0570856
0.0599491
0.0629229
0.0660075
0.0692027
0.0725039
0.0759089
0.0794196
0.0830365
0.0867513
0.0905487
0.0944185
0.0983609
0.102378
0.106465
0.110612
0.114817
0.119081
0.123402
0.127768
0.132171
0.1366
0.141052
0.145525
0.150004
0.154476
0.158937
0.163386
0.167817
0.172218
0.17658
0.180898
0.185169
0.189393
0.193562
0.197664
0.201691
0.205644
0.209523
0.213324
0.217039
0.220658
0.22418
0.227607
0.23094
0.23417
0.237285
0.240279
0.243152
0.245903
0.24852
0.25099
0.253301
0.255444
0.257417
0.259226
0.260878
0.262376
0.263716
0.264895
0.265913
0.266776
0.267486
0.268038
0.268428
0.268657
0.26873
0.268652
0.268427
0.268066
0.267574
0.266958
0.266219
0.265268
0.26403
0.0270883
0.0260695
0.0255391
0.0253572
0.0253922
0.0255857
0.0259383
0.026434
0.0270602
0.0278146
0.0287005
0.029718
0.0308631
0.0321362
0.0335397
0.0350717
0.0367297
0.0385097
0.0404098
0.0424293
0.0445697
0.0468307
0.0492107
0.0517112
0.054334
0.0570754
0.0599316
0.0629019
0.065985
0.0691758
0.0724698
0.0758688
0.0793775
0.0829922
0.0867
0.0904892
0.0943573
0.0983051
0.102327
0.106415
0.110561
0.114766
0.11903
0.123349
0.127708
0.132104
0.136531
0.140986
0.145461
0.149944
0.154422
0.158895
0.16336
0.167803
0.172211
0.176575
0.180895
0.185171
0.1894
0.193573
0.19768
0.201718
0.205686
0.209579
0.213389
0.217104
0.220721
0.22424
0.227665
0.230994
0.234218
0.237328
0.240322
0.2432
0.245957
0.248581
0.251055
0.253367
0.255512
0.257492
0.259311
0.260975
0.262487
0.263839
0.265028
0.266056
0.266929
0.267648
0.268206
0.268596
0.268825
0.268898
0.268819
0.268591
0.268219
0.267704
0.267051
0.266262
0.265243
0.263919
0.0288558
0.0275834
0.0268365
0.0264689
0.0263199
0.0263493
0.0265598
0.0269326
0.0274533
0.0281168
0.0289236
0.029874
0.0309669
0.0322005
0.0335714
0.035077
0.036714
0.038477
0.0403638
0.042372
0.0445001
0.0467475
0.0491162
0.0516095
0.0542264
0.0569625
0.0598166
0.0627886
0.0658723
0.0690602
0.0723523
0.0757541
0.0792659
0.0828792
0.0865832
0.090373
0.0942493
0.0982083
0.102239
0.106331
0.110482
0.114693
0.118962
0.123281
0.127638
0.132034
0.136467
0.140928
0.145408
0.149898
0.154389
0.158879
0.163359
0.167814
0.172229
0.1766
0.180929
0.185216
0.189456
0.193637
0.197756
0.201809
0.205794
0.209703
0.213521
0.217241
0.220863
0.224389
0.227822
0.231155
0.234379
0.23749
0.240487
0.24337
0.246133
0.248761
0.251238
0.253557
0.255714
0.25771
0.259549
0.261233
0.26276
0.264124
0.265321
0.266357
0.267238
0.267963
0.268523
0.268913
0.26914
0.26921
0.269128
0.268894
0.268507
0.267966
0.267277
0.266444
0.265367
0.263975
0.0301846
0.0287338
0.0278186
0.0272891
0.0269956
0.0268913
0.0269725
0.0272303
0.0276566
0.0282414
0.0289785
0.029869
0.0309149
0.0321129
0.0334567
0.0349413
0.0365605
0.0383101
0.0401861
0.0421843
0.0443014
0.0465387
0.048901
0.051389
0.0540004
0.0567354
0.0595939
0.06257
0.0656549
0.0688451
0.0721442
0.0755554
0.0790733
0.0826884
0.0863962
0.0901972
0.0940892
0.0980617
0.102102
0.106203
0.110366
0.114588
0.118865
0.123188
0.127551
0.131957
0.136402
0.140874
0.145362
0.149862
0.15437
0.158879
0.163375
0.167842
0.17227
0.176658
0.181006
0.185311
0.189565
0.193762
0.197897
0.20197
0.205975
0.209898
0.213728
0.21746
0.221096
0.224642
0.228092
0.231437
0.234668
0.237783
0.240786
0.243675
0.246441
0.249071
0.251553
0.253884
0.256061
0.258082
0.259945
0.26165
0.263192
0.264567
0.265774
0.266821
0.267712
0.268443
0.269004
0.269394
0.269619
0.269685
0.269595
0.269348
0.268941
0.268373
0.26765
0.266779
0.265655
0.264208
0.0311073
0.0295321
0.0284824
0.0278218
0.0274063
0.0271868
0.0271596
0.0273185
0.0276585
0.0281706
0.0288482
0.029689
0.0306934
0.0318588
0.0331788
0.0346458
0.0362522
0.0379931
0.039861
0.0418507
0.0439612
0.0461948
0.0485539
0.0510384
0.0536492
0.0563889
0.0592543
0.0622353
0.065325
0.0685253
0.0718393
0.0752635
0.0787893
0.0824122
0.0861341
0.0899544
0.0938646
0.0978508
0.101903
0.106019
0.110199
0.114435
0.118723
0.123059
0.127439
0.131864
0.136326
0.140811
0.145313
0.149829
0.154358
0.158887
0.1634
0.167884
0.172334
0.176749
0.181125
0.185455
0.18973
0.193947
0.198106
0.202201
0.206223
0.210161
0.214007
0.217759
0.221423
0.224997
0.228471
0.231834
0.235077
0.238201
0.241212
0.244107
0.246876
0.24951
0.252002
0.25435
0.256552
0.258599
0.260487
0.262211
0.263769
0.265157
0.266379
0.267444
0.26835
0.269091
0.269655
0.270043
0.270264
0.270323
0.270222
0.269957
0.269528
0.268933
0.268181
0.267278
0.266117
0.264626
0.0316445
0.0299812
0.0288357
0.0280709
0.027544
0.0272259
0.0271119
0.0271889
0.0274515
0.0278979
0.0285233
0.0293215
0.0302903
0.0314271
0.0327259
0.0341784
0.0357769
0.0375121
0.0393754
0.0413621
0.0434724
0.0457076
0.0480668
0.0505526
0.05317
0.0559188
0.0587909
0.0617783
0.0648801
0.0680987
0.071431
0.0748688
0.0784067
0.0820468
0.0857917
0.0896346
0.0935626
0.097564
0.101633
0.105769
0.109968
0.114222
0.118528
0.122887
0.127295
0.131746
0.136229
0.140733
0.145254
0.149793
0.154344
0.158894
0.163428
0.167938
0.17242
0.176871
0.181281
0.18564
0.189941
0.194184
0.198368
0.202487
0.206528
0.210483
0.214351
0.218133
0.221832
0.22544
0.228942
0.232327
0.235587
0.238728
0.241753
0.244658
0.247436
0.250079
0.252587
0.254957
0.257184
0.259257
0.261167
0.262909
0.264483
0.26589
0.267135
0.268223
0.269148
0.269897
0.270462
0.270846
0.271061
0.271111
0.270995
0.270713
0.270263
0.269644
0.268868
0.26794
0.266752
0.265223
0.0318205
0.0300973
0.0288821
0.0280326
0.0274167
0.0270151
0.0268266
0.0268361
0.0270357
0.0274252
0.028002
0.0287615
0.0296993
0.0308117
0.0320926
0.0335345
0.0351281
0.0368603
0.0387237
0.040715
0.0428314
0.0450709
0.0474352
0.0499305
0.0525597
0.0553178
0.0581975
0.0611974
0.0643194
0.0675602
0.070911
0.0743653
0.077924
0.0815911
0.0853639
0.0892302
0.0931775
0.0971992
0.101291
0.105451
0.109673
0.113949
0.118283
0.122676
0.127119
0.1316
0.136108
0.140636
0.145184
0.149749
0.154324
0.158897
0.163459
0.168003
0.172526
0.177018
0.181464
0.185855
0.190187
0.194461
0.198676
0.20282
0.206884
0.210863
0.214762
0.218582
0.22232
0.225964
0.229497
0.232908
0.236195
0.239363
0.242413
0.24534
0.248135
0.250796
0.253325
0.255719
0.257971
0.260066
0.261996
0.263757
0.265351
0.266781
0.268051
0.269162
0.270102
0.270856
0.271418
0.271798
0.272005
0.272044
0.271914
0.271614
0.271143
0.270504
0.269709
0.268763
0.267552
0.265991
0.0316777
0.0299055
0.0286275
0.027718
0.0270369
0.0265656
0.0263124
0.0262659
0.0264152
0.0267564
0.02729
0.0280139
0.0289232
0.0300143
0.0312817
0.032716
0.0343051
0.0360384
0.0379083
0.0399087
0.0420339
0.0442819
0.0466583
0.0491686
0.0518104
0.0545779
0.0574708
0.0604919
0.063639
0.0669024
0.0702735
0.0737523
0.0773426
0.0810438
0.0848471
0.0887389
0.0927113
0.0967611
0.100882
0.105069
0.109317
0.113625
0.117996
0.12243
0.126911
0.131425
0.135962
0.140521
0.1451
0.149695
0.154298
0.1589
0.163498
0.168085
0.172654
0.177187
0.18167
0.186098
0.190468
0.194781
0.199032
0.203209
0.207304
0.211318
0.215257
0.219121
0.222901
0.226582
0.230148
0.233593
0.236919
0.240127
0.243215
0.246173
0.248995
0.251681
0.254236
0.256655
0.258928
0.261042
0.262992
0.264774
0.266391
0.267846
0.269141
0.270269
0.271216
0.27197
0.27253
0.272905
0.273106
0.273136
0.272991
0.272672
0.272181
0.271524
0.270712
0.269749
0.268516
0.266924
0.0312518
0.0294311
0.0281014
0.0271442
0.0264154
0.0258932
0.0255869
0.0254917
0.0255981
0.0258995
0.0263956
0.0270867
0.027971
0.0290446
0.0303003
0.0317274
0.0333144
0.0350528
0.0369323
0.0389423
0.0410776
0.0433401
0.0457343
0.0482599
0.0509132
0.0536951
0.0566104
0.059659
0.0628318
0.0661187
0.0695173
0.0730315
0.0766617
0.0804005
0.0842364
0.0881599
0.0921666
0.096252
0.100407
0.104624
0.108906
0.113255
0.117671
0.122148
0.126668
0.131217
0.135791
0.140388
0.145006
0.149636
0.154272
0.158913
0.163556
0.168193
0.172808
0.177383
0.181906
0.186377
0.190794
0.195155
0.199451
0.20367
0.207808
0.211868
0.215857
0.219767
0.223588
0.227305
0.23091
0.234399
0.237774
0.241033
0.244166
0.247162
0.250017
0.252734
0.255317
0.25776
0.260054
0.262189
0.26416
0.265967
0.26761
0.269088
0.2704
0.271537
0.272487
0.273239
0.273798
0.274174
0.274374
0.274396
0.274237
0.2739
0.27339
0.272716
0.271886
0.270906
0.269649
0.268026
0.030558
0.0287035
0.0273323
0.0263325
0.0255671
0.0250091
0.0246627
0.0245263
0.0245938
0.0248605
0.0253247
0.0259882
0.0268516
0.0279095
0.0291537
0.0305748
0.0321636
0.0339084
0.0357952
0.0378146
0.0399641
0.0422454
0.0446571
0.0471962
0.0498652
0.0526709
0.0556158
0.0586927
0.0618912
0.0652073
0.0686436
0.0722016
0.0758747
0.0796522
0.0835261
0.0874905
0.09154
0.0956662
0.0998583
0.104114
0.108439
0.112837
0.117303
0.121823
0.126385
0.130977
0.135597
0.140242
0.144904
0.149576
0.154258
0.158949
0.163644
0.168333
0.172994
0.17761
0.182178
0.186699
0.191173
0.19559
0.19994
0.204211
0.208402
0.212519
0.216561
0.220519
0.224379
0.228134
0.231784
0.235325
0.238757
0.24207
0.245251
0.248288
0.25118
0.253932
0.256546
0.259017
0.261336
0.263495
0.265493
0.267327
0.268994
0.27049
0.271812
0.272951
0.273899
0.274652
0.275216
0.275598
0.275801
0.275818
0.275648
0.275294
0.274767
0.274076
0.27323
0.272232
0.270953
0.269297
0.0296122
0.0277415
0.0263395
0.0253042
0.0245062
0.02392
0.0235431
0.0233718
0.0234046
0.0236406
0.0240789
0.0247205
0.0255651
0.0266082
0.0278433
0.0292619
0.0308531
0.0326018
0.0344951
0.0365268
0.0386941
0.0409932
0.0434198
0.0459759
0.0486702
0.0515076
0.0544832
0.0575874
0.0608157
0.0641702
0.0676519
0.0712557
0.0749711
0.0787904
0.0827104
0.0867246
0.0908226
0.0949935
0.0992301
0.103535
0.107914
0.112368
0.116884
0.121452
0.126062
0.130708
0.135384
0.140084
0.144798
0.149522
0.154261
0.159011
0.163763
0.1685
0.173205
0.177866
0.182484
0.187064
0.191599
0.196078
0.200488
0.204819
0.209073
0.213251
0.21735
0.221356
0.225259
0.229059
0.232761
0.236363
0.239854
0.243222
0.24645
0.24953
0.252464
0.255259
0.257913
0.260419
0.262769
0.264959
0.266986
0.268846
0.270531
0.272038
0.273363
0.274502
0.275449
0.276206
0.27678
0.277172
0.277379
0.277393
0.277211
0.276844
0.276302
0.275597
0.274736
0.273721
0.272421
0.270734
0.0284369
0.0265498
0.0251305
0.0240707
0.0232417
0.0226267
0.0222223
0.0220217
0.0220249
0.022234
0.0226506
0.0232743
0.0241031
0.0251348
0.0263644
0.0277826
0.0293745
0.0311265
0.0330295
0.0350773
0.0372618
0.0395762
0.0420206
0.0446036
0.0473318
0.0502024
0.0532073
0.0563422
0.0596092
0.0630098
0.0665386
0.0701863
0.0739456
0.0778138
0.0817883
0.0858579
0.0900078
0.0942296
0.0985217
0.102887
0.107329
0.111841
0.116411
0.121033
0.125702
0.130412
0.135153
0.139915
0.144689
0.149476
0.154281
0.159095
0.163903
0.168687
0.173436
0.178146
0.182823
0.187465
0.192063
0.196606
0.20108
0.20548
0.209802
0.214047
0.218208
0.222269
0.226225
0.230083
0.233849
0.237515
0.241068
0.244489
0.247765
0.250892
0.253877
0.256723
0.259425
0.261972
0.264358
0.266582
0.26864
0.270523
0.272223
0.273738
0.275066
0.276206
0.277157
0.277923
0.278507
0.278907
0.279115
0.279124
0.278934
0.278556
0.278004
0.277287
0.276412
0.275379
0.274055
0.272336
0.0270432
0.0251384
0.0237061
0.0226267
0.0217697
0.0211243
0.0206913
0.020464
0.020442
0.0206288
0.0210266
0.0216347
0.0224524
0.0234783
0.0247056
0.0261228
0.0277161
0.0294758
0.0313932
0.0334571
0.035657
0.0379898
0.0404623
0.0430817
0.0458464
0.0487492
0.0517869
0.0549622
0.0582771
0.0617265
0.0653008
0.0689936
0.0728037
0.0767294
0.0807638
0.0848914
0.0890983
0.0933808
0.0977405
0.102177
0.106684
0.111256
0.115887
0.120574
0.125313
0.130094
0.134905
0.139734
0.144579
0.149439
0.154316
0.159195
0.164058
0.16889
0.17369
0.178459
0.1832
0.187908
0.19257
0.197177
0.20172
0.206194
0.210592
0.21491
0.219139
0.223267
0.227293
0.231224
0.235062
0.238796
0.242408
0.245881
0.249208
0.252388
0.255429
0.258331
0.261083
0.263674
0.266098
0.268357
0.270445
0.272353
0.274072
0.275599
0.276936
0.278084
0.279044
0.27982
0.280412
0.280817
0.281025
0.28103
0.280835
0.280453
0.279896
0.279168
0.278275
0.27722
0.275866
0.274112
0.0254418
0.0235143
0.0220619
0.0209628
0.0200796
0.0194023
0.0189385
0.0186861
0.0186431
0.0188109
0.0191923
0.0197891
0.0206014
0.0216247
0.0228504
0.0242681
0.0258686
0.0276419
0.0295745
0.0316532
0.033872
0.0362342
0.0387453
0.0414045
0.0442051
0.0471445
0.0502264
0.0534535
0.0568212
0.0603195
0.0639414
0.0676872
0.0715577
0.0755468
0.0796428
0.0838315
0.0881038
0.0924587
0.0968947
0.101405
0.10598
0.110618
0.115319
0.120082
0.1249
0.129757
0.13464
0.139546
0.144471
0.149412
0.154364
0.15931
0.164232
0.169123
0.173986
0.178824
0.183636
0.188411
0.193137
0.19781
0.202427
0.206978
0.211456
0.215853
0.22016
0.224369
0.228478
0.232491
0.236405
0.240205
0.243874
0.247401
0.250782
0.25402
0.25712
0.260075
0.262874
0.265504
0.267966
0.270261
0.272384
0.274324
0.27607
0.277619
0.278973
0.280135
0.281108
0.281894
0.282494
0.282903
0.283113
0.28312
0.282928
0.282548
0.281988
0.281249
0.280335
0.279252
0.277866
0.276073
0.0236335
0.0216751
0.0201948
0.0190696
0.0181577
0.01745
0.0169571
0.0166806
0.0166181
0.0167699
0.0171399
0.0177307
0.0185401
0.0195611
0.0207874
0.022212
0.0238256
0.0256136
0.0275607
0.0296586
0.0319074
0.0343098
0.0368634
0.039562
0.0424033
0.0453918
0.0485311
0.0518168
0.0552389
0.0587898
0.0624686
0.0662782
0.0702156
0.0742697
0.0784292
0.0826857
0.0870339
0.0914694
0.0959845
0.100569
0.105217
0.109931
0.114714
0.119562
0.124463
0.129399
0.134363
0.139354
0.144368
0.149396
0.154426
0.159443
0.164435
0.1694
0.174342
0.179258
0.184143
0.188987
0.19378
0.198522
0.203214
0.207846
0.212407
0.216887
0.221279
0.225576
0.229775
0.233873
0.237862
0.241725
0.245452
0.249037
0.25248
0.25578
0.258937
0.261941
0.26478
0.267447
0.269946
0.272283
0.274449
0.276429
0.278211
0.27979
0.281168
0.28235
0.28334
0.284139
0.284749
0.285166
0.285382
0.285396
0.285212
0.284837
0.284275
0.283522
0.282585
0.281473
0.280055
0.278222
0.0216046
0.019612
0.0180985
0.0169403
0.0159977
0.015264
0.0147462
0.0144464
0.0143662
0.014507
0.0148706
0.0154569
0.0162624
0.0172838
0.0185168
0.019954
0.0215815
0.0233837
0.0253503
0.0274787
0.0297681
0.0322139
0.0348089
0.0375512
0.0404456
0.0434965
0.0467002
0.0500466
0.0535271
0.0571404
0.0608879
0.0647685
0.0687745
0.0728952
0.0771242
0.0814581
0.0858902
0.0904095
0.095004
0.0996664
0.104397
0.1092
0.114074
0.119012
0.123999
0.129021
0.134073
0.139158
0.144266
0.149383
0.154494
0.15959
0.164666
0.169721
0.174752
0.179752
0.184715
0.189631
0.194496
0.199314
0.204085
0.208798
0.213441
0.218008
0.22249
0.226879
0.231168
0.23535
0.239412
0.243342
0.247135
0.250789
0.254302
0.25767
0.260883
0.263932
0.266809
0.269514
0.272057
0.274441
0.276657
0.278684
0.280506
0.28212
0.28353
0.284739
0.285751
0.286568
0.287192
0.28762
0.287847
0.28787
0.287694
0.287321
0.286753
0.285984
0.285023
0.283882
0.282433
0.280563
0.019343
0.0173167
0.0157694
0.0145785
0.0136057
0.0128474
0.0123084
0.0119904
0.0118974
0.0120303
0.0123877
0.0129686
0.0137729
0.0148003
0.0160449
0.0174953
0.0191368
0.0209586
0.0229557
0.0251241
0.0274562
0.0299434
0.0325828
0.0353796
0.0383389
0.0414579
0.0447269
0.0481368
0.051685
0.0553724
0.0591962
0.0631497
0.0672257
0.0714192
0.075728
0.0801476
0.0846667
0.0892702
0.0939474
0.0986968
0.103523
0.108425
0.113396
0.118426
0.123502
0.128616
0.133765
0.138947
0.144148
0.149354
0.154552
0.159738
0.16491
0.170066
0.175193
0.180281
0.185326
0.190322
0.195271
0.200174
0.20503
0.209828
0.214558
0.219215
0.223791
0.228273
0.23265
0.236914
0.241052
0.245058
0.24893
0.252666
0.256258
0.259696
0.262968
0.266064
0.268984
0.271735
0.274328
0.276767
0.279035
0.281109
0.282975
0.28463
0.286079
0.287325
0.288368
0.28921
0.289852
0.290291
0.290526
0.290557
0.290385
0.290012
0.289434
0.288647
0.287662
0.286496
0.285015
0.283107
0.0168522
0.0147903
0.0132115
0.0119924
0.0109911
0.0102093
0.00965397
0.00932426
0.00922131
0.00934504
0.00969516
0.0102736
0.0110825
0.0121195
0.013376
0.0148401
0.0165017
0.0183541
0.0203901
0.0225993
0.0249711
0.0275013
0.0301943
0.0330556
0.0360836
0.0392694
0.0426048
0.0460861
0.0497127
0.053481
0.0573831
0.0614113
0.0655639
0.069841
0.0742394
0.0787489
0.0833554
0.0880459
0.0928147
0.0976634
0.102594
0.107601
0.112672
0.117795
0.122967
0.12818
0.133429
0.138707
0.144001
0.149296
0.154589
0.159875
0.165152
0.170411
0.175637
0.180819
0.185957
0.191049
0.196095
0.201096
0.206047
0.210938
0.215761
0.220514
0.225186
0.229761
0.234227
0.238574
0.242795
0.246888
0.250849
0.254674
0.258349
0.261858
0.26519
0.268342
0.271316
0.274124
0.276776
0.27927
0.281589
0.283711
0.285623
0.287326
0.288825
0.290117
0.2912
0.292071
0.29273
0.29318
0.293422
0.293458
0.293289
0.292914
0.292327
0.291524
0.290516
0.289325
0.287814
0.285865
0.0141467
0.0120432
0.0104319
0.00918837
0.00816344
0.00736225
0.00679396
0.00645385
0.0063395
0.00645306
0.0067986
0.00737971
0.00819628
0.00924292
0.0105123
0.0119967
0.0136887
0.0155787
0.0176532
0.0198999
0.0223127
0.0248942
0.0276495
0.0305779
0.0336718
0.0369242
0.0403325
0.0438949
0.047606
0.0514568
0.0554389
0.059549
0.0637895
0.0681606
0.0726539
0.0772547
0.0819509
0.0867363
0.0916089
0.0965674
0.101608
0.106721
0.111893
0.117117
0.122391
0.127709
0.133061
0.138436
0.143823
0.149214
0.154609
0.160002
0.165386
0.170748
0.176075
0.181361
0.186606
0.191809
0.196968
0.202078
0.207135
0.212129
0.217055
0.22191
0.226681
0.231352
0.235909
0.240344
0.244656
0.248841
0.252895
0.256809
0.260564
0.264145
0.267545
0.270764
0.273808
0.276686
0.279401
0.281951
0.284319
0.286487
0.288451
0.290212
0.291768
0.293114
0.294238
0.295136
0.295812
0.296271
0.29652
0.296561
0.296395
0.296018
0.295423
0.294606
0.293581
0.292367
0.290826
0.288834
0.0112379
0.0090868
0.00744004
0.00617435
0.00513165
0.00431368
0.0037297
0.00337504
0.00324848
0.00335477
0.00369945
0.00428468
0.00510811
0.00616633
0.00745535
0.00896918
0.0106968
0.0126228
0.0147324
0.0170181
0.0194802
0.0221218
0.0249419
0.0279345
0.0310942
0.0344193
0.0379093
0.0415584
0.0453549
0.0492893
0.053358
0.0575618
0.0619013
0.0663721
0.0709619
0.0756571
0.080451
0.0853428
0.0903301
0.0954048
0.100557
0.105779
0.11106
0.116395
0.121781
0.127209
0.132667
0.138144
0.143633
0.14913
0.154633
0.160135
0.165623
0.171088
0.17652
0.181919
0.187285
0.192613
0.197894
0.203122
0.208293
0.2134
0.218439
0.223404
0.22828
0.233051
0.237705
0.242238
0.246645
0.250924
0.25507
0.259068
0.262902
0.266561
0.270042
0.273346
0.276475
0.279431
0.282215
0.28482
0.287237
0.289458
0.29148
0.293303
0.294921
0.296317
0.297478
0.2984
0.299092
0.299564
0.299821
0.299869
0.299705
0.299324
0.29872
0.29789
0.296848
0.295614
0.294043
0.292009
0.00812982
0.00593021
0.00424732
0.00295839
0.00189678
0.0010583
0.000452961
8.07884e-05
-5.65415e-05
4.48765e-05
0.000388527
0.000976215
0.00180816
0.00288423
0.00420041
0.00574666
0.00750694
0.00946525
0.0116122
0.0139458
0.0164664
0.0191712
0.0220544
0.0251119
0.0283438
0.0317506
0.0353275
0.0390635
0.042946
0.0469698
0.0511361
0.0554446
0.0598895
0.0644617
0.0691509
0.073949
0.0788532
0.0838629
0.0889718
0.0941665
0.0994356
0.104773
0.110174
0.115632
0.12114
0.126684
0.132255
0.137845
0.143448
0.149061
0.154677
0.160287
0.16588
0.17145
0.176995
0.182517
0.188012
0.19347
0.198877
0.204229
0.209521
0.21475
0.219911
0.224994
0.229983
0.234863
0.239625
0.244263
0.248773
0.253149
0.257383
0.261465
0.265384
0.269133
0.272711
0.276115
0.279341
0.282382
0.285236
0.287901
0.290373
0.292652
0.294736
0.296622
0.298295
0.299735
0.300928
0.301874
0.302586
0.303074
0.303344
0.303398
0.303233
0.302845
0.302228
0.301383
0.300326
0.299072
0.297471
0.295393
0.00482299
0.00257682
0.000857513
-0.000461548
-0.0015511
-0.00241624
-0.00304557
-0.00343553
-0.00358424
-0.00348978
-0.00314883
-0.00255704
-0.00171081
-0.000611627
0.000732241
0.00230636
0.00409531
0.00608862
0.00828189
0.0106726
0.0132554
0.0160229
0.0189708
0.0221004
0.025414
0.0289075
0.0325711
0.0363935
0.0403673
0.0444911
0.0487654
0.0531845
0.0577369
0.0624136
0.0672102
0.072124
0.0771513
0.0822868
0.0875209
0.0928395
0.0982329
0.103698
0.10923
0.11482
0.120456
0.126125
0.131821
0.137539
0.14327
0.149008
0.154742
0.160462
0.166165
0.171851
0.17752
0.183172
0.1888
0.194388
0.199923
0.2054
0.21082
0.216177
0.221467
0.226677
0.231788
0.236788
0.241668
0.246423
0.251042
0.255518
0.259844
0.264016
0.26803
0.271882
0.275569
0.279083
0.28241
0.285539
0.288469
0.291201
0.293737
0.296078
0.298224
0.300165
0.301884
0.30336
0.304584
0.305559
0.306298
0.306808
0.307092
0.307151
0.306983
0.306584
0.305954
0.305095
0.304022
0.302751
0.301117
0.298991
0.00131299
-0.000981858
-0.0027411
-0.00409901
-0.00522523
-0.00612059
-0.00677428
-0.00718365
-0.00734713
-0.00726153
-0.00692091
-0.00631928
-0.00545502
-0.00433434
-0.00296859
-0.00137066
0.000449749
0.00248666
0.00473466
0.00718583
0.00983059
0.0126629
0.0156833
0.0188944
0.0222945
0.0258745
0.0296241
0.0335377
0.037613
0.0418471
0.0462349
0.0507661
0.0554291
0.0602185
0.0651348
0.0701763
0.0753349
0.0806002
0.0859621
0.0914105
0.096938
0.102541
0.108211
0.113938
0.11971
0.125516
0.131351
0.13721
0.143082
0.148953
0.154811
0.160652
0.166478
0.172295
0.178101
0.183891
0.189654
0.19537
0.201032
0.20664
0.212192
0.217685
0.223109
0.228451
0.233693
0.238821
0.24383
0.24871
0.253448
0.258032
0.262461
0.266734
0.270853
0.274816
0.278618
0.282242
0.28567
0.28889
0.291903
0.294711
0.297319
0.299725
0.301927
0.303914
0.30567
0.307181
0.308439
0.30945
0.31022
0.310756
0.311055
0.311117
0.310944
0.310535
0.309894
0.309025
0.30794
0.306649
0.304981
0.302801
-0.0024135
-0.0047639
-0.00656828
-0.00796922
-0.00913541
-0.0100634
-0.0107436
-0.0111748
-0.0113533
-0.0112728
-0.0109268
-0.0103123
-0.00943287
-0.00829657
-0.00691239
-0.00528752
-0.00342774
-0.0013403
0.000964562
0.00347546
0.00618422
0.00908892
0.0121909
0.0154884
0.0189746
0.0226408
0.0264815
0.0304964
0.0346833
0.0390335
0.0435361
0.0481814
0.0529622
0.0578763
0.0629238
0.0680999
0.0733931
0.0787908
0.0842856
0.0898712
0.0955412
0.101288
0.1071
0.112969
0.118884
0.124838
0.130826
0.136838
0.142857
0.14887
0.154866
0.160844
0.166814
0.172779
0.178734
0.184668
0.190567
0.196416
0.202211
0.207955
0.213647
0.21928
0.224844
0.230322
0.235701
0.240967
0.246114
0.251128
0.255994
0.2607
0.265245
0.269633
0.273866
0.277944
0.281858
0.28559
0.28912
0.292437
0.295541
0.298436
0.30112
0.30359
0.305843
0.30787
0.309662
0.311209
0.312506
0.313556
0.314361
0.314921
0.315233
0.315297
0.315119
0.314704
0.314055
0.313177
0.312079
0.310766
0.309059
0.30682
-0.00637227
-0.00878597
-0.0106396
-0.0120837
-0.0132908
-0.0142544
-0.014963
-0.0154139
-0.0156016
-0.0155199
-0.0151662
-0.014542
-0.0136525
-0.0125025
-0.0110958
-0.00943652
-0.00753189
-0.00539315
-0.0030328
-0.000460463
0.00231921
0.00530471
0.00849273
0.0118763
0.0154487
0.0192067
0.0231495
0.0272763
0.0315802
0.036048
0.0406676
0.0454333
0.0503424
0.0553922
0.060578
0.0658915
0.0713211
0.0768566
0.0824925
0.0882236
0.0940416
0.0999354
0.105893
0.111908
0.117975
0.124087
0.130237
0.136408
0.142582
0.148746
0.154895
0.161032
0.167165
0.173293
0.179406
0.185491
0.191535
0.197526
0.203467
0.20936
0.215201
0.220982
0.226689
0.232309
0.237829
0.24324
0.248533
0.253692
0.258698
0.26354
0.268217
0.272732
0.277087
0.28128
0.285304
0.289141
0.292776
0.296197
0.299403
0.30239
0.305153
0.307686
0.309988
0.312057
0.313888
0.315475
0.316813
0.317903
0.318741
0.319323
0.319647
0.319716
0.319536
0.319116
0.318461
0.317571
0.316454
0.315111
0.313356
0.311053
-0.0105735
-0.0130574
-0.0149648
-0.0164534
-0.0177022
-0.0187014
-0.0194352
-0.0198992
-0.02009
-0.020006
-0.019648
-0.0190184
-0.0181186
-0.0169494
-0.0155128
-0.0138147
-0.0118653
-0.00967679
-0.00725922
-0.00461896
-0.00176082
0.00130912
0.00458273
0.0080528
0.0117176
0.0155789
0.0196352
0.02388
0.0283026
0.0328901
0.0376336
0.0425302
0.0475779
0.0527706
0.0580984
0.0635521
0.0691237
0.0748064
0.0805942
0.0864786
0.0924488
0.0984932
0.104602
0.110772
0.116999
0.123277
0.129592
0.135926
0.14226
0.148587
0.154905
0.161219
0.167531
0.173833
0.180112
0.186357
0.192558
0.198709
0.204813
0.210868
0.216869
0.222803
0.22866
0.234427
0.240095
0.245656
0.251102
0.256413
0.26157
0.26656
0.271381
0.276032
0.280514
0.284825
0.28896
0.292905
0.296648
0.300179
0.30349
0.306573
0.309416
0.312015
0.314372
0.316488
0.318363
0.319992
0.321371
0.322497
0.323366
0.323972
0.324311
0.324387
0.32421
0.323787
0.323123
0.322216
0.321071
0.319689
0.317879
0.315505
-0.0150242
-0.017585
-0.0195518
-0.0210875
-0.0223768
-0.0234068
-0.02416
-0.024634
-0.0248295
-0.0247477
-0.0243888
-0.023752
-0.0228355
-0.0216401
-0.0201699
-0.0184333
-0.0164402
-0.0141996
-0.0117185
-0.00900367
-0.00606434
-0.00291104
0.000448587
0.00401192
0.00778098
0.011757
0.0159337
0.0202996
0.024844
0.0295588
0.034438
0.0394772
0.0446708
0.0500101
0.0554841
0.0610855
0.0668096
0.0726513
0.0786013
0.0846465
0.0907747
0.0969766
0.103247
0.109583
0.115979
0.122426
0.128909
0.135409
0.141913
0.148416
0.154918
0.161421
0.167921
0.174402
0.180854
0.18727
0.193644
0.199972
0.206254
0.212483
0.218649
0.224742
0.230754
0.236675
0.242497
0.248215
0.253817
0.259286
0.2646
0.269746
0.274719
0.279515
0.284132
0.288568
0.29282
0.296879
0.300734
0.304376
0.307795
0.310975
0.313904
0.316576
0.318994
0.321164
0.323086
0.324757
0.326175
0.327337
0.328237
0.328867
0.329223
0.329311
0.329138
0.328712
0.328036
0.327105
0.325925
0.324498
0.322629
0.320178
-0.0197341
-0.0223766
-0.0244066
-0.0259899
-0.0273163
-0.028374
-0.0291474
-0.0296368
-0.0298439
-0.0297679
-0.0294061
-0.0287556
-0.0278165
-0.0265922
-0.0250891
-0.0233141
-0.0212739
-0.0189749
-0.0164245
-0.0136335
-0.0106145
-0.00737767
-0.00392547
-0.000256744
0.00362861
0.00772669
0.0120277
0.0165199
0.0211956
0.0260503
0.0310777
0.0362683
0.0416126
0.0471028
0.0527312
0.0584923
0.064382
0.0703933
0.0765138
0.0827277
0.0890234
0.0953951
0.10184
0.108354
0.114927
0.121547
0.128203
0.134879
0.141565
0.148257
0.154954
0.161651
0.16834
0.175006
0.181638
0.188236
0.194796
0.201314
0.207784
0.214194
0.220531
0.226788
0.232962
0.239046
0.245032
0.250913
0.256678
0.262307
0.267782
0.27309
0.278222
0.283172
0.287935
0.292508
0.296887
0.301065
0.305036
0.308791
0.312319
0.315603
0.318626
0.321382
0.323871
0.326099
0.32807
0.329785
0.331243
0.332441
0.333371
0.334025
0.334398
0.334495
0.334325
0.333893
0.333199
0.332239
0.331019
0.329541
0.327607
0.325078
-0.0247127
-0.0274383
-0.0295311
-0.0311617
-0.032527
-0.0336182
-0.0344213
-0.0349352
-0.035158
-0.0350861
-0.0347163
-0.0340482
-0.0330856
-0.0318333
-0.0302964
-0.0284787
-0.0263849
-0.0240224
-0.0214022
-0.0185371
-0.0154383
-0.0121111
-0.00855457
-0.00476864
-0.0007591
0.00346564
0.00789692
0.0125265
0.0173482
0.0223562
0.0275407
0.0328883
0.0383887
0.0440376
0.0498316
0.0557654
0.0618317
0.0680206
0.0743186
0.0807112
0.087188
0.0937451
0.100379
0.107081
0.113839
0.120642
0.12748
0.134344
0.141226
0.148118
0.155015
0.161909
0.16879
0.175644
0.182466
0.189257
0.196014
0.202729
0.209393
0.21599
0.222505
0.228937
0.235284
0.241544
0.247706
0.253761
0.259694
0.265489
0.271128
0.276602
0.281902
0.287017
0.291937
0.296657
0.301171
0.305474
0.309565
0.313436
0.317079
0.320474
0.3236
0.326447
0.329014
0.331307
0.333332
0.335094
0.336595
0.337831
0.338792
0.339468
0.339855
0.33996
0.33979
0.339349
0.338633
0.337638
0.336371
0.334836
0.332832
0.330217
-0.0299653
-0.0327746
-0.0349309
-0.0366137
-0.0380284
-0.0391653
-0.0400075
-0.0405498
-0.040787
-0.0407161
-0.0403367
-0.0396521
-0.038667
-0.0373852
-0.0358092
-0.0339423
-0.0317906
-0.0293646
-0.0266765
-0.0237364
-0.0205507
-0.0171214
-0.0134492
-0.00953888
-0.00540025
-0.00104203
0.00353093
0.00831295
0.0132947
0.0184651
0.0238118
0.0293216
0.0349865
0.0408053
0.0467764
0.0528927
0.0591428
0.0655153
0.0719989
0.0785821
0.0852554
0.0920125
0.0988469
0.105747
0.112699
0.119695
0.12673
0.133798
0.140887
0.147988
0.155089
0.162183
0.169261
0.176314
0.183339
0.190335
0.197297
0.204215
0.211079
0.217869
0.224575
0.231196
0.237734
0.244183
0.250532
0.256768
0.262877
0.268841
0.274651
0.280297
0.285772
0.29106
0.296146
0.301019
0.305672
0.310105
0.314319
0.318314
0.322078
0.325589
0.328823
0.331766
0.334417
0.336782
0.338871
0.340689
0.342238
0.343512
0.344502
0.345198
0.345601
0.345715
0.345546
0.345093
0.344352
0.343316
0.341996
0.340399
0.33832
0.335614
-0.0354991
-0.038397
-0.0406239
-0.0423698
-0.0438457
-0.0450364
-0.04592
-0.0464889
-0.0467389
-0.0466693
-0.0462824
-0.0455822
-0.0445719
-0.0432544
-0.0416329
-0.0397129
-0.0375034
-0.0350148
-0.0322566
-0.0292338
-0.0259494
-0.0224071
-0.0186129
-0.0145741
-0.0102999
-0.00579657
-0.00106762
0.00387961
0.00903027
0.0143683
0.0198818
0.0255619
0.0314029
0.0374035
0.0435604
0.0498644
0.0563029
0.0628657
0.0695451
0.0763318
0.0832145
0.0901826
0.0972263
0.104333
0.111491
0.118695
0.125943
0.133227
0.140534
0.147849
0.155159
0.162461
0.169747
0.177013
0.184254
0.191465
0.198639
0.205767
0.212836
0.219833
0.226745
0.233572
0.240314
0.246963
0.253506
0.25993
0.266219
0.272361
0.278348
0.284174
0.28983
0.295296
0.300552
0.305583
0.310383
0.314953
0.3193
0.323425
0.327316
0.330946
0.334289
0.337332
0.340074
0.342524
0.344687
0.34657
0.34817
0.349482
0.3505
0.35122
0.35164
0.351766
0.351598
0.351132
0.350361
0.349281
0.347903
0.34624
0.344086
0.341283
-0.041332
-0.0443281
-0.0466363
-0.0484542
-0.0499955
-0.0512393
-0.0521618
-0.0527561
-0.05302
-0.0529536
-0.0525589
-0.0518388
-0.0507965
-0.0494369
-0.0477664
-0.045793
-0.0435252
-0.0409701
-0.0381326
-0.0350155
-0.0316226
-0.0279617
-0.0240419
-0.019869
-0.0154486
-0.0107865
-0.00588988
-0.000770579
0.00455309
0.0100639
0.0157528
0.0216145
0.0276437
0.0338354
0.0401835
0.0466786
0.0533109
0.0600733
0.0669601
0.0739615
0.0810627
0.0882493
0.0955103
0.102834
0.110212
0.117641
0.125116
0.132628
0.14016
0.147694
0.155222
0.162742
0.170251
0.177742
0.185209
0.192641
0.200031
0.207373
0.21466
0.221876
0.22901
0.236059
0.243015
0.249871
0.256613
0.263231
0.269711
0.276042
0.282218
0.288233
0.294075
0.299723
0.305153
0.31035
0.315308
0.320031
0.324523
0.328787
0.332807
0.336556
0.340011
0.343161
0.346007
0.348553
0.350802
0.352754
0.354408
0.355762
0.356813
0.35756
0.358003
0.358141
0.357971
0.357487
0.35668
0.355549
0.35411
0.35238
0.350146
0.347245
-0.0474884
-0.0505917
-0.0529878
-0.0548788
-0.0564824
-0.0577764
-0.0587367
-0.0593575
-0.0596357
-0.0595701
-0.0591617
-0.058414
-0.0573339
-0.0559296
-0.0542094
-0.0521809
-0.0498492
-0.0472176
-0.0442892
-0.0410686
-0.0375625
-0.0337799
-0.0297284
-0.0254114
-0.0208326
-0.0160013
-0.0109311
-0.00563683
-0.000135809
0.00555693
0.0114337
0.0174893
0.023716
0.0301049
0.0366486
0.0433409
0.0501763
0.0571498
0.0642552
0.07148
0.0788061
0.0862182
0.0937064
0.101262
0.108876
0.116543
0.124257
0.132005
0.139767
0.147529
0.155285
0.163035
0.170778
0.178504
0.186201
0.193857
0.201467
0.209032
0.216546
0.223997
0.231369
0.23865
0.24583
0.2529
0.25985
0.266672
0.273356
0.279891
0.286269
0.292482
0.298514
0.304346
0.309957
0.315333
0.320466
0.325356
0.330005
0.334411
0.338559
0.342429
0.346003
0.349271
0.352233
0.354886
0.357227
0.359253
0.360967
0.362371
0.363465
0.364247
0.364714
0.364863
0.364686
0.364176
0.363328
0.362143
0.360642
0.358843
0.356524
0.353518
-0.0539872
-0.0572021
-0.0596871
-0.0616484
-0.0633122
-0.0646562
-0.0656551
-0.066301
-0.066589
-0.0665169
-0.0660875
-0.065308
-0.0641886
-0.0627392
-0.0609669
-0.0588764
-0.0564705
-0.0537517
-0.0507244
-0.0473955
-0.0437725
-0.0398616
-0.0356676
-0.0311942
-0.026448
-0.0214429
-0.0161962
-0.0107225
-0.0050353
0.000852283
0.00693031
0.0131897
0.0196199
0.0262113
0.0329583
0.0398586
0.0469097
0.0541063
0.0614396
0.0688945
0.0764521
0.0840988
0.0918274
0.0996297
0.107495
0.115413
0.123374
0.131363
0.139365
0.147366
0.155362
0.163355
0.171339
0.179303
0.187233
0.195117
0.202953
0.210748
0.218502
0.226199
0.233818
0.24134
0.248751
0.256044
0.263214
0.270257
0.277162
0.283916
0.290505
0.29692
0.303147
0.309169
0.314971
0.32054
0.325863
0.330932
0.335743
0.340293
0.344573
0.348569
0.35227
0.35567
0.358758
0.361524
0.363961
0.366068
0.367851
0.369316
0.370462
0.371284
0.371777
0.371932
0.371744
0.371205
0.370313
0.369073
0.36751
0.36564
0.363234
0.360116
-0.0608371
-0.064166
-0.0667408
-0.0687735
-0.0704992
-0.071894
-0.0729292
-0.0735946
-0.0738853
-0.0738015
-0.073349
-0.0725383
-0.0713802
-0.069883
-0.0680519
-0.0658899
-0.0634004
-0.0605873
-0.0574562
-0.0540139
-0.0502656
-0.0462142
-0.0418647
-0.0372254
-0.0323075
-0.0271263
-0.0216978
-0.0160346
-0.010148
-0.00405248
0.00223705
0.0087072
0.0153469
0.0221492
0.0291118
0.0362345
0.0435144
0.0509437
0.0585117
0.0662028
0.0740005
0.0818939
0.089877
0.0979402
0.106068
0.114246
0.122459
0.130698
0.138951
0.147205
0.155457
0.163702
0.171933
0.180139
0.188307
0.196424
0.204496
0.212532
0.220532
0.22848
0.236348
0.244115
0.251765
0.259293
0.2667
0.273983
0.281126
0.28811
0.294919
0.301541
0.307969
0.314194
0.320204
0.325981
0.331506
0.33676
0.341738
0.346437
0.350857
0.354993
0.358836
0.362376
0.365595
0.368478
0.371016
0.373214
0.375078
0.376613
0.377815
0.378678
0.379192
0.379351
0.379148
0.378578
0.377643
0.376349
0.374722
0.37278
0.370284
0.367048
-0.0680455
-0.0714938
-0.0741634
-0.0762718
-0.0780611
-0.0795042
-0.0805708
-0.0812511
-0.0815426
-0.0814483
-0.0809759
-0.0801356
-0.0789364
-0.0773854
-0.0754873
-0.073246
-0.0706666
-0.0677541
-0.0645125
-0.0609458
-0.0570578
-0.0528522
-0.0483373
-0.0435266
-0.0384334
-0.0330699
-0.0274484
-0.0215808
-0.0154814
-0.00916852
-0.00266098
0.00402626
0.0108845
0.0179104
0.0251035
0.0324625
0.0399815
0.0476504
0.0554587
0.063394
0.0714431
0.0795964
0.0878466
0.0961803
0.104578
0.113021
0.121496
0.129996
0.138511
0.147034
0.155554
0.164061
0.172546
0.181
0.189413
0.197777
0.206097
0.214384
0.222635
0.230833
0.238951
0.246966
0.254864
0.262644
0.270308
0.277847
0.285241
0.292465
0.299502
0.306343
0.312988
0.319433
0.325666
0.331664
0.337397
0.342843
0.347996
0.352859
0.357437
0.36173
0.365728
0.369414
0.372767
0.375771
0.37842
0.38072
0.382674
0.384283
0.385542
0.386443
0.386977
0.387137
0.386918
0.386318
0.385339
0.383991
0.382299
0.380281
0.377689
0.374329
-0.0756258
-0.0792015
-0.0819722
-0.0841589
-0.0860107
-0.0874997
-0.0885966
-0.0892941
-0.0895911
-0.0894911
-0.0890009
-0.0881287
-0.0868829
-0.0852712
-0.0832999
-0.0809743
-0.0782994
-0.0752789
-0.071914
-0.0682071
-0.0641644
-0.0597942
-0.0551081
-0.0501205
-0.0448432
-0.0392842
-0.0334541
-0.0273684
-0.0210468
-0.0145109
-0.00777994
-0.000866761
0.00622292
0.0134874
0.020925
0.0285309
0.0362964
0.044211
0.0522675
0.0604576
0.0687708
0.0771963
0.0857224
0.0943319
0.103003
0.111717
0.120463
0.129234
0.138027
0.146829
0.155626
0.164405
0.173153
0.181867
0.190541
0.199169
0.207756
0.216306
0.224814
0.233264
0.241634
0.249905
0.258065
0.266113
0.274047
0.281854
0.289507
0.296979
0.304254
0.31133
0.318209
0.32489
0.331359
0.337583
0.343529
0.349175
0.354519
0.359567
0.364325
0.368791
0.372952
0.376788
0.38028
0.383414
0.386184
0.388593
0.390642
0.392328
0.393645
0.394585
0.39514
0.395304
0.395071
0.394442
0.393421
0.392018
0.390259
0.388163
0.385469
0.381975
-0.083593
-0.0873035
-0.0901788
-0.0924446
-0.0943597
-0.095898
-0.0970311
-0.0977525
-0.0980601
-0.0979555
-0.0974442
-0.0965344
-0.0952361
-0.0935587
-0.0915098
-0.0890937
-0.0863135
-0.083171
-0.0796672
-0.0758058
-0.0715978
-0.0670563
-0.0621925
-0.0570174
-0.0515404
-0.0457691
-0.0397167
-0.0334041
-0.0268553
-0.0200919
-0.0131295
-0.00597784
0.00135817
0.00887504
0.0165677
0.0244285
0.0324478
0.0406177
0.0489344
0.0573929
0.0659827
0.0746897
0.0834973
0.0923858
0.101334
0.110325
0.119351
0.128406
0.137484
0.146573
0.155656
0.164714
0.17374
0.182733
0.191688
0.200602
0.209472
0.218299
0.227074
0.235786
0.244417
0.252955
0.26139
0.269717
0.277929
0.286007
0.293922
0.30165
0.309179
0.316507
0.323637
0.330565
0.337272
0.343726
0.349894
0.355756
0.361313
0.366569
0.371527
0.376178
0.38051
0.384504
0.388145
0.391417
0.394316
0.396837
0.398982
0.400747
0.402125
0.403109
0.40369
0.403861
0.403618
0.402964
0.401904
0.400448
0.398621
0.396441
0.39364
0.390004
-0.0919571
-0.0958081
-0.0987914
-0.10114
-0.103126
-0.104721
-0.105898
-0.106646
-0.106963
-0.106849
-0.10631
-0.105357
-0.104001
-0.102254
-0.100121
-0.0976037
-0.0947044
-0.0914252
-0.0877698
-0.0837454
-0.0793659
-0.0746452
-0.0695917
-0.0642126
-0.0585181
-0.0525208
-0.0462385
-0.039695
-0.0329147
-0.0259159
-0.0187102
-0.0113057
-0.00370966
0.00407036
0.0120263
0.0201503
0.0284343
0.0368735
0.0454665
0.0542084
0.063086
0.0720817
0.0811756
0.090348
0.0995802
0.108858
0.118173
0.12752
0.13689
0.14627
0.155642
0.16499
0.174309
0.183598
0.192855
0.20207
0.211238
0.220354
0.22941
0.238397
0.247306
0.256127
0.264847
0.27346
0.281952
0.290304
0.298488
0.306486
0.314286
0.321883
0.329277
0.336459
0.34341
0.350101
0.356504
0.362605
0.368399
0.373884
0.379056
0.383904
0.388417
0.392583
0.396383
0.399804
0.402835
0.405472
0.407717
0.409565
0.411009
0.412041
0.412651
0.412833
0.412585
0.41191
0.410814
0.409304
0.407406
0.405136
0.402218
0.398431
-0.100725
-0.104725
-0.107824
-0.110264
-0.112328
-0.113987
-0.115207
-0.115978
-0.116297
-0.116166
-0.115594
-0.114593
-0.113177
-0.111352
-0.109123
-0.106493
-0.103462
-0.100036
-0.0962222
-0.0920299
-0.0874715
-0.0825587
-0.0772982
-0.0716978
-0.0657725
-0.0595414
-0.0530253
-0.0462467
-0.0392267
-0.0319802
-0.0245171
-0.016847
-0.00898069
-0.000929207
0.00729882
0.0156977
0.0242618
0.0329879
0.041874
0.0509131
0.060089
0.0693808
0.0787681
0.0882331
0.0977599
0.107335
0.116948
0.126591
0.136255
0.14593
0.155597
0.165244
0.174867
0.184467
0.194037
0.203564
0.21304
0.222456
0.231807
0.24109
0.250296
0.259415
0.268432
0.277336
0.286113
0.294746
0.303214
0.3115
0.319588
0.327469
0.335136
0.342578
0.349781
0.356722
0.363381
0.369741
0.375791
0.381519
0.386916
0.391973
0.396684
0.401034
0.405006
0.408582
0.411751
0.414512
0.416864
0.418803
0.42032
0.421404
0.422047
0.422246
0.421998
0.421306
0.420174
0.418607
0.41663
0.414263
0.411216
0.407267
-0.109911
-0.11407
-0.117295
-0.119836
-0.121982
-0.123702
-0.124959
-0.125745
-0.126059
-0.125906
-0.125298
-0.124245
-0.122759
-0.120846
-0.118511
-0.115757
-0.112587
-0.10901
-0.105034
-0.100666
-0.0959157
-0.0907933
-0.0853085
-0.0794737
-0.0733097
-0.0668399
-0.0600844
-0.0530614
-0.0457885
-0.0382799
-0.030547
-0.0226018
-0.0144574
-0.00612579
0.00238604
0.0110752
0.0199373
0.0289678
0.0381615
0.0475088
0.0569922
0.0665898
0.0762813
0.0860507
0.0958841
0.105767
0.115686
0.125628
0.135589
0.145561
0.15553
0.165486
0.175425
0.185344
0.195233
0.205079
0.214871
0.2246
0.234264
0.243861
0.253383
0.262814
0.272137
0.28134
0.290412
0.299341
0.30811
0.316701
0.325092
0.333266
0.341212
0.348924
0.356393
0.363603
0.370535
0.377169
0.383486
0.389468
0.395103
0.400387
0.405311
0.409859
0.414011
0.41775
0.421068
0.423964
0.426435
0.428471
0.430064
0.431205
0.431889
0.432111
0.431869
0.431162
0.429993
0.428364
0.4263
0.423827
0.420645
0.416523
-0.119533
-0.123864
-0.127225
-0.129868
-0.132093
-0.133867
-0.135156
-0.135953
-0.13626
-0.136084
-0.135435
-0.134322
-0.132757
-0.130746
-0.128295
-0.125412
-0.122101
-0.118368
-0.114221
-0.109663
-0.104703
-0.0993534
-0.0936307
-0.0875532
-0.0811443
-0.0744275
-0.0674206
-0.0601384
-0.0525974
-0.0448138
-0.0368018
-0.028574
-0.0201429
-0.0115193
-0.0027087
0.00628713
0.0154635
0.0248123
0.0343242
0.0439878
0.0537872
0.0637016
0.0737109
0.0837981
0.0939494
0.104149
0.114381
0.12463
0.134893
0.145168
0.155449
0.165724
0.175988
0.186233
0.196447
0.206617
0.216735
0.226792
0.236787
0.246715
0.256565
0.266319
0.275959
0.285473
0.294856
0.304099
0.313187
0.322098
0.330803
0.339279
0.347516
0.355513
0.363266
0.370763
0.377983
0.384901
0.391494
0.397742
0.403634
0.409162
0.414314
0.419071
0.423415
0.427331
0.430813
0.433856
0.436452
0.43859
0.440264
0.441466
0.442196
0.442446
0.442212
0.441489
0.440278
0.438581
0.436426
0.433839
0.430515
0.426211
-0.12961
-0.134122
-0.137623
-0.140368
-0.14267
-0.144497
-0.145818
-0.146628
-0.146928
-0.146726
-0.146028
-0.144848
-0.143195
-0.141079
-0.138509
-0.135492
-0.132033
-0.128133
-0.123798
-0.119032
-0.113844
-0.108254
-0.102284
-0.0959552
-0.089291
-0.0823128
-0.0750374
-0.0674796
-0.0596569
-0.0515878
-0.0432879
-0.0347682
-0.0260383
-0.0171074
-0.00798177
0.00133507
0.010837
0.0205131
0.0303512
0.0403388
0.0504629
0.0607054
0.0710454
0.0814633
0.0919427
0.102468
0.11302
0.123585
0.134163
0.144754
0.155356
0.16596
0.176555
0.187131
0.197675
0.208178
0.218633
0.229034
0.239375
0.249649
0.25984
0.269928
0.279898
0.289741
0.299455
0.309033
0.318457
0.327699
0.336729
0.34552
0.354066
0.362368
0.370425
0.378223
0.38574
0.392952
0.399832
0.406362
0.412527
0.418314
0.423707
0.428688
0.43324
0.437351
0.441012
0.444212
0.446939
0.449184
0.450943
0.452214
0.452994
0.453274
0.453047
0.452306
0.451049
0.449279
0.447026
0.444321
0.440846
0.436351
-0.140154
-0.144857
-0.148502
-0.151351
-0.153735
-0.155622
-0.156981
-0.157806
-0.158098
-0.157864
-0.157113
-0.155858
-0.154112
-0.151887
-0.149192
-0.146032
-0.142409
-0.138324
-0.133781
-0.128788
-0.123359
-0.117518
-0.111291
-0.104698
-0.0977624
-0.0905042
-0.0829424
-0.0750943
-0.0669783
-0.0586129
-0.0500129
-0.0411875
-0.0321431
-0.0228885
-0.0134327
-0.0037834
0.00605183
0.0160615
0.0262331
0.0365542
0.047013
0.0575935
0.068274
0.079032
0.0898488
0.100707
0.111591
0.122487
0.133395
0.144317
0.155251
0.166189
0.177121
0.188033
0.198915
0.209762
0.220568
0.231326
0.242027
0.252658
0.263201
0.273638
0.283955
0.294149
0.304214
0.314143
0.323915
0.3335
0.342866
0.351991
0.360868
0.369496
0.377872
0.385983
0.393809
0.401326
0.408511
0.41534
0.421791
0.427849
0.433495
0.438717
0.443497
0.447822
0.451675
0.455039
0.457902
0.460262
0.462116
0.463463
0.464298
0.464611
0.46439
0.463629
0.462325
0.460479
0.458124
0.455294
0.451661
0.44696
-0.151178
-0.156083
-0.159881
-0.162846
-0.165322
-0.167278
-0.168679
-0.16952
-0.169803
-0.169534
-0.168726
-0.167393
-0.165549
-0.163208
-0.160374
-0.157052
-0.153245
-0.148954
-0.144185
-0.138952
-0.133272
-0.12717
-0.120671
-0.113798
-0.106571
-0.0990151
-0.0911513
-0.0829998
-0.0745781
-0.065902
-0.0569846
-0.0478345
-0.0384579
-0.0288644
-0.0190657
-0.0090736
0.00110295
0.0114536
0.0219671
0.032632
0.0434359
0.0543626
0.0653895
0.0764936
0.087656
0.0988597
0.110088
0.121331
0.132588
0.143857
0.155136
0.166417
0.17769
0.188945
0.200177
0.21138
0.222549
0.233674
0.244743
0.255741
0.266648
0.277449
0.288134
0.298695
0.309128
0.319419
0.32955
0.33949
0.349211
0.35869
0.367919
0.376893
0.385605
0.394045
0.402197
0.410041
0.417549
0.424691
0.431442
0.437783
0.443701
0.449184
0.454212
0.458763
0.462815
0.466351
0.469362
0.471847
0.473805
0.475236
0.476131
0.476479
0.476268
0.475487
0.474134
0.472209
0.469746
0.466784
0.462983
0.458065
-0.162699
-0.167823
-0.171789
-0.174882
-0.17746
-0.17949
-0.180937
-0.181796
-0.182069
-0.181767
-0.180901
-0.179485
-0.177534
-0.17506
-0.172067
-0.168563
-0.164552
-0.160038
-0.155032
-0.149547
-0.143605
-0.137229
-0.130441
-0.123268
-0.115734
-0.107866
-0.099686
-0.0912161
-0.0824717
-0.0734655
-0.0642094
-0.0547135
-0.0449867
-0.0350402
-0.0248873
-0.0145411
-0.0040119
0.00669087
0.0175568
0.0285751
0.039733
0.0510129
0.0623914
0.0738466
0.0853628
0.0969247
0.108516
0.120125
0.131748
0.143381
0.155018
0.166653
0.178279
0.189889
0.201482
0.213054
0.224595
0.236094
0.247537
0.258908
0.270192
0.281373
0.292442
0.303386
0.314197
0.324861
0.335362
0.345673
0.355767
0.365622
0.375224
0.384563
0.393632
0.402424
0.410927
0.419117
0.426963
0.434431
0.441495
0.448139
0.454352
0.460116
0.465406
0.470192
0.474452
0.478172
0.481345
0.483969
0.486044
0.487566
0.488528
0.488916
0.488715
0.487914
0.486507
0.484496
0.481919
0.478818
0.474837
0.469689
-0.17474
-0.180102
-0.184251
-0.187481
-0.190169
-0.192279
-0.193776
-0.194656
-0.194925
-0.194589
-0.193661
-0.192152
-0.190079
-0.187453
-0.184283
-0.180578
-0.176347
-0.1716
-0.166344
-0.160597
-0.154377
-0.147709
-0.140616
-0.133127
-0.125272
-0.117078
-0.108566
-0.099758
-0.0906678
-0.0813083
-0.0716918
-0.0618305
-0.0517362
-0.0414219
-0.0309016
-0.0201877
-0.00929111
0.00177839
0.0130091
0.0243902
0.0359096
0.047549
0.0592854
0.0710992
0.0829785
0.094911
0.10688
0.118872
0.130877
0.142888
0.154898
0.166903
0.178897
0.190879
0.202847
0.214798
0.226719
0.238598
0.25042
0.262173
0.273845
0.285421
0.296886
0.308224
0.319422
0.330469
0.341353
0.352051
0.362538
0.372788
0.382782
0.392507
0.401958
0.411129
0.420006
0.428561
0.436759
0.444566
0.451962
0.458932
0.46546
0.471521
0.477081
0.482113
0.486597
0.49052
0.493872
0.496651
0.498855
0.50048
0.501518
0.50195
0.50176
0.500935
0.499468
0.497365
0.494667
0.491419
0.487247
0.48185
-0.187322
-0.19294
-0.197283
-0.20066
-0.203465
-0.205662
-0.207217
-0.208126
-0.208391
-0.208018
-0.207019
-0.205405
-0.203193
-0.200399
-0.197038
-0.19312
-0.188658
-0.183663
-0.178145
-0.172116
-0.165601
-0.158623
-0.15121
-0.143392
-0.135201
-0.126664
-0.1178
-0.108629
-0.099167
-0.0894308
-0.0794344
-0.0691907
-0.0587123
-0.0480131
-0.037108
-0.0260095
-0.014729
-0.00327775
0.00833073
0.0200846
0.0319729
0.043979
0.0560815
0.0682633
0.0805155
0.0928282
0.105186
0.117571
0.129969
0.142368
0.154765
0.167155
0.179536
0.191907
0.204266
0.216607
0.228916
0.241182
0.253393
0.26554
0.277612
0.289593
0.301464
0.313203
0.324798
0.336241
0.347524
0.358626
0.369523
0.380186
0.390593
0.400731
0.410592
0.420169
0.429441
0.438377
0.446944
0.455112
0.462864
0.470183
0.477041
0.483408
0.489251
0.494545
0.499273
0.503418
0.506968
0.509919
0.512269
0.514011
0.515131
0.515609
0.515426
0.514571
0.51304
0.51084
0.508014
0.504608
0.500232
0.494569
-0.200467
-0.206356
-0.210907
-0.214442
-0.217375
-0.219671
-0.221292
-0.222231
-0.22249
-0.222073
-0.220992
-0.219261
-0.2169
-0.213928
-0.210365
-0.206222
-0.201513
-0.196252
-0.190449
-0.18412
-0.177289
-0.169986
-0.162239
-0.154076
-0.145528
-0.136624
-0.127383
-0.117824
-0.107968
-0.0978344
-0.08744
-0.0767971
-0.065917
-0.0548137
-0.0435038
-0.0320021
-0.0203215
-0.00847487
0.00352327
0.0156606
0.0279276
0.04031
0.0527885
0.0653491
0.0779839
0.090684
0.103435
0.116218
0.129014
0.141811
0.154605
0.167396
0.180182
0.192959
0.205723
0.218464
0.231173
0.243837
0.256451
0.269007
0.281492
0.29389
0.306175
0.318325
0.330329
0.342183
0.353879
0.365403
0.376727
0.387823
0.398668
0.409246
0.419544
0.429547
0.439232
0.448569
0.457529
0.466088
0.474223
0.481908
0.489109
0.495795
0.501939
0.507518
0.512513
0.516901
0.520669
0.523811
0.526322
0.52819
0.529396
0.529918
0.529738
0.52885
0.527251
0.524948
0.521986
0.518413
0.513817
0.507868
-0.214198
-0.220381
-0.225157
-0.228866
-0.231942
-0.234345
-0.236034
-0.237002
-0.23725
-0.236781
-0.235611
-0.233757
-0.231239
-0.22808
-0.2243
-0.219914
-0.214937
-0.209386
-0.203276
-0.196625
-0.18946
-0.181813
-0.173712
-0.165183
-0.156254
-0.146954
-0.13731
-0.127342
-0.117073
-0.106524
-0.0957132
-0.0846516
-0.0733499
-0.061823
-0.0500898
-0.0381684
-0.0260728
-0.0138177
-0.0014175
0.0111164
0.0237753
0.0365466
0.0494137
0.0623645
0.0753914
0.0884854
0.101633
0.114815
0.128015
0.141218
0.154422
0.167626
0.180828
0.194024
0.207204
0.220359
0.23348
0.246559
0.259592
0.272572
0.285485
0.29831
0.31102
0.323594
0.336022
0.348302
0.36043
0.37239
0.384159
0.39571
0.407017
0.418058
0.428812
0.43926
0.449377
0.45914
0.468524
0.477501
0.48604
0.494107
0.501668
0.508695
0.515166
0.521057
0.526341
0.530995
0.535004
0.538357
0.541042
0.543043
0.544336
0.544903
0.544728
0.543805
0.542135
0.539723
0.536615
0.532862
0.528029
0.521771
-0.228553
-0.235059
-0.240083
-0.243981
-0.247211
-0.249726
-0.251483
-0.252477
-0.252709
-0.252186
-0.250923
-0.248939
-0.246255
-0.242894
-0.238878
-0.234225
-0.228955
-0.22309
-0.21665
-0.209656
-0.202137
-0.194122
-0.185641
-0.176716
-0.167377
-0.157657
-0.147587
-0.137191
-0.126491
-0.115508
-0.104259
-0.0927572
-0.0810137
-0.0690454
-0.0568737
-0.0445188
-0.0319947
-0.0193163
-0.00649858
0.006448
0.0195151
0.0326906
0.0459601
0.0593127
0.072741
0.0862362
0.0997851
0.113371
0.126978
0.140596
0.154221
0.167849
0.181478
0.1951
0.208706
0.222287
0.235835
0.249346
0.262813
0.27623
0.289582
0.302845
0.315993
0.329006
0.341876
0.354601
0.367177
0.379594
0.391829
0.403857
0.415647
0.427169
0.438395
0.449307
0.459883
0.470104
0.479941
0.489361
0.498323
0.506792
0.514737
0.522135
0.528962
0.535189
0.540787
0.545732
0.550003
0.553585
0.556456
0.558596
0.559983
0.560599
0.560433
0.559478
0.557733
0.555205
0.55194
0.547992
0.542904
0.536311
-0.243578
-0.25044
-0.255735
-0.259837
-0.263226
-0.265857
-0.267683
-0.268703
-0.26892
-0.268341
-0.26698
-0.264855
-0.26199
-0.258407
-0.254131
-0.249188
-0.243602
-0.237399
-0.230605
-0.223245
-0.215344
-0.206931
-0.198035
-0.188684
-0.178908
-0.168745
-0.158227
-0.147383
-0.136231
-0.124791
-0.113081
-0.101118
-0.0889145
-0.0764904
-0.0638675
-0.0510658
-0.038099
-0.024981
-0.0117275
0.00165001
0.0151427
0.0287385
0.0424243
0.0561904
0.0700295
0.083934
0.0978919
0.111888
0.125909
0.13995
0.154004
0.168067
0.182129
0.196185
0.210225
0.224243
0.238234
0.252191
0.266106
0.279971
0.29377
0.307483
0.321083
0.334554
0.347885
0.361075
0.374122
0.387016
0.39974
0.412265
0.424553
0.43657
0.448287
0.459689
0.470757
0.481468
0.491787
0.501671
0.511079
0.519978
0.528342
0.536145
0.543357
0.549947
0.555887
0.561148
0.565704
0.569529
0.572598
0.574887
0.576378
0.577053
0.576901
0.575915
0.574091
0.571438
0.568005
0.563846
0.558478
0.551521
-0.259315
-0.266564
-0.272154
-0.276472
-0.28003
-0.282784
-0.284687
-0.285735
-0.285937
-0.285297
-0.283827
-0.281546
-0.27848
-0.274654
-0.270097
-0.264841
-0.258917
-0.252353
-0.245178
-0.237419
-0.229102
-0.220256
-0.210912
-0.201103
-0.190865
-0.180235
-0.169247
-0.157928
-0.146298
-0.134375
-0.12218
-0.109736
-0.0970582
-0.0841664
-0.0710807
-0.0578181
-0.0443921
-0.0308173
-0.0171099
-0.00328352
0.0106514
0.0246829
0.0387994
0.0529914
0.0672522
0.0815758
0.0959523
0.110368
0.124814
0.139284
0.153774
0.168275
0.182777
0.197273
0.211757
0.226225
0.240672
0.255087
0.26946
0.28378
0.298037
0.31221
0.32628
0.340227
0.354041
0.367718
0.381257
0.394652
0.407884
0.420921
0.433721
0.44625
0.458482
0.470404
0.481995
0.493224
0.504048
0.514423
0.524311
0.533679
0.542499
0.550739
0.558367
0.565353
0.571666
0.577271
0.582134
0.58622
0.589503
0.59196
0.59357
0.594316
0.594184
0.593166
0.59126
0.588472
0.584854
0.580463
0.574789
0.567432
-0.275798
-0.283468
-0.289375
-0.293929
-0.297672
-0.300561
-0.302548
-0.303628
-0.303809
-0.303099
-0.301506
-0.299052
-0.295766
-0.291678
-0.28682
-0.281228
-0.27494
-0.267987
-0.260397
-0.252201
-0.243429
-0.234113
-0.224289
-0.213994
-0.203266
-0.192141
-0.180653
-0.168829
-0.156689
-0.144257
-0.131556
-0.118612
-0.105446
-0.0920737
-0.0785117
-0.0647726
-0.0508701
-0.0368214
-0.0226442
-0.00835354
0.00603862
0.0205207
0.0350823
0.0497147
0.0644111
0.0791665
0.0939736
0.108822
0.123702
0.13861
0.153538
0.168479
0.183425
0.198369
0.213307
0.228236
0.243146
0.258025
0.27286
0.287642
0.302365
0.317015
0.331572
0.346016
0.360334
0.37452
0.388574
0.40249
0.416247
0.429811
0.443142
0.456206
0.468984
0.481457
0.493598
0.505369
0.516725
0.527625
0.538032
0.54791
0.557222
0.565933
0.574014
0.581434
0.588155
0.594134
0.599326
0.603698
0.607219
0.609865
0.611612
0.612439
0.612333
0.611285
0.60929
0.606355
0.602533
0.597886
0.591876
0.584083
-0.293058
-0.301186
-0.30744
-0.312256
-0.316203
-0.319241
-0.32132
-0.322434
-0.322588
-0.321794
-0.320064
-0.317419
-0.313893
-0.309523
-0.304341
-0.298387
-0.291702
-0.284322
-0.276278
-0.267604
-0.258337
-0.248517
-0.23818
-0.227369
-0.216119
-0.204465
-0.192441
-0.180075
-0.167395
-0.154429
-0.141203
-0.127743
-0.11407
-0.1002
-0.0861431
-0.0719107
-0.0575156
-0.0429782
-0.0283186
-0.0135518
0.00131046
0.0162571
0.0312782
0.0463654
0.0615127
0.076715
0.0919659
0.107258
0.122582
0.137933
0.153304
0.168688
0.184081
0.19948
0.21488
0.230276
0.245653
0.260995
0.276292
0.291542
0.306742
0.321883
0.336945
0.351905
0.366747
0.381464
0.396053
0.410509
0.424809
0.438918
0.452803
0.466433
0.479787
0.492839
0.505556
0.517895
0.529818
0.541284
0.552252
0.562677
0.572518
0.581743
0.590322
0.598219
0.605384
0.611767
0.617321
0.622008
0.625796
0.628655
0.630556
0.631479
0.631406
0.630327
0.628235
0.625138
0.621092
0.616166
0.609789
0.601517
-0.311132
-0.319765
-0.326403
-0.331509
-0.335685
-0.338885
-0.341062
-0.342208
-0.342328
-0.341438
-0.339554
-0.3367
-0.332913
-0.328232
-0.322696
-0.316343
-0.30922
-0.301369
-0.292828
-0.283637
-0.27384
-0.26348
-0.252597
-0.241231
-0.22942
-0.217198
-0.204599
-0.191657
-0.178408
-0.164883
-0.151112
-0.137117
-0.122914
-0.108521
-0.0939477
-0.0792043
-0.0643041
-0.0492672
-0.0341151
-0.0188627
-0.00352043
0.0119023
0.0273951
0.0429495
0.0585605
0.0742233
0.0899305
0.105675
0.121451
0.137251
0.15307
0.168904
0.184752
0.200611
0.216478
0.232341
0.248183
0.263987
0.279749
0.295473
0.311162
0.326808
0.342389
0.357881
0.373264
0.38853
0.403674
0.418687
0.433548
0.448227
0.462694
0.476921
0.490879
0.504535
0.517854
0.530796
0.543325
0.555397
0.566964
0.577975
0.588393
0.598184
0.607313
0.61573
0.623378
0.630203
0.636157
0.641198
0.645286
0.648383
0.65046
0.651492
0.651459
0.65035
0.648155
0.644881
0.640594
0.635362
0.628582
0.619783
-0.33007
-0.339265
-0.346326
-0.351753
-0.356184
-0.359561
-0.36184
-0.363018
-0.363097
-0.362096
-0.36004
-0.356952
-0.352872
-0.347844
-0.341909
-0.335113
-0.327507
-0.31914
-0.31006
-0.300312
-0.289947
-0.279009
-0.267539
-0.255575
-0.243157
-0.230324
-0.217115
-0.203569
-0.189723
-0.175614
-0.161271
-0.146714
-0.131957
-0.117015
-0.101902
-0.0866307
-0.0712143
-0.0556704
-0.0400174
-0.0242704
-0.00843925
0.00746771
0.0234405
0.0394708
0.0555544
0.0716866
0.087859
0.104063
0.120295
0.136549
0.152824
0.169118
0.18543
0.201756
0.21809
0.234418
0.250722
0.266991
0.283225
0.299434
0.315623
0.331784
0.347897
0.363934
0.379873
0.395704
0.411418
0.427007
0.442454
0.457732
0.472812
0.487663
0.50225
0.516537
0.530488
0.544071
0.557246
0.569963
0.582169
0.593815
0.604865
0.615278
0.625006
0.633988
0.642166
0.649482
0.655884
0.66132
0.665742
0.669108
0.671385
0.672544
0.672562
0.671424
0.669121
0.665659
0.661108
0.655541
0.648314
0.638929
-0.34993
-0.359752
-0.367284
-0.373063
-0.377774
-0.381349
-0.383737
-0.384944
-0.384973
-0.383844
-0.381587
-0.378231
-0.373816
-0.368393
-0.36201
-0.35472
-0.346582
-0.337655
-0.327992
-0.317644
-0.306665
-0.295101
-0.282996
-0.270388
-0.25732
-0.243837
-0.229985
-0.215805
-0.201337
-0.186616
-0.17167
-0.156519
-0.14118
-0.125666
-0.109995
-0.0941799
-0.0782351
-0.0621748
-0.0460124
-0.029761
-0.0134318
0.0029661
0.0194239
0.0359347
0.0524952
0.0691009
0.085743
0.102412
0.119104
0.135818
0.152556
0.169318
0.1861
0.202896
0.219696
0.236487
0.253255
0.269994
0.286711
0.303416
0.320116
0.336804
0.353457
0.37005
0.386557
0.402965
0.419266
0.435452
0.45151
0.467416
0.483139
0.498641
0.513883
0.528831
0.543452
0.557714
0.571573
0.584976
0.597871
0.610211
0.621952
0.633043
0.643419
0.653019
0.661782
0.669647
0.676548
0.682425
0.687222
0.690893
0.6934
0.694708
0.694792
0.693631
0.691215
0.687551
0.68271
0.676772
0.669049
0.659011
-0.370774
-0.381299
-0.389358
-0.395527
-0.400547
-0.40434
-0.406846
-0.408076
-0.408042
-0.40676
-0.404263
-0.400593
-0.395794
-0.389922
-0.383037
-0.3752
-0.366479
-0.356941
-0.346645
-0.335645
-0.323997
-0.311752
-0.298958
-0.28566
-0.271903
-0.257735
-0.243208
-0.228365
-0.213244
-0.197879
-0.182297
-0.166523
-0.150575
-0.134471
-0.118224
-0.10185
-0.0853612
-0.0687699
-0.0520863
-0.0353211
-0.0184859
-0.00159141
0.0153545
0.032348
0.0493869
0.0664663
0.0835784
0.100715
0.117872
0.135053
0.152261
0.169495
0.186749
0.204012
0.221277
0.238533
0.255772
0.272993
0.290204
0.307417
0.324636
0.341856
0.359058
0.376214
0.3933
0.410297
0.427201
0.444006
0.460701
0.477263
0.493654
0.509832
0.525759
0.541402
0.556731
0.571712
0.586296
0.600435
0.614078
0.627174
0.639665
0.651485
0.662569
0.672852
0.682267
0.690741
0.698198
0.704569
0.709791
0.713811
0.716585
0.718073
0.718239
0.717062
0.714527
0.710642
0.705482
0.699131
0.690854
0.680086
-0.392674
-0.403989
-0.412643
-0.419248
-0.424607
-0.428638
-0.431269
-0.432513
-0.432391
-0.430922
-0.428144
-0.424106
-0.418866
-0.41249
-0.405046
-0.396604
-0.38724
-0.37703
-0.366038
-0.354324
-0.341946
-0.32896
-0.315423
-0.301388
-0.286904
-0.272019
-0.256782
-0.24124
-0.225431
-0.209389
-0.193142
-0.176716
-0.160137
-0.143422
-0.126585
-0.109636
-0.0925853
-0.0754448
-0.0582256
-0.0409372
-0.0235903
-0.00619601
0.0112396
0.0287161
0.0462329
0.0637853
0.0813663
0.0989707
0.116598
0.134252
0.151934
0.169639
0.18736
0.205088
0.222818
0.240547
0.258269
0.275986
0.293702
0.311429
0.329174
0.346933
0.36469
0.382417
0.400087
0.417686
0.43521
0.452657
0.470014
0.487254
0.504336
0.521217
0.537861
0.554237
0.570314
0.586055
0.601416
0.61635
0.630804
0.644714
0.65801
0.670621
0.682482
0.69352
0.703658
0.712808
0.720887
0.727815
0.733522
0.737947
0.741033
0.742731
0.743
0.741813
0.739154
0.735029
0.729516
0.722705
0.713807
0.702221
-0.415715
-0.427914
-0.437241
-0.444336
-0.450066
-0.454353
-0.457113
-0.458356
-0.458115
-0.45642
-0.453313
-0.448852
-0.443111
-0.436167
-0.428097
-0.418984
-0.408908
-0.397952
-0.386189
-0.373688
-0.360513
-0.346727
-0.332394
-0.317574
-0.302319
-0.286676
-0.270692
-0.254413
-0.237878
-0.221127
-0.204188
-0.18709
-0.169859
-0.152514
-0.135067
-0.117525
-0.099894
-0.0821867
-0.0644175
-0.0465975
-0.0287356
-0.0108399
0.00708639
0.0250459
0.04304
0.0610648
0.0791144
0.0971867
0.115285
0.133411
0.151565
0.169737
0.187919
0.20611
0.22431
0.242521
0.260739
0.278962
0.297192
0.315439
0.333714
0.352019
0.370336
0.388638
0.4069
0.425112
0.443273
0.461382
0.479422
0.497361
0.515156
0.532769
0.550164
0.567312
0.58418
0.600733
0.616931
0.632724
0.648047
0.662828
0.676992
0.690468
0.703184
0.715056
0.725991
0.735894
0.744672
0.752235
0.7585
0.763389
0.766837
0.768783
0.769181
0.767995
0.765208
0.760821
0.754917
0.747593
0.737998
0.725491
-0.439993
-0.453183
-0.463264
-0.470911
-0.477048
-0.481604
-0.484492
-0.485719
-0.485325
-0.483356
-0.479866
-0.474924
-0.468614
-0.461027
-0.452253
-0.442386
-0.431517
-0.419733
-0.407117
-0.393751
-0.379709
-0.36506
-0.349873
-0.334213
-0.318135
-0.301687
-0.284913
-0.267857
-0.250564
-0.233074
-0.215421
-0.197633
-0.179731
-0.161735
-0.143654
-0.125497
-0.107269
-0.0889824
-0.0706526
-0.0522931
-0.0339117
-0.0155122
0.0029065
0.0213497
0.039821
0.0583184
0.0768373
0.0953769
0.113942
0.132534
0.15115
0.169779
0.188419
0.207073
0.225751
0.244453
0.263175
0.281908
0.300655
0.319426
0.338238
0.357093
0.375975
0.394857
0.41372
0.432558
0.451373
0.470159
0.488896
0.50755
0.526084
0.54446
0.562644
0.580606
0.598314
0.615737
0.632833
0.649544
0.665796
0.681512
0.69662
0.711044
0.724697
0.737484
0.749303
0.760051
0.769621
0.777906
0.784807
0.790231
0.7941
0.796342
0.796901
0.795735
0.792818
0.788148
0.781813
0.773914
0.763535
0.749985
-0.465612
-0.479915
-0.490838
-0.499101
-0.505686
-0.510524
-0.513535
-0.514727
-0.514144
-0.51185
-0.507912
-0.502415
-0.495456
-0.48714
-0.47757
-0.466854
-0.455096
-0.442394
-0.428841
-0.414528
-0.399542
-0.38396
-0.367855
-0.351293
-0.334332
-0.317024
-0.299415
-0.281549
-0.26347
-0.245217
-0.226827
-0.208326
-0.189733
-0.171064
-0.152328
-0.133534
-0.114694
-0.0958196
-0.0769233
-0.0580181
-0.0391111
-0.0202026
-0.0012872
0.0176425
0.0365922
0.0555624
0.07455
0.0935546
0.11258
0.131627
0.150692
0.169769
0.188863
0.207984
0.227144
0.246342
0.265567
0.284812
0.304076
0.323376
0.342729
0.362137
0.381586
0.401055
0.42053
0.440008
0.459488
0.478962
0.498406
0.517794
0.537091
0.556263
0.575276
0.594097
0.6127
0.631052
0.649105
0.666791
0.684035
0.700764
0.7169
0.732356
0.747034
0.760829
0.773634
0.785332
0.795797
0.804902
0.812529
0.818571
0.822935
0.825535
0.8263
0.825178
0.822135
0.817161
0.81035
0.801809
0.790544
0.77581
-0.492686
-0.508246
-0.520108
-0.529056
-0.536138
-0.541274
-0.544399
-0.545529
-0.544715
-0.542031
-0.537566
-0.531422
-0.523715
-0.514568
-0.504099
-0.492429
-0.479678
-0.465959
-0.451376
-0.436031
-0.420017
-0.403422
-0.386323
-0.36879
-0.350885
-0.332664
-0.314175
-0.295463
-0.276571
-0.257533
-0.238381
-0.219142
-0.199834
-0.180471
-0.161062
-0.141619
-0.122156
-0.102688
-0.0832217
-0.0637669
-0.0443283
-0.024904
-0.00548609
0.0139347
0.0333651
0.0528071
0.0722594
0.0917225
0.111199
0.13069
0.150194
0.169714
0.18926
0.208849
0.22849
0.24818
0.267905
0.287657
0.307439
0.327269
0.347164
0.367127
0.387148
0.407212
0.427309
0.447437
0.467589
0.487755
0.507918
0.528059
0.548147
0.568149
0.588029
0.607759
0.62731
0.646647
0.665713
0.684438
0.70275
0.720574
0.737825
0.754404
0.770205
0.785119
0.799025
0.811788
0.823259
0.833294
0.841756
0.848521
0.853471
0.856506
0.857535
0.856493
0.853332
0.848038
0.840703
0.83144
0.819168
0.803084
-0.521337
-0.538333
-0.551251
-0.560956
-0.568588
-0.574048
-0.577273
-0.5783
-0.577192
-0.574039
-0.568948
-0.562047
-0.553475
-0.543377
-0.531891
-0.519152
-0.505296
-0.490451
-0.474737
-0.458262
-0.441129
-0.423432
-0.405257
-0.386681
-0.36777
-0.348583
-0.32917
-0.309576
-0.289838
-0.269985
-0.250045
-0.23004
-0.209992
-0.189916
-0.169825
-0.149727
-0.129639
-0.109572
-0.089534
-0.0695274
-0.0495533
-0.0296084
-0.00968378
0.0102313
0.0301437
0.0500551
0.0699654
0.0898774
0.109796
0.129723
0.149662
0.169622
0.18962
0.209672
0.229787
0.24996
0.270178
0.290433
0.31073
0.331088
0.351525
0.372045
0.392644
0.413311
0.434038
0.454817
0.475642
0.496506
0.517403
0.538319
0.559226
0.580089
0.600875
0.621558
0.642109
0.662483
0.68262
0.702454
0.721914
0.740921
0.759378
0.77718
0.794218
0.810372
0.825505
0.839458
0.852066
0.863163
0.872592
0.880202
0.885852
0.889416
0.890785
0.889871
0.886612
0.880981
0.873067
0.862994
0.849578
0.831947
-0.551713
-0.570368
-0.584487
-0.595032
-0.603266
-0.609069
-0.612374
-0.613239
-0.61175
-0.608021
-0.602186
-0.594399
-0.584826
-0.573639
-0.561
-0.547063
-0.531978
-0.515887
-0.498924
-0.481212
-0.462859
-0.443968
-0.424633
-0.404941
-0.384963
-0.364759
-0.344378
-0.323861
-0.303237
-0.282533
-0.261772
-0.240977
-0.220168
-0.199366
-0.178584
-0.157831
-0.137117
-0.116452
-0.0958394
-0.0752789
-0.054768
-0.0343018
-0.0138706
0.00653725
0.0269287
0.0473047
0.0676661
0.0880187
0.108371
0.12873
0.149103
0.169503
0.189949
0.210457
0.231035
0.25168
0.272381
0.293131
0.313937
0.334819
0.355795
0.376875
0.398058
0.419334
0.44069
0.462118
0.483615
0.505186
0.526834
0.548546
0.570295
0.592049
0.613778
0.635458
0.657052
0.678513
0.699784
0.720801
0.741494
0.761772
0.781534
0.800673
0.819072
0.836598
0.853093
0.868382
0.882279
0.894596
0.905145
0.913748
0.920234
0.924448
0.926251
0.925532
0.922205
0.916224
0.907678
0.896697
0.881977
0.86257
-0.584006
-0.604583
-0.620083
-0.631564
-0.640443
-0.646595
-0.649943
-0.650569
-0.648589
-0.64415
-0.637425
-0.6286
-0.617871
-0.605437
-0.591488
-0.576202
-0.559744
-0.542271
-0.523933
-0.504863
-0.485183
-0.465004
-0.444429
-0.423551
-0.402445
-0.38117
-0.359772
-0.338284
-0.316732
-0.295138
-0.273526
-0.251917
-0.230334
-0.208795
-0.187316
-0.165905
-0.144567
-0.123304
-0.102115
-0.0810001
-0.0599535
-0.0389693
-0.0180369
0.00285632
0.0237183
0.0445508
0.0653571
0.0861462
0.10693
0.127719
0.148525
0.169362
0.190248
0.211201
0.232231
0.253337
0.27451
0.295745
0.317052
0.338451
0.359964
0.381605
0.403372
0.425252
0.447232
0.469305
0.49148
0.51377
0.536184
0.558709
0.58132
0.60399
0.626695
0.649407
0.672085
0.694684
0.717153
0.739431
0.761438
0.783082
0.804258
0.824858
0.844752
0.863792
0.881805
0.898599
0.913963
0.92768
0.939532
0.949305
0.956794
0.961805
0.964165
0.963729
0.960378
0.954045
0.944815
0.932819
0.916614
0.89516
-0.618463
-0.641265
-0.658349
-0.67088
-0.680445
-0.686928
-0.690257
-0.690541
-0.687934
-0.682626
-0.674834
-0.664787
-0.652717
-0.63885
-0.623409
-0.606599
-0.588605
-0.569599
-0.549746
-0.529194
-0.508077
-0.486515
-0.464619
-0.442485
-0.42019
-0.397786
-0.375316
-0.352809
-0.330286
-0.307768
-0.285277
-0.262837
-0.240468
-0.218186
-0.196004
-0.173931
-0.151965
-0.130104
-0.108341
-0.0866735
-0.0650961
-0.0436013
-0.0221768
-0.000808904
0.0205119
0.0417912
0.0630364
0.0842598
0.105475
0.126695
0.147931
0.169198
0.190514
0.2119
0.23337
0.254925
0.276559
0.298268
0.320065
0.341974
0.36402
0.386217
0.40856
0.431035
0.453631
0.476349
0.499209
0.52223
0.54542
0.568769
0.592259
0.615869
0.639575
0.663347
0.687147
0.710936
0.734669
0.758281
0.781688
0.804797
0.827504
0.849694
0.871226
0.891942
0.911653
0.930144
0.947178
0.962505
0.975874
0.98703
0.995724
1.00172
1.00479
1.00475
1.00145
0.994774
0.984812
0.971686
0.953788
0.929968
-0.655402
-0.680761
-0.699653
-0.713352
-0.723643
-0.730422
-0.73364
-0.733444
-0.73004
-0.723668
-0.714595
-0.703104
-0.689469
-0.673954
-0.656811
-0.638276
-0.618561
-0.597857
-0.576342
-0.554179
-0.531511
-0.508469
-0.485167
-0.461702
-0.438147
-0.414554
-0.390958
-0.367383
-0.343851
-0.32038
-0.296991
-0.273704
-0.250539
-0.227509
-0.204621
-0.181879
-0.159283
-0.136823
-0.11449
-0.0922773
-0.0701793
-0.0481858
-0.0262814
-0.00445049
0.0173185
0.0390354
0.0607131
0.082367
0.104012
0.125659
0.147319
0.169006
0.190741
0.21255
0.234449
0.256441
0.278522
0.300692
0.322968
0.345377
0.367946
0.390686
0.413592
0.436649
0.459854
0.48322
0.50677
0.530527
0.554499
0.578682
0.603064
0.627629
0.652353
0.677209
0.702168
0.7272
0.752258
0.777275
0.802168
0.826846
0.851207
0.875124
0.898454
0.921026
0.942634
0.963039
0.981974
0.999158
1.0143
1.02709
1.03724
1.04444
1.04842
1.04894
1.04578
1.0388
1.02807
1.01369
0.993863
0.967305
-0.6952
-0.723502
-0.744438
-0.759423
-0.770468
-0.777489
-0.780468
-0.77961
-0.775189
-0.767508
-0.756897
-0.743694
-0.728229
-0.710808
-0.691724
-0.671245
-0.649607
-0.627024
-0.603689
-0.579776
-0.555439
-0.530812
-0.506012
-0.481134
-0.456248
-0.431402
-0.406626
-0.381943
-0.357369
-0.332921
-0.308617
-0.284471
-0.260499
-0.236714
-0.213117
-0.189707
-0.16648
-0.143423
-0.120527
-0.0977801
-0.0751759
-0.0526994
-0.0303301
-0.00804901
0.014158
0.0363042
0.0584063
0.0804827
0.102548
0.124613
0.146686
0.168781
0.190924
0.213144
0.23546
0.257877
0.280392
0.303009
0.325749
0.348644
0.371719
0.394984
0.418435
0.442063
0.465873
0.489885
0.514125
0.538617
0.563372
0.588393
0.613675
0.639202
0.664955
0.690919
0.717075
0.743396
0.769834
0.796323
0.822789
0.849144
0.875282
0.901076
0.926377
0.951002
0.974727
0.997289
1.01839
1.03772
1.05493
1.06966
1.08155
1.09025
1.09539
1.09667
1.0938
1.08659
1.07505
1.05931
1.03729
1.00756
-0.738311
-0.770006
-0.793249
-0.80963
-0.821432
-0.828603
-0.831168
-0.829411
-0.82369
-0.814392
-0.801923
-0.786691
-0.769084
-0.749464
-0.728168
-0.705497
-0.681717
-0.657061
-0.631736
-0.605925
-0.579789
-0.553465
-0.527071
-0.500695
-0.474406
-0.448246
-0.422244
-0.396416
-0.370774
-0.345331
-0.320096
-0.29508
-0.270295
-0.245749
-0.221442
-0.197368
-0.173515
-0.149869
-0.126418
-0.103151
-0.080055
-0.0571105
-0.0342913
-0.0115742
0.0110581
0.0336221
0.0561372
0.0786234
0.101095
0.123562
0.146031
0.168519
0.191056
0.213675
0.236397
0.259224
0.282157
0.305205
0.328393
0.351753
0.375311
0.399079
0.423057
0.447244
0.471653
0.496304
0.521227
0.546447
0.571982
0.597841
0.624019
0.650509
0.677302
0.704396
0.731779
0.759426
0.787292
0.815322
0.843447
0.871584
0.899628
0.927456
0.954912
0.981802
1.00789
1.03288
1.05645
1.07825
1.09788
1.11491
1.12892
1.13946
1.14609
1.1484
1.14603
1.13869
1.12636
1.10912
1.08461
1.05121
-0.785284
-0.820904
-0.846752
-0.864625
-0.877148
-0.884318
-0.886226
-0.883258
-0.875877
-0.864576
-0.849859
-0.832217
-0.812109
-0.789956
-0.766141
-0.741005
-0.71484
-0.687898
-0.660398
-0.632531
-0.60446
-0.576324
-0.548236
-0.520284
-0.492526
-0.465001
-0.437732
-0.41073
-0.383999
-0.357542
-0.331365
-0.305474
-0.279874
-0.254569
-0.229556
-0.204823
-0.180354
-0.156131
-0.132139
-0.108364
-0.0847898
-0.0613888
-0.0381318
-0.0149929
0.00804889
0.031014
0.0539252
0.0768034
0.099663
0.122511
0.145356
0.168219
0.191136
0.214141
0.237251
0.260472
0.283804
0.307261
0.330873
0.354674
0.378691
0.40294
0.427427
0.45216
0.477153
0.50243
0.528023
0.55396
0.580266
0.606951
0.634017
0.661468
0.68931
0.717549
0.74618
0.775181
0.804519
0.834151
0.864017
0.894039
0.924121
0.954142
0.983945
1.01333
1.04203
1.06976
1.09615
1.12079
1.14325
1.16303
1.17959
1.19241
1.20094
1.20465
1.20306
1.19576
1.18268
1.16385
1.13653
1.09887
-0.83682
-0.876979
-0.905753
-0.925196
-0.938349
-0.945285
-0.946196
-0.941604
-0.932107
-0.918329
-0.900891
-0.880387
-0.857358
-0.83229
-0.805614
-0.777706
-0.748886
-0.719425
-0.689553
-0.659463
-0.629318
-0.599255
-0.569382
-0.539779
-0.510496
-0.481564
-0.452996
-0.424794
-0.396953
-0.369471
-0.342345
-0.31558
-0.289173
-0.26312
-0.237413
-0.212034
-0.186962
-0.162176
-0.137659
-0.113392
-0.0893508
-0.0655042
-0.0418212
-0.0182751
0.0051583
0.0285045
0.0517902
0.0750382
0.0982614
0.121466
0.144665
0.167884
0.191164
0.214535
0.238015
0.261605
0.285313
0.309155
0.333166
0.357381
0.381831
0.406539
0.431517
0.456776
0.482334
0.508216
0.534458
0.561095
0.588153
0.615647
0.643589
0.671996
0.700888
0.730278
0.760165
0.79054
0.821388
0.852677
0.884358
0.916363
0.948609
0.980983
1.01333
1.04544
1.07705
1.10784
1.13743
1.16536
1.19113
1.21415
1.23382
1.24946
1.26041
1.266
1.26558
1.2586
1.24489
1.22439
1.19391
1.15134
-0.893816
-0.939215
-0.971251
-0.992295
-1.00591
-1.01227
-1.01172
-1.00496
-0.992768
-0.975927
-0.955199
-0.931297
-0.904856
-0.876431
-0.846504
-0.815484
-0.783716
-0.751487
-0.719033
-0.686549
-0.654195
-0.622097
-0.590354
-0.559034
-0.528178
-0.497803
-0.467909
-0.438486
-0.409524
-0.381011
-0.352942
-0.325312
-0.298115
-0.271335
-0.244954
-0.218948
-0.193292
-0.167961
-0.142935
-0.118191
-0.0936976
-0.0694209
-0.0453289
-0.0213939
0.00241154
0.0261175
0.0497544
0.0733458
0.0969044
0.120439
0.143967
0.167521
0.191141
0.214855
0.238677
0.262611
0.286666
0.310867
0.335248
0.35985
0.384709
0.409853
0.4353
0.461061
0.487156
0.513615
0.540481
0.567791
0.595575
0.623855
0.652655
0.682008
0.71194
0.742471
0.773613
0.805376
0.837762
0.870751
0.904307
0.938384
0.972913
1.00779
1.04288
1.07796
1.11278
1.14701
1.18022
1.21192
1.24154
1.26843
1.29184
1.31099
1.32504
1.33313
1.33442
1.32816
1.31401
1.29182
1.25783
1.20959
-0.95742
-1.00885
-1.04449
-1.06709
-1.08087
-1.08617
-1.08353
-1.07389
-1.05827
-1.03764
-1.01294
-0.985005
-0.954576
-0.922286
-0.888668
-0.854163
-0.819134
-0.783876
-0.74863
-0.713586
-0.678892
-0.644661
-0.610975
-0.577886
-0.545416
-0.513569
-0.482329
-0.451676
-0.42159
-0.392057
-0.363061
-0.33459
-0.306627
-0.279146
-0.252118
-0.225511
-0.199294
-0.17344
-0.147925
-0.122721
-0.0977936
-0.0731076
-0.0486291
-0.0243277
-0.000172024
0.0238713
0.0478343
0.0717409
0.0956055
0.119442
0.143274
0.167137
0.19107
0.215096
0.239229
0.263476
0.287851
0.312382
0.337105
0.362067
0.387311
0.412868
0.438754
0.464984
0.491582
0.518586
0.546043
0.573993
0.60247
0.631506
0.661142
0.691417
0.722364
0.754015
0.786403
0.819557
0.853492
0.888206
0.923685
0.959907
0.996824
1.03435
1.07237
1.11067
1.14902
1.18705
1.22435
1.26037
1.29448
1.32594
1.3539
1.3774
1.3954
1.40681
1.41053
1.40555
1.39131
1.36749
1.32963
1.27488
-1.0291
-1.08747
-1.12703
-1.15102
-1.16449
-1.16805
-1.16247
-1.14903
-1.12904
-1.10373
-1.07421
-1.04149
-1.00642
-0.969686
-0.93189
-0.893498
-0.85488
-0.816335
-0.778094
-0.740333
-0.703183
-0.666736
-0.63105
-0.596151
-0.562042
-0.528706
-0.496115
-0.464237
-0.433044
-0.402514
-0.372623
-0.343343
-0.314644
-0.286492
-0.258848
-0.23167
-0.204922
-0.178572
-0.152593
-0.126953
-0.101616
-0.0765461
-0.0517059
-0.0270617
-0.00257937
0.0217762
0.046038
0.0702314
0.0943744
0.118486
0.142596
0.166738
0.19095
0.215254
0.239664
0.264194
0.288859
0.31369
0.338728
0.364027
0.389631
0.41557
0.44186
0.46852
0.495582
0.523093
0.551102
0.579651
0.608781
0.63854
0.668976
0.700135
0.732061
0.764802
0.798415
0.832945
0.868422
0.904868
0.942298
0.980717
1.02011
1.06041
1.10153
1.1433
1.18547
1.22772
1.26959
1.31053
1.34986
1.38674
1.42018
1.44905
1.47208
1.48789
1.49503
1.49213
1.47835
1.45309
1.41104
1.34882
-1.11073
-1.17705
-1.22082
-1.24588
-1.25832
-1.25912
-1.24946
-1.23102
-1.20548
-1.17437
-1.13904
-1.10065
-1.06016
-1.01836
-0.975863
-0.933162
-0.890629
-0.848546
-0.807121
-0.766506
-0.726803
-0.688075
-0.650349
-0.613621
-0.577866
-0.543046
-0.509119
-0.476041
-0.443776
-0.412288
-0.381541
-0.351492
-0.322097
-0.293311
-0.265084
-0.237368
-0.210122
-0.18331
-0.156901
-0.13086
-0.105146
-0.079721
-0.0545448
-0.0295824
-0.00479908
0.0198413
0.0443735
0.0688258
0.0932206
0.117581
0.141937
0.166325
0.19078
0.215328
0.239985
0.264766
0.28969
0.314792
0.340121
0.36573
0.391663
0.417947
0.4446
0.471648
0.499135
0.52711
0.555624
0.584724
0.614465
0.644902
0.67609
0.708082
0.740938
0.774731
0.80953
0.845399
0.882389
0.920553
0.959938
1.00058
1.0425
1.08568
1.13006
1.1755
1.22181
1.26866
1.31563
1.36215
1.4075
1.45076
1.49081
1.52631
1.55572
1.5773
1.58918
1.58951
1.57703
1.55073
1.50422
1.43347
-1.20474
-1.28017
-1.32833
-1.35385
-1.36416
-1.3608
-1.3455
-1.32048
-1.2879
-1.24963
-1.20729
-1.16221
-1.11547
-1.06791
-1.02016
-0.972731
-0.925962
-0.880105
-0.835332
-0.791751
-0.749426
-0.708379
-0.668598
-0.630045
-0.592664
-0.556394
-0.521174
-0.486949
-0.453665
-0.421272
-0.389718
-0.358948
-0.328903
-0.299526
-0.270758
-0.242545
-0.21484
-0.187607
-0.16081
-0.134409
-0.108357
-0.08261
-0.0571272
-0.0318751
-0.00682
0.018076
0.0428506
0.067535
0.0921537
0.116732
0.141302
0.165901
0.190566
0.215324
0.240196
0.265196
0.29035
0.315698
0.34129
0.36718
0.393404
0.41999
0.446963
0.474359
0.502226
0.530615
0.559582
0.589184
0.619484
0.650543
0.682422
0.715186
0.748916
0.783701
0.819627
0.856776
0.89523
0.935072
0.976382
1.01924
1.06371
1.10983
1.15758
1.20689
1.25759
1.30944
1.36204
1.41483
1.46709
1.51782
1.56579
1.60944
1.64691
1.67605
1.69443
1.69958
1.68966
1.66305
1.61192
1.53146
-1.31429
-1.40013
-1.45268
-1.47761
-1.48415
-1.47465
-1.4516
-1.41797
-1.37647
-1.3294
-1.27865
-1.22573
-1.17181
-1.11776
-1.06422
-1.01165
-0.960352
-0.91052
-0.862269
-0.815651
-0.770674
-0.727309
-0.685495
-0.645154
-0.606201
-0.568546
-0.532106
-0.496808
-0.462579
-0.429349
-0.397051
-0.365616
-0.334975
-0.30506
-0.275801
-0.247139
-0.219026
-0.191422
-0.164286
-0.137569
-0.111218
-0.0851846
-0.05943
-0.0339232
-0.00862951
0.0164914
0.0414795
0.0663665
0.0911782
0.115942
0.140693
0.165471
0.190314
0.215251
0.240305
0.265495
0.290852
0.316419
0.342245
0.368376
0.394849
0.421694
0.448945
0.476644
0.504842
0.533594
0.562961
0.59301
0.623807
0.65542
0.687919
0.721385
0.755917
0.791618
0.82859
0.866941
0.906783
0.94823
0.991405
1.03644
1.08344
1.1325
1.18369
1.23699
1.29233
1.34953
1.40827
1.46805
1.52816
1.58758
1.64497
1.69857
1.74619
1.78515
1.81239
1.8246
1.81908
1.79336
1.7377
1.6462
-1.44348
-1.54122
-1.59785
-1.62047
-1.62078
-1.60237
-1.56875
-1.52386
-1.47111
-1.41327
-1.35251
-1.29048
-1.2284
-1.16714
-1.10729
-1.04922
-0.993153
-0.939204
-0.887406
-0.837738
-0.790135
-0.744504
-0.700728
-0.658684
-0.61825
-0.579308
-0.541749
-0.505473
-0.470387
-0.436403
-0.403436
-0.371406
-0.340234
-0.30984
-0.280148
-0.251096
-0.222634
-0.194717
-0.167293
-0.140305
-0.113695
-0.0874143
-0.0614282
-0.0357057
-0.0102099
0.0151021
0.0402699
0.0653256
0.0902971
0.115215
0.140117
0.165043
0.190033
0.215119
0.240325
0.265678
0.291211
0.316965
0.342987
0.369318
0.395996
0.423057
0.450542
0.478497
0.506976
0.536037
0.565747
0.596179
0.627405
0.659497
0.692538
0.726625
0.761871
0.798391
0.83631
0.875761
0.916886
0.959836
1.00478
1.05188
1.10134
1.15331
1.20793
1.26529
1.32544
1.38829
1.45364
1.5211
1.59003
1.65945
1.72797
1.79365
1.85394
1.90564
1.94485
1.96719
1.96881
1.94592
1.88616
1.78215
-1.59777
-1.70915
-1.76897
-1.7865
-1.77694
-1.74569
-1.69775
-1.63824
-1.57139
-1.50046
-1.42788
-1.35539
-1.28417
-1.21502
-1.14839
-1.08455
-1.02357
-0.965464
-0.910143
-0.857494
-0.807363
-0.759583
-0.713974
-0.670362
-0.628584
-0.588488
-0.549934
-0.512795
-0.476957
-0.442316
-0.408773
-0.376234
-0.344607
-0.313803
-0.283746
-0.25437
-0.225623
-0.19745
-0.16979
-0.142577
-0.115752
-0.0892698
-0.0630965
-0.0372003
-0.0115418
0.0139221
0.0392313
0.0644195
0.089518
0.11456
0.139583
0.164627
0.189734
0.214938
0.240271
0.265759
0.291436
0.317341
0.343517
0.370004
0.396844
0.424078
0.451753
0.479916
0.508623
0.537937
0.567929
0.598676
0.630253
0.662743
0.69624
0.730856
0.76671
0.803937
0.842685
0.883112
0.925386
0.969696
1.01626
1.0653
1.11708
1.17183
1.2298
1.29121
1.35623
1.42493
1.49727
1.57305
1.65176
1.73255
1.81406
1.89425
1.97028
2.03836
2.09364
2.1304
2.14316
2.12617
2.06339
1.94521
-1.7846
-1.91158
-1.97273
-1.9807
-1.95585
-1.9063
-1.83903
-1.76064
-1.67626
-1.58961
-1.50327
-1.41893
-1.33766
-1.26003
-1.18632
-1.11656
-1.05068
-0.988495
-0.929796
-0.87434
-0.821872
-0.772136
-0.724888
-0.679899
-0.636957
-0.595874
-0.556478
-0.518616
-0.482155
-0.446975
-0.412963
-0.380012
-0.348019
-0.31689
-0.286545
-0.256919
-0.227951
-0.199579
-0.171733
-0.144345
-0.117355
-0.0907204
-0.0644078
-0.0383835
-0.0126073
0.0129648
0.0383746
0.0636597
0.0888539
0.11399
0.139103
0.164234
0.189429
0.214725
0.240155
0.265748
0.291533
0.317548
0.343834
0.370433
0.397392
0.424756
0.452575
0.480897
0.509778
0.539285
0.569492
0.600479
0.632328
0.665131
0.698991
0.734026
0.770372
0.808181
0.847621
0.88887
0.932127
0.977621
1.02561
1.07639
1.13028
1.18762
1.24878
1.3141
1.38393
1.45855
1.53813
1.62272
1.71208
1.80558
1.90205
1.99948
2.09486
2.18386
2.26059
2.31767
2.34742
2.34122
2.27761
2.14342
-2.01458
-2.15923
-2.21791
-2.20911
-2.16094
-2.08548
-1.99231
-1.88975
-1.78384
-1.67858
-1.57649
-1.47905
-1.38697
-1.30051
-1.2196
-1.14402
-1.07341
-1.00741
-0.945627
-0.887665
-0.833155
-0.781747
-0.733126
-0.687004
-0.643123
-0.601256
-0.561202
-0.522786
-0.485856
-0.450275
-0.415918
-0.382665
-0.350406
-0.319045
-0.288499
-0.258698
-0.229575
-0.201062
-0.173085
-0.145574
-0.118473
-0.0917383
-0.0653371
-0.0392344
-0.013389
0.0122458
0.0377164
0.0630639
0.0883214
0.113519
0.13869
0.163878
0.189132
0.214491
0.239987
0.265648
0.291501
0.317584
0.343937
0.370605
0.397639
0.42509
0.453006
0.481435
0.510432
0.540068
0.57042
0.601572
0.633611
0.666633
0.70075
0.73609
0.772802
0.811053
0.851026
0.89292
0.936964
0.983424
1.0326
1.08486
1.14059
1.20023
1.26428
1.33325
1.40768
1.48808
1.57495
1.66864
1.76931
1.87674
1.99011
2.10771
2.22658
2.34202
2.44715
2.53266
2.58802
2.60038
2.54018
2.38815
-2.30355
-2.46742
-2.51621
-2.4789
-2.39545
-2.28356
-2.15603
-2.02297
-1.89105
-1.76421
-1.64457
-1.53304
-1.42976
-1.33445
-1.24658
-1.16553
-1.09065
-1.02131
-0.956898
-0.896873
-0.840733
-0.788031
-0.738377
-0.691426
-0.646876
-0.604465
-0.563968
-0.525192
-0.487967
-0.452141
-0.417575
-0.384142
-0.351727
-0.320232
-0.289572
-0.259672
-0.230463
-0.201871
-0.173822
-0.146247
-0.119089
-0.0923085
-0.0658711
-0.0397413
-0.0138748
0.0117804
0.0372751
0.0626507
0.087937
0.113161
0.138357
0.163572
0.188854
0.214243
0.239769
0.265458
0.29134
0.317447
0.343823
0.370518
0.397586
0.425079
0.453042
0.481521
0.510575
0.540274
0.5707
0.601936
0.634076
0.667221
0.701485
0.737008
0.773949
0.812487
0.852815
0.895153
0.939758
0.986927
1.03701
1.09042
1.14762
1.20918
1.27571
1.34789
1.42649
1.51232
1.60621
1.70897
1.82129
1.94354
2.07557
2.21628
2.36317
2.5116
2.65396
2.77895
2.87255
2.91596
2.86725
2.69626
-2.67668
-2.85866
-2.88306
-2.79805
-2.66165
-2.49906
-2.32658
-2.15574
-1.99318
-1.8421
-1.70359
-1.57756
-1.46324
-1.35957
-1.26542
-1.17965
-1.10125
-1.02928
-0.962905
-0.901413
-0.844175
-0.79065
-0.740377
-0.692959
-0.648056
-0.605379
-0.564684
-0.525763
-0.488431
-0.452525
-0.417895
-0.38441
-0.351954
-0.320426
-0.28974
-0.259821
-0.230597
-0.201993
-0.173935
-0.146354
-0.119198
-0.0924267
-0.0660062
-0.039899
-0.0140555
0.0115818
0.0370654
0.0624336
0.0877121
0.112927
0.138115
0.163323
0.188599
0.21398
0.239498
0.265176
0.291044
0.317133
0.34349
0.370171
0.397232
0.424719
0.452676
0.481147
0.510194
0.539889
0.570314
0.601555
0.633706
0.666869
0.701167
0.736745
0.773769
0.812423
0.85291
0.89547
0.940381
0.987964
1.03861
1.09278
1.15103
1.21399
1.28242
1.35719
1.43931
1.52987
1.63016
1.7415
1.86527
2.00269
2.15461
2.32104
2.50058
2.68941
2.8799
3.0592
3.20952
3.30411
3.28241
3.09438
-3.17687
-3.36686
-3.33818
-3.17419
-2.95911
-2.72701
-2.49704
-2.28078
-2.08345
-1.90633
-1.74865
-1.60866
-1.48429
-1.37346
-1.27424
-1.18495
-1.10412
-1.0305
-0.963023
-0.900814
-0.843127
-0.789339
-0.738927
-0.691455
-0.646556
-0.603924
-0.563299
-0.524462
-0.487221
-0.451404
-0.41686
-0.383455
-0.351074
-0.319616
-0.288996
-0.259139
-0.229975
-0.201429
-0.173428
-0.145904
-0.118807
-0.0920985
-0.0657454
-0.0397056
-0.0139241
0.0116596
0.0370961
0.0624193
0.0876525
0.112822
0.137966
0.16313
0.188362
0.213698
0.239168
0.264796
0.290607
0.316637
0.342937
0.369564
0.396572
0.424004
0.451898
0.480303
0.509279
0.538901
0.56925
0.600412
0.632481
0.665559
0.699774
0.735273
0.772223
0.810811
0.851249
0.893788
0.938719
0.986386
1.03721
1.09169
1.15044
1.21419
1.2838
1.36033
1.445
1.53926
1.64481
1.76362
1.89788
2.04992
2.22199
2.41587
2.63214
2.86906
3.12048
3.37346
3.60715
3.78545
3.82095
3.62748
-3.88183
-4.04337
-3.90453
-3.61107
-3.28109
-2.95619
-2.65529
-2.38694
-2.15243
-1.94934
-1.77384
-1.62186
-1.48957
-1.37364
-1.27128
-1.18014
-1.09833
-1.0243
-0.956785
-0.894751
-0.837366
-0.783947
-0.733932
-0.686858
-0.642347
-0.600086
-0.55981
-0.521295
-0.484346
-0.448791
-0.414481
-0.381286
-0.349094
-0.317809
-0.287348
-0.25764
-0.228614
-0.200199
-0.172319
-0.144913
-0.117931
-0.0913381
-0.0650982
-0.0391654
-0.0134812
0.0120137
0.0373659
0.0626056
0.0877554
0.112842
0.137904
0.162986
0.188135
0.213387
0.23877
0.264307
0.290022
0.315954
0.342158
0.368691
0.3956
0.422923
0.4507
0.478978
0.50782
0.5373
0.567497
0.598497
0.630388
0.663276
0.697286
0.732566
0.769278
0.80761
0.847777
0.890035
0.934681
0.98207
1.03263
1.08691
1.14554
1.20933
1.27924
1.35645
1.4424
1.53885
1.64795
1.77232
1.91507
2.07984
2.27071
2.49193
2.74731
3.03897
3.36495
3.71545
4.06977
4.38387
4.53594
4.37639
-4.93333
-4.96271
-4.60369
-4.10247
-3.60953
-3.16579
-2.78231
-2.45861
-2.18807
-1.96218
-1.77273
-1.6126
-1.47592
-1.35799
-1.25508
-1.16427
-1.08329
-1.01033
-0.943981
-0.883119
-0.826858
-0.774486
-0.72543
-0.679224
-0.635494
-0.593931
-0.554279
-0.516317
-0.479854
-0.444729
-0.410798
-0.37794
-0.346051
-0.31504
-0.284831
-0.255357
-0.226548
-0.198332
-0.170639
-0.143408
-0.116596
-0.0901658
-0.0640804
-0.0382909
-0.0127388
0.0126313
0.0378612
0.0629787
0.0880069
0.112973
0.137915
0.162877
0.187904
0.213035
0.238294
0.2637
0.289281
0.31508
0.341151
0.367545
0.394307
0.421469
0.449072
0.477164
0.505809
0.535078
0.565049
0.595801
0.627419
0.660009
0.693693
0.728609
0.764916
0.802796
0.842464
0.88417
0.928207
0.974929
1.02477
1.07826
1.13608
1.19905
1.26819
1.34478
1.43042
1.5271
1.63737
1.76444
1.91235
2.08617
2.29211
2.53755
2.83088
3.18054
3.59282
4.06739
4.59163
5.12178
5.50352
5.48692
-6.58818
-6.22304
-5.44689
-4.62729
-3.91321
-3.32563
-2.85369
-2.47783
-2.17789
-1.93654
-1.73999
-1.57763
-1.44145
-1.32547
-1.22519
-1.13725
-1.0591
-0.988811
-0.924899
-0.866229
-0.811913
-0.761255
-0.7137
-0.668807
-0.626224
-0.585664
-0.546885
-0.509684
-0.473886
-0.439342
-0.405924
-0.373522
-0.342041
-0.311401
-0.281531
-0.252368
-0.223846
-0.195893
-0.168444
-0.141442
-0.114846
-0.0886205
-0.062726
-0.0371132
-0.0117274
0.0134817
0.0385523
0.0635117
0.088383
0.113193
0.137979
0.162786
0.18766
0.212635
0.237733
0.262974
0.288387
0.314018
0.339918
0.366132
0.392699
0.419652
0.447028
0.47488
0.503268
0.532262
0.561934
0.592356
0.623612
0.655802
0.689039
0.723452
0.759191
0.796432
0.835378
0.876265
0.919373
0.965037
1.01367
1.0658
1.12208
1.18332
1.25054
1.32505
1.40852
1.50309
1.61156
1.73758
1.88601
2.06319
2.27752
2.54
2.86472
3.26924
3.77381
4.39791
5.15156
6.01066
6.82288
7.21985
-9.42148
-7.94626
-6.38518
-5.11164
-4.12531
-3.38405
-2.83367
-2.42163
-2.10789
-1.86431
-1.67119
-1.51475
-1.3853
-1.276
-1.18195
-1.0996
-1.02638
-0.960366
-0.900145
-0.844643
-0.79304
-0.744703
-0.699135
-0.655948
-0.614832
-0.575536
-0.537848
-0.50159
-0.466611
-0.432783
-0.399997
-0.368156
-0.337179
-0.306995
-0.277541
-0.248758
-0.220583
-0.192948
-0.165793
-0.139066
-0.112729
-0.0867446
-0.0610743
-0.0356716
-0.0104863
0.0145272
0.0394044
0.0641721
0.0888538
0.113476
0.138077
0.1627
0.18739
0.212176
0.237081
0.262124
0.287339
0.312769
0.338461
0.364454
0.390782
0.417478
0.444582
0.472142
0.500219
0.528877
0.558181
0.588197
0.619005
0.650696
0.683373
0.717152
0.752175
0.7886
0.826613
0.866428
0.908297
0.952524
0.999491
1.04967
1.10367
1.16224
1.22635
1.29723
1.37652
1.46633
1.56951
1.68991
1.83276
2.00529
2.21761
2.48396
2.82448
3.26782
3.8546
4.6383
5.67371
7.00061
8.61798
10.1562
-14.9351
-10.2025
-7.07226
-5.23615
-4.02043
-3.19365
-2.62866
-2.23085
-1.9402
-1.72059
-1.54946
-1.41213
-1.29889
-1.20317
-1.12041
-1.04744
-0.981981
-0.922412
-0.867543
-0.816499
-0.76862
-0.723405
-0.680468
-0.639508
-0.600287
-0.562611
-0.526315
-0.491259
-0.457326
-0.424414
-0.392436
-0.361316
-0.330985
-0.301384
-0.272461
-0.24416
-0.216424
-0.189194
-0.162413
-0.136036
-0.110026
-0.0843472
-0.0589621
-0.0338287
-0.00890277
0.0158572
0.040485
0.0650073
0.0894473
0.113832
0.138199
0.162589
0.187043
0.211589
0.236246
0.261039
0.286001
0.311172
0.336593
0.362297
0.388316
0.414682
0.441434
0.46862
0.496296
0.524517
0.55334
0.582828
0.613052
0.644089
0.676031
0.708979
0.743057
0.778402
0.815171
0.853543
0.893728
0.93598
0.98061
1.02802
1.0787
1.1333
1.19261
1.2577
1.32996
1.41125
1.50411
1.61203
1.7399
1.89468
2.08652
2.33054
2.64989
3.08131
3.68577
4.56001
5.835
7.74369
10.9618
15.8021
-24.2204
-12.4079
-6.79928
-4.52776
-3.33311
-2.61635
-2.16753
-1.8678
-1.6538
-1.49289
-1.36674
-1.26419
-1.1781
-1.10377
-1.038
-0.978616
-0.924095
-0.873377
-0.825713
-0.780569
-0.73755
-0.696364
-0.65679
-0.618658
-0.581831
-0.546195
-0.511651
-0.478111
-0.4455
-0.413749
-0.382798
-0.352593
-0.323083
-0.294225
-0.265975
-0.238286
-0.21111
-0.184394
-0.15809
-0.132159
-0.106565
-0.0812771
-0.0562606
-0.0314778
-0.00688892
0.0175438
0.0418519
0.0660605
0.0901921
0.114274
0.13834
0.162432
0.186584
0.21082
0.235161
0.259633
0.284268
0.309102
0.334169
0.359498
0.385118
0.41106
0.437361
0.464066
0.491222
0.518876
0.547077
0.57588
0.605345
0.635535
0.666522
0.698393
0.731246
0.765187
0.800333
0.836817
0.87479
0.914427
0.955945
0.999626
1.04581
1.09493
1.14755
1.20438
1.2664
1.33493
1.41177
1.49945
1.60151
1.72307
1.87169
2.05904
2.30396
2.6396
3.12994
3.89652
5.15837
7.52399
13.2471
25.1795
)
;

boundaryField
{
    movingWall
    {
        type            zeroGradient;
    }
    fixedWalls
    {
        type            zeroGradient;
    }
    frontAndBack
    {
        type            empty;
    }
}


// ************************************************************************* //
