/*--------------------------------*- C++ -*----------------------------------*\
| =========                 |                                                 |
| \\      /  F ield         | OpenFOAM: The Open Source CFD Toolbox           |
|  \\    /   O peration     | Version:  2212                                  |
|   \\  /    A nd           | Website:  www.openfoam.com                      |
|    \\/     M anipulation  |                                                 |
\*---------------------------------------------------------------------------*/
FoamFile
{
    version     2.0;
    format      ascii;
    arch        "LSB;label=32;scalar=64";
    class       volScalarField;
    location    "0.002";
    object      p;
}
// * * * * * * * * * * * * * * * * * * * * * * * * * * * * * * * * * * * * * //

dimensions      [0 2 -2 0 0 0 0];

internalField   nonuniform List<scalar> 
10000
(
9.74912e-08
0.00132895
0.00293272
0.00379669
0.00401524
0.00414951
0.00435814
0.00461229
0.00493376
0.00543814
0.00620975
0.00725399
0.00853107
0.0100228
0.0117456
0.0137188
0.0159477
0.018426
0.0211419
0.0240813
0.0272306
0.0305763
0.0341027
0.0377891
0.0416121
0.0455502
0.0495861
0.0537068
0.0579014
0.0621622
0.0664848
0.0708669
0.0753058
0.0797976
0.0843377
0.0889223
0.0935503
0.0982242
0.102948
0.107724
0.112552
0.117431
0.122359
0.127335
0.132357
0.137418
0.142513
0.147635
0.15278
0.157944
0.163121
0.168303
0.17348
0.178644
0.18379
0.188916
0.194016
0.199083
0.204101
0.209054
0.213927
0.218717
0.223423
0.22805
0.232602
0.237078
0.241473
0.24578
0.249996
0.25412
0.258152
0.262091
0.265937
0.269686
0.273332
0.276861
0.280258
0.283505
0.286592
0.289511
0.292255
0.294816
0.297189
0.299366
0.301344
0.30312
0.304686
0.306033
0.307145
0.308013
0.308629
0.308992
0.309101
0.308962
0.308595
0.308046
0.30738
0.306684
0.306091
0.305713
0.00180791
0.00271462
0.0038375
0.00455322
0.0048586
0.00505712
0.00532818
0.0056932
0.00614125
0.00671399
0.00748766
0.00850331
0.00976114
0.01125
0.0129689
0.0149277
0.0171347
0.0195887
0.0222799
0.025193
0.0283138
0.0316292
0.0351229
0.0387737
0.0425585
0.0464563
0.0504509
0.0545294
0.0586811
0.0628994
0.0671819
0.0715271
0.075932
0.0803918
0.0849018
0.0894583
0.0940604
0.0987103
0.103412
0.108166
0.112973
0.11783
0.122738
0.127695
0.132698
0.137739
0.142812
0.14791
0.153028
0.158163
0.163307
0.168453
0.173591
0.178712
0.183813
0.188893
0.193946
0.198964
0.203931
0.208829
0.213645
0.218374
0.22302
0.227589
0.232085
0.236505
0.240845
0.245097
0.249258
0.253328
0.257308
0.261198
0.264997
0.268701
0.272303
0.275788
0.279141
0.282345
0.28539
0.288269
0.290977
0.293506
0.295848
0.297998
0.299954
0.301714
0.30327
0.30461
0.305721
0.306596
0.307236
0.307644
0.307824
0.307785
0.307558
0.307185
0.306722
0.30623
0.305787
0.30547
0.00436748
0.00447149
0.00489841
0.0053299
0.00559057
0.00575142
0.00597224
0.00633871
0.00684385
0.00747003
0.00825908
0.00926179
0.0105051
0.0119913
0.0137136
0.0156717
0.0178717
0.0203143
0.0229901
0.0258848
0.0289851
0.0322782
0.0357468
0.039369
0.0431228
0.0469888
0.0509512
0.0549973
0.0591176
0.0633073
0.067566
0.0718931
0.0762841
0.0807328
0.0852335
0.0897825
0.0943787
0.0990239
0.103721
0.10847
0.113273
0.118127
0.123033
0.127989
0.13299
0.138027
0.143092
0.148177
0.153279
0.158393
0.163512
0.168628
0.17373
0.178812
0.183872
0.188908
0.193918
0.198891
0.203809
0.208655
0.213414
0.218086
0.222675
0.227191
0.231638
0.236012
0.240308
0.24452
0.248645
0.252684
0.256639
0.260509
0.264291
0.26798
0.271566
0.275034
0.278368
0.281551
0.284576
0.287437
0.290127
0.292642
0.294971
0.297112
0.299062
0.300821
0.30238
0.303723
0.30484
0.305727
0.306388
0.306829
0.307055
0.307079
0.306932
0.306655
0.306291
0.305887
0.305474
0.305113
0.00659011
0.00601024
0.00585006
0.0059559
0.00611467
0.00623854
0.00639825
0.00670035
0.00718108
0.0078298
0.00864405
0.00965409
0.0108917
0.0123703
0.0140899
0.0160485
0.0182462
0.0206804
0.0233417
0.0262185
0.0292994
0.032571
0.036014
0.0396067
0.0433291
0.0471635
0.0510949
0.0551115
0.059206
0.0633768
0.0676255
0.0719506
0.0763459
0.0808033
0.0853163
0.0898805
0.0944938
0.0991559
0.103869
0.108633
0.113449
0.118317
0.123238
0.128209
0.133223
0.138272
0.143344
0.148432
0.153531
0.158635
0.163739
0.168831
0.173903
0.17895
0.183973
0.188971
0.193942
0.198875
0.203749
0.208549
0.21326
0.217885
0.22243
0.226905
0.231314
0.235654
0.239918
0.244103
0.248208
0.252233
0.256179
0.260046
0.263827
0.267515
0.271099
0.274563
0.277889
0.281065
0.284083
0.286936
0.289622
0.292131
0.294457
0.296596
0.298548
0.30031
0.301872
0.303217
0.304337
0.305231
0.305905
0.306365
0.306617
0.306676
0.30657
0.306334
0.306002
0.305608
0.305146
0.304655
0.00813469
0.00725173
0.00673199
0.00652189
0.00650071
0.00657556
0.00671049
0.00696402
0.00739541
0.00802959
0.00885915
0.00988856
0.011134
0.0126096
0.0143235
0.0162778
0.0184687
0.0208886
0.0235293
0.0263828
0.0294389
0.0326824
0.0360935
0.0396523
0.043341
0.0471426
0.0510427
0.0550317
0.0591055
0.0632652
0.0675126
0.0718449
0.0762533
0.0807282
0.0852627
0.0898519
0.0944917
0.0991801
0.103917
0.108704
0.113543
0.118434
0.123377
0.128368
0.133402
0.138466
0.14355
0.148646
0.153747
0.158849
0.163942
0.169017
0.174066
0.179086
0.184079
0.189045
0.193983
0.19888
0.203716
0.208475
0.213148
0.217737
0.222251
0.226698
0.231082
0.235399
0.239644
0.243815
0.247912
0.251934
0.255881
0.259752
0.263539
0.267233
0.270821
0.274286
0.277612
0.280787
0.283803
0.286656
0.289337
0.291842
0.294165
0.296303
0.298254
0.300014
0.301572
0.302914
0.304033
0.304931
0.305612
0.30608
0.306344
0.306421
0.306337
0.306115
0.305785
0.30537
0.304832
0.304185
0.00919986
0.00821745
0.00754256
0.00711462
0.00689132
0.00685831
0.00696227
0.00719954
0.00760757
0.00821778
0.00904496
0.0100868
0.0113427
0.0128217
0.0145334
0.0164805
0.0186582
0.0210589
0.0236764
0.0265036
0.0295299
0.0327393
0.0361131
0.0396341
0.0432856
0.0470514
0.0509187
0.0548806
0.0589361
0.0630879
0.067337
0.0716777
0.0760993
0.0805918
0.0851483
0.089763
0.0944303
0.0991462
0.10391
0.108723
0.113588
0.118504
0.123471
0.128484
0.133535
0.138614
0.143709
0.148812
0.153916
0.159016
0.164102
0.169165
0.174198
0.179199
0.184171
0.189114
0.194026
0.198893
0.203698
0.208427
0.213073
0.217641
0.222138
0.226574
0.230949
0.235259
0.2395
0.24367
0.247769
0.251795
0.255749
0.259626
0.26342
0.267122
0.270715
0.274182
0.277509
0.280685
0.283703
0.286553
0.289229
0.291726
0.294041
0.296173
0.298118
0.299869
0.301416
0.302749
0.303865
0.304763
0.305447
0.305916
0.306183
0.306268
0.306193
0.305974
0.305633
0.305187
0.304567
0.303775
0.00999909
0.00894986
0.00821211
0.00769735
0.0073428
0.00718953
0.00723338
0.00745382
0.0078591
0.00846401
0.00928575
0.0103281
0.0115897
0.0130739
0.0147854
0.0167245
0.0188871
0.0212683
0.0238632
0.026664
0.0296579
0.0328295
0.0361627
0.0396424
0.043253
0.0469788
0.0508094
0.0547415
0.0587768
0.0629176
0.0671628
0.0715044
0.0759311
0.0804336
0.0850057
0.0896409
0.0943319
0.0990731
0.103863
0.108703
0.113595
0.118536
0.123526
0.128557
0.133621
0.138709
0.143812
0.14892
0.154028
0.159127
0.164209
0.169266
0.174292
0.179284
0.184243
0.189172
0.194065
0.198912
0.203695
0.208406
0.213041
0.217604
0.222105
0.226548
0.230932
0.235253
0.239505
0.243686
0.247796
0.251832
0.255794
0.259678
0.263478
0.267184
0.270779
0.274245
0.27757
0.280743
0.283755
0.286597
0.289259
0.29174
0.29404
0.296159
0.29809
0.299826
0.301357
0.302678
0.303788
0.304687
0.305371
0.305841
0.306112
0.306204
0.306135
0.305914
0.305561
0.305084
0.304392
0.303478
0.0107484
0.00958978
0.00878337
0.0082389
0.00783822
0.00761012
0.00759002
0.00778372
0.00818331
0.00879121
0.00961215
0.010652
0.0119154
0.0134029
0.0151133
0.0170451
0.0191955
0.0215612
0.0241362
0.0269104
0.0298705
0.0330028
0.0362938
0.0397297
0.0432949
0.0469759
0.050766
0.0546653
0.0586761
0.0627989
0.0670298
0.07136
0.0757794
0.0802806
0.0848586
0.0895062
0.0942147
0.0989773
0.103792
0.108658
0.113575
0.118539
0.123546
0.128588
0.133659
0.13875
0.143855
0.148966
0.154075
0.159175
0.164258
0.169316
0.174341
0.179332
0.18429
0.189212
0.194095
0.19893
0.203704
0.208411
0.213051
0.21763
0.222153
0.226622
0.231034
0.235382
0.239659
0.243863
0.247991
0.252042
0.256014
0.259904
0.263707
0.267412
0.271002
0.274459
0.277772
0.28093
0.283924
0.286744
0.289382
0.291836
0.294111
0.296208
0.298119
0.299835
0.301349
0.302659
0.303767
0.30467
0.30536
0.30584
0.306124
0.306229
0.306168
0.305949
0.305588
0.305086
0.304338
0.303331
0.0114912
0.0102301
0.00934046
0.00875549
0.0083415
0.0080907
0.00803314
0.00819887
0.00858662
0.00919191
0.0100118
0.0110507
0.0123134
0.0137996
0.0155066
0.0174323
0.0195743
0.0219278
0.0244841
0.0272312
0.0301568
0.0332498
0.0364982
0.0398881
0.0434052
0.0470396
0.0507889
0.0546548
0.0586382
0.0627364
0.0669436
0.0712519
0.075654
0.080145
0.0847206
0.0893733
0.0940934
0.0988732
0.103709
0.108597
0.113535
0.118515
0.123531
0.128577
0.133647
0.138737
0.143839
0.148949
0.154059
0.159162
0.164249
0.169312
0.174344
0.179343
0.184305
0.189229
0.194111
0.198945
0.203723
0.208442
0.213106
0.217718
0.222281
0.226792
0.231246
0.235635
0.23995
0.244186
0.24834
0.252412
0.256397
0.260293
0.264095
0.267791
0.271366
0.274802
0.278088
0.281215
0.284174
0.286956
0.289557
0.291976
0.294219
0.296287
0.298175
0.299872
0.301374
0.302681
0.303795
0.30471
0.305417
0.30592
0.306228
0.306355
0.306309
0.306098
0.305737
0.305222
0.30444
0.303368
0.0121385
0.010835
0.0098913
0.00925924
0.00882428
0.0085699
0.00850684
0.00865601
0.00903078
0.00962716
0.0104425
0.0114787
0.0127367
0.0142157
0.0159153
0.0178339
0.0199672
0.0223066
0.0248409
0.0275585
0.0304494
0.033504
0.0367099
0.0400538
0.0435246
0.0471168
0.0508308
0.0546675
0.0586241
0.0626953
0.066875
0.0711575
0.0755386
0.0800157
0.084585
0.0892385
0.0939661
0.098759
0.103611
0.108518
0.11347
0.118459
0.123478
0.128521
0.133587
0.138672
0.143772
0.148881
0.153993
0.1591
0.164195
0.169268
0.174313
0.179324
0.184298
0.189232
0.194124
0.198969
0.203765
0.208513
0.213214
0.217873
0.222486
0.22705
0.231555
0.235993
0.240355
0.244632
0.248822
0.252919
0.256922
0.260825
0.264622
0.268301
0.271848
0.275249
0.278493
0.281572
0.28448
0.287213
0.289768
0.292148
0.294359
0.2964
0.298267
0.299951
0.30145
0.302766
0.303896
0.304832
0.305567
0.306103
0.306448
0.306607
0.306586
0.306395
0.306048
0.305535
0.304734
0.30362
0.0125971
0.0113056
0.0103579
0.00969908
0.00924061
0.008983
0.00892727
0.00907528
0.00944062
0.0100271
0.0108348
0.0118617
0.0131073
0.0145733
0.0162609
0.0181674
0.0202851
0.0226028
0.0251091
0.0277945
0.0306503
0.0336666
0.0368311
0.0401323
0.0435637
0.0471235
0.0508119
0.0546264
0.0585606
0.0626078
0.0667632
0.0710234
0.0753866
0.0798515
0.0844147
0.0890683
0.0938021
0.0986065
0.103474
0.108394
0.113357
0.118353
0.123373
0.128415
0.133479
0.138563
0.143663
0.148776
0.153894
0.15901
0.164118
0.169208
0.174272
0.179304
0.184298
0.189251
0.194163
0.199032
0.20386
0.208647
0.213396
0.218106
0.222773
0.22739
0.231948
0.236439
0.240852
0.245177
0.249407
0.253536
0.257559
0.26147
0.265258
0.268912
0.272421
0.275776
0.278967
0.281989
0.284839
0.287519
0.290029
0.292375
0.29456
0.296582
0.298436
0.300117
0.301625
0.302959
0.304114
0.30508
0.305852
0.306433
0.306825
0.307028
0.307045
0.306887
0.306563
0.30606
0.305251
0.304106
0.0128364
0.0115629
0.0106343
0.00997882
0.00951474
0.00925706
0.0092049
0.009359
0.00972241
0.010301
0.0110959
0.0121057
0.0133329
0.0147814
0.0164513
0.0183372
0.0204294
0.0227173
0.0251911
0.0278425
0.0306624
0.0336403
0.0367655
0.0400302
0.0434317
0.0469695
0.0506412
0.0544404
0.0583584
0.0623884
0.0665275
0.0707738
0.0751265
0.0795851
0.0841467
0.0888041
0.0935472
0.0983659
0.10325
0.108186
0.113163
0.118168
0.123196
0.128246
0.133318
0.138411
0.143522
0.148646
0.153778
0.158911
0.16404
0.169155
0.174248
0.17931
0.184335
0.18932
0.194264
0.199169
0.204038
0.208871
0.213667
0.218426
0.223142
0.227806
0.232413
0.236954
0.241418
0.245792
0.250065
0.254228
0.258273
0.262191
0.265968
0.269595
0.273064
0.276369
0.279507
0.282473
0.28527
0.287903
0.290379
0.292702
0.294872
0.296887
0.29874
0.300429
0.301956
0.303317
0.304505
0.30551
0.306329
0.306964
0.307411
0.307665
0.307728
0.307608
0.307311
0.306819
0.306002
0.304832
0.0128498
0.0115708
0.0106515
0.0100134
0.00956043
0.00930825
0.00926017
0.00941873
0.00978265
0.0103532
0.0111314
0.0121213
0.0133289
0.0147573
0.0164038
0.0182617
0.0203222
0.0225766
0.0250164
0.0276327
0.0304157
0.0333555
0.0364445
0.0396791
0.0430584
0.0465808
0.050241
0.0540296
0.0579373
0.0619585
0.0660911
0.0703339
0.074686
0.0791472
0.0837156
0.0883848
0.0931449
0.0979843
0.102891
0.10785
0.112847
0.117873
0.122921
0.127992
0.133087
0.138203
0.143338
0.148485
0.153642
0.158803
0.163963
0.169115
0.174249
0.179354
0.184425
0.189455
0.194445
0.199398
0.204315
0.209195
0.214036
0.218837
0.223591
0.228295
0.232942
0.237526
0.242035
0.246453
0.250766
0.254961
0.259029
0.262955
0.266726
0.270331
0.273768
0.277035
0.28013
0.283054
0.285812
0.288415
0.290872
0.293186
0.295355
0.297375
0.29924
0.30095
0.302506
0.303903
0.305131
0.306182
0.307054
0.307746
0.308248
0.30855
0.308655
0.308569
0.308293
0.307805
0.306979
0.305786
0.0126173
0.0113124
0.0103817
0.00975416
0.00931583
0.00907058
0.00902958
0.00918958
0.00954994
0.0101103
0.0108734
0.0118472
0.0130377
0.0144451
0.0160656
0.0178935
0.0199222
0.0221439
0.0245503
0.0271312
0.0298768
0.0327797
0.0358362
0.0390453
0.0424064
0.0459158
0.0495661
0.0533476
0.0572513
0.0612727
0.0654096
0.06966
0.0740226
0.0784973
0.0830832
0.0877743
0.0925601
0.097428
0.102364
0.107353
0.112382
0.117439
0.122522
0.12763
0.132762
0.137916
0.143087
0.14827
0.153463
0.158663
0.163868
0.169071
0.174262
0.179427
0.184558
0.189649
0.1947
0.199711
0.204682
0.209611
0.214495
0.219331
0.224116
0.228849
0.233527
0.238144
0.242689
0.247144
0.251491
0.255717
0.259807
0.263747
0.267522
0.271122
0.274546
0.277796
0.280873
0.283778
0.286521
0.289116
0.291572
0.293892
0.296075
0.298113
0.300003
0.301747
0.303341
0.304779
0.306048
0.307144
0.308064
0.308804
0.309349
0.309687
0.309821
0.309755
0.309489
0.308999
0.308159
0.306946
0.0121095
0.0107753
0.00982116
0.00918836
0.00875776
0.00851983
0.00848208
0.00864041
0.00899413
0.00954507
0.010299
0.0112625
0.0124384
0.0138255
0.0154213
0.0172219
0.0192219
0.0214135
0.0237873
0.0263332
0.0290428
0.0319119
0.0349398
0.0381268
0.0414717
0.0449694
0.0486123
0.0523918
0.0563
0.060332
0.0644847
0.0687544
0.0731389
0.0776382
0.0822519
0.0869739
0.091793
0.0966956
0.101667
0.106694
0.111761
0.116862
0.121992
0.127149
0.132331
0.137533
0.142749
0.147977
0.153217
0.15847
0.163733
0.169002
0.174263
0.179503
0.18471
0.189877
0.195001
0.200081
0.205116
0.210099
0.215026
0.219897
0.224711
0.229469
0.234171
0.238812
0.243382
0.247865
0.252241
0.256494
0.260611
0.264574
0.268369
0.271988
0.275428
0.278691
0.281778
0.284695
0.287452
0.290065
0.292542
0.294888
0.297098
0.299167
0.301093
0.302876
0.30451
0.305984
0.307286
0.308412
0.309364
0.310132
0.310699
0.311055
0.311202
0.311142
0.310874
0.310374
0.309516
0.308284
0.0113174
0.00996091
0.00898564
0.00834037
0.00790668
0.00767354
0.00763444
0.00778882
0.00813722
0.00868354
0.00943315
0.0103882
0.011549
0.0129161
0.0144891
0.016265
0.0182381
0.0204003
0.0227421
0.0252544
0.0279313
0.0307714
0.0337755
0.0369442
0.0402757
0.0437656
0.0474074
0.0511939
0.0551174
0.0591718
0.0633517
0.0676518
0.0720687
0.0766025
0.0812527
0.086013
0.0908716
0.0958141
0.100827
0.105896
0.111012
0.116164
0.12135
0.126564
0.131803
0.137059
0.142328
0.147609
0.152905
0.15822
0.163552
0.168897
0.174239
0.179562
0.184855
0.190107
0.195315
0.200475
0.205582
0.210629
0.215609
0.220522
0.225369
0.230155
0.23488
0.239541
0.24413
0.248632
0.253033
0.257315
0.261463
0.265462
0.269298
0.272961
0.276449
0.279757
0.282889
0.285849
0.288652
0.291311
0.293835
0.296225
0.298476
0.300584
0.302549
0.304367
0.30603
0.307523
0.308838
0.309972
0.310929
0.311701
0.312269
0.312624
0.312767
0.312701
0.31242
0.311903
0.311024
0.309774
0.0102724
0.00890043
0.0079105
0.00725751
0.00681831
0.00658303
0.0065426
0.00669493
0.00704166
0.00758622
0.00832981
0.00927171
0.0104136
0.0117584
0.0133069
0.0150563
0.0170005
0.0191318
0.0214414
0.0239224
0.0265711
0.0293875
0.0323728
0.0355277
0.0388511
0.0423402
0.0459903
0.0497948
0.053745
0.0578323
0.0620493
0.0663891
0.0708479
0.0754254
0.080121
0.0849278
0.0898331
0.0948227
0.0998838
0.105005
0.110175
0.115388
0.120635
0.125913
0.131213
0.136528
0.141854
0.147193
0.152552
0.157935
0.163343
0.168766
0.17419
0.179596
0.184974
0.190314
0.195609
0.200856
0.206047
0.211171
0.216218
0.221187
0.22608
0.230904
0.235658
0.240342
0.24495
0.249474
0.2539
0.258215
0.262404
0.266453
0.270349
0.274082
0.277643
0.281029
0.284236
0.287272
0.290151
0.292883
0.295476
0.297925
0.300225
0.302373
0.304368
0.306206
0.307877
0.309367
0.31067
0.311788
0.312726
0.313475
0.314023
0.314361
0.314488
0.314404
0.314103
0.313566
0.312665
0.311398
0.00902986
0.00764777
0.00664914
0.005993
0.00555407
0.00531574
0.00527605
0.00542944
0.00577516
0.0063132
0.00704175
0.00796169
0.00907776
0.0103944
0.0119126
0.0136296
0.0155402
0.0176377
0.0199148
0.0223663
0.0249901
0.0277865
0.0307566
0.0339019
0.0372232
0.0407194
0.0443869
0.0482188
0.0522042
0.0563322
0.0605938
0.0649816
0.0694917
0.0741236
0.0788757
0.0837403
0.0887036
0.0937515
0.0988721
0.104055
0.109291
0.114572
0.119889
0.125234
0.130601
0.13598
0.141369
0.146773
0.152199
0.157654
0.163135
0.168633
0.17413
0.17961
0.185063
0.190483
0.195865
0.201202
0.206482
0.211694
0.216824
0.221866
0.226825
0.231703
0.236503
0.241225
0.245865
0.25042
0.254883
0.259242
0.263486
0.267599
0.271571
0.275392
0.279049
0.282535
0.285843
0.288981
0.291957
0.294781
0.297453
0.299968
0.302318
0.304499
0.30651
0.308349
0.310006
0.31147
0.31274
0.313821
0.31472
0.315429
0.31594
0.316247
0.316347
0.316238
0.315913
0.315355
0.314436
0.313155
0.00764192
0.00625062
0.00524927
0.00459411
0.00415787
0.00392246
0.00388419
0.00403617
0.00437379
0.00489356
0.00559539
0.00648424
0.00756679
0.00884761
0.0103279
0.0120061
0.0138784
0.0159395
0.0181833
0.0206056
0.023205
0.0259818
0.0289379
0.0320766
0.0354006
0.03891
0.0426012
0.0464659
0.0504912
0.0546647
0.0589767
0.0634206
0.0679923
0.0726906
0.0775127
0.082449
0.0874846
0.0926049
0.0977989
0.103057
0.10837
0.113728
0.119123
0.124545
0.129986
0.135438
0.140901
0.146379
0.15188
0.157408
0.162959
0.168521
0.174078
0.179616
0.18513
0.190619
0.196079
0.201501
0.206873
0.212178
0.217401
0.222535
0.227578
0.232534
0.237405
0.242191
0.24689
0.251502
0.256022
0.260445
0.264758
0.26895
0.273012
0.276932
0.280697
0.284295
0.287718
0.29097
0.294054
0.296975
0.299728
0.302305
0.304697
0.3069
0.308915
0.310737
0.312362
0.313785
0.315009
0.316043
0.31689
0.31755
0.318014
0.318281
0.318348
0.31821
0.317862
0.317287
0.316355
0.315063
0.00613553
0.00473289
0.0037291
0.00307887
0.00264352
0.00241048
0.00236815
0.00250805
0.002824
0.00331306
0.00397952
0.00483093
0.00587389
0.00711291
0.00855029
0.0101861
0.0120179
0.0140409
0.01625
0.0186415
0.0212148
0.023971
0.0269138
0.0300486
0.0333794
0.0369066
0.0406253
0.0445253
0.0485928
0.0528149
0.0571828
0.0616904
0.0663336
0.0711101
0.0760148
0.0810362
0.0861574
0.0913634
0.0966433
0.101988
0.107389
0.112835
0.118318
0.123828
0.129356
0.134897
0.140448
0.146014
0.151599
0.157205
0.162824
0.168443
0.17405
0.179635
0.185197
0.190742
0.196268
0.201767
0.207223
0.21262
0.217942
0.223178
0.228326
0.233386
0.238359
0.243244
0.248038
0.252741
0.257349
0.261858
0.266259
0.270543
0.274703
0.278726
0.2826
0.28631
0.289849
0.293214
0.296403
0.299413
0.302237
0.304866
0.307291
0.309508
0.311517
0.313315
0.314901
0.316279
0.317455
0.318438
0.319233
0.319841
0.32026
0.320487
0.320522
0.320357
0.319989
0.3194
0.318459
0.317152
0.00450379
0.00308762
0.00207677
0.00142456
0.000983872
0.000739749
0.000678806
0.000790888
0.00107153
0.00152209
0.00214929
0.00296021
0.00396078
0.00515633
0.00655062
0.00814465
0.00993636
0.0119214
0.0140954
0.0164559
0.0190034
0.0217412
0.0246752
0.0278121
0.0311564
0.0347068
0.0384567
0.0423946
0.0465063
0.0507802
0.0552087
0.0597866
0.0645093
0.0693723
0.0743683
0.0794833
0.0846989
0.089999
0.0953732
0.100813
0.10631
0.111854
0.117435
0.123046
0.128678
0.134325
0.139983
0.145653
0.151337
0.15703
0.162721
0.1684
0.174056
0.179685
0.185293
0.190888
0.196472
0.202037
0.207568
0.213049
0.218467
0.223812
0.229079
0.234267
0.239372
0.244391
0.249317
0.254147
0.258875
0.263495
0.268001
0.272387
0.276647
0.280771
0.284746
0.28856
0.292202
0.295668
0.298949
0.302035
0.304918
0.307588
0.310038
0.312266
0.314269
0.316046
0.3176
0.318939
0.320074
0.321014
0.321765
0.322332
0.322714
0.322911
0.322919
0.322732
0.322344
0.321741
0.320786
0.319453
0.00271646
0.00127555
0.00024914
-0.000422646
-0.000886138
-0.0011621
-0.0012607
-0.00119127
-0.000954381
-0.000545384
4.13156e-05
0.000811142
0.00177034
0.0029255
0.00428094
0.00583741
0.00759277
0.00954346
0.0116867
0.0140219
0.0165517
0.0192816
0.0222191
0.0253711
0.02874
0.0323225
0.0361101
0.0400905
0.0442508
0.0485809
0.0530751
0.0577285
0.0625354
0.0674893
0.0725803
0.0777919
0.0831045
0.0885012
0.0939721
0.0995101
0.105107
0.110754
0.116443
0.122166
0.127915
0.133683
0.139464
0.145255
0.151051
0.156845
0.162623
0.168375
0.174094
0.179781
0.185445
0.191097
0.196739
0.202365
0.207964
0.213522
0.219031
0.224485
0.229879
0.235208
0.240466
0.245644
0.250731
0.255716
0.260589
0.265341
0.269965
0.27446
0.278821
0.283039
0.287104
0.291005
0.294734
0.298283
0.301638
0.304787
0.307718
0.310424
0.3129
0.315144
0.31715
0.31892
0.320458
0.321777
0.32289
0.323804
0.324529
0.325069
0.325428
0.325604
0.325591
0.325382
0.324973
0.324347
0.323366
0.321989
0.000726435
-0.000759547
-0.00181985
-0.00253041
-0.00304132
-0.00336927
-0.00352134
-0.00350401
-0.00331454
-0.00294865
-0.00240306
-0.00167269
-0.000750229
0.000371168
0.00169496
0.00322113
0.00494799
0.00687381
0.00899825
0.011323
0.0138527
0.0165945
0.019556
0.0227416
0.0261509
0.0297781
0.0336134
0.037645
0.0418617
0.0462555
0.0508219
0.0555562
0.0604512
0.0654982
0.0706844
0.0759918
0.0813994
0.0868907
0.0924561
0.0980901
0.103786
0.109537
0.115336
0.121176
0.127048
0.132944
0.138856
0.144776
0.150696
0.156606
0.16249
0.168338
0.174145
0.179917
0.185662
0.19139
0.197104
0.202799
0.208468
0.214103
0.219702
0.225263
0.230784
0.236257
0.241673
0.247019
0.252276
0.257429
0.26246
0.267356
0.27211
0.276718
0.28118
0.285486
0.28963
0.293603
0.297402
0.301017
0.304432
0.307634
0.310611
0.313357
0.315868
0.318141
0.320169
0.321954
0.323502
0.324828
0.325943
0.326856
0.327574
0.328104
0.32845
0.328609
0.328573
0.328336
0.327892
0.327228
0.326203
0.324765
-0.0015207
-0.00307111
-0.00418778
-0.00495486
-0.00553151
-0.00592538
-0.00613996
-0.00617888
-0.00603899
-0.0057179
-0.00521276
-0.00451747
-0.00362461
-0.0025288
-0.00122807
0.000277587
0.00198808
0.00390435
0.00602867
0.00836465
0.0109181
0.0136963
0.0167047
0.0199443
0.0234114
0.027098
0.0309942
0.0350895
0.0393747
0.0438435
0.0484919
0.0533146
0.0583027
0.0634452
0.0687271
0.0741285
0.0796281
0.08521
0.090866
0.096592
0.102384
0.108235
0.114139
0.120091
0.126082
0.132102
0.138141
0.144189
0.150237
0.156272
0.16228
0.168248
0.174174
0.180063
0.185921
0.191756
0.197569
0.203355
0.209111
0.214837
0.220534
0.226204
0.231847
0.237457
0.243023
0.248527
0.253948
0.259263
0.264451
0.269495
0.274383
0.279111
0.283673
0.288065
0.292281
0.296318
0.300176
0.303846
0.307315
0.310568
0.313596
0.316394
0.318959
0.321282
0.323358
0.325184
0.326772
0.328133
0.329278
0.330211
0.330939
0.331469
0.331803
0.331939
0.331868
0.331586
0.331091
0.33037
0.329284
0.32777
-0.00406745
-0.00569805
-0.00688406
-0.00772086
-0.00836955
-0.00883433
-0.0091137
-0.00920938
-0.00911975
-0.00884248
-0.00837326
-0.00770581
-0.00683451
-0.00575626
-0.00446966
-0.00297319
-0.00126439
0.000660342
0.00280525
0.005175
0.00777544
0.0106123
0.0136876
0.0169985
0.0205389
0.0242999
0.0282719
0.0324461
0.0368149
0.0413728
0.0461157
0.0510367
0.0561251
0.0613677
0.0667473
0.072243
0.0778336
0.0835044
0.0892489
0.0950646
0.100948
0.106894
0.112897
0.11895
0.125047
0.131176
0.137329
0.143496
0.149666
0.155828
0.161968
0.168073
0.174142
0.180175
0.186178
0.192153
0.198098
0.204009
0.209886
0.21573
0.221546
0.227338
0.233105
0.238842
0.244541
0.250183
0.255747
0.261207
0.266539
0.271723
0.276743
0.28159
0.286256
0.290735
0.295024
0.299125
0.303041
0.306768
0.310293
0.313606
0.316699
0.319569
0.32221
0.324609
0.326757
0.328653
0.330306
0.331725
0.332917
0.333883
0.334628
0.335156
0.33547
0.335568
0.335446
0.3351
0.334534
0.333741
0.332583
0.330987
-0.00693344
-0.00865256
-0.00991007
-0.0108191
-0.0115372
-0.0120696
-0.0124101
-0.0125592
-0.0125157
-0.0122755
-0.0118334
-0.0111855
-0.0103287
-0.00926121
-0.00798023
-0.00648164
-0.00476037
-0.00281094
-0.000628075
0.00179311
0.00445753
0.00736832
0.0105238
0.0139183
0.0175442
0.0213927
0.0254549
0.0297231
0.0341907
0.0388523
0.0437024
0.0487323
0.0539292
0.0592776
0.0647594
0.0703529
0.0760376
0.0818005
0.0876368
0.0935449
0.0995208
0.105559
0.111653
0.117798
0.123987
0.130211
0.136463
0.142734
0.149016
0.155298
0.161567
0.167814
0.174034
0.180227
0.186395
0.192537
0.198647
0.204721
0.210758
0.216759
0.222727
0.228663
0.234564
0.240428
0.246246
0.252005
0.257685
0.263263
0.268716
0.274021
0.279162
0.284123
0.288894
0.293466
0.297837
0.302013
0.306001
0.309798
0.313396
0.316787
0.319966
0.322929
0.325666
0.328163
0.330406
0.332392
0.334124
0.335611
0.336854
0.337852
0.338606
0.339121
0.339402
0.339447
0.339257
0.338834
0.338188
0.337316
0.336082
0.334407
-0.0101121
-0.0119148
-0.013241
-0.0142145
-0.0149949
-0.0155866
-0.0159804
-0.0161756
-0.0161691
-0.0159557
-0.0155325
-0.0148983
-0.0140519
-0.01299
-0.0117072
-0.0101967
-0.00845177
-0.00646602
-0.00423385
-0.00175067
0.000986979
0.00397935
0.00722172
0.0107067
0.0144264
0.0183721
0.0225355
0.0269097
0.0314879
0.0362639
0.0412309
0.046378
0.0516901
0.0571503
0.0627399
0.0684379
0.0742247
0.0800889
0.0860268
0.0920365
0.0981127
0.104248
0.110435
0.116669
0.122944
0.129257
0.1356
0.141967
0.148351
0.154744
0.161135
0.167515
0.173883
0.180238
0.186578
0.192899
0.199196
0.205463
0.211695
0.21789
0.224044
0.230153
0.236209
0.242207
0.248141
0.254003
0.259777
0.265445
0.270989
0.27639
0.281632
0.286698
0.291573
0.296246
0.300717
0.304991
0.309076
0.312969
0.316665
0.320158
0.323444
0.326518
0.329368
0.331975
0.334321
0.336401
0.338216
0.339766
0.34105
0.342067
0.342817
0.343308
0.343543
0.343526
0.343262
0.34276
0.342033
0.341087
0.339786
0.338039
-0.0135745
-0.0154485
-0.0168362
-0.0178641
-0.0186983
-0.0193398
-0.0197787
-0.0200113
-0.0200328
-0.0198398
-0.0194324
-0.0188112
-0.0179734
-0.0169129
-0.0156217
-0.0140914
-0.0123147
-0.0102852
-0.00799717
-0.00544668
-0.002632
0.000444555
0.0037763
0.00735511
0.0111729
0.0152212
0.0194921
0.0239785
0.0286731
0.0335685
0.0386565
0.0439245
0.0493555
0.0549315
0.0606344
0.0664448
0.0723446
0.078323
0.0843764
0.090502
0.0966921
0.102936
0.109227
0.11556
0.121933
0.128343
0.134785
0.141254
0.147743
0.154246
0.160753
0.167261
0.173769
0.180277
0.186783
0.193283
0.199771
0.206241
0.212685
0.219094
0.225458
0.231763
0.237995
0.244145
0.250204
0.256167
0.262023
0.267761
0.273371
0.278844
0.284167
0.289326
0.294305
0.299094
0.303687
0.308089
0.312301
0.316321
0.320142
0.323759
0.327169
0.330364
0.33333
0.336043
0.338488
0.340653
0.342536
0.344136
0.345448
0.34647
0.347207
0.347666
0.347854
0.347778
0.347446
0.346873
0.346078
0.345072
0.343715
0.341907
-0.0172851
-0.0192201
-0.0206588
-0.0217344
-0.0226158
-0.0233016
-0.0237806
-0.024046
-0.0240936
-0.0239229
-0.0235349
-0.0229285
-0.0220978
-0.0210339
-0.0197274
-0.0181703
-0.0163554
-0.0142765
-0.0119279
-0.00930665
-0.00641284
-0.0032509
0.000171494
0.00384593
0.00776391
0.0119168
0.0162966
0.0208961
0.0257072
0.0307212
0.035929
0.0413169
0.0468668
0.05256
0.0583798
0.064309
0.0703312
0.0764357
0.0826178
0.0888733
0.0951924
0.101563
0.107977
0.114431
0.120925
0.127456
0.134022
0.140614
0.147227
0.153853
0.160487
0.167127
0.173774
0.180431
0.187097
0.193765
0.200432
0.207093
0.21374
0.22036
0.226937
0.233447
0.239869
0.246187
0.252388
0.258464
0.264405
0.27021
0.275877
0.281408
0.286801
0.292047
0.297136
0.302053
0.306793
0.31135
0.31572
0.319892
0.323859
0.327615
0.331154
0.334469
0.33754
0.340346
0.342869
0.345101
0.347035
0.348668
0.349997
0.35102
0.351745
0.352179
0.352331
0.352209
0.351826
0.3512
0.350355
0.349303
0.347901
0.346038
-0.0212169
-0.023206
-0.0246888
-0.0258103
-0.0267387
-0.0274703
-0.0279917
-0.0282947
-0.0283761
-0.028236
-0.0278729
-0.0272819
-0.0264544
-0.0253805
-0.0240518
-0.0224612
-0.020602
-0.0184679
-0.0160538
-0.0133575
-0.0103814
-0.00713142
-0.00361565
0.00015696
0.00417703
0.00843523
0.0129235
0.0176341
0.0225583
0.0276872
0.0330104
0.0385139
0.0441794
0.0499886
0.0559258
0.0619763
0.0681253
0.074362
0.0806805
0.0870748
0.0935345
0.100047
0.106604
0.113205
0.11985
0.126536
0.133258
0.140006
0.146773
0.153551
0.160339
0.167134
0.173939
0.180755
0.18758
0.19441
0.20124
0.208069
0.214892
0.221698
0.228467
0.235171
0.241783
0.248279
0.25464
0.26085
0.266898
0.272785
0.27852
0.284117
0.289584
0.294923
0.300127
0.305186
0.310089
0.314822
0.319366
0.323706
0.327828
0.331724
0.335388
0.338808
0.341967
0.344845
0.347426
0.349704
0.351674
0.353332
0.354678
0.35571
0.356436
0.356864
0.357001
0.356856
0.356444
0.355785
0.354905
0.353817
0.352375
0.350452
-0.0253629
-0.0274034
-0.0289317
-0.0301026
-0.0310852
-0.0318716
-0.0324454
-0.0327976
-0.0329242
-0.0328219
-0.0324851
-0.0319058
-0.0310748
-0.0299837
-0.0286259
-0.0269953
-0.0250853
-0.0228894
-0.020403
-0.0176256
-0.0145612
-0.0112171
-0.00760204
-0.00372626
0.000399484
0.00476492
0.00936144
0.0141811
0.0192151
0.0244545
0.0298885
0.0355029
0.0412799
0.047202
0.053255
0.0594254
0.0657002
0.0720686
0.0785237
0.0850589
0.0916643
0.0983285
0.105045
0.111812
0.118632
0.125501
0.132409
0.139345
0.146299
0.153268
0.160247
0.167236
0.174234
0.181237
0.18824
0.195238
0.202226
0.209207
0.21618
0.223138
0.230065
0.236936
0.243722
0.250395
0.256927
0.263294
0.269479
0.275482
0.281317
0.287005
0.292567
0.298012
0.303343
0.308551
0.313622
0.318534
0.323258
0.327766
0.33204
0.336068
0.339843
0.343352
0.346579
0.34951
0.352134
0.354448
0.35645
0.358137
0.35951
0.360569
0.361318
0.361764
0.361911
0.361765
0.361343
0.360666
0.359758
0.358636
0.357147
0.355153
-0.0297446
-0.0318425
-0.0334243
-0.0346528
-0.0356998
-0.0365513
-0.0371876
-0.0375982
-0.0377744
-0.0377083
-0.0373913
-0.0368153
-0.0359727
-0.0348575
-0.0334643
-0.0317869
-0.0298183
-0.027552
-0.0249844
-0.0221168
-0.0189547
-0.0155066
-0.0117832
-0.00779651
-0.0035593
0.000917252
0.00562393
0.0105525
0.015695
0.0210429
0.0265856
0.0323086
0.0381949
0.0442282
0.0503952
0.0566832
0.0630801
0.069576
0.0761639
0.0828375
0.0895885
0.0964073
0.103289
0.110232
0.117238
0.124302
0.131413
0.138558
0.145726
0.152916
0.160125
0.16735
0.174583
0.181812
0.189026
0.196216
0.203378
0.210514
0.217627
0.224716
0.231772
0.238779
0.245714
0.252548
0.259251
0.26579
0.272142
0.278301
0.284279
0.290099
0.295787
0.30136
0.306826
0.312184
0.317419
0.322501
0.327393
0.332058
0.336473
0.340621
0.344492
0.348075
0.351357
0.354332
0.356995
0.359349
0.361392
0.363124
0.364543
0.36565
0.366445
0.366929
0.367103
0.366972
0.366549
0.365856
0.364918
0.363753
0.362204
0.360126
-0.03441
-0.03658
-0.0382248
-0.0395187
-0.0406357
-0.0415554
-0.0422553
-0.0427206
-0.0429377
-0.0428955
-0.042586
-0.0420026
-0.0411403
-0.0399942
-0.0385587
-0.0368264
-0.0347898
-0.0324428
-0.0297835
-0.0268147
-0.0235434
-0.0199799
-0.0161375
-0.0120314
-0.00767611
-0.00308343
0.00173708
0.00677715
0.0120299
0.0174884
0.0231422
0.0289763
0.0349741
0.0411206
0.0474029
0.0538089
0.060327
0.0669484
0.0736674
0.0804789
0.0873755
0.0943496
0.101397
0.108517
0.115709
0.122967
0.130282
0.13764
0.145033
0.152461
0.159923
0.167412
0.174912
0.182401
0.18986
0.197275
0.204642
0.21196
0.21923
0.226453
0.233627
0.24075
0.247808
0.254783
0.261646
0.268361
0.274901
0.281251
0.287415
0.29341
0.299259
0.304982
0.310594
0.316098
0.321484
0.326718
0.331758
0.336562
0.341102
0.345358
0.349316
0.352967
0.356304
0.359326
0.362039
0.364447
0.366551
0.368347
0.369833
0.371005
0.371859
0.372391
0.372598
0.37248
0.372052
0.371335
0.370356
0.369135
0.367516
0.365343
-0.0394149
-0.0416726
-0.0433871
-0.0447477
-0.0459301
-0.0469102
-0.0476614
-0.0481649
-0.0484043
-0.0483692
-0.0480536
-0.0474529
-0.046563
-0.0453783
-0.0438917
-0.0420947
-0.0399798
-0.0375419
-0.0347807
-0.0317004
-0.0283098
-0.0246217
-0.0206525
-0.0164205
-0.011942
-0.00722877
-0.00229018
0.00286603
0.00823432
0.0138093
0.0195809
0.0255334
0.0316499
0.0379162
0.0443204
0.0508507
0.0574963
0.0642497
0.0711069
0.078064
0.085114
0.0922494
0.0994659
0.106763
0.114139
0.121588
0.129101
0.136667
0.144283
0.15195
0.159665
0.167422
0.175195
0.182957
0.19068
0.198347
0.20595
0.213486
0.220948
0.228332
0.23564
0.242878
0.250049
0.257148
0.264157
0.271045
0.277781
0.284345
0.290729
0.296936
0.302978
0.308872
0.314637
0.320284
0.325805
0.33117
0.336335
0.341259
0.345911
0.350267
0.354314
0.358039
0.361442
0.364529
0.367311
0.369793
0.371975
0.373851
0.375415
0.376657
0.377571
0.378146
0.378375
0.378258
0.377811
0.377056
0.376026
0.374744
0.373052
0.370787
-0.044802
-0.0471555
-0.0489411
-0.050361
-0.0515959
-0.05262
-0.0534027
-0.0539233
-0.0541668
-0.0541246
-0.0537922
-0.0531654
-0.052239
-0.0510059
-0.0494577
-0.0475858
-0.0453833
-0.0428466
-0.0399764
-0.0367783
-0.0332631
-0.0294463
-0.0253477
-0.0209878
-0.016384
-0.0115477
-0.00648733
-0.00120938
0.00428175
0.00998159
0.01588
0.0219604
0.0282057
0.0346023
0.0411394
0.0478066
0.0545943
0.0614964
0.06851
0.0756316
0.0828537
0.090167
0.0975664
0.105051
0.112618
0.120262
0.127974
0.135748
0.143581
0.151476
0.159432
0.167438
0.175468
0.183489
0.19147
0.199393
0.207248
0.215028
0.222718
0.230303
0.23778
0.245157
0.252452
0.259677
0.266827
0.273884
0.280818
0.287606
0.294227
0.300668
0.306925
0.313008
0.318934
0.324718
0.330361
0.335837
0.341108
0.346137
0.350893
0.355351
0.359495
0.363312
0.366804
0.36998
0.372852
0.375425
0.377695
0.379654
0.381291
0.382595
0.383554
0.384155
0.384388
0.384257
0.383778
0.38298
0.381898
0.380562
0.378807
0.37646
-0.0505903
-0.0530382
-0.0548907
-0.0563582
-0.057631
-0.0586824
-0.0594793
-0.0600026
-0.0602391
-0.0601814
-0.0598244
-0.0591627
-0.0581896
-0.056897
-0.0552769
-0.0533217
-0.0510257
-0.0483861
-0.0454043
-0.0420871
-0.0384474
-0.0345037
-0.030278
-0.0257921
-0.0210635
-0.0161031
-0.0109175
-0.00551194
0.000109979
0.0059435
0.0119775
0.018195
0.024579
0.0311171
0.0378004
0.0446206
0.0515702
0.0586438
0.0658384
0.07315
0.0805698
0.0880864
0.0956927
0.103387
0.111167
0.119027
0.126957
0.134949
0.143004
0.151124
0.159307
0.167541
0.1758
0.184051
0.192265
0.200426
0.208527
0.216556
0.224493
0.232311
0.239997
0.247557
0.255012
0.262386
0.26969
0.276917
0.284049
0.29106
0.29792
0.304602
0.311085
0.317365
0.323456
0.329376
0.335132
0.340706
0.346071
0.351197
0.356057
0.360627
0.364885
0.368817
0.372421
0.375707
0.378683
0.381352
0.383708
0.385739
0.387433
0.388779
0.389762
0.390369
0.390593
0.39044
0.389931
0.389099
0.387981
0.386609
0.384809
0.382397
-0.0567745
-0.0593097
-0.0612227
-0.0627294
-0.0640313
-0.0651012
-0.0659059
-0.0664284
-0.0666556
-0.0665785
-0.0661903
-0.0654847
-0.0644544
-0.0630927
-0.0613931
-0.0593499
-0.0569579
-0.0542146
-0.0511217
-0.0476872
-0.0439265
-0.0398606
-0.0355124
-0.0309035
-0.0260509
-0.0209643
-0.0156491
-0.0101093
-0.00434853
0.00162688
0.00780406
0.0141656
0.0206963
0.027386
0.0342281
0.0412171
0.0483476
0.0556145
0.0630132
0.070538
0.0781794
0.0859251
0.0937662
0.1017
0.109725
0.117833
0.126011
0.13425
0.142547
0.150904
0.159317
0.167771
0.176242
0.184701
0.193123
0.201497
0.209821
0.218086
0.226268
0.234334
0.242263
0.25005
0.257713
0.265278
0.272762
0.280173
0.287502
0.294728
0.301818
0.308733
0.315439
0.321919
0.328179
0.334236
0.340102
0.345771
0.351227
0.356453
0.361427
0.366122
0.370512
0.374576
0.378308
0.381714
0.384797
0.387556
0.389983
0.392068
0.393799
0.395168
0.396161
0.396769
0.396985
0.396821
0.396301
0.395458
0.394329
0.392942
0.391114
0.388645
-0.0633338
-0.0659486
-0.0679188
-0.0694644
-0.0707966
-0.071888
-0.0727061
-0.073233
-0.0734528
-0.0733537
-0.072928
-0.0721701
-0.0710745
-0.0696371
-0.0678539
-0.0657202
-0.0632308
-0.060383
-0.0571791
-0.0536288
-0.0497499
-0.0455652
-0.0410971
-0.0363659
-0.0313871
-0.0261693
-0.020717
-0.0150343
-0.00912618
-0.00300107
0.00332602
0.00983784
0.0165221
0.0233724
0.0303849
0.0375559
0.0448818
0.0523571
0.0599747
0.067727
0.075605
0.0835978
0.091696
0.0998955
0.108193
0.116581
0.125042
0.133561
0.14213
0.150748
0.159409
0.168099
0.17679
0.185457
0.19408
0.202656
0.211187
0.219669
0.228081
0.236393
0.244578
0.252627
0.260543
0.268342
0.276042
0.283655
0.291183
0.298615
0.305919
0.313052
0.319971
0.326649
0.333082
0.339283
0.345268
0.351041
0.356598
0.361935
0.367034
0.371866
0.376399
0.380603
0.384467
0.387988
0.391168
0.394003
0.396487
0.39861
0.400368
0.401755
0.402763
0.403383
0.403613
0.403465
0.402962
0.402134
0.401014
0.399626
0.397772
0.39524
-0.0702486
-0.0729395
-0.0749699
-0.0765618
-0.077934
-0.0790582
-0.0799003
-0.0804376
-0.0806505
-0.0805253
-0.0800554
-0.0792378
-0.0780706
-0.0765527
-0.0746818
-0.0724533
-0.0698616
-0.0669043
-0.0635856
-0.0599175
-0.0559196
-0.0516149
-0.0470247
-0.0421672
-0.0370558
-0.0316976
-0.0260973
-0.0202608
-0.0141954
-0.00791221
-0.00142746
0.00524239
0.0120889
0.0191103
0.0263049
0.0336697
0.041201
0.048893
0.0567362
0.0647214
0.0728412
0.0810884
0.0894551
0.097935
0.106522
0.115206
0.123969
0.132789
0.141655
0.15056
0.159496
0.168446
0.177384
0.186282
0.195125
0.203913
0.212654
0.221348
0.229982
0.238531
0.246975
0.255299
0.263495
0.271565
0.279512
0.287346
0.295079
0.302709
0.310213
0.317549
0.324671
0.331545
0.338158
0.344519
0.350642
0.356537
0.362213
0.367674
0.372908
0.377883
0.382559
0.386899
0.390884
0.39451
0.397773
0.400673
0.403205
0.405367
0.407159
0.40858
0.409626
0.410288
0.410563
0.410459
0.409996
0.409199
0.408094
0.406698
0.4048
0.402188
-0.077518
-0.0802877
-0.082386
-0.0840344
-0.0854577
-0.086625
-0.0874962
-0.0880428
-0.088243
-0.0880838
-0.0875612
-0.086676
-0.0854302
-0.0838247
-0.0818578
-0.0795245
-0.0768198
-0.0737429
-0.0703011
-0.0665091
-0.0623873
-0.0579573
-0.0532384
-0.0482464
-0.0429925
-0.0374824
-0.0317214
-0.0257188
-0.0194857
-0.0130346
-0.00638201
0.000457454
0.00747915
0.0146857
0.0220769
0.029648
0.037394
0.0453086
0.0533817
0.0616029
0.0699669
0.0784708
0.0871089
0.0958725
0.104751
0.113731
0.122794
0.131917
0.141084
0.150286
0.159512
0.168743
0.177951
0.187109
0.196202
0.205232
0.214208
0.223132
0.231996
0.240785
0.249486
0.258086
0.266573
0.27493
0.283146
0.291221
0.299167
0.306993
0.314687
0.322216
0.329536
0.336609
0.343416
0.349958
0.356245
0.362287
0.368102
0.3737
0.379071
0.384183
0.388992
0.393455
0.39755
0.401269
0.404611
0.407576
0.410166
0.412384
0.414235
0.415721
0.416836
0.41757
0.417913
0.417869
0.41745
0.416676
0.415568
0.414141
0.412175
0.409459
-0.085162
-0.0880197
-0.0901937
-0.0919055
-0.0933844
-0.0945939
-0.0954869
-0.0960311
-0.0962054
-0.0959996
-0.0954131
-0.0944503
-0.0931159
-0.0914116
-0.0893354
-0.086883
-0.0840513
-0.0808428
-0.0772685
-0.0733455
-0.0690938
-0.0645322
-0.059677
-0.0545417
-0.0491353
-0.0434625
-0.0375299
-0.0313506
-0.0249395
-0.0183101
-0.0114769
-0.00445243
0.00276163
0.0101711
0.0177763
0.0255694
0.0335423
0.041689
0.0500005
0.0584671
0.0670842
0.0758515
0.0847649
0.0938125
0.102978
0.112245
0.121593
0.131004
0.14046
0.14995
0.159462
0.168974
0.17846
0.187894
0.19726
0.206561
0.215805
0.224992
0.234114
0.24316
0.252126
0.261003
0.269779
0.278428
0.286924
0.295255
0.303428
0.311456
0.319338
0.327056
0.334574
0.341854
0.348873
0.35562
0.362097
0.368311
0.374281
0.380022
0.385528
0.390766
0.395694
0.400268
0.404464
0.408277
0.411705
0.414754
0.417427
0.419731
0.421673
0.423253
0.424462
0.425281
0.425694
0.425698
0.425304
0.424526
0.423386
0.421899
0.419842
0.417007
-0.0932111
-0.0961688
-0.0984224
-0.100197
-0.101724
-0.102961
-0.103857
-0.10438
-0.104511
-0.104244
-0.103582
-0.10253
-0.101096
-0.0992806
-0.0970815
-0.0944969
-0.0915272
-0.0881792
-0.0844672
-0.0804094
-0.0760243
-0.0713273
-0.066331
-0.0610459
-0.0554799
-0.0496373
-0.0435263
-0.0371631
-0.0305659
-0.0237476
-0.0167201
-0.00949344
-0.00206806
0.00556344
0.0134011
0.0214338
0.0296504
0.0380451
0.0466119
0.0553428
0.0642329
0.0732812
0.0824821
0.0918201
0.101274
0.110822
0.120445
0.130128
0.139856
0.149618
0.159399
0.169181
0.178936
0.188642
0.198288
0.207877
0.217414
0.226896
0.23631
0.245642
0.25489
0.264051
0.273116
0.282056
0.290837
0.299434
0.307846
0.316088
0.324166
0.332076
0.339795
0.347294
0.354541
0.361516
0.368206
0.374613
0.380751
0.386638
0.392273
0.397629
0.402666
0.407346
0.411647
0.415565
0.419102
0.422261
0.425047
0.427467
0.429524
0.431213
0.432516
0.433409
0.433869
0.433892
0.433488
0.432675
0.431477
0.429914
0.427761
0.424808
-0.101692
-0.10476
-0.107092
-0.108919
-0.110477
-0.111719
-0.112597
-0.11308
-0.113153
-0.112815
-0.112068
-0.110922
-0.10938
-0.107445
-0.105115
-0.102392
-0.0992814
-0.0957936
-0.0919448
-0.0877529
-0.083234
-0.0784003
-0.0732605
-0.0678222
-0.0620921
-0.0560757
-0.0497824
-0.0432308
-0.0364403
-0.0294229
-0.022187
-0.0147413
-0.00708657
0.000784352
0.00887135
0.017161
0.0256399
0.0343029
0.0431476
0.0521677
0.0613575
0.070712
0.0802212
0.0898647
0.0996169
0.109455
0.119359
0.129314
0.139309
0.149333
0.159375
0.169415
0.17943
0.189401
0.199324
0.209205
0.219049
0.228846
0.238575
0.248218
0.257766
0.267222
0.276579
0.285811
0.294878
0.303748
0.312414
0.320882
0.329169
0.33728
0.345211
0.352938
0.360429
0.367648
0.374571
0.381184
0.3875
0.393538
0.399303
0.404775
0.409923
0.414716
0.419136
0.423181
0.42685
0.430145
0.433066
0.435615
0.437788
0.439575
0.440951
0.441887
0.442361
0.442371
0.441932
0.441066
0.439805
0.438173
0.435939
0.432881
-0.11062
-0.113802
-0.116207
-0.118074
-0.119644
-0.120874
-0.121718
-0.122153
-0.122164
-0.121752
-0.120921
-0.119678
-0.118027
-0.115971
-0.113511
-0.110652
-0.107404
-0.10378
-0.0997981
-0.0954731
-0.090819
-0.0858455
-0.0805581
-0.0749614
-0.0690618
-0.0628663
-0.0563856
-0.0496386
-0.0426452
-0.0354161
-0.0279569
-0.020276
-0.012376
-0.00425096
0.00409917
0.0126606
0.021419
0.0303704
0.0395146
0.0488469
0.0583596
0.0680434
0.0778818
0.0878486
0.0979154
0.108059
0.118261
0.128507
0.138783
0.14908
0.159388
0.169691
0.179971
0.190215
0.200422
0.210601
0.220758
0.230878
0.240933
0.250896
0.260756
0.270514
0.280165
0.289688
0.299043
0.308194
0.317124
0.325836
0.334348
0.342677
0.350831
0.358798
0.366542
0.374019
0.381185
0.388018
0.394522
0.40072
0.406622
0.412221
0.417492
0.422414
0.426973
0.431164
0.434984
0.438427
0.441485
0.444154
0.446424
0.44828
0.449697
0.450647
0.451111
0.451095
0.450619
0.449711
0.448405
0.446727
0.444434
0.441287
-0.119999
-0.123296
-0.125768
-0.127664
-0.129237
-0.130449
-0.13126
-0.131649
-0.131603
-0.131123
-0.130213
-0.128878
-0.127122
-0.124949
-0.122362
-0.119371
-0.115989
-0.112231
-0.108114
-0.103651
-0.0988531
-0.0937293
-0.0882828
-0.0825161
-0.0764353
-0.0700492
-0.0633688
-0.0564125
-0.0492004
-0.0417422
-0.0340425
-0.02611
-0.01795
-0.00955757
-0.000931907
0.00791391
0.0169662
0.0262224
0.0356831
0.0453426
0.055191
0.0652157
0.0753951
0.0856968
0.0960892
0.106552
0.11707
0.127628
0.138209
0.148799
0.15939
0.169975
0.180543
0.191085
0.201601
0.212099
0.222582
0.233032
0.243417
0.253702
0.263872
0.273928
0.283871
0.293684
0.303328
0.312766
0.321974
0.330949
0.339708
0.348274
0.356668
0.364885
0.37289
0.38063
0.38805
0.395114
0.40182
0.408193
0.414249
0.41999
0.425403
0.430472
0.435186
0.439536
0.44351
0.447094
0.450274
0.453038
0.455377
0.457277
0.458715
0.459669
0.460128
0.460101
0.459614
0.458693
0.457372
0.455672
0.453331
0.450095
-0.12983
-0.133239
-0.135778
-0.137702
-0.139283
-0.140486
-0.141273
-0.141626
-0.141534
-0.140994
-0.140009
-0.138584
-0.136724
-0.134433
-0.13172
-0.128596
-0.125077
-0.121177
-0.116913
-0.112297
-0.107339
-0.102046
-0.0964202
-0.0904638
-0.0841826
-0.0775865
-0.0706864
-0.0634995
-0.0560464
-0.0483377
-0.040378
-0.0321772
-0.0237422
-0.0150681
-0.00615278
0.00299134
0.0123513
0.0219259
0.0317153
0.0417105
0.0518979
0.0622636
0.072784
0.083422
0.0941418
0.104924
0.115763
0.126646
0.13755
0.148454
0.159349
0.170234
0.181112
0.19198
0.202837
0.213685
0.224518
0.235314
0.246035
0.256644
0.267121
0.277469
0.287695
0.29779
0.307725
0.317459
0.326964
0.336227
0.345259
0.354088
0.362739
0.371216
0.379487
0.387494
0.395174
0.40248
0.409407
0.415975
0.422206
0.42811
0.433682
0.438911
0.443786
0.448292
0.452411
0.456119
0.459398
0.462236
0.464627
0.466564
0.468031
0.469011
0.469496
0.469496
0.469034
0.46813
0.466811
0.465092
0.462689
0.459344
-0.140111
-0.143634
-0.146247
-0.14821
-0.149812
-0.151019
-0.151794
-0.15212
-0.151984
-0.151384
-0.150321
-0.1488
-0.146828
-0.144413
-0.141566
-0.138301
-0.134632
-0.130575
-0.126146
-0.121357
-0.116217
-0.110731
-0.104903
-0.0987339
-0.0922302
-0.0854016
-0.0782586
-0.0708175
-0.0631004
-0.0551199
-0.0468812
-0.0383953
-0.0296695
-0.0206973
-0.0114746
-0.00201437
0.00766916
0.0175758
0.0277055
0.038044
0.0485719
0.0592747
0.0701311
0.0811021
0.0921464
0.103244
0.114395
0.125598
0.136831
0.148065
0.159279
0.170479
0.181677
0.192882
0.204097
0.215314
0.226519
0.237679
0.248753
0.259696
0.270486
0.281125
0.291629
0.302004
0.312231
0.322276
0.332102
0.341684
0.351021
0.360136
0.369061
0.377807
0.386348
0.394626
0.402572
0.410133
0.417298
0.424083
0.430512
0.436598
0.442343
0.447738
0.45277
0.457422
0.461669
0.465484
0.46885
0.471758
0.47421
0.476206
0.477736
0.478783
0.479336
0.479399
0.478984
0.478102
0.476774
0.475007
0.472508
0.469022
-0.150848
-0.154493
-0.157194
-0.15921
-0.160843
-0.162061
-0.162827
-0.163122
-0.162935
-0.162262
-0.161106
-0.159475
-0.157379
-0.154827
-0.151833
-0.148413
-0.144581
-0.140351
-0.13574
-0.13076
-0.12542
-0.119723
-0.113675
-0.107277
-0.100533
-0.093453
-0.0860477
-0.0783333
-0.0703343
-0.0620655
-0.0535321
-0.0447452
-0.0357124
-0.0264239
-0.0168733
-0.00707607
0.00294954
0.0132034
0.0236865
0.0343797
0.0452552
0.0562964
0.0674874
0.0787917
0.090162
0.101572
0.113028
0.124541
0.136102
0.147676
0.159231
0.170762
0.182286
0.193823
0.205385
0.216966
0.228544
0.240079
0.251519
0.262814
0.273933
0.284876
0.295667
0.306329
0.31686
0.327234
0.337406
0.347337
0.357009
0.366437
0.375652
0.384674
0.393487
0.402037
0.410255
0.418084
0.425503
0.432526
0.439174
0.445459
0.451385
0.456947
0.462131
0.466918
0.471284
0.475204
0.478664
0.481663
0.484209
0.486305
0.487941
0.489093
0.489738
0.489871
0.489491
0.488604
0.487227
0.485372
0.48274
0.479088
-0.162056
-0.165835
-0.168635
-0.170712
-0.172377
-0.1736
-0.174346
-0.174596
-0.17434
-0.173576
-0.172309
-0.170552
-0.168317
-0.165619
-0.162469
-0.158885
-0.15488
-0.15047
-0.145669
-0.14049
-0.134941
-0.129028
-0.122752
-0.116115
-0.10912
-0.101777
-0.0940964
-0.0860955
-0.0778025
-0.069234
-0.0603933
-0.0512903
-0.0419331
-0.0323094
-0.0224102
-0.0122551
-0.00186895
0.00874707
0.0195971
0.0306591
0.0418955
0.0532842
0.064815
0.0764589
0.0881656
0.0998988
0.111663
0.123484
0.135371
0.147298
0.159221
0.171116
0.182988
0.194859
0.206752
0.218672
0.230601
0.242499
0.254308
0.265967
0.277436
0.288708
0.299811
0.310781
0.321636
0.332357
0.342898
0.353203
0.363235
0.372995
0.382514
0.391819
0.400907
0.409733
0.41823
0.426338
0.43403
0.44131
0.448194
0.454691
0.460806
0.466535
0.471868
0.476791
0.481283
0.485325
0.488908
0.492035
0.494717
0.496951
0.498719
0.499983
0.500711
0.500884
0.500497
0.499558
0.49809
0.496116
0.493336
0.489514
-0.173754
-0.177677
-0.180579
-0.182713
-0.1844
-0.185617
-0.186327
-0.186515
-0.186172
-0.185301
-0.183913
-0.182022
-0.179645
-0.176797
-0.17349
-0.169741
-0.165564
-0.160973
-0.155983
-0.150606
-0.14485
-0.138718
-0.132212
-0.125331
-0.118076
-0.110459
-0.102491
-0.0941913
-0.0855929
-0.0767129
-0.0675506
-0.0581141
-0.0484125
-0.0384334
-0.0281661
-0.0176345
-0.00687213
0.00411781
0.0153451
0.0267884
0.0383999
0.0501479
0.0620259
0.0740169
0.0860742
0.0981515
0.110243
0.122382
0.134601
0.14689
0.159208
0.171511
0.183777
0.196013
0.208242
0.220483
0.232735
0.244969
0.257133
0.269159
0.280994
0.292622
0.304069
0.315379
0.326582
0.337671
0.348597
0.359292
0.369699
0.379807
0.389642
0.39924
0.408608
0.417715
0.426499
0.4349
0.442882
0.450439
0.457575
0.464297
0.470609
0.476511
0.482003
0.487076
0.491717
0.495913
0.499656
0.502948
0.505792
0.508176
0.510067
0.511418
0.512187
0.512351
0.511912
0.510885
0.509308
0.507215
0.504305
0.500327
-0.185959
-0.190031
-0.193031
-0.195213
-0.196914
-0.198112
-0.198778
-0.198896
-0.198462
-0.197483
-0.195974
-0.193954
-0.19144
-0.188446
-0.184987
-0.181076
-0.176728
-0.171957
-0.166778
-0.161202
-0.155235
-0.148879
-0.142134
-0.134995
-0.127464
-0.119554
-0.111281
-0.102666
-0.0937448
-0.0845347
-0.0750303
-0.0652368
-0.055167
-0.0448105
-0.0341558
-0.0232313
-0.0120801
-0.000708527
0.010901
0.0227321
0.0347287
0.0468454
0.0590752
0.0714159
0.0838339
0.0962783
0.108728
0.121208
0.133766
0.146417
0.159137
0.171875
0.184581
0.197233
0.209837
0.222414
0.23498
0.247531
0.260031
0.272418
0.28463
0.29664
0.308462
0.320141
0.331717
0.34319
0.354511
0.365601
0.376392
0.386858
0.397022
0.406924
0.416584
0.425983
0.435068
0.443777
0.452067
0.459918
0.467325
0.474286
0.480809
0.486902
0.492573
0.497824
0.502648
0.507032
0.510963
0.514436
0.517439
0.519952
0.52193
0.52332
0.524083
0.524204
0.523694
0.52258
0.520915
0.518735
0.515723
0.511607
-0.19868
-0.202905
-0.205999
-0.208228
-0.209942
-0.211128
-0.211754
-0.211811
-0.211296
-0.21022
-0.208603
-0.206464
-0.203818
-0.200682
-0.197067
-0.192989
-0.188462
-0.183501
-0.178119
-0.17233
-0.166135
-0.159535
-0.152527
-0.145105
-0.137271
-0.129042
-0.120439
-0.111485
-0.102217
-0.092651
-0.0827769
-0.0725983
-0.0621335
-0.0513769
-0.0403165
-0.0289839
-0.017432
-0.00567236
0.0063204
0.0185403
0.0309265
0.0434184
0.056002
0.0686901
0.0814711
0.0943006
0.107141
0.119999
0.132914
0.145921
0.159023
0.172183
0.185341
0.198447
0.211472
0.224423
0.237324
0.250194
0.263025
0.275772
0.288373
0.300784
0.313007
0.32508
0.337046
0.348911
0.36063
0.372119
0.383298
0.394133
0.404639
0.414862
0.424833
0.434542
0.443945
0.45298
0.461595
0.469759
0.477453
0.484674
0.491431
0.497741
0.503623
0.509085
0.514123
0.518716
0.522844
0.526486
0.529622
0.532223
0.534245
0.535641
0.536381
0.536462
0.535904
0.534743
0.53303
0.530796
0.527695
0.523437
-0.211928
-0.216312
-0.219507
-0.221794
-0.223541
-0.224732
-0.225339
-0.225353
-0.224775
-0.223618
-0.221902
-0.219645
-0.216864
-0.213573
-0.209786
-0.205519
-0.200787
-0.195609
-0.189997
-0.183965
-0.177513
-0.170637
-0.163334
-0.155597
-0.147428
-0.138854
-0.129896
-0.120578
-0.110938
-0.10099
-0.090719
-0.0801275
-0.0692427
-0.058066
-0.0465848
-0.03483
-0.022864
-0.0107072
0.00167058
0.014277
0.0270542
0.0399277
0.0528713
0.0659069
0.0790498
0.0922755
0.10554
0.118819
0.132128
0.145499
0.15896
0.172502
0.186081
0.19963
0.213095
0.226452
0.239718
0.25293
0.266107
0.279226
0.292232
0.305066
0.317713
0.330197
0.342562
0.354823
0.366939
0.378827
0.390402
0.401619
0.412487
0.423055
0.43336
0.443403
0.453145
0.462524
0.471482
0.479974
0.487975
0.495481
0.502502
0.509062
0.515188
0.520892
0.526161
0.530968
0.535279
0.539065
0.5423
0.544959
0.547008
0.548413
0.549156
0.549239
0.548685
0.54752
0.545787
0.5435
0.540289
0.535856
-0.225722
-0.230279
-0.233597
-0.235968
-0.237771
-0.238992
-0.239599
-0.239587
-0.238958
-0.237725
-0.235906
-0.233521
-0.230584
-0.227111
-0.22312
-0.218627
-0.213656
-0.208225
-0.202349
-0.196042
-0.189301
-0.182119
-0.174493
-0.166415
-0.157891
-0.148951
-0.139621
-0.129922
-0.119891
-0.109541
-0.098851
-0.0878251
-0.0765002
-0.064888
-0.0529746
-0.0407863
-0.0283914
-0.0158231
-0.00305331
0.00993885
0.0231072
0.0363712
0.0496899
0.0630844
0.0765927
0.0902192
0.103928
0.117672
0.131426
0.145201
0.159027
0.172925
0.186877
0.200829
0.214711
0.228478
0.242131
0.255711
0.26926
0.282774
0.296204
0.309482
0.322571
0.335481
0.348253
0.36091
0.373423
0.385714
0.397694
0.40931
0.420567
0.431509
0.442177
0.45258
0.462683
0.472423
0.481737
0.490575
0.498906
0.506725
0.514043
0.520889
0.527289
0.533252
0.538758
0.543768
0.548242
0.552149
0.55547
0.55819
0.56029
0.561747
0.562545
0.562683
0.562168
0.561012
0.559242
0.556866
0.553497
0.54885
-0.240093
-0.244846
-0.248314
-0.250792
-0.25267
-0.253935
-0.254554
-0.25452
-0.253839
-0.25252
-0.250583
-0.248045
-0.244924
-0.241237
-0.237006
-0.232255
-0.227012
-0.221301
-0.215137
-0.208532
-0.201482
-0.193975
-0.186008
-0.177574
-0.168684
-0.15937
-0.149658
-0.139566
-0.129129
-0.118361
-0.107237
-0.095761
-0.0839796
-0.0719174
-0.0595616
-0.0469307
-0.0340927
-0.0210943
-0.00791782
0.00546498
0.0190257
0.0326902
0.0464067
0.060185
0.0740718
0.088099
0.102252
0.116478
0.13072
0.144951
0.159184
0.173451
0.187763
0.202087
0.216359
0.230523
0.244569
0.258539
0.272483
0.286415
0.300288
0.314026
0.32757
0.340917
0.354105
0.367163
0.380076
0.392775
0.405173
0.417212
0.428887
0.440236
0.451299
0.462086
0.472567
0.482682
0.492367
0.501569
0.510256
0.518418
0.526068
0.53323
0.539926
0.546157
0.551895
0.557099
0.561728
0.56576
0.569186
0.572006
0.574209
0.575771
0.576668
0.576879
0.576394
0.575211
0.573354
0.570836
0.56727
0.562384
-0.255075
-0.260047
-0.263686
-0.266282
-0.268241
-0.269549
-0.270177
-0.270116
-0.269371
-0.267952
-0.265877
-0.263166
-0.259837
-0.255913
-0.251422
-0.246394
-0.240865
-0.23486
-0.228396
-0.221481
-0.214109
-0.206265
-0.197945
-0.189146
-0.179879
-0.170181
-0.160074
-0.149571
-0.138708
-0.127501
-0.115926
-0.103984
-0.091729
-0.0791989
-0.0663868
-0.0533038
-0.0400114
-0.0265646
-0.0129613
0.000825009
0.0147832
0.0288574
0.042995
0.0571901
0.0714804
0.0859104
0.100491
0.115181
0.129911
0.144624
0.159305
0.17398
0.188675
0.20338
0.218042
0.232605
0.247056
0.261434
0.275795
0.290163
0.304491
0.318696
0.332704
0.346497
0.360108
0.373575
0.386896
0.400014
0.412848
0.425335
0.43746
0.449248
0.460733
0.471926
0.482799
0.493301
0.503371
0.51296
0.522032
0.530572
0.538586
0.546088
0.553093
0.559596
0.565569
0.570972
0.575774
0.579964
0.583544
0.586517
0.588869
0.590564
0.591558
0.591813
0.591305
0.590035
0.588042
0.585356
0.581589
0.576464
-0.270694
-0.275903
-0.279718
-0.282432
-0.284464
-0.285811
-0.28644
-0.286345
-0.285528
-0.284001
-0.281782
-0.278889
-0.275344
-0.271177
-0.266421
-0.261112
-0.255291
-0.248986
-0.24221
-0.23497
-0.227257
-0.219054
-0.210362
-0.201176
-0.191509
-0.181401
-0.170872
-0.159929
-0.148606
-0.13693
-0.124879
-0.112452
-0.0997045
-0.0866864
-0.0734004
-0.0598549
-0.0461012
-0.0321943
-0.0181452
-0.00393702
0.0104301
0.0249233
0.0395015
0.0541464
0.0688747
0.0837239
0.0987183
0.113838
0.129019
0.14419
0.159318
0.174419
0.189525
0.20464
0.219722
0.234715
0.2496
0.264413
0.279214
0.29403
0.308821
0.323496
0.337969
0.352213
0.366255
0.380142
0.393885
0.40744
0.420732
0.433694
0.446297
0.458551
0.470481
0.482095
0.493375
0.504279
0.514756
0.524758
0.534246
0.543197
0.551601
0.559463
0.566791
0.573578
0.579802
0.585432
0.59045
0.59485
0.598635
0.601799
0.604312
0.60612
0.607166
0.607405
0.606819
0.605426
0.603288
0.600451
0.596509
0.591158
-0.286964
-0.292421
-0.296412
-0.299238
-0.301343
-0.302727
-0.303361
-0.303235
-0.302352
-0.300721
-0.298361
-0.29529
-0.291533
-0.287123
-0.282099
-0.276504
-0.270378
-0.263752
-0.256637
-0.249039
-0.240946
-0.232348
-0.223244
-0.213634
-0.203528
-0.19297
-0.181978
-0.170556
-0.158739
-0.14656
-0.134005
-0.121074
-0.107821
-0.0943003
-0.080526
-0.0665096
-0.0522934
-0.037924
-0.0234181
-0.00876928
0.0060243
0.0209492
0.0359825
0.0511029
0.0663053
0.0816063
0.0970278
0.112562
0.128159
0.143747
0.159287
0.174793
0.190307
0.205846
0.221376
0.236837
0.252196
0.267477
0.282738
0.298014
0.313271
0.328416
0.343357
0.358056
0.37254
0.386861
0.401044
0.415058
0.428834
0.442296
0.455401
0.468142
0.480533
0.492585
0.50429
0.515619
0.52653
0.536977
0.546913
0.556302
0.56512
0.573362
0.581033
0.588131
0.594642
0.600549
0.605835
0.610493
0.614511
0.617866
0.620511
0.622384
0.623428
0.623611
0.622934
0.621434
0.619188
0.616239
0.612142
0.606558
-0.303901
-0.309618
-0.313789
-0.316736
-0.318927
-0.320364
-0.321017
-0.320876
-0.319938
-0.318213
-0.315716
-0.312467
-0.308491
-0.303826
-0.298518
-0.292612
-0.28615
-0.279162
-0.271662
-0.263657
-0.255136
-0.246093
-0.236534
-0.226457
-0.215871
-0.204821
-0.193328
-0.181396
-0.169059
-0.156353
-0.143275
-0.129828
-0.116064
-0.102037
-0.0877692
-0.0732781
-0.0586003
-0.0437704
-0.0288024
-0.0136974
0.00154331
0.016917
0.0324172
0.048027
0.0637269
0.0795125
0.0953939
0.111365
0.127382
0.143376
0.159307
0.175196
0.1911
0.207057
0.223042
0.238989
0.254846
0.270618
0.286356
0.302099
0.317821
0.333436
0.348847
0.364009
0.378949
0.393725
0.408372
0.422872
0.437156
0.451141
0.464765
0.478009
0.490879
0.503391
0.515548
0.527332
0.538711
0.549635
0.560049
0.569901
0.579156
0.587803
0.595848
0.603298
0.610149
0.616385
0.621985
0.626925
0.631172
0.634689
0.637422
0.639321
0.640346
0.640487
0.639761
0.638208
0.635897
0.632852
0.628581
0.622726
-0.321533
-0.327537
-0.331911
-0.335004
-0.33731
-0.338825
-0.339516
-0.339372
-0.338385
-0.336561
-0.333915
-0.330468
-0.326249
-0.3213
-0.315673
-0.309416
-0.302573
-0.295176
-0.287242
-0.278782
-0.26979
-0.260264
-0.250214
-0.239638
-0.228544
-0.216974
-0.204954
-0.192491
-0.17962
-0.166377
-0.152765
-0.138795
-0.124517
-0.109984
-0.0952209
-0.0802513
-0.0651075
-0.0498122
-0.0343726
-0.0187941
-0.00308367
0.0127598
0.0287396
0.0448432
0.061044
0.0773245
0.0936861
0.110122
0.12659
0.14302
0.159368
0.175656
0.191959
0.208335
0.224774
0.241208
0.257566
0.273834
0.290052
0.306261
0.322447
0.338529
0.354414
0.370054
0.385472
0.40073
0.415871
0.430882
0.445694
0.460217
0.474376
0.488139
0.501511
0.514512
0.527156
0.539434
0.551316
0.562749
0.573665
0.584004
0.593722
0.602808
0.611272
0.619127
0.62637
0.632979
0.638917
0.644136
0.648592
0.65224
0.655045
0.656977
0.658022
0.65818
0.657464
0.655896
0.653524
0.650349
0.64585
0.639668
-0.339915
-0.346246
-0.350865
-0.35414
-0.356588
-0.358201
-0.358938
-0.358786
-0.357736
-0.355789
-0.352962
-0.349282
-0.344784
-0.339515
-0.333533
-0.326888
-0.319626
-0.311783
-0.303381
-0.294436
-0.284948
-0.274916
-0.264352
-0.253254
-0.241628
-0.229518
-0.21695
-0.203937
-0.190515
-0.176722
-0.162563
-0.148054
-0.133251
-0.118202
-0.102936
-0.087478
-0.071853
-0.056073
-0.0401394
-0.0240621
-0.0078555
0.00848156
0.0249572
0.0415593
0.0582539
0.0750151
0.0918433
0.10874
0.125671
0.142564
0.159371
0.176108
0.192853
0.209677
0.226585
0.243506
0.260361
0.27712
0.293813
0.310484
0.327129
0.343681
0.360048
0.376183
0.392107
0.407879
0.423542
0.439085
0.45444
0.469511
0.484218
0.498521
0.512425
0.525955
0.539126
0.551937
0.564356
0.576324
0.587767
0.598619
0.608834
0.618403
0.627339
0.635653
0.643334
0.650343
0.656622
0.662112
0.666764
0.670549
0.673455
0.675477
0.676609
0.676839
0.676155
0.674555
0.672071
0.668704
0.66392
0.657369
-0.359112
-0.365817
-0.370725
-0.37421
-0.376816
-0.37853
-0.379305
-0.379126
-0.377982
-0.375879
-0.372838
-0.368893
-0.364088
-0.358476
-0.352115
-0.345059
-0.337357
-0.329048
-0.320157
-0.310708
-0.300703
-0.290141
-0.279033
-0.267379
-0.255189
-0.242505
-0.229357
-0.215759
-0.201755
-0.187382
-0.17265
-0.15758
-0.142226
-0.126641
-0.110855
-0.09489
-0.078763
-0.062472
-0.0460138
-0.0294068
-0.012676
0.00417763
0.0211666
0.0382781
0.0554672
0.0726959
0.089965
0.107291
0.124658
0.142008
0.159288
0.176506
0.193735
0.211046
0.228445
0.245865
0.263216
0.28046
0.297622
0.314753
0.331861
0.348889
0.365755
0.38241
0.398868
0.415182
0.43139
0.44748
0.463386
0.479015
0.494285
0.509156
0.52363
0.53773
0.551472
0.564852
0.577837
0.590363
0.602358
0.613755
0.624511
0.634617
0.644081
0.652902
0.661052
0.668475
0.6751
0.680866
0.685737
0.689705
0.692779
0.694958
0.696221
0.696529
0.695841
0.694143
0.691482
0.687879
0.68279
0.675853
-0.379182
-0.386303
-0.391532
-0.395242
-0.398005
-0.399812
-0.40061
-0.400382
-0.399123
-0.396843
-0.393571
-0.389348
-0.384225
-0.378257
-0.371503
-0.364019
-0.355856
-0.347057
-0.337651
-0.327665
-0.317102
-0.305965
-0.294263
-0.281998
-0.269187
-0.255879
-0.242104
-0.22788
-0.213252
-0.198262
-0.182927
-0.167271
-0.151347
-0.135206
-0.11888
-0.102391
-0.0857459
-0.0689249
-0.0519195
-0.0347592
-0.0174835
-9.84335e-05
0.0174143
0.035045
0.0527393
0.0704436
0.0881525
0.105895
0.123678
0.141465
0.159206
0.176907
0.194629
0.21244
0.230342
0.248265
0.266112
0.283838
0.301469
0.319063
0.336642
0.354165
0.371553
0.388754
0.405773
0.42265
0.439416
0.456061
0.472527
0.488727
0.504583
0.520054
0.535139
0.549851
0.564201
0.578182
0.591757
0.604868
0.617447
0.629431
0.640781
0.651481
0.661525
0.670891
0.679535
0.687387
0.694378
0.700458
0.705606
0.709829
0.713135
0.715505
0.716891
0.717227
0.716468
0.714618
0.711752
0.707914
0.702529
0.695199
-0.400169
-0.407738
-0.413301
-0.417242
-0.420163
-0.422061
-0.42288
-0.422601
-0.421223
-0.418765
-0.41526
-0.410755
-0.405302
-0.39896
-0.391787
-0.38384
-0.375175
-0.365839
-0.355868
-0.345287
-0.334105
-0.322325
-0.309964
-0.297027
-0.283537
-0.269553
-0.255111
-0.240227
-0.224945
-0.209312
-0.193354
-0.1771
-0.160599
-0.143893
-0.127014
-0.109986
-0.0928097
-0.0754492
-0.0578884
-0.0401656
-0.0223372
-0.00441743
0.0136165
0.0317625
0.0499646
0.0681588
0.0863316
0.104517
0.12274
0.140977
0.159187
0.177371
0.195583
0.213887
0.232284
0.250702
0.269039
0.287246
0.305348
0.323414
0.341481
0.359521
0.377457
0.395231
0.41283
0.430282
0.447613
0.46482
0.481857
0.498649
0.515121
0.53123
0.546964
0.562326
0.577316
0.591923
0.606117
0.619845
0.63305
0.645676
0.657679
0.669028
0.679695
0.689639
0.6988
0.707112
0.714517
0.720977
0.726477
0.731017
0.734583
0.73713
0.73859
0.738898
0.738032
0.736028
0.732983
0.728935
0.723255
0.715497
-0.42211
-0.430156
-0.436066
-0.440251
-0.443349
-0.445355
-0.446212
-0.445896
-0.444409
-0.441774
-0.438028
-0.43322
-0.427404
-0.420639
-0.412991
-0.404522
-0.395292
-0.385356
-0.374755
-0.363517
-0.35165
-0.339165
-0.326089
-0.312433
-0.298227
-0.283534
-0.268397
-0.252836
-0.23689
-0.220603
-0.204008
-0.187147
-0.170064
-0.152786
-0.13534
-0.117754
-0.100023
-0.0821066
-0.0639823
-0.0456937
-0.0273103
-0.00885647
0.00969059
0.0283357
0.0470287
0.0657064
0.0843561
0.103017
0.121722
0.140456
0.159174
0.177867
0.196583
0.21538
0.234265
0.253167
0.271988
0.290674
0.309256
0.32781
0.346388
0.364969
0.383477
0.40184
0.420031
0.438065
0.455969
0.473748
0.491374
0.508785
0.525908
0.542691
0.559109
0.575152
0.59081
0.606073
0.620919
0.63531
0.649197
0.662527
0.675241
0.687287
0.698614
0.709165
0.718881
0.727708
0.735598
0.742515
0.74843
0.753315
0.75713
0.759817
0.761315
0.761587
0.76064
0.758527
0.755335
0.751075
0.745054
0.736805
-0.445056
-0.453621
-0.459911
-0.464374
-0.467684
-0.469829
-0.470744
-0.470403
-0.468803
-0.46597
-0.461947
-0.456785
-0.450543
-0.443286
-0.435092
-0.426034
-0.416179
-0.405586
-0.394302
-0.382358
-0.36976
-0.356527
-0.342697
-0.328293
-0.313347
-0.297921
-0.282064
-0.265805
-0.24918
-0.232225
-0.214977
-0.197486
-0.179796
-0.161924
-0.143886
-0.125707
-0.107386
-0.0888805
-0.0701709
-0.0513058
-0.032362
-0.0133699
0.00569075
0.0248266
0.0439923
0.0631331
0.082247
0.101386
0.120591
0.139848
0.159104
0.178335
0.197575
0.216878
0.236254
0.255639
0.274942
0.294114
0.313189
0.332255
0.351369
0.370515
0.38961
0.40857
0.427357
0.445978
0.464464
0.482835
0.501078
0.519139
0.536946
0.554436
0.571568
0.588319
0.604675
0.620631
0.636178
0.651289
0.665923
0.680017
0.693494
0.706277
0.718298
0.729497
0.739827
0.749244
0.7577
0.76514
0.771504
0.776735
0.780782
0.783599
0.785153
0.785437
0.784468
0.782278
0.778926
0.774398
0.767962
0.759144
-0.469084
-0.478235
-0.484962
-0.489751
-0.49331
-0.495615
-0.496591
-0.496209
-0.494467
-0.491391
-0.487032
-0.48145
-0.474714
-0.466902
-0.458105
-0.448408
-0.437885
-0.426596
-0.41459
-0.401901
-0.388535
-0.374515
-0.359888
-0.344693
-0.328969
-0.312776
-0.296161
-0.279161
-0.261819
-0.244168
-0.22624
-0.208086
-0.18975
-0.171245
-0.152581
-0.133777
-0.114831
-0.0957045
-0.0763842
-0.0569274
-0.0374157
-0.0178795
0.00170309
0.021339
0.040984
0.0605884
0.0801624
0.0997722
0.119471
0.139244
0.159032
0.178796
0.198558
0.218367
0.238235
0.258106
0.277896
0.297564
0.317153
0.336752
0.356425
0.376151
0.39584
0.415399
0.434783
0.453999
0.473085
0.492075
0.510966
0.52971
0.548231
0.566454
0.584325
0.601812
0.618903
0.635602
0.651911
0.667811
0.683255
0.698167
0.712447
0.726003
0.738761
0.75067
0.761694
0.771787
0.780883
0.788892
0.795722
0.801303
0.805597
0.808586
0.810265
0.810625
0.809662
0.807369
0.80379
0.798919
0.792003
0.782554
-0.49429
-0.50411
-0.511344
-0.5165
-0.520329
-0.522792
-0.52381
-0.523353
-0.521425
-0.518058
-0.513308
-0.507252
-0.499974
-0.491564
-0.482124
-0.471752
-0.460524
-0.448496
-0.435717
-0.422225
-0.408033
-0.393166
-0.377679
-0.361627
-0.345064
-0.328052
-0.310633
-0.292847
-0.274744
-0.256363
-0.237731
-0.218891
-0.19988
-0.180707
-0.161385
-0.141934
-0.122347
-0.102585
-0.0826426
-0.0625877
-0.0425071
-0.0224278
-0.00232022
0.0178282
0.0379752
0.0580733
0.0781374
0.0982406
0.118441
0.138726
0.159029
0.179305
0.199568
0.219865
0.240215
0.26057
0.280853
0.301031
0.321151
0.341302
0.361546
0.381857
0.40214
0.422298
0.442283
0.462109
0.48182
0.501459
0.521031
0.540489
0.559749
0.578727
0.597362
0.615621
0.633496
0.650999
0.668139
0.684894
0.701204
0.716975
0.732096
0.746468
0.760027
0.77273
0.78454
0.795395
0.805189
0.8138
0.82112
0.827089
0.831695
0.83494
0.836813
0.837275
0.836285
0.833821
0.829945
0.824686
0.817259
0.807132
-0.52076
-0.531339
-0.539139
-0.544689
-0.548789
-0.551402
-0.552439
-0.55188
-0.549734
-0.546042
-0.540869
-0.534304
-0.526446
-0.517399
-0.507272
-0.496169
-0.48417
-0.471331
-0.457698
-0.443317
-0.428214
-0.412426
-0.396011
-0.379033
-0.361567
-0.343688
-0.325433
-0.306836
-0.287946
-0.268808
-0.249453
-0.229915
-0.210212
-0.190347
-0.17034
-0.15022
-0.129979
-0.109577
-0.0890121
-0.0683602
-0.0477132
-0.0270951
-0.00646716
0.0141938
0.0348541
0.0554709
0.0760605
0.0966947
0.117428
0.138241
0.159063
0.179841
0.200589
0.221362
0.242186
0.263024
0.28381
0.304513
0.325179
0.345893
0.366711
0.387605
0.408478
0.429236
0.449836
0.470294
0.49066
0.51098
0.531262
0.551456
0.571475
0.591231
0.610661
0.629736
0.648454
0.66683
0.684867
0.702532
0.719751
0.73642
0.752425
0.767679
0.782126
0.795724
0.808417
0.820105
0.830648
0.839903
0.847769
0.85421
0.859225
0.862805
0.864901
0.865438
0.864364
0.86168
0.857488
0.851837
0.843874
0.833001
-0.548566
-0.559989
-0.568404
-0.574367
-0.578748
-0.581511
-0.582569
-0.581899
-0.579521
-0.575481
-0.569854
-0.562737
-0.554245
-0.544494
-0.533601
-0.521678
-0.508812
-0.495065
-0.480483
-0.465121
-0.449024
-0.432246
-0.414849
-0.3969
-0.378487
-0.359699
-0.340582
-0.321161
-0.30147
-0.281551
-0.261441
-0.241175
-0.220754
-0.200172
-0.179449
-0.158626
-0.137705
-0.116648
-0.0954556
-0.0742068
-0.0529922
-0.0318316
-0.0106799
0.0104938
0.0316652
0.0528005
0.0739207
0.0950954
0.116372
0.137721
0.159063
0.180343
0.201576
0.222824
0.244126
0.265458
0.286761
0.308004
0.329226
0.350507
0.371898
0.393369
0.414833
0.4362
0.457432
0.478547
0.499596
0.520625
0.541638
0.562587
0.583383
0.60394
0.624204
0.644149
0.663774
0.683087
0.702078
0.720696
0.738861
0.756471
0.773428
0.789656
0.8051
0.819698
0.833358
0.845943
0.857291
0.867262
0.875775
0.882799
0.888315
0.892272
0.894583
0.895164
0.893988
0.891097
0.886608
0.880553
0.87199
0.860262
-0.577772
-0.590131
-0.599217
-0.605634
-0.610326
-0.613265
-0.614356
-0.613575
-0.610941
-0.606511
-0.60037
-0.592628
-0.583414
-0.572863
-0.561104
-0.548256
-0.53442
-0.519668
-0.504055
-0.487638
-0.470477
-0.452646
-0.434218
-0.415257
-0.395856
-0.376111
-0.356084
-0.335803
-0.315284
-0.29455
-0.273639
-0.252594
-0.231413
-0.210081
-0.188617
-0.167068
-0.145442
-0.123712
-0.101886
-0.080042
-0.058261
-0.0365509
-0.0148604
0.00684276
0.028536
0.0501907
0.071833
0.0935331
0.115333
0.137197
0.15904
0.180806
0.202517
0.224243
0.246034
0.267875
0.289709
0.311501
0.333284
0.35513
0.377089
0.399137
0.421196
0.443184
0.465069
0.486866
0.508621
0.530377
0.552137
0.573854
0.595444
0.616835
0.637978
0.65885
0.679441
0.699743
0.719728
0.739336
0.758491
0.777112
0.795115
0.812431
0.828984
0.844678
0.85938
0.872929
0.885166
0.895965
0.905251
0.912969
0.919053
0.923407
0.925934
0.926577
0.925347
0.92229
0.917501
0.910978
0.901703
0.888984
-0.608473
-0.621883
-0.631724
-0.638661
-0.643718
-0.646858
-0.647982
-0.647062
-0.644119
-0.639221
-0.632474
-0.62401
-0.613974
-0.602521
-0.589797
-0.57593
-0.561029
-0.545182
-0.528456
-0.510908
-0.492605
-0.473641
-0.454106
-0.43407
-0.413623
-0.392863
-0.371862
-0.350662
-0.329271
-0.307691
-0.285947
-0.26408
-0.2421
-0.219994
-0.197784
-0.17551
-0.153182
-0.130781
-0.108326
-0.0858963
-0.0635592
-0.0413025
-0.0190634
0.00318983
0.0254294
0.0476239
0.0697991
0.0920235
0.114335
0.136693
0.159013
0.181247
0.203426
0.225632
0.247923
0.270285
0.292659
0.315004
0.337344
0.359749
0.382272
0.404899
0.427562
0.450188
0.472743
0.495239
0.517715
0.540208
0.562724
0.585222
0.607633
0.629894
0.651965
0.673816
0.695419
0.716748
0.73776
0.758402
0.778616
0.798343
0.81751
0.83603
0.853794
0.870664
0.886484
0.901091
0.91434
0.926111
0.936302
0.944808
0.951513
0.956304
0.959106
0.959893
0.958674
0.955458
0.950305
0.943211
0.933102
0.919255
-0.64081
-0.655424
-0.666131
-0.673666
-0.679134
-0.682482
-0.683605
-0.682485
-0.679153
-0.673694
-0.666243
-0.656958
-0.646005
-0.633553
-0.619767
-0.604781
-0.588708
-0.571654
-0.553703
-0.53492
-0.515374
-0.495175
-0.474436
-0.453245
-0.431694
-0.409873
-0.387853
-0.365683
-0.343378
-0.320926
-0.298334
-0.275631
-0.252828
-0.22993
-0.206968
-0.183979
-0.160964
-0.137906
-0.114833
-0.0918264
-0.0689405
-0.0461432
-0.0233582
-0.00055229
0.0222421
0.0449889
0.0677101
0.0904686
0.113295
0.136146
0.15894
0.181638
0.204288
0.226983
0.249785
0.27268
0.295599
0.318494
0.341384
0.364342
0.387429
0.410641
0.433921
0.457198
0.480436
0.50364
0.526842
0.550078
0.573359
0.596657
0.61992
0.643094
0.666137
0.689007
0.711654
0.734038
0.756119
0.77786
0.799229
0.820181
0.84063
0.860458
0.879517
0.897644
0.91468
0.930479
0.944898
0.957795
0.969016
0.9784
0.985804
0.99113
0.994322
0.995347
0.994165
0.990741
0.985134
0.977377
0.966337
0.951227
-0.674958
-0.690964
-0.702663
-0.710865
-0.716771
-0.720316
-0.72139
-0.719995
-0.71619
-0.710082
-0.701832
-0.691626
-0.679646
-0.666077
-0.651099
-0.63486
-0.617477
-0.599071
-0.579756
-0.559613
-0.538722
-0.517196
-0.495169
-0.472752
-0.450047
-0.427136
-0.404073
-0.3809
-0.357635
-0.334268
-0.310801
-0.287244
-0.2636
-0.239886
-0.216151
-0.192437
-0.168738
-0.145032
-0.121349
-0.0977667
-0.0743262
-0.050981
-0.0276484
-0.00429627
0.0190398
0.0423235
0.0655763
0.0888573
0.112191
0.135528
0.158794
0.181962
0.205092
0.228289
0.251615
0.275047
0.298509
0.321947
0.345381
0.368889
0.392542
0.416347
0.440252
0.464187
0.488113
0.512027
0.535957
0.559941
0.584001
0.608126
0.632275
0.6564
0.680449
0.704361
0.728077
0.751551
0.774761
0.797695
0.820336
0.84263
0.864465
0.885685
0.90612
0.925607
0.944002
0.961165
0.976932
0.991108
1.00348
1.01386
1.02209
1.0281
1.03182
1.03314
1.03198
1.02829
1.02217
1.0137
1.00163
0.985089
-0.711102
-0.728714
-0.741545
-0.750482
-0.756849
-0.760581
-0.76157
-0.759836
-0.755471
-0.748612
-0.739443
-0.728179
-0.715022
-0.700171
-0.683828
-0.666167
-0.647319
-0.627415
-0.606597
-0.584974
-0.562643
-0.53972
-0.516337
-0.492627
-0.468706
-0.444652
-0.420509
-0.396297
-0.37202
-0.347679
-0.323283
-0.298838
-0.274336
-0.249794
-0.225275
-0.200824
-0.176437
-0.152089
-0.127806
-0.103654
-0.079655
-0.0557494
-0.0318558
-0.00795239
0.015919
0.039723
0.0634848
0.0872634
0.111079
0.134885
0.15861
0.182244
0.205859
0.229563
0.253413
0.277377
0.301372
0.325342
0.349312
0.373367
0.397588
0.42199
0.446524
0.471119
0.49573
0.520351
0.54501
0.569752
0.594612
0.619593
0.644661
0.669762
0.694835
0.719808
0.744618
0.769238
0.793665
0.817904
0.841931
0.865668
0.888969
0.911661
0.933575
0.954568
0.974506
0.993229
1.01052
1.02612
1.03979
1.05132
1.06058
1.06745
1.07179
1.07345
1.07231
1.06836
1.06173
1.05248
1.03923
1.02102
-0.74944
-0.768911
-0.783041
-0.792806
-0.799677
-0.803601
-0.80447
-0.802321
-0.797276
-0.789513
-0.779251
-0.766737
-0.752206
-0.735879
-0.717981
-0.698719
-0.678252
-0.656716
-0.634263
-0.611033
-0.587153
-0.562744
-0.537932
-0.512854
-0.487635
-0.462359
-0.437071
-0.411776
-0.386452
-0.361094
-0.335724
-0.310357
-0.284985
-0.259624
-0.234333
-0.209157
-0.184085
-0.159098
-0.134224
-0.109512
-0.0849609
-0.0604956
-0.0360369
-0.0115767
0.0128326
0.0371551
0.0614195
0.0856851
0.109971
0.13423
0.158406
0.182499
0.206596
0.230803
0.25517
0.279654
0.304167
0.328655
0.35315
0.377748
0.402536
0.427535
0.452695
0.477945
0.503235
0.528559
0.553951
0.579467
0.605152
0.631015
0.657022
0.683114
0.709221
0.735275
0.761227
0.787069
0.812816
0.838466
0.863974
0.889228
0.91407
0.938331
0.96187
0.984559
1.00625
1.02673
1.04571
1.06291
1.07807
1.09098
1.10148
1.10938
1.11445
1.11651
1.11547
1.1113
1.10414
1.09401
1.07938
1.05922
-0.790219
-0.811857
-0.827499
-0.838224
-0.845664
-0.849772
-0.85045
-0.847758
-0.841858
-0.832983
-0.821402
-0.807409
-0.791286
-0.773279
-0.753631
-0.732576
-0.710309
-0.686985
-0.662753
-0.637773
-0.612203
-0.586192
-0.559864
-0.533351
-0.506772
-0.480207
-0.453705
-0.427273
-0.400873
-0.374483
-0.34812
-0.321805
-0.295542
-0.269359
-0.243307
-0.217416
-0.191664
-0.166036
-0.140563
-0.115287
-0.090187
-0.0651707
-0.0401608
-0.0151601
0.00977135
0.0345988
0.0593547
0.0840985
0.108847
0.133554
0.158174
0.182722
0.207293
0.231994
0.256865
0.281853
0.306866
0.331856
0.356866
0.381999
0.40735
0.43294
0.45872
0.484615
0.510577
0.536605
0.562739
0.589045
0.615574
0.642335
0.66929
0.696377
0.723532
0.750702
0.777861
0.805016
0.832178
0.859324
0.886379
0.913216
0.939686
0.965657
0.99101
1.01561
1.03925
1.06167
1.08253
1.10154
1.11844
1.13301
1.14498
1.15409
1.16005
1.16267
1.16185
1.15753
1.14977
1.1386
1.12236
1.09991
-0.833766
-0.857952
-0.875364
-0.887196
-0.895258
-0.899503
-0.89986
-0.896439
-0.88946
-0.879227
-0.866075
-0.850349
-0.832381
-0.812459
-0.790837
-0.767767
-0.743474
-0.718162
-0.691988
-0.665116
-0.637726
-0.609994
-0.582062
-0.554055
-0.526072
-0.498174
-0.470402
-0.442764
-0.415232
-0.387781
-0.36041
-0.33313
-0.305957
-0.278933
-0.252113
-0.225507
-0.199079
-0.172812
-0.146737
-0.12089
-0.0952317
-0.0696649
-0.0441164
-0.0185988
0.00682542
0.0321274
0.057347
0.0825451
0.107736
0.132876
0.157927
0.182918
0.207951
0.23313
0.258484
0.283955
0.309449
0.334926
0.360437
0.386096
0.411999
0.438169
0.464557
0.491088
0.517717
0.54445
0.571335
0.598443
0.625824
0.653485
0.681386
0.709474
0.737701
0.766039
0.79448
0.823029
0.851677
0.880374
0.909027
0.937524
0.965753
0.993614
1.02099
1.04771
1.0735
1.09804
1.12101
1.14211
1.16107
1.17758
1.19129
1.20184
1.20893
1.21234
1.21189
1.20743
1.199
1.18665
1.16855
1.14344
-0.880481
-0.907676
-0.927147
-0.940218
-0.94892
-0.953216
-0.953078
-0.948698
-0.940377
-0.928503
-0.913486
-0.895724
-0.875598
-0.853454
-0.829583
-0.804249
-0.777698
-0.750177
-0.721883
-0.692984
-0.663664
-0.634106
-0.604472
-0.57489
-0.545439
-0.516162
-0.487075
-0.458177
-0.429454
-0.400896
-0.372499
-0.344257
-0.316179
-0.288318
-0.260727
-0.233406
-0.206309
-0.179414
-0.152751
-0.12634
-0.100126
-0.0740088
-0.0479263
-0.0219035
0.00399559
0.0297512
0.0554125
0.0810432
0.106655
0.132208
0.157671
0.183088
0.208565
0.234202
0.260019
0.28595
0.311904
0.337848
0.363845
0.390014
0.416456
0.443194
0.470177
0.497334
0.524625
0.552062
0.579701
0.60761
0.635839
0.664391
0.693236
0.722338
0.751676
0.781238
0.811023
0.84102
0.871193
0.901477
0.931791
0.96206
0.992212
1.02216
1.05176
1.08078
1.1089
1.1358
1.16118
1.18472
1.20609
1.22487
1.24063
1.25295
1.26151
1.26598
1.26604
1.26148
1.25234
1.23869
1.21846
1.19021
-0.930818
-0.961574
-0.983422
-0.997851
-1.00719
-1.01142
-1.01058
-1.00496
-0.994966
-0.981084
-0.963825
-0.943653
-0.921
-0.896271
-0.869827
-0.84196
-0.812925
-0.782979
-0.75237
-0.72129
-0.689915
-0.658424
-0.626987
-0.595735
-0.564738
-0.534023
-0.50359
-0.473414
-0.443477
-0.413787
-0.384348
-0.355146
-0.326184
-0.297506
-0.269155
-0.24112
-0.213351
-0.185833
-0.158593
-0.131634
-0.104881
-0.0782301
-0.0516309
-0.0251207
0.00123658
0.0274312
0.0535215
0.0795718
0.105591
0.131539
0.157398
0.183222
0.209125
0.235202
0.261462
0.287831
0.314222
0.340612
0.367074
0.393737
0.420703
0.447994
0.47556
0.503331
0.531276
0.559411
0.587793
0.61649
0.645549
0.674982
0.704774
0.734914
0.7654
0.796232
0.827394
0.858859
0.890577
0.922491
0.954554
0.986735
1.01899
1.05121
1.0832
1.11469
1.14536
1.17492
1.20306
1.22943
1.25359
1.27503
1.29324
1.30778
1.3182
1.32402
1.32481
1.32029
1.31048
1.2954
1.27267
1.2407
-0.985319
-1.0203
-1.0449
-1.06081
-1.07075
-1.07475
-1.07293
-1.0657
-1.0536
-1.03724
-1.01725
-0.994222
-0.968632
-0.940934
-0.911553
-0.880833
-0.849056
-0.816469
-0.783336
-0.749896
-0.716333
-0.682808
-0.649482
-0.616482
-0.583866
-0.551655
-0.519838
-0.488372
-0.457225
-0.426402
-0.395911
-0.365743
-0.335904
-0.306429
-0.277339
-0.2486
-0.220162
-0.192021
-0.164207
-0.136706
-0.10943
-0.0822675
-0.0551801
-0.0282129
-0.00142542
0.0251851
0.051685
0.078137
0.104545
0.13087
0.157106
0.183321
0.209634
0.236131
0.262813
0.289598
0.3164
0.343211
0.370117
0.397255
0.424729
0.452558
0.480692
0.509064
0.537645
0.566458
0.595559
0.625019
0.65489
0.685196
0.715945
0.747145
0.778804
0.810918
0.84346
0.876393
0.909675
0.943281
0.977207
1.01145
1.04595
1.08058
1.11511
1.14927
1.18278
1.21536
1.24668
1.27629
1.30365
1.3282
1.3494
1.36669
1.37945
1.38703
1.38889
1.38465
1.37421
1.35756
1.33191
1.29548
-1.0447
-1.0847
-1.1125
-1.13003
-1.14049
-1.14399
-1.14076
-1.13141
-1.11665
-1.09725
-1.07396
-1.04753
-1.01852
-0.987427
-0.954709
-0.920771
-0.885942
-0.850479
-0.814633
-0.778662
-0.742774
-0.707123
-0.671844
-0.637037
-0.602746
-0.568982
-0.535729
-0.502945
-0.47059
-0.438653
-0.407128
-0.376006
-0.345301
-0.315046
-0.285238
-0.255819
-0.226736
-0.197993
-0.169619
-0.141588
-0.113796
-0.0861361
-0.0585795
-0.0311771
-0.0039812
0.0230246
0.0499138
0.0767459
0.10352
0.130202
0.156798
0.18339
0.210096
0.236997
0.264076
0.291248
0.318433
0.345639
0.372968
0.400564
0.42853
0.456881
0.485563
0.51451
0.543699
0.573156
0.602944
0.633138
0.663804
0.694981
0.726693
0.758958
0.791786
0.825165
0.859068
0.893465
0.928347
0.963726
0.999628
1.03605
1.07292
1.11007
1.1473
1.18437
1.22105
1.25705
1.29195
1.32523
1.35629
1.38454
1.40937
1.43004
1.44574
1.45567
1.4591
1.45546
1.44451
1.42613
1.39709
1.35535
-1.10992
-1.15592
-1.18741
-1.20666
-1.21744
-1.22002
-1.21481
-1.20266
-1.18454
-1.1614
-1.13415
-1.10366
-1.07064
-1.03565
-0.999171
-0.961638
-0.923426
-0.884831
-0.846089
-0.807439
-0.769094
-0.731215
-0.693914
-0.657257
-0.621262
-0.585922
-0.551207
-0.517078
-0.483508
-0.450476
-0.417949
-0.385908
-0.354366
-0.323348
-0.292833
-0.262749
-0.233045
-0.203731
-0.174828
-0.146291
-0.118005
-0.0898649
-0.0618564
-0.0340357
-0.00644678
0.0209389
0.0481997
0.0753916
0.102511
0.129533
0.156476
0.183432
0.210518
0.2378
0.265248
0.292774
0.320313
0.347889
0.375622
0.403661
0.432102
0.460951
0.49015
0.519635
0.54939
0.579451
0.609891
0.640796
0.672242
0.704282
0.736947
0.770257
0.80422
0.838827
0.874067
0.909938
0.946467
0.983694
1.02165
1.06032
1.09962
1.13942
1.17954
1.21982
1.26003
1.29982
1.33871
1.37614
1.41151
1.44418
1.4734
1.49823
1.51767
1.53071
1.53637
1.53379
1.52253
1.50233
1.46938
1.42133
-1.18229
-1.23541
-1.27113
-1.29209
-1.30283
-1.30389
-1.29592
-1.28009
-1.2577
-1.22994
-1.19793
-1.16264
-1.12493
-1.08547
-1.04475
-1.00324
-0.961322
-0.919318
-0.877483
-0.836018
-0.795106
-0.754904
-0.715509
-0.676957
-0.639242
-0.602331
-0.566168
-0.530705
-0.495924
-0.461804
-0.428299
-0.395376
-0.363036
-0.331284
-0.300077
-0.269338
-0.239029
-0.209168
-0.179765
-0.150751
-0.121996
-0.0934036
-0.0649702
-0.0367568
-0.00879869
0.0189441
0.0465535
0.0740824
0.101528
0.128873
0.156151
0.183458
0.210904
0.238539
0.266321
0.294167
0.322029
0.349954
0.378076
0.406541
0.435432
0.464745
0.494417
0.524393
0.554667
0.585291
0.616353
0.647946
0.680154
0.713032
0.746614
0.780921
0.815969
0.851765
0.888326
0.925687
0.963899
1.00301
1.04306
1.08401
1.1258
1.16837
1.21162
1.2554
1.29946
1.34339
1.38671
1.42887
1.46927
1.5072
1.54169
1.57164
1.59585
1.613
1.62177
1.62091
1.60973
1.58774
1.55034
1.49474
-1.26347
-1.32506
-1.36553
-1.38808
-1.3982
-1.39684
-1.38505
-1.36441
-1.33656
-1.30309
-1.26532
-1.22439
-1.18125
-1.13666
-1.0912
-1.04531
-0.999354
-0.95368
-0.90855
-0.864135
-0.820572
-0.777985
-0.736445
-0.695959
-0.656503
-0.618021
-0.580435
-0.543679
-0.507725
-0.472545
-0.438087
-0.404314
-0.371217
-0.338772
-0.30691
-0.27555
-0.244668
-0.214291
-0.184414
-0.154943
-0.125741
-0.0967182
-0.0678861
-0.0393086
-0.0110105
0.0170603
0.0449899
0.0728306
0.100582
0.128236
0.155835
0.183474
0.211252
0.239202
0.267279
0.29541
0.323569
0.351826
0.38032
0.409187
0.438493
0.468222
0.498314
0.528727
0.559477
0.590632
0.622288
0.654542
0.687476
0.721145
0.755586
0.79083
0.826908
0.86386
0.90173
0.940581
0.980477
1.02147
1.06358
1.10682
1.15119
1.19669
1.24327
1.29079
1.33896
1.38739
1.43563
1.4832
1.52946
1.57356
1.61437
1.65064
1.6809
1.70346
1.71653
1.71841
1.70797
1.68437
1.64194
1.57735
-1.35571
-1.42734
-1.47307
-1.49683
-1.50542
-1.50033
-1.48323
-1.45625
-1.42152
-1.38099
-1.33627
-1.2887
-1.2393
-1.18889
-1.13812
-1.08743
-1.03716
-0.987583
-0.938976
-0.891493
-0.845222
-0.800223
-0.756521
-0.714092
-0.672887
-0.632835
-0.593845
-0.555842
-0.518778
-0.482594
-0.447228
-0.412642
-0.378819
-0.345712
-0.313231
-0.281295
-0.249892
-0.219045
-0.188731
-0.158833
-0.129208
-0.0997805
-0.0705794
-0.0416694
-0.0130638
0.0153028
0.0435225
0.0716493
0.0996866
0.127633
0.155534
0.183478
0.211549
0.239771
0.268102
0.296485
0.32492
0.353492
0.382337
0.411572
0.441244
0.471332
0.501786
0.53259
0.563779
0.595435
0.627654
0.660527
0.694131
0.728523
0.763753
0.799871
0.836935
0.875006
0.914157
0.954463
0.995993
1.03881
1.08296
1.1285
1.17552
1.22406
1.27412
1.32554
1.37806
1.43136
1.4851
1.53881
1.59179
1.64307
1.69146
1.73552
1.77345
1.8031
1.82213
1.8282
1.81957
1.7948
1.74682
1.67154
-1.46203
-1.54556
-1.59692
-1.62112
-1.62673
-1.61604
-1.59157
-1.55625
-1.51282
-1.46362
-1.41058
-1.35521
-1.29864
-1.2417
-1.18504
-1.12912
-1.07423
-1.0206
-0.968394
-0.917749
-0.868719
-0.821306
-0.775467
-0.731136
-0.688227
-0.646639
-0.606277
-0.56707
-0.528948
-0.491823
-0.455611
-0.420267
-0.38576
-0.352024
-0.318957
-0.286486
-0.254609
-0.223342
-0.192633
-0.162342
-0.132328
-0.102534
-0.0730048
-0.0438043
-0.0149312
0.0136941
0.0421714
0.0705574
0.0988583
0.127075
0.155249
0.18346
0.211778
0.240224
0.268768
0.297376
0.32607
0.354938
0.384103
0.413659
0.443637
0.47402
0.504786
0.535942
0.567543
0.599668
0.632404
0.665832
0.70003
0.73507
0.771022
0.807959
0.845957
0.885097
0.925463
0.967143
1.01022
1.05478
1.10093
1.14878
1.19848
1.25012
1.30371
1.35913
1.41623
1.47481
1.53463
1.59519
1.65577
1.7154
1.77285
1.82646
1.87406
1.913
1.94025
1.95259
1.94741
1.92236
1.86845
1.78057
-1.58659
-1.68415
-1.74124
-1.76438
-1.76475
-1.74582
-1.71122
-1.66497
-1.61053
-1.55073
-1.48778
-1.42334
-1.3586
-1.29441
-1.23133
-1.16977
-1.11
-1.05216
-0.9963
-0.942476
-0.890686
-0.840874
-0.79294
-0.746773
-0.702241
-0.659204
-0.617554
-0.577212
-0.538093
-0.500087
-0.463097
-0.427064
-0.391938
-0.357627
-0.324024
-0.291072
-0.258775
-0.227135
-0.196068
-0.165419
-0.135052
-0.104935
-0.0751265
-0.0456845
-0.0165899
0.0122539
0.0409552
0.0695728
0.0981118
0.12657
0.154978
0.183406
0.211918
0.240541
0.269263
0.298074
0.327009
0.356148
0.385589
0.415404
0.445623
0.476246
0.507283
0.538765
0.570748
0.603296
0.636482
0.670384
0.705096
0.740713
0.777327
0.815023
0.853886
0.894005
0.935481
0.978425
1.02295
1.06917
1.11725
1.16737
1.2197
1.27439
1.33149
1.39099
1.45289
1.51713
1.5835
1.65157
1.72069
1.78997
1.85817
1.92341
1.98317
2.03425
2.07275
2.09433
2.09512
2.07142
2.01156
1.90888
-1.73507
-1.84908
-1.91143
-1.93094
-1.92256
-1.8916
-1.84321
-1.78268
-1.71441
-1.64172
-1.56706
-1.49217
-1.41827
-1.3461
-1.27613
-1.20864
-1.14379
-1.08163
-1.02212
-0.965168
-0.910693
-0.858558
-0.80861
-0.760691
-0.714632
-0.670264
-0.62745
-0.586088
-0.546066
-0.507256
-0.469557
-0.432904
-0.397225
-0.362406
-0.328338
-0.294974
-0.262324
-0.230365
-0.198985
-0.168018
-0.137343
-0.106954
-0.0769205
-0.0472902
-0.0180218
0.0110001
0.039892
0.0687116
0.097458
0.126118
0.154713
0.183303
0.211955
0.240712
0.269585
0.298582
0.327735
0.357106
0.386766
0.416774
0.447171
0.477991
0.509271
0.541053
0.573375
0.60628
0.639831
0.674123
0.709274
0.745405
0.782617
0.820994
0.860617
0.901594
0.944052
0.988134
1.03399
1.08177
1.13167
1.18392
1.23875
1.29636
1.3569
1.42053
1.48737
1.55751
1.6308
1.70699
1.78561
1.86595
1.94674
2.026
2.10095
2.1678
2.22162
2.25664
2.26722
2.24769
2.18248
2.06258
-1.91539
-2.04845
-2.11458
-2.12619
-2.10373
-2.05532
-1.98819
-1.90919
-1.82367
-1.73545
-1.64714
-1.56042
-1.47636
-1.39558
-1.31837
-1.24478
-1.17479
-1.10833
-1.04523
-0.98529
-0.928284
-0.873987
-0.822178
-0.772648
-0.72519
-0.679616
-0.635775
-0.593528
-0.552725
-0.513217
-0.474904
-0.437714
-0.401553
-0.366294
-0.331833
-0.298135
-0.265201
-0.232982
-0.201338
-0.1701
-0.139171
-0.10857
-0.0783715
-0.0486081
-0.0192126
0.00994921
0.0389991
0.0679889
0.0969052
0.125721
0.154448
0.183143
0.211887
0.240744
0.269747
0.29891
0.328251
0.357802
0.387614
0.417748
0.448273
0.47926
0.510762
0.542806
0.575403
0.608579
0.642407
0.67701
0.712538
0.749119
0.786847
0.82579
0.866041
0.907734
0.95104
0.996128
1.04317
1.09234
1.14389
1.19807
1.2552
1.31554
1.3794
1.44708
1.51887
1.59495
1.67541
1.76024
1.84929
1.94204
2.03737
2.13338
2.22714
2.3143
2.38885
2.44316
2.46933
2.45867
2.38989
2.25026
-2.13907
-2.2936
-2.35994
-2.35657
-2.31205
-2.23862
-2.14619
-2.04345
-1.93668
-1.83003
-1.72604
-1.62618
-1.53118
-1.44135
-1.35669
-1.27702
-1.20204
-1.13147
-1.06499
-1.00226
-0.942948
-0.886721
-0.833284
-0.78236
-0.733698
-0.687092
-0.642377
-0.599384
-0.557929
-0.51785
-0.479042
-0.44142
-0.404868
-0.369254
-0.334483
-0.30053
-0.267384
-0.234963
-0.203105
-0.171648
-0.140525
-0.109775
-0.0794752
-0.0496323
-0.0201525
0.00911493
0.0382916
0.067417
0.0964602
0.12538
0.154181
0.182929
0.211725
0.240658
0.269773
0.299078
0.328562
0.35823
0.388124
0.418329
0.44895
0.480082
0.511773
0.544022
0.57681
0.610164
0.644187
0.679039
0.714883
0.751834
0.78996
0.829329
0.87006
0.912334
0.956349
1.00229
1.05032
1.10067
1.1536
1.20946
1.26862
1.33145
1.39839
1.46989
1.54641
1.62833
1.71603
1.80987
1.91006
2.01642
2.12823
2.24396
2.3607
2.47376
2.57605
2.65785
2.70825
2.71417
2.64585
2.48417
-2.42326
-2.60068
-2.65972
-2.62961
-2.55111
-2.44213
-2.31596
-2.18313
-2.05062
-1.92251
-1.80096
-1.68689
-1.58048
-1.48148
-1.3895
-1.304
-1.22439
-1.1501
-1.08063
-1.01547
-0.954179
-0.896325
-0.841545
-0.789501
-0.739894
-0.692493
-0.647107
-0.603536
-0.561574
-0.521061
-0.481886
-0.443946
-0.407109
-0.371238
-0.336254
-0.302138
-0.268854
-0.236291
-0.204273
-0.172656
-0.141402
-0.110572
-0.0802302
-0.0503568
-0.0208301
0.00851198
0.0377841
0.0670068
0.0961295
0.125098
0.15392
0.182677
0.211497
0.240488
0.269697
0.299108
0.328678
0.358393
0.388308
0.418543
0.449237
0.480489
0.512321
0.544694
0.577579
0.611026
0.64518
0.680225
0.71631
0.753517
0.791898
0.831544
0.872619
0.915338
0.959904
1.00649
1.05527
1.10651
1.16055
1.21778
1.27863
1.34359
1.41321
1.48814
1.56898
1.65641
1.75116
1.85403
1.9657
2.08659
2.21669
2.3551
2.49941
2.64502
2.78397
2.9045
2.99191
3.02703
2.96733
2.78246
-2.79459
-2.99306
-3.02985
-2.95364
-2.82342
-2.66461
-2.49406
-2.32384
-2.16091
-2.00858
-1.86804
-1.73923
-1.62145
-1.5137
-1.41496
-1.32424
-1.24062
-1.16325
-1.09138
-1.02433
-0.961524
-0.902453
-0.846685
-0.793834
-0.743573
-0.695647
-0.649828
-0.605881
-0.563592
-0.522802
-0.4834
-0.445266
-0.408252
-0.372231
-0.337138
-0.302948
-0.269601
-0.236958
-0.204839
-0.173125
-0.141811
-0.110966
-0.0806373
-0.0507753
-0.0212334
0.00815457
0.0374889
0.0667667
0.0959178
0.124882
0.153677
0.182412
0.211236
0.24027
0.269546
0.299014
0.328605
0.358302
0.388192
0.418432
0.449179
0.480512
0.512412
0.544816
0.577708
0.611181
0.645415
0.680588
0.71681
0.754132
0.79262
0.832408
0.873702
0.916719
0.961637
1.00861
1.05786
1.10971
1.16453
1.22275
1.28487
1.35146
1.42324
1.50099
1.58553
1.67784
1.77908
1.89053
2.01352
2.14933
2.29898
2.46271
2.63928
2.8249
3.01159
3.18587
3.32903
3.41388
3.37878
3.17315
-3.29712
-3.50511
-3.4902
-3.33632
-3.12856
-2.90106
-2.67353
-2.45819
-2.26062
-2.08223
-1.92229
-1.77915
-1.65086
-1.53544
-1.43109
-1.33625
-1.24961
-1.17003
-1.09654
-1.02829
-0.964574
-0.904813
-0.848502
-0.795221
-0.744633
-0.696464
-0.650457
-0.606352
-0.563932
-0.523044
-0.483569
-0.445371
-0.408299
-0.372241
-0.337143
-0.302969
-0.269632
-0.236968
-0.204809
-0.173067
-0.141762
-0.110965
-0.080699
-0.050883
-0.0213529
0.00805301
0.0374131
0.0666996
0.0958269
0.124738
0.153471
0.182161
0.210978
0.240037
0.269341
0.298807
0.328351
0.357979
0.387813
0.418041
0.448812
0.480165
0.512046
0.544389
0.577219
0.61067
0.644929
0.680139
0.716368
0.753662
0.792126
0.831943
0.873326
0.916458
0.961486
1.00859
1.05803
1.11017
1.1654
1.22417
1.28703
1.35467
1.42791
1.50767
1.595
1.69121
1.79788
1.91685
2.05025
2.2005
2.37001
2.56081
2.77373
3.00705
3.2544
3.50195
3.72783
3.89545
3.91606
3.70267
-4.00903
-4.18797
-4.06318
-3.78075
-3.45915
-3.13968
-2.84175
-2.5746
-2.33993
-2.13549
-1.95749
-1.80194
-1.66519
-1.54408
-1.43596
-1.33863
-1.25037
-1.16976
-1.09561
-1.02697
-0.963053
-0.903195
-0.846852
-0.793579
-0.743034
-0.694932
-0.648994
-0.604954
-0.562604
-0.521796
-0.482402
-0.444274
-0.407269
-0.37129
-0.336291
-0.302219
-0.268957
-0.236335
-0.204201
-0.1725
-0.141272
-0.11058
-0.0804175
-0.0506758
-0.0211823
0.00821095
0.0375556
0.0668008
0.095854
0.124671
0.153317
0.18195
0.210747
0.239802
0.269083
0.298484
0.327926
0.357447
0.38721
0.417405
0.448153
0.47945
0.511223
0.543434
0.576153
0.609537
0.643749
0.678884
0.714986
0.752128
0.790466
0.830201
0.871515
0.914548
0.959441
1.00641
1.05576
1.10786
1.16308
1.22189
1.2849
1.35289
1.42675
1.5075
1.59641
1.6951
1.80555
1.9302
2.07212
2.235
2.42306
2.64081
2.89237
3.18002
3.50151
3.84615
4.19227
4.49537
4.63234
4.45276
-5.07131
-5.11501
-4.76906
-4.27933
-3.79572
-3.35838
-2.97861
-2.65658
-2.3861
-2.15885
-1.96673
-1.8027
-1.66105
-1.53732
-1.42798
-1.33031
-1.2422
-1.162
-1.08838
-1.0203
-0.956934
-0.897608
-0.841756
-0.788939
-0.73882
-0.691103
-0.645501
-0.601756
-0.559677
-0.519123
-0.479956
-0.44203
-0.405212
-0.369425
-0.334621
-0.300726
-0.267602
-0.235081
-0.203038
-0.171449
-0.140362
-0.109822
-0.0797958
-0.0501521
-0.0207209
0.0086237
0.037906
0.0670586
0.0959925
0.124685
0.153228
0.181795
0.210551
0.23956
0.268761
0.298037
0.327334
0.35673
0.386405
0.416537
0.4472
0.478361
0.509955
0.541985
0.574555
0.607818
0.641892
0.676833
0.712694
0.749592
0.787713
0.827238
0.868302
0.911021
0.955559
1.00216
1.05114
1.10282
1.15757
1.21588
1.27841
1.34596
1.41944
1.49995
1.58894
1.68824
1.80018
1.92778
2.07501
2.2469
2.4498
2.69137
2.98027
3.32524
3.73225
4.20028
4.71592
5.23531
5.60324
5.56922
-6.73856
-6.3827
-5.61747
-4.80926
-4.10526
-3.52519
-3.0581
-2.68484
-2.38561
-2.14326
-1.94412
-1.77772
-1.63623
-1.51392
-1.40658
-1.31109
-1.22511
-1.14688
-1.07502
-1.0085
-0.946496
-0.888333
-0.833486
-0.781551
-0.732209
-0.685168
-0.640147
-0.596913
-0.555293
-0.515151
-0.476347
-0.438743
-0.402225
-0.36673
-0.332202
-0.298546
-0.265615
-0.233254
-0.201368
-0.169956
-0.139064
-0.108715
-0.0788478
-0.0493228
-0.0199825
0.00927204
0.0384419
0.0674532
0.0962315
0.12478
0.15321
0.181696
0.21038
0.239294
0.268356
0.297461
0.326588
0.355845
0.385415
0.415437
0.445949
0.476906
0.50827
0.540087
0.572472
0.605546
0.639385
0.674034
0.709573
0.746156
0.783962
0.823135
0.863774
0.905995
0.949985
0.995994
1.0443
1.09519
1.14903
1.20633
1.26773
1.334
1.40601
1.48493
1.57226
1.66994
1.78051
1.90742
2.05537
2.23065
2.44173
2.69981
3.01931
3.41803
3.91609
4.53261
5.2772
6.12612
6.92709
7.31171
-9.58235
-8.11119
-6.55842
-5.29571
-4.32
-3.58756
-3.04368
-2.63582
-2.32408
-2.08038
-1.88515
-1.72477
-1.58983
-1.47378
-1.37206
-1.28147
-1.19967
-1.12496
-1.05608
-0.992053
-0.932135
-0.875725
-0.822361
-0.771697
-0.723446
-0.677337
-0.633117
-0.590583
-0.549585
-0.509991
-0.471671
-0.434498
-0.398382
-0.363264
-0.329079
-0.295717
-0.263031
-0.230889
-0.199225
-0.168049
-0.137397
-0.107267
-0.0775799
-0.0481976
-0.0189841
0.0101331
0.0391399
0.0679672
0.0965619
0.124952
0.153257
0.18164
0.210211
0.238973
0.267844
0.296743
0.325685
0.354792
0.384224
0.414083
0.444379
0.475078
0.506182
0.537757
0.569905
0.602712
0.63623
0.670513
0.705672
0.741865
0.779247
0.817925
0.857984
0.899552
0.942817
0.988001
1.03534
1.08509
1.13762
1.1934
1.25302
1.31713
1.38659
1.4625
1.54629
1.63984
1.7457
1.86747
2.01017
2.18087
2.38969
2.651
2.98529
3.42137
4.00007
4.77477
5.80057
7.11793
8.72695
10.2586
-15.1003
-10.3682
-7.24451
-5.41904
-4.21522
-3.39961
-2.84389
-2.45286
-2.16622
-1.94783
-1.77522
-1.63402
-1.51491
-1.41175
-1.32048
-1.2383
-1.16329
-1.09407
-1.02965
-0.96927
-0.912352
-0.858431
-0.807156
-0.758262
-0.711514
-0.666683
-0.623564
-0.581993
-0.541843
-0.502995
-0.465333
-0.428754
-0.393184
-0.358567
-0.324827
-0.29185
-0.259502
-0.227678
-0.196334
-0.165478
-0.135132
-0.105273
-0.0758132
-0.0466296
-0.0176108
0.0112941
0.0400657
0.0686493
0.0970161
0.125211
0.153353
0.181576
0.20996
0.238494
0.267107
0.295753
0.324473
0.353383
0.382609
0.412219
0.442216
0.472591
0.503375
0.534634
0.566446
0.598869
0.631952
0.665767
0.700433
0.736092
0.772869
0.810847
0.850112
0.890788
0.933045
0.977058
1.02302
1.07116
1.12181
1.17535
1.23227
1.2931
1.35854
1.42952
1.50721
1.59318
1.68965
1.79981
1.92819
2.0815
2.26974
2.50806
2.81984
3.24204
3.83604
4.69912
5.96314
7.86226
11.0738
15.9117
-24.3827
-12.5697
-6.96645
-4.70661
-3.52702
-2.82581
-2.39077
-2.10158
-1.89423
-1.73596
-1.60871
-1.50184
-1.40889
-1.32582
-1.25009
-1.18003
-1.11456
-1.0529
-0.994522
-0.939035
-0.88611
-0.835489
-0.786978
-0.740416
-0.695642
-0.652494
-0.610826
-0.570523
-0.531488
-0.493626
-0.456844
-0.421062
-0.386222
-0.352267
-0.319116
-0.286657
-0.254777
-0.223392
-0.192477
-0.162041
-0.13209
-0.102586
-0.0734418
-0.0445449
-0.0158061
0.0128081
0.0412751
0.069552
0.0976289
0.125562
0.153463
0.181446
0.209566
0.237802
0.266098
0.294433
0.322858
0.35148
0.380397
0.409658
0.43927
0.469242
0.499613
0.530442
0.561784
0.593681
0.626183
0.659375
0.693372
0.728297
0.764244
0.801285
0.839493
0.878977
0.919864
0.962284
1.00638
1.05235
1.10042
1.1509
1.20408
1.26035
1.32015
1.38409
1.45289
1.52755
1.60951
1.70087
1.80472
1.92569
2.07101
2.25217
2.48788
2.81165
3.28796
4.03959
5.2873
7.64159
13.3582
25.2892
)
;

boundaryField
{
    movingWall
    {
        type            zeroGradient;
    }
    fixedWalls
    {
        type            zeroGradient;
    }
    frontAndBack
    {
        type            empty;
    }
}


// ************************************************************************* //
