/*--------------------------------*- C++ -*----------------------------------*\
| =========                 |                                                 |
| \\      /  F ield         | OpenFOAM: The Open Source CFD Toolbox           |
|  \\    /   O peration     | Version:  2212                                  |
|   \\  /    A nd           | Website:  www.openfoam.com                      |
|    \\/     M anipulation  |                                                 |
\*---------------------------------------------------------------------------*/
FoamFile
{
    version     2.0;
    format      ascii;
    arch        "LSB;label=32;scalar=64";
    class       volScalarField;
    location    "0.011";
    object      p;
}
// * * * * * * * * * * * * * * * * * * * * * * * * * * * * * * * * * * * * * //

dimensions      [0 2 -2 0 0 0 0];

internalField   nonuniform List<scalar> 
10000
(
-3.46673e-08
-3.55072e-05
-0.000343221
-0.000911234
-0.00166083
-0.00251853
-0.00342703
-0.00434063
-0.00522387
-0.00604902
-0.00679406
-0.00744075
-0.00797371
-0.00838105
-0.00865481
-0.00878967
-0.008781
-0.00862501
-0.00831953
-0.00786472
-0.00726245
-0.00651449
-0.00562139
-0.00458355
-0.00340248
-0.00208147
-0.00062538
0.000960376
0.00267084
0.00450168
0.00644849
0.00850658
0.0106708
0.012936
0.0152968
0.0177475
0.0202825
0.0228961
0.025583
0.0283383
0.0311572
0.034035
0.0369669
0.0399472
0.0429702
0.0460298
0.0491198
0.0522341
0.0553673
0.0585135
0.0616666
0.06482
0.067967
0.071101
0.0742158
0.0773054
0.0803642
0.0833863
0.0863655
0.0892954
0.0921698
0.0949828
0.0977288
0.100402
0.102998
0.10551
0.107932
0.11026
0.112486
0.114607
0.116617
0.118508
0.120277
0.121915
0.12342
0.124786
0.12601
0.127089
0.128021
0.128803
0.129432
0.129909
0.130232
0.130403
0.130424
0.130299
0.130034
0.129637
0.129115
0.128482
0.12775
0.126939
0.126071
0.125175
0.124288
0.123454
0.122726
0.122166
0.121851
0.121804
6.58514e-05
1.61846e-05
-0.000257595
-0.000735614
-0.00135458
-0.00206221
-0.00281503
-0.00357643
-0.0043157
-0.00500747
-0.00563123
-0.00617011
-0.00660926
-0.00693644
-0.00714234
-0.0072205
-0.00716666
-0.00697717
-0.00664891
-0.0061805
-0.00557209
-0.00482481
-0.00394006
-0.00291872
-0.00176172
-0.000471006
0.000950071
0.00249705
0.004165
0.00594928
0.00784551
0.00984928
0.0119561
0.0141612
0.0164593
0.0188452
0.0213132
0.0238579
0.0264744
0.0291577
0.0319036
0.0347074
0.0375643
0.0404688
0.0434151
0.0463974
0.0494098
0.0524465
0.0555016
0.0585692
0.0616432
0.0647173
0.0677853
0.0708408
0.0738772
0.0768882
0.0798683
0.0828118
0.085713
0.0885658
0.0913643
0.0941027
0.0967754
0.0993772
0.101903
0.104347
0.106704
0.108969
0.111137
0.113201
0.115157
0.117
0.118723
0.120322
0.121791
0.123128
0.124329
0.125391
0.126312
0.127091
0.127726
0.128217
0.128564
0.12877
0.128836
0.128769
0.128575
0.12826
0.127834
0.127308
0.126698
0.126019
0.125294
0.124549
0.123816
0.123131
0.122534
0.122072
0.121802
0.121756
0.000394812
0.00028867
3.91838e-06
-0.000438095
-0.000988299
-0.00160713
-0.00226124
-0.00292149
-0.00356186
-0.0041596
-0.00469568
-0.00515443
-0.00552267
-0.00578856
-0.005942
-0.00597592
-0.00588585
-0.00566856
-0.00532138
-0.00484187
-0.0042287
-0.00348187
-0.00260261
-0.00159238
-0.000452508
0.000815568
0.0022095
0.00372575
0.00535989
0.00710731
0.00896362
0.0109245
0.0129859
0.0151432
0.0173916
0.0197259
0.0221406
0.0246303
0.0271904
0.0298162
0.0325035
0.0352482
0.038045
0.0408884
0.0437728
0.0466925
0.049642
0.0526159
0.0556083
0.0586129
0.0616236
0.0646342
0.0676385
0.0706303
0.0736034
0.0765511
0.0794676
0.0823476
0.0851856
0.087976
0.090713
0.0933914
0.0960059
0.0985509
0.101021
0.103412
0.105718
0.107933
0.110053
0.112074
0.113988
0.115792
0.11748
0.119047
0.12049
0.121805
0.122989
0.124038
0.124952
0.125729
0.126369
0.126872
0.127239
0.127473
0.127577
0.127556
0.127415
0.127163
0.126808
0.126362
0.125837
0.125252
0.124624
0.123979
0.123342
0.122744
0.122217
0.121797
0.121527
0.121436
0.000946605
0.000739408
0.000406967
-3.65273e-05
-0.000560797
-0.00113466
-0.0017318
-0.00232835
-0.00290319
-0.00343659
-0.00391071
-0.00431102
-0.00462551
-0.00484362
-0.00495618
-0.00495564
-0.00483676
-0.00459642
-0.0042325
-0.00374294
-0.00312591
-0.00238021
-0.00150579
-0.000503837
0.00062393
0.0018756
0.00324876
0.00474034
0.00634669
0.0080637
0.00988725
0.0118132
0.0138375
0.0159559
0.0181635
0.0204553
0.022826
0.0252704
0.0277839
0.0303623
0.0330012
0.0356966
0.0384436
0.0412363
0.0440692
0.0469369
0.0498339
0.0527551
0.0556952
0.0586477
0.0616062
0.0645644
0.0675162
0.0704549
0.0733745
0.0762689
0.0791324
0.0819594
0.0847446
0.0874828
0.0901687
0.0927973
0.0953637
0.0978624
0.100288
0.102635
0.104898
0.107073
0.109155
0.111139
0.11302
0.114792
0.116452
0.117996
0.119418
0.120716
0.121886
0.122926
0.123835
0.124611
0.125256
0.125769
0.126154
0.126412
0.126547
0.126562
0.126463
0.126258
0.125955
0.125566
0.125102
0.124581
0.124017
0.123433
0.122851
0.122294
0.121791
0.12137
0.121058
0.120871
0.00165454
0.00131834
0.000915913
0.000448394
-7.42665e-05
-0.000628628
-0.00119291
-0.00174787
-0.0022762
-0.00276149
-0.00318841
-0.00354319
-0.00381431
-0.00399257
-0.00407015
-0.00404026
-0.00389742
-0.00363777
-0.00325884
-0.00275923
-0.00213744
-0.00139205
-0.000522259
0.000471741
0.00158867
0.00282633
0.00418192
0.00565231
0.00723425
0.00892412
0.0107183
0.012613
0.0146043
0.0166878
0.018859
0.0211126
0.0234436
0.0258472
0.0283187
0.0308543
0.0334499
0.0361008
0.0388022
0.041549
0.0443352
0.0471558
0.0500058
0.0528798
0.0557721
0.0586771
0.0615885
0.0644995
0.0674036
0.0702944
0.0731656
0.0760114
0.0788263
0.0816052
0.0843429
0.087034
0.0896739
0.092258
0.0947813
0.0972382
0.0996232
0.101931
0.104158
0.106297
0.108345
0.110296
0.112147
0.113892
0.115528
0.11705
0.118455
0.119737
0.120896
0.121928
0.122832
0.123609
0.124259
0.124783
0.125183
0.125463
0.125623
0.125669
0.125605
0.125438
0.125177
0.124832
0.124416
0.123941
0.123423
0.122879
0.122326
0.121786
0.121281
0.120834
0.120452
0.120135
0.00246783
0.00198775
0.00150003
0.00099083
0.000449864
-0.000104994
-0.000656565
-0.00118903
-0.00168784
-0.00213971
-0.0025319
-0.00285238
-0.00309046
-0.00323736
-0.00328622
-0.00323158
-0.00306865
-0.00279344
-0.00240277
-0.0018947
-0.00126797
-0.00052151
0.00034538
0.00133284
0.00244007
0.00366513
0.00500534
0.0064575
0.00801837
0.00968472
0.0114532
0.0133205
0.0152827
0.0173356
0.0194745
0.0216944
0.0239901
0.0263572
0.0287916
0.0312892
0.0338461
0.0364578
0.0391188
0.0418241
0.0445689
0.047348
0.0501561
0.0529883
0.0558387
0.0587013
0.0615701
0.0644389
0.0673008
0.0701486
0.0729766
0.0757793
0.0785512
0.081287
0.0839822
0.0866321
0.0892316
0.0917763
0.0942613
0.0966811
0.0990305
0.101305
0.103498
0.105606
0.107625
0.109548
0.111373
0.113095
0.114709
0.116213
0.117602
0.118871
0.120019
0.121044
0.121946
0.122724
0.123379
0.123913
0.124327
0.124624
0.124805
0.124875
0.124838
0.124701
0.124473
0.124162
0.12378
0.123338
0.122848
0.122325
0.121783
0.12124
0.120713
0.120221
0.119751
0.119286
0.00334061
0.00271161
0.00212894
0.00156409
0.000989062
0.000417337
-0.000137402
-0.000663056
-0.0011476
-0.00157955
-0.00194845
-0.00224443
-0.00245833
-0.00258213
-0.00260931
-0.00253497
-0.00235537
-0.00206709
-0.00166705
-0.0011526
-0.000522068
0.000225608
0.00109094
0.00207383
0.00317337
0.00438775
0.00571462
0.00715108
0.00869395
0.0103403
0.012087
0.0139309
0.0158683
0.0178948
0.0200057
0.0221962
0.0244614
0.0267968
0.0291988
0.0316637
0.0341869
0.0367642
0.0393905
0.0420603
0.0447689
0.0475119
0.0502841
0.0530797
0.0558936
0.0587198
0.0615518
0.0643832
0.0672075
0.070018
0.0728086
0.0755739
0.0783084
0.0810073
0.0836661
0.0862802
0.0888447
0.0913554
0.0938073
0.0961949
0.0985133
0.100758
0.102924
0.105006
0.106999
0.1089
0.110703
0.112405
0.114001
0.115488
0.116863
0.118121
0.11926
0.120281
0.121181
0.121961
0.122621
0.123163
0.123588
0.123898
0.124095
0.124183
0.124166
0.124052
0.123848
0.123561
0.123201
0.122777
0.122301
0.121783
0.121237
0.120675
0.120112
0.119561
0.118992
0.118373
0.00423279
0.00345569
0.00277354
0.00214442
0.00152369
0.000922601
0.000352461
-0.00017833
-0.000660353
-0.00108386
-0.00143974
-0.00171988
-0.00191697
-0.00202435
-0.00203611
-0.00194757
-0.00175525
-0.00145625
-0.00104807
-0.000528237
0.000105321
0.000853927
0.00171812
0.00269757
0.00379118
0.00499704
0.00631282
0.00773602
0.00926377
0.0108934
0.012622
0.0144464
0.0163628
0.018367
0.0204541
0.0226192
0.0248583
0.027167
0.0295415
0.0319783
0.0344731
0.0370211
0.0396175
0.0422576
0.0449362
0.0476486
0.0503898
0.0531546
0.0559373
0.0587321
0.0615324
0.064332
0.0671242
0.0699023
0.0726608
0.0753944
0.0780977
0.0807656
0.0833938
0.0859778
0.0885127
0.0909943
0.0934179
0.0957781
0.0980705
0.100291
0.102434
0.104494
0.106467
0.108349
0.110135
0.111819
0.1134
0.114873
0.116235
0.117484
0.118617
0.119635
0.120535
0.121317
0.121981
0.122528
0.122961
0.123281
0.123489
0.123591
0.123589
0.123491
0.123303
0.123031
0.122682
0.122266
0.121791
0.121267
0.120703
0.120111
0.1195
0.118883
0.11821
0.117439
0.00511106
0.00419026
0.00340781
0.00270966
0.00203605
0.00139665
0.000801413
0.000256282
-0.000232086
-0.00065592
-0.00100747
-0.00127979
-0.00146677
-0.00156321
-0.00156445
-0.00146628
-0.00126517
-0.000958432
-0.00054372
-1.90325e-05
0.000617517
0.00136725
0.00223071
0.00320747
0.00429635
0.00549548
0.00680241
0.00821483
0.00973038
0.0113464
0.0130603
0.0148689
0.016768
0.0187536
0.0208209
0.022965
0.0251821
0.0274685
0.0298205
0.032234
0.034705
0.037229
0.0398011
0.0424164
0.0450703
0.047758
0.0504739
0.0532127
0.0559693
0.0587378
0.0615117
0.0642844
0.0670497
0.0698011
0.0725333
0.0752408
0.0779185
0.0805613
0.0831648
0.0857244
0.0882349
0.0906925
0.0930926
0.0954304
0.0977017
0.0999023
0.102027
0.104071
0.106028
0.107894
0.109665
0.111337
0.112904
0.114366
0.115718
0.11696
0.118089
0.119105
0.120006
0.120789
0.121456
0.122008
0.122446
0.122772
0.122989
0.123099
0.123108
0.123021
0.122841
0.122575
0.122229
0.121811
0.121328
0.120788
0.120199
0.119567
0.118902
0.118212
0.117436
0.116519
0.00594957
0.00489133
0.00400976
0.00324039
0.00251016
0.00182664
0.0011992
0.000632229
0.000130461
-0.000300398
-0.000654405
-0.000925656
-0.00110885
-0.0011997
-0.00119458
-0.00109017
-0.000883333
-0.000571368
-0.00015203
0.000376559
0.001016
0.00176728
0.00263068
0.00360567
0.00469095
0.00588484
0.00718503
0.00858912
0.0100952
0.0117009
0.0134033
0.0151992
0.0170849
0.0190555
0.0211065
0.0232339
0.0254336
0.027702
0.0300359
0.0324312
0.0348835
0.0373883
0.0399411
0.0425372
0.0451716
0.0478394
0.0505352
0.0532535
0.0559893
0.0587367
0.061489
0.0642402
0.066984
0.0697143
0.0724257
0.075113
0.0777708
0.0803941
0.0829786
0.0855191
0.0880107
0.0904495
0.0928314
0.0951519
0.0974069
0.0995925
0.101703
0.103734
0.105679
0.107534
0.109294
0.110955
0.112513
0.113966
0.115312
0.116549
0.117676
0.11869
0.119591
0.120375
0.121043
0.121598
0.12204
0.122371
0.122593
0.122709
0.122724
0.12264
0.122463
0.122196
0.121846
0.121419
0.120922
0.120359
0.119737
0.119059
0.118335
0.117572
0.116695
0.115638
0.00672783
0.00553988
0.00456177
0.00372063
0.00293158
0.00220078
0.00153656
0.000942102
0.000420977
-2.26276e-05
-0.000384319
-0.000659673
-0.000844382
-0.000934628
-0.000927269
-0.000819665
-0.000609437
-0.000294036
0.00012858
0.000660164
0.00130213
0.00205515
0.00291907
0.00389328
0.00497633
0.00616643
0.00746178
0.00886017
0.0103595
0.0119577
0.013652
0.0154386
0.0173137
0.019273
0.0213119
0.0234264
0.0256131
0.0278684
0.0301887
0.0325701
0.0350084
0.0374993
0.0400382
0.0426201
0.04524
0.0478929
0.0505737
0.0532768
0.055997
0.0587284
0.0614646
0.0641994
0.0669272
0.0696419
0.0723381
0.0750106
0.077654
0.0802633
0.082834
0.0853609
0.0878389
0.0902642
0.0926332
0.0949416
0.097185
0.0993597
0.10146
0.103482
0.105418
0.107265
0.109018
0.110671
0.112223
0.113671
0.115013
0.116247
0.117372
0.118386
0.119286
0.12007
0.12074
0.121296
0.121741
0.122075
0.122299
0.122418
0.122434
0.12235
0.122169
0.121896
0.121537
0.121097
0.120579
0.119988
0.119328
0.118601
0.117817
0.11698
0.116005
0.114818
0.00742898
0.00612002
0.00504972
0.00413723
0.00328819
0.00250822
0.00180453
0.00117887
0.000633696
0.00017239
-0.000201645
-0.000485339
-0.000675566
-0.000769107
-0.000763144
-0.000655357
-0.000443805
-0.00012648
0.000298538
0.000832628
0.0014768
0.00223162
0.00309659
0.00407082
0.00515299
0.00634111
0.00763345
0.00902849
0.010524
0.0121176
0.0138064
0.0155871
0.0174552
0.0194064
0.021437
0.0235431
0.0257212
0.0279678
0.0302793
0.0326516
0.0350809
0.0375627
0.0400926
0.0426653
0.0452757
0.0479188
0.0505896
0.0532826
0.0559924
0.0587131
0.0614384
0.0641625
0.0668797
0.069584
0.0722701
0.0749331
0.0775674
0.0801678
0.08273
0.0852484
0.0877181
0.0901354
0.0924966
0.0947976
0.0970339
0.0992017
0.101296
0.103311
0.105242
0.107085
0.108833
0.110483
0.112032
0.113478
0.114819
0.116052
0.117176
0.118189
0.119088
0.119873
0.120543
0.121101
0.121548
0.121883
0.122108
0.122226
0.122239
0.12215
0.121963
0.121681
0.121308
0.12085
0.120307
0.119684
0.118983
0.118205
0.11736
0.116451
0.115383
0.114075
0.00803965
0.00661852
0.00546105
0.00447921
0.00357017
0.00273962
0.00199451
0.00133519
0.000762862
0.000279994
-0.000110625
-0.000406515
-0.000605519
-0.00070531
-0.000703497
-0.000598007
-0.000386979
-6.90104e-05
0.000357552
0.000893812
0.00154013
0.00229678
0.00316339
0.00413857
0.00522088
0.00640886
0.00770067
0.00909454
0.0105887
0.0121806
0.0138671
0.0156445
0.0175089
0.0194561
0.0214824
0.0235844
0.0257584
0.0280009
0.0303082
0.0326764
0.0351015
0.0375792
0.0401047
0.0426731
0.0452789
0.0479174
0.0505834
0.0532714
0.055976
0.0586913
0.0614112
0.0641299
0.0668418
0.0695408
0.0722219
0.0748802
0.0775103
0.080107
0.0826656
0.0851808
0.0876475
0.090062
0.0924205
0.0947186
0.096952
0.0991168
0.101208
0.103221
0.10515
0.106992
0.10874
0.11039
0.11194
0.113387
0.114729
0.115962
0.117086
0.118098
0.118998
0.119784
0.120456
0.121015
0.121463
0.121798
0.122021
0.122135
0.122143
0.122047
0.121851
0.121556
0.121167
0.120686
0.120116
0.119458
0.118713
0.117885
0.116978
0.115999
0.114842
0.113422
0.00855014
0.00702442
0.00578468
0.00473652
0.00376862
0.00288699
0.00209887
0.00140387
0.000802202
0.000295103
-0.000115306
-0.000426743
-0.000637494
-0.000745975
-0.000750357
-0.000648904
-0.000439928
-0.000122222
0.000305115
0.000843002
0.00149163
0.00225048
0.00311903
0.00409618
0.00518022
0.00636965
0.007663
0.00905842
0.0105538
0.0121466
0.0138335
0.0156109
0.017475
0.0194221
0.0214484
0.0235506
0.0257249
0.0279678
0.0302756
0.0326445
0.0350704
0.0375488
0.0400748
0.0426435
0.0452498
0.0478887
0.0505552
0.0532434
0.0559481
0.0586634
0.0613832
0.0641018
0.0668136
0.0695125
0.0721936
0.0748523
0.0774831
0.080081
0.0826411
0.0851582
0.0876272
0.090044
0.0924046
0.0947044
0.0969391
0.099105
0.101198
0.103212
0.105143
0.106988
0.108739
0.110394
0.111947
0.113397
0.114742
0.115978
0.117103
0.118117
0.119018
0.119806
0.12048
0.121041
0.121488
0.121821
0.12204
0.122149
0.122151
0.122047
0.121839
0.121529
0.121121
0.120615
0.120014
0.119319
0.118531
0.11765
0.116683
0.115636
0.114396
0.112871
0.00895322
0.00732952
0.00601182
0.00489989
0.00387489
0.00294267
0.00211066
0.00137825
0.00074524
0.000212004
-0.000220264
-0.00054968
-0.000774627
-0.000893885
-0.000906079
-0.000809813
-0.000603986
-0.000287373
0.000140429
0.000679592
0.0013303
0.00209194
0.00296331
0.00394327
0.00503056
0.00622355
0.00752059
0.00891984
0.010419
0.0120153
0.0137056
0.0154862
0.0173536
0.0193044
0.0213349
0.0234416
0.0256207
0.0278685
0.0301815
0.0325559
0.0349873
0.037471
0.0400024
0.0425766
0.0451883
0.0478328
0.0505048
0.0531985
0.0559086
0.0586294
0.0613545
0.0640784
0.0667953
0.0694992
0.0721856
0.0748497
0.0774865
0.0800906
0.0826573
0.0851812
0.0876573
0.0900812
0.0924487
0.0947548
0.0969954
0.0991669
0.101265
0.103285
0.105223
0.107073
0.108832
0.110493
0.112053
0.113509
0.114858
0.116098
0.117228
0.118246
0.11915
0.119941
0.120616
0.121177
0.121623
0.121953
0.122168
0.122272
0.122266
0.122152
0.121931
0.121604
0.121173
0.12064
0.120007
0.119274
0.118442
0.117509
0.116483
0.11537
0.114051
0.112429
0.00924261
0.00752733
0.00613532
0.00496168
0.00388105
0.00289904
0.00202306
0.0012521
0.00058602
2.5046e-05
-0.00043055
-0.00077953
-0.00102027
-0.00115176
-0.00117308
-0.00108298
-0.000880711
-0.000565857
-0.000138075
0.00040255
0.00105557
0.00182023
0.00269534
0.00367961
0.00477179
0.00597029
0.00727324
0.00867864
0.0101841
0.0117866
0.0134831
0.0152702
0.0171447
0.0191032
0.0211419
0.0232572
0.0254454
0.0277028
0.0300257
0.03241
0.0348515
0.0373454
0.0398871
0.0424717
0.045094
0.0477492
0.0504319
0.0531364
0.0558573
0.0585889
0.0613248
0.0640592
0.0667864
0.0695008
0.0721977
0.0748727
0.0775205
0.0801359
0.0827141
0.0852498
0.0877376
0.0901733
0.0925523
0.0948694
0.0971205
0.0993023
0.101411
0.103441
0.105388
0.107249
0.109017
0.110687
0.112256
0.11372
0.115077
0.116324
0.11746
0.118484
0.119393
0.120187
0.120864
0.121424
0.121868
0.122195
0.122406
0.122504
0.12249
0.122365
0.122129
0.121782
0.121327
0.120766
0.1201
0.119329
0.118451
0.117467
0.116384
0.115207
0.113814
0.112101
0.00941229
0.00761129
0.00614882
0.00491551
0.00378015
0.00274888
0.00182924
0.00101947
0.000319198
-0.000270975
-0.000750984
-0.00112046
-0.00137813
-0.00152276
-0.00155371
-0.00147053
-0.00127245
-0.000959447
-0.000531733
1.03663e-05
0.00066611
0.0014345
0.00231442
0.00330456
0.00440345
0.00560943
0.00692053
0.00833446
0.00984859
0.0114601
0.0131659
0.0149631
0.0168484
0.0188184
0.0208693
0.0229974
0.025199
0.0274705
0.0298077
0.0322066
0.0346628
0.0371717
0.0397286
0.0423287
0.0449667
0.0476377
0.0503363
0.0530567
0.0557937
0.0585413
0.0612931
0.0640433
0.0667863
0.0695167
0.0722297
0.0749208
0.0775848
0.0802164
0.082811
0.085363
0.0878673
0.0903193
0.0927143
0.0950473
0.097314
0.0995109
0.101634
0.103678
0.105639
0.107513
0.109293
0.110975
0.112555
0.11403
0.115398
0.116655
0.1178
0.118831
0.119746
0.120543
0.121222
0.121782
0.122225
0.122549
0.122756
0.122848
0.122825
0.122687
0.122434
0.122066
0.121587
0.120998
0.120298
0.119486
0.118564
0.117529
0.116389
0.115153
0.113689
0.111891
0.00945688
0.00757527
0.00604593
0.00475499
0.00356603
0.00248583
0.00152263
0.000674228
-6.03775e-05
-0.000680602
-0.00118606
-0.00157656
-0.00185152
-0.00200992
-0.00205106
-0.0019749
-0.00178131
-0.00147032
-0.00104249
-0.000498655
0.000160352
0.000933499
0.00181957
0.00281718
0.0039247
0.00514024
0.00646166
0.00788645
0.0094119
0.0110353
0.0127539
0.0145648
0.0164647
0.01845
0.0205171
0.0226622
0.0248816
0.0271714
0.0295274
0.0319454
0.034421
0.0369498
0.0395269
0.0421476
0.0448063
0.0474981
0.0502176
0.052959
0.055717
0.0584858
0.0612587
0.06403
0.0667944
0.0695462
0.0722809
0.0749936
0.0776788
0.0803316
0.0829474
0.0855206
0.0880459
0.0905189
0.0929348
0.0952886
0.097576
0.0997932
0.101936
0.103998
0.105976
0.107865
0.109661
0.111358
0.112952
0.114442
0.115823
0.117092
0.118248
0.119288
0.12021
0.121012
0.121694
0.122256
0.122698
0.123021
0.123224
0.123309
0.123276
0.123123
0.122852
0.122463
0.121959
0.12134
0.120605
0.119754
0.118785
0.1177
0.116507
0.115212
0.113681
0.111802
0.00937265
0.00741434
0.00582068
0.00447405
0.00323294
0.00210434
0.00109769
0.000210815
-0.000557991
-0.00120828
-0.00173957
-0.00215159
-0.00244399
-0.00261624
-0.00266795
-0.002599
-0.00240984
-0.00210083
-0.00167272
-0.00112661
-0.000463513
0.000315566
0.00120929
0.00221609
0.00333417
0.00456142
0.0058954
0.00733351
0.00887312
0.0105117
0.0122466
0.0140748
0.015993
0.0179976
0.020085
0.0222513
0.0244928
0.0268052
0.0291844
0.0316261
0.0341261
0.0366797
0.0392821
0.0419281
0.0446125
0.04733
0.0500755
0.0528429
0.055627
0.0584218
0.061221
0.064019
0.0668103
0.0695893
0.0723511
0.0750907
0.0778025
0.0804817
0.0831237
0.0857231
0.0882744
0.0907732
0.0932151
0.0955949
0.0979082
0.10015
0.102316
0.104401
0.1064
0.108309
0.110123
0.111839
0.113451
0.114958
0.116355
0.117639
0.118808
0.119858
0.120789
0.121597
0.122283
0.122848
0.123292
0.123613
0.123812
0.123889
0.123844
0.123677
0.123387
0.122977
0.122447
0.121797
0.121026
0.120134
0.119121
0.117986
0.11674
0.115388
0.113792
0.111837
0.00915691
0.00712469
0.0054684
0.00406745
0.00277572
0.00159974
0.000549787
-0.000375414
-0.00117807
-0.00185826
-0.00241534
-0.00284898
-0.00315897
-0.00334512
-0.00340736
-0.0033458
-0.00316099
-0.00285375
-0.00242505
-0.00187597
-0.00120764
-0.000421273
0.000481668
0.00149946
0.00263009
0.00387116
0.00522006
0.0066742
0.00823111
0.00988831
0.011643
0.0134922
0.0154325
0.0174604
0.0195723
0.0217641
0.0240319
0.0263713
0.0287783
0.0312484
0.0337775
0.0363609
0.0389934
0.0416699
0.0443848
0.0471332
0.0499095
0.052708
0.0555231
0.0583491
0.06118
0.0640103
0.0668342
0.0696459
0.0724403
0.0752123
0.0779563
0.0806675
0.083341
0.0859717
0.0885542
0.0910843
0.0935573
0.0959683
0.0983121
0.100584
0.102778
0.104889
0.106913
0.108846
0.110683
0.11242
0.114054
0.11558
0.116995
0.118296
0.119479
0.120542
0.121483
0.122299
0.122993
0.123562
0.124008
0.124328
0.124521
0.124589
0.124533
0.12435
0.124043
0.12361
0.123053
0.122371
0.121564
0.120631
0.119573
0.11839
0.117091
0.115684
0.114026
0.111997
0.00880682
0.00670312
0.00498589
0.00353117
0.0021897
0.00096778
-0.000124792
-0.00108834
-0.00192462
-0.00263431
-0.00321703
-0.00367229
-0.00399997
-0.00420011
-0.00427277
-0.0042185
-0.00403798
-0.00373222
-0.00330231
-0.00274933
-0.00207454
-0.00127938
-0.00036552
0.000665127
0.00181029
0.00306735
0.00443367
0.0059068
0.00748429
0.00916352
0.0109416
0.0128154
0.0147817
0.0168371
0.0189776
0.0211992
0.0234975
0.0258684
0.0283077
0.0308111
0.0333744
0.0359923
0.0386599
0.0413718
0.0441225
0.0469067
0.0497189
0.0525535
0.0554049
0.0582676
0.0611358
0.0640039
0.066866
0.0697159
0.0725484
0.0753585
0.0781404
0.0808892
0.0836
0.0862675
0.0888867
0.0914533
0.0939628
0.0964096
0.0987885
0.101094
0.10332
0.105462
0.107515
0.109477
0.111341
0.113104
0.114761
0.11631
0.117745
0.119064
0.120263
0.121341
0.122295
0.123122
0.123824
0.124399
0.124847
0.125165
0.125353
0.125413
0.125345
0.125148
0.124821
0.124364
0.123779
0.123064
0.122221
0.121247
0.120145
0.118913
0.117563
0.116102
0.114383
0.112283
0.00832001
0.00614684
0.00437019
0.00286249
0.00147154
0.000204472
-0.00092969
-0.00193131
-0.00280124
-0.00354022
-0.00414836
-0.00462527
-0.00497071
-0.00518481
-0.00526794
-0.00522079
-0.00504426
-0.00473941
-0.00430739
-0.00374941
-0.00306686
-0.00226134
-0.00133477
-0.000289374
0.000872364
0.00214776
0.00353427
0.00502944
0.00663072
0.00833529
0.0101402
0.0120425
0.0140389
0.0161258
0.0182991
0.0205545
0.0228878
0.0252947
0.0277712
0.0303129
0.032915
0.0355725
0.0382802
0.0410326
0.0438242
0.0466494
0.0495027
0.0523785
0.0552717
0.0581768
0.061088
0.0639994
0.0669051
0.0697986
0.0726748
0.0755286
0.0783544
0.0811467
0.0839006
0.0866107
0.0892721
0.0918808
0.0944317
0.096919
0.099337
0.10168
0.103943
0.106121
0.108209
0.110203
0.112099
0.113891
0.115575
0.117148
0.118606
0.119945
0.121164
0.122259
0.123228
0.124069
0.12478
0.125362
0.125812
0.126129
0.126313
0.126365
0.126286
0.126073
0.125726
0.125245
0.124631
0.123883
0.123002
0.121988
0.120841
0.119561
0.11816
0.116647
0.114868
0.112699
0.00769529
0.00545355
0.00361877
0.0020591
0.00061877
-0.000693428
-0.00186853
-0.00290772
-0.00381145
-0.00457993
-0.00521345
-0.00571192
-0.00607513
-0.00630316
-0.00639671
-0.00635645
-0.00618338
-0.00587858
-0.00544335
-0.0048791
-0.00418733
-0.00336984
-0.00242882
-0.00136675
-0.00018622
0.00111015
0.00251978
0.00404005
0.00566822
0.00740144
0.00923685
0.0111715
0.0132021
0.0153246
0.0175348
0.0198285
0.0222012
0.024649
0.0271675
0.0297521
0.032398
0.0351
0.0378528
0.040651
0.0434886
0.0463599
0.0492596
0.0521823
0.055123
0.0580761
0.0610358
0.063996
0.0669505
0.0698932
0.0728188
0.0757221
0.0785974
0.0814392
0.0842421
0.0870007
0.0897102
0.0923662
0.0949635
0.0974959
0.0999577
0.102344
0.104648
0.106866
0.108994
0.111026
0.112957
0.114781
0.116495
0.118096
0.11958
0.120944
0.122185
0.1233
0.124286
0.125141
0.125863
0.126452
0.126906
0.127223
0.127405
0.12745
0.12736
0.127131
0.126763
0.126257
0.125614
0.124833
0.123915
0.122859
0.121667
0.12034
0.118889
0.117322
0.115485
0.113245
0.00693265
0.00462175
0.00272925
0.00111853
-0.000370982
-0.00172873
-0.00294492
-0.00402147
-0.00495908
-0.00575745
-0.00641662
-0.00693665
-0.00731754
-0.00755949
-0.00766313
-0.00762927
-0.00745889
-0.00715316
-0.00671352
-0.00614156
-0.005439
-0.00460787
-0.00365061
-0.00256979
-0.00136798
-4.78312e-05
0.00138788
0.00293627
0.00459453
0.00635996
0.00822977
0.0102008
0.0122696
0.0144318
0.0166833
0.0190196
0.0214367
0.02393
0.0264952
0.0291275
0.0318221
0.0345737
0.0373769
0.0402259
0.0431147
0.0460376
0.0489893
0.0519645
0.0549584
0.0579653
0.0609788
0.0639931
0.067002
0.0699995
0.0729803
0.0759389
0.0788695
0.0817665
0.0846244
0.0874375
0.0902007
0.0929094
0.095558
0.0981405
0.100651
0.103085
0.105436
0.1077
0.109872
0.111945
0.113915
0.115776
0.117525
0.119157
0.120671
0.122062
0.123328
0.124465
0.125471
0.126341
0.127076
0.127673
0.128133
0.128452
0.128632
0.128671
0.128568
0.128323
0.127934
0.127403
0.12673
0.125916
0.12496
0.123864
0.122627
0.121252
0.11975
0.118131
0.116234
0.113925
0.00603223
0.00365055
0.00169945
3.79568e-05
-0.0015005
-0.00290442
-0.00416254
-0.00527686
-0.00624851
-0.00707706
-0.00776222
-0.00830402
-0.00870255
-0.00895818
-0.00907139
-0.00904316
-0.00887453
-0.00856676
-0.00812143
-0.0075403
-0.00682534
-0.00597885
-0.00500332
-0.00390134
-0.00267554
-0.00132877
0.000135934
0.0017156
0.00340748
0.00520896
0.00711714
0.00912864
0.0112396
0.0134459
0.0157431
0.0181269
0.020593
0.0231367
0.0257533
0.0284383
0.0311867
0.0339932
0.0368519
0.0397569
0.0427022
0.0456822
0.0486917
0.0517254
0.0547782
0.0578444
0.0609175
0.0639915
0.0670603
0.0701182
0.0731599
0.0761795
0.0791712
0.0821292
0.0850479
0.0879212
0.0907438
0.0935105
0.0962158
0.0988537
0.101419
0.103905
0.106309
0.108623
0.110843
0.112962
0.114975
0.116877
0.118664
0.120333
0.121881
0.123303
0.124597
0.125758
0.126783
0.127671
0.12842
0.129029
0.129496
0.129819
0.129997
0.130029
0.129914
0.129652
0.129243
0.128687
0.127985
0.127136
0.126143
0.125004
0.123723
0.1223
0.120747
0.119074
0.117117
0.114738
0.00499317
0.00253898
0.000527469
-0.00118572
-0.00277336
-0.0042241
-0.00552527
-0.00667827
-0.00768443
-0.00854344
-0.00925488
-0.0098186
-0.0102347
-0.0105035
-0.0106257
-0.0106022
-0.0104343
-0.0101233
-0.0096709
-0.00907916
-0.00835021
-0.00748641
-0.00649029
-0.00536449
-0.00411191
-0.00273568
-0.00123893
0.00037545
0.00210476
0.00394627
0.00589681
0.00795279
0.0101103
0.0123651
0.0147128
0.0171489
0.0196687
0.0222676
0.0249407
0.0276835
0.030491
0.0333575
0.036277
0.0392435
0.0422509
0.0452938
0.048367
0.0514651
0.0545826
0.0577138
0.0608522
0.0639918
0.0671265
0.0702506
0.0733588
0.0764452
0.0795036
0.0825282
0.0855132
0.0884525
0.09134
0.0941704
0.0969379
0.0996369
0.102262
0.104807
0.107267
0.109636
0.111908
0.114078
0.116139
0.118087
0.119917
0.121627
0.123212
0.124668
0.125992
0.127179
0.128228
0.129136
0.129902
0.130524
0.131
0.131326
0.131503
0.131528
0.131402
0.131125
0.130695
0.130114
0.129381
0.128499
0.127466
0.126287
0.12496
0.123488
0.121883
0.120156
0.118138
0.115688
0.00381321
0.00128511
-0.000788762
-0.00255574
-0.00419375
-0.00569205
-0.00703728
-0.00823007
-0.00927148
-0.0101614
-0.0108993
-0.0114849
-0.0119184
-0.0121999
-0.0123303
-0.0123107
-0.0121423
-0.0118268
-0.0113661
-0.0107622
-0.0100175
-0.00913422
-0.00811499
-0.00696273
-0.00568061
-0.00427193
-0.00273978
-0.00108697
0.000683693
0.00256918
0.0045661
0.00667078
0.00887927
0.0111873
0.0135903
0.0160835
0.0186619
0.0213209
0.0240558
0.0268617
0.0297335
0.0326654
0.0356513
0.0386849
0.0417603
0.0448721
0.048015
0.0511833
0.0543715
0.0575736
0.0607833
0.0639947
0.0672014
0.0703976
0.073578
0.0767367
0.0798675
0.0829644
0.0860213
0.0890318
0.09199
0.0948899
0.0977257
0.100492
0.103182
0.105791
0.108312
0.11074
0.113069
0.115294
0.117408
0.119407
0.121286
0.12304
0.124667
0.12616
0.127516
0.128734
0.129808
0.13074
0.131525
0.132162
0.132648
0.132979
0.133154
0.133174
0.133039
0.132746
0.132296
0.131689
0.130926
0.130009
0.128938
0.127716
0.126344
0.124822
0.123164
0.121381
0.119301
0.116777
0.002489
-0.000114269
-0.00225224
-0.00407547
-0.00576591
-0.00731291
-0.00870312
-0.00993668
-0.0110142
-0.0119355
-0.0127
-0.0133075
-0.0137579
-0.0140517
-0.0141896
-0.0141729
-0.014003
-0.0136819
-0.0132114
-0.0125938
-0.0118312
-0.010926
-0.00988118
-0.00869984
-0.00738534
-0.00594097
-0.00436979
-0.00267472
-0.000858856
0.00107453
0.00312198
0.0052798
0.00754398
0.00991003
0.0123731
0.0149281
0.0175701
0.0202945
0.0230964
0.0259709
0.0289125
0.0319152
0.034973
0.0380796
0.041229
0.0444158
0.0476343
0.0508789
0.0541438
0.057423
0.0607103
0.0639997
0.0672846
0.070559
0.0738176
0.0770544
0.0802633
0.083438
0.0865724
0.0896599
0.0926943
0.0956698
0.0985799
0.101418
0.104179
0.106857
0.109445
0.111937
0.114328
0.116613
0.118785
0.12084
0.122771
0.124575
0.126246
0.12778
0.129173
0.130424
0.131529
0.132486
0.133293
0.133947
0.134443
0.13478
0.134956
0.134973
0.134828
0.134521
0.13405
0.133417
0.132624
0.131672
0.130562
0.129296
0.127877
0.126304
0.124592
0.122752
0.120608
0.118007
0.00101712
-0.00166331
-0.00386705
-0.00574866
-0.00749386
-0.00909126
-0.0105275
-0.0118027
-0.0129172
-0.0138703
-0.0146616
-0.0152909
-0.015758
-0.0160634
-0.0162081
-0.0161935
-0.0160212
-0.0156931
-0.0152113
-0.0145779
-0.0137952
-0.0128658
-0.0117929
-0.0105798
-0.00922975
-0.00774615
-0.0061322
-0.0043911
-0.0025262
-0.000540879
0.00156143
0.00377701
0.00610156
0.00853028
0.0110581
0.0136799
0.0163907
0.0191858
0.0220602
0.0250086
0.0280255
0.0311047
0.0342402
0.0374258
0.0406553
0.0439229
0.047223
0.0505499
0.0538979
0.0572606
0.060632
0.0640057
0.0673751
0.0707339
0.0740767
0.0773976
0.0806904
0.0839488
0.0871664
0.0903365
0.0934531
0.0965099
0.0995002
0.102417
0.105254
0.108006
0.110665
0.113227
0.115686
0.118037
0.120272
0.122387
0.124375
0.126232
0.127951
0.12953
0.130965
0.132254
0.133392
0.134378
0.135209
0.135879
0.136388
0.136732
0.136913
0.136927
0.136774
0.136452
0.135961
0.135302
0.134478
0.133491
0.132341
0.131031
0.129563
0.127937
0.126169
0.124271
0.122059
0.119378
-0.000605224
-0.00336609
-0.00563781
-0.00757959
-0.00938168
-0.0110314
-0.0125151
-0.0138328
-0.0149849
-0.0159705
-0.0167889
-0.0174399
-0.0179235
-0.0182402
-0.018391
-0.0183777
-0.0182018
-0.0178654
-0.0173704
-0.0167191
-0.0159139
-0.0149579
-0.0138542
-0.0126063
-0.0112173
-0.00969082
-0.00803038
-0.00623947
-0.00432155
-0.00227999
-0.000118276
0.00215965
0.0045492
0.00704532
0.00964283
0.0123366
0.0151215
0.0179926
0.0209447
0.0239726
0.0270703
0.0302318
0.0334509
0.0367215
0.040037
0.0433915
0.0467792
0.0501947
0.053632
0.0570847
0.0605465
0.0640108
0.0674709
0.0709205
0.0743539
0.0777651
0.081148
0.0844961
0.0878029
0.0910616
0.0942662
0.09741
0.100486
0.103487
0.106406
0.109237
0.111974
0.114611
0.117144
0.119566
0.121869
0.124049
0.126098
0.128012
0.129786
0.131415
0.132896
0.134226
0.135402
0.136419
0.137274
0.137965
0.138489
0.138844
0.139029
0.139043
0.138882
0.138546
0.138034
0.13735
0.136496
0.135472
0.134282
0.132926
0.131407
0.129727
0.1279
0.12594
0.123657
0.120893
-0.00238035
-0.00522611
-0.00756885
-0.0095728
-0.0114337
-0.0131377
-0.0146704
-0.0160318
-0.0172224
-0.018241
-0.019087
-0.0197599
-0.0202599
-0.0205875
-0.020744
-0.0207309
-0.0205501
-0.0202036
-0.0196934
-0.019022
-0.0181921
-0.0172069
-0.0160694
-0.0147832
-0.0133516
-0.0117786
-0.0100679
-0.00822316
-0.00624793
-0.00414557
-0.00191982
0.000425082
0.00288432
0.00545271
0.00812501
0.010896
0.0137604
0.0167129
0.0197483
0.022861
0.0260453
0.029295
0.0326037
0.0359651
0.0393725
0.0428199
0.0463015
0.0498117
0.0533447
0.0568937
0.0604521
0.0640133
0.0675705
0.0711174
0.074648
0.0781561
0.0816355
0.0850796
0.0884818
0.0918354
0.0951339
0.0983707
0.101538
0.104629
0.107636
0.110553
0.113374
0.116093
0.118706
0.121204
0.12358
0.125829
0.127944
0.129921
0.131754
0.133438
0.134971
0.136346
0.137561
0.138612
0.139495
0.140209
0.140752
0.14112
0.141312
0.141325
0.141157
0.140808
0.140277
0.139569
0.138683
0.137623
0.136389
0.134986
0.133415
0.131677
0.129789
0.127764
0.125406
0.122554
-0.00431086
-0.00724648
-0.00966402
-0.0117326
-0.0136543
-0.0154147
-0.0169982
-0.018405
-0.0196352
-0.0206878
-0.0215619
-0.0222571
-0.0227734
-0.0231116
-0.023273
-0.0232591
-0.0230718
-0.0227132
-0.0221857
-0.021492
-0.0206349
-0.0196174
-0.0184428
-0.0171147
-0.0156368
-0.0140134
-0.0122484
-0.0103456
-0.00830853
-0.00614069
-0.0038462
-0.00142956
0.0011043
0.00375014
0.00650261
0.00935623
0.0123055
0.015345
0.0184691
0.0216724
0.0249491
0.0282929
0.0316971
0.0351552
0.0386606
0.0422072
0.0457889
0.0494002
0.0530349
0.0566864
0.0603478
0.0640122
0.0676729
0.0713237
0.0749584
0.0785704
0.082153
0.0856998
0.089204
0.0926588
0.0960576
0.0993933
0.102658
0.105845
0.108947
0.111957
0.114868
0.117675
0.120373
0.122953
0.125408
0.127731
0.129918
0.131963
0.13386
0.135605
0.137192
0.138617
0.139874
0.140962
0.141878
0.142619
0.143183
0.143566
0.143765
0.143779
0.143605
0.143244
0.142695
0.141962
0.141045
0.139946
0.138668
0.137216
0.13559
0.133792
0.131839
0.129745
0.12731
0.124365
-0.00640007
-0.0094305
-0.0119269
-0.0140634
-0.0160485
-0.0178675
-0.0195041
-0.0209582
-0.0222296
-0.0233173
-0.0242202
-0.024938
-0.0254707
-0.025819
-0.0259843
-0.0259682
-0.0257728
-0.0254003
-0.0248535
-0.0241351
-0.0232479
-0.0221948
-0.0209794
-0.0196057
-0.0180778
-0.0164
-0.0145764
-0.0126109
-0.0105071
-0.00826908
-0.00590102
-0.00340761
-0.000793842
0.00193494
0.0047731
0.00771486
0.0107546
0.0138866
0.0171053
0.0204051
0.0237802
0.0272241
0.0307298
0.0342907
0.0379003
0.0415523
0.0452407
0.0489595
0.0527023
0.0564623
0.0602329
0.064007
0.0677779
0.0715394
0.0752851
0.0790079
0.082701
0.0863573
0.0899701
0.0935326
0.0970381
0.100479
0.103848
0.107138
0.110341
0.113449
0.116458
0.11936
0.122148
0.124815
0.127354
0.129758
0.132022
0.134141
0.136108
0.137917
0.139563
0.141041
0.142346
0.143475
0.144427
0.145199
0.145786
0.146185
0.146393
0.14641
0.146232
0.14586
0.145293
0.144534
0.143585
0.142447
0.141124
0.13962
0.137936
0.136075
0.134054
0.131888
0.129371
0.126328
-0.00865201
-0.0117822
-0.0143616
-0.0165697
-0.0186216
-0.0205021
-0.0221944
-0.0236979
-0.0250123
-0.0261363
-0.027069
-0.0278097
-0.0283586
-0.0287163
-0.0288844
-0.0288648
-0.0286597
-0.0282716
-0.0277033
-0.0269574
-0.0260369
-0.0249448
-0.0236852
-0.0222621
-0.0206801
-0.0189435
-0.0170567
-0.0150237
-0.0128485
-0.0105353
-0.00808855
-0.00551302
-0.00281379
3.55453e-06
0.00293303
0.00596858
0.00910443
0.0123349
0.0156543
0.0190569
0.0225365
0.0260865
0.0297
0.0333701
0.0370903
0.0408543
0.0446559
0.0484886
0.0523458
0.0562207
0.0601068
0.0639972
0.0678852
0.0717642
0.0756277
0.0794684
0.0832788
0.0870517
0.09078
0.094457
0.0980759
0.101629
0.105109
0.108508
0.111818
0.115033
0.118145
0.121147
0.124033
0.126793
0.129422
0.131913
0.134261
0.136459
0.138501
0.140379
0.142088
0.143624
0.144981
0.146158
0.14715
0.147954
0.148566
0.148983
0.149203
0.149224
0.149044
0.148662
0.148077
0.147293
0.14631
0.145133
0.143763
0.142204
0.14046
0.138533
0.13644
0.134198
0.131593
0.128447
-0.0110711
-0.0143063
-0.0169733
-0.0192572
-0.0213799
-0.0233253
-0.0250761
-0.0266315
-0.0279907
-0.0291523
-0.0301153
-0.0308791
-0.0314438
-0.0318103
-0.0319802
-0.0319558
-0.0317395
-0.0313339
-0.0307415
-0.0299653
-0.0290082
-0.0278738
-0.0265662
-0.02509
-0.0234496
-0.0216497
-0.0196948
-0.0175895
-0.0153378
-0.0129444
-0.0104135
-0.00775026
-0.00495991
-0.00204835
0.000978168
0.00411338
0.00735143
0.0106866
0.0141131
0.0176246
0.021215
0.0248775
0.0286052
0.0323911
0.0362287
0.0401113
0.0440326
0.0479858
0.051964
0.0559604
0.0599686
0.063982
0.0679938
0.0719971
0.0759851
0.0799505
0.0838853
0.0877819
0.0916329
0.0954315
0.0991707
0.102843
0.106441
0.109957
0.113382
0.116709
0.119931
0.12304
0.126029
0.12889
0.131616
0.134201
0.136638
0.138921
0.141042
0.142995
0.144773
0.146372
0.147787
0.149015
0.150051
0.150891
0.151531
0.151969
0.152203
0.152231
0.152049
0.151657
0.151055
0.150245
0.149229
0.14801
0.146591
0.144976
0.143169
0.141171
0.139003
0.13668
0.133983
0.130726
-0.0136624
-0.0170087
-0.0197683
-0.0221325
-0.0243302
-0.0263444
-0.0281567
-0.0297662
-0.0311721
-0.0323725
-0.0333663
-0.0341532
-0.0347335
-0.0351081
-0.0352791
-0.0352487
-0.0350195
-0.0345941
-0.0339751
-0.0331655
-0.0321686
-0.0309884
-0.0296291
-0.0280954
-0.0263922
-0.0245243
-0.0224967
-0.020314
-0.0179808
-0.0155015
-0.0128809
-0.0101241
-0.00723693
-0.00422546
-0.00109601
0.00214503
0.00549164
0.00893796
0.0124778
0.0161049
0.0198125
0.023594
0.0274426
0.0313511
0.0353128
0.0393209
0.0433685
0.0474488
0.0515547
0.0556794
0.0598166
0.0639598
0.0681022
0.0722367
0.0763561
0.0804529
0.0845191
0.0885467
0.0925279
0.0964556
0.100323
0.104122
0.107846
0.111485
0.115032
0.118479
0.121818
0.125041
0.12814
0.131109
0.133939
0.136624
0.139156
0.14153
0.143736
0.145769
0.147623
0.149291
0.150769
0.152052
0.153135
0.154014
0.154686
0.155149
0.1554
0.155436
0.155253
0.154852
0.154233
0.153397
0.152347
0.151086
0.149615
0.147941
0.146067
0.143996
0.141747
0.139339
0.136543
0.133167
-0.0164313
-0.0198958
-0.0227538
-0.0252031
-0.0274801
-0.0295669
-0.0314438
-0.0331097
-0.0345638
-0.0358041
-0.0368294
-0.0376396
-0.0382352
-0.0386176
-0.0387887
-0.038751
-0.0385071
-0.0380594
-0.0374109
-0.0365648
-0.0355249
-0.0342951
-0.03288
-0.0312846
-0.0295139
-0.0275733
-0.025468
-0.0232028
-0.0207824
-0.0182116
-0.0154954
-0.0126393
-0.00964949
-0.00653219
-0.00329371
5.95374e-05
0.00352125
0.00708522
0.0107451
0.0144942
0.0183258
0.022233
0.0262091
0.0302471
0.0343398
0.03848
0.0426607
0.046875
0.0511158
0.0553761
0.0596495
0.0639295
0.0682093
0.0724819
0.0767397
0.080975
0.0851796
0.0893455
0.0934645
0.0975292
0.101532
0.105466
0.109323
0.113093
0.11677
0.120344
0.123807
0.127151
0.13037
0.133453
0.136394
0.139185
0.14182
0.14429
0.146588
0.148708
0.150643
0.152387
0.153932
0.155274
0.156409
0.157331
0.158039
0.15853
0.158799
0.158844
0.158662
0.158253
0.157617
0.156756
0.155671
0.154364
0.152841
0.151105
0.149161
0.147012
0.144678
0.142178
0.139276
0.135775
-0.0193839
-0.0229744
-0.0259372
-0.0284766
-0.0308374
-0.0330005
-0.0349451
-0.0366697
-0.0381736
-0.0394549
-0.0405126
-0.0413465
-0.0419576
-0.0423472
-0.0425176
-0.0424709
-0.0422098
-0.0417372
-0.0410563
-0.0401706
-0.0390839
-0.0378006
-0.0363255
-0.0346638
-0.032821
-0.0308026
-0.0286143
-0.026261
-0.0237477
-0.0210794
-0.0182617
-0.0153004
-0.0122019
-0.00897253
-0.00561861
-0.00214662
0.00143681
0.00512506
0.0089115
0.0127894
0.0167519
0.0207919
0.0249025
0.0290766
0.033307
0.0375862
0.0419071
0.0462627
0.0506458
0.0550493
0.0594663
0.0638903
0.0683147
0.0727324
0.0771358
0.0815168
0.0858673
0.0901788
0.0944432
0.0986528
0.1028
0.106876
0.110873
0.114783
0.118596
0.122305
0.125901
0.129375
0.132719
0.135925
0.138984
0.141889
0.144632
0.147206
0.149604
0.151817
0.15384
0.155663
0.157281
0.158688
0.159879
0.160851
0.161599
0.16212
0.16241
0.162466
0.162286
0.16187
0.161217
0.16033
0.159208
0.157856
0.156277
0.154476
0.152459
0.150226
0.147801
0.145204
0.14219
0.138554
-0.0225266
-0.0262514
-0.0293258
-0.0319607
-0.0344097
-0.0366527
-0.0386682
-0.0404542
-0.04201
-0.0433339
-0.044425
-0.0452834
-0.04591
-0.0463063
-0.0464745
-0.0464169
-0.0461363
-0.045636
-0.0449194
-0.0439904
-0.0428531
-0.041512
-0.0399723
-0.0382396
-0.0363197
-0.0342184
-0.0319414
-0.029494
-0.0268816
-0.0241098
-0.0211845
-0.0181119
-0.0148982
-0.0115501
-0.00807406
-0.00447665
-0.000764773
0.00305458
0.00697451
0.0109882
0.0150887
0.0192685
0.0235204
0.0278375
0.0322125
0.0366379
0.0411064
0.0456108
0.0501437
0.0546979
0.0592662
0.0638418
0.0684181
0.0729882
0.0775446
0.0820789
0.0865827
0.0910474
0.0954649
0.099827
0.104126
0.108352
0.112498
0.116555
0.120514
0.124366
0.128102
0.131714
0.135193
0.138529
0.141714
0.14474
0.147599
0.150285
0.152789
0.155103
0.157218
0.159128
0.160824
0.162302
0.163555
0.164581
0.165372
0.165927
0.16624
0.166309
0.166134
0.165711
0.165042
0.164127
0.162968
0.161569
0.159932
0.158064
0.155968
0.153647
0.151125
0.148424
0.145291
0.141512
-0.025866
-0.029734
-0.0329269
-0.035663
-0.0382049
-0.040532
-0.0426218
-0.0444722
-0.0460823
-0.0474508
-0.0485769
-0.0494606
-0.0501027
-0.0505048
-0.0506691
-0.0505985
-0.0502958
-0.0497647
-0.049009
-0.0480328
-0.0468405
-0.045437
-0.043828
-0.0420193
-0.0400169
-0.0378268
-0.0354551
-0.0329074
-0.0301897
-0.0273081
-0.0242688
-0.0210781
-0.0177425
-0.0142687
-0.0106635
-0.00693379
-0.00308652
0.000871055
0.00493171
0.00908842
0.0133339
0.0176606
0.022061
0.0265281
0.0310547
0.0356335
0.040257
0.0449178
0.0496082
0.0543207
0.059048
0.0637831
0.0685191
0.0732493
0.0779662
0.0826614
0.0873262
0.0919519
0.0965301
0.101052
0.105511
0.109896
0.114199
0.118411
0.122524
0.126527
0.130413
0.134171
0.137792
0.141266
0.144585
0.147741
0.150725
0.153531
0.156148
0.158569
0.160784
0.162786
0.164568
0.166123
0.167445
0.168528
0.169367
0.169957
0.170297
0.170383
0.170213
0.169786
0.1691
0.168157
0.16696
0.165511
0.163814
0.161874
0.159695
0.157281
0.154657
0.151846
0.148585
0.144654
-0.0294091
-0.0334293
-0.0367478
-0.0395911
-0.0422315
-0.0446473
-0.0468154
-0.0487337
-0.0504014
-0.0518168
-0.0529793
-0.0538888
-0.0545463
-0.0549532
-0.0551121
-0.0550261
-0.0546986
-0.0541334
-0.0533347
-0.0523069
-0.0510551
-0.0495845
-0.047901
-0.0460108
-0.04392
-0.0416351
-0.0391622
-0.0365079
-0.0336783
-0.03068
-0.0275197
-0.0242038
-0.020739
-0.0171323
-0.0133908
-0.00952158
-0.00553169
-0.00142852
0.00278032
0.00708737
0.0114851
0.0159658
0.0205218
0.025146
0.0298315
0.0345711
0.0393572
0.0441819
0.0490374
0.0539157
0.0588098
0.0637123
0.0686163
0.0735146
0.0783998
0.0832636
0.0880972
0.0928918
0.0976385
0.102329
0.106955
0.111507
0.115975
0.120352
0.124627
0.128791
0.132834
0.136747
0.140519
0.14414
0.147602
0.150897
0.154015
0.156948
0.159687
0.162221
0.164544
0.166646
0.16852
0.170159
0.171554
0.1727
0.17359
0.174222
0.174593
0.174699
0.174536
0.174103
0.173401
0.172431
0.171194
0.169694
0.167933
0.165917
0.16365
0.161137
0.158404
0.155477
0.152081
0.147987
-0.0331629
-0.0373451
-0.040797
-0.0437539
-0.0464988
-0.0490088
-0.0512599
-0.0532502
-0.0549786
-0.0564434
-0.0576437
-0.0585796
-0.0592521
-0.0596629
-0.0598147
-0.059711
-0.0593555
-0.0587525
-0.0579066
-0.0568229
-0.0555067
-0.0539637
-0.0522002
-0.0502224
-0.0480371
-0.0456507
-0.0430702
-0.0403024
-0.037354
-0.0342319
-0.030943
-0.0274943
-0.0238927
-0.0201456
-0.0162603
-0.0122441
-0.00810406
-0.00384775
0.000516841
0.00498171
0.00953899
0.0141809
0.0188999
0.0236888
0.0285407
0.0334484
0.0384043
0.0434005
0.0484284
0.0534803
0.0585489
0.0636268
0.0687069
0.0737817
0.0788434
0.0838838
0.0888941
0.0938655
0.098789
0.103656
0.108458
0.113185
0.117828
0.122378
0.126824
0.131157
0.135367
0.139443
0.143376
0.147154
0.150769
0.154212
0.157472
0.160542
0.163409
0.166067
0.168506
0.170716
0.17269
0.174419
0.175893
0.177107
0.178055
0.178734
0.179139
0.179267
0.179113
0.178676
0.177959
0.17696
0.175683
0.174128
0.1723
0.170204
0.167845
0.165227
0.162379
0.159327
0.155786
0.151517
-0.0371347
-0.04149
-0.045084
-0.0481617
-0.0510178
-0.0536281
-0.0559674
-0.0580338
-0.0598262
-0.0613426
-0.0625821
-0.0635449
-0.064232
-0.0646455
-0.0647884
-0.0646643
-0.0642776
-0.063633
-0.0627356
-0.0615911
-0.0602054
-0.0585844
-0.0567347
-0.054663
-0.0523763
-0.0498817
-0.0471866
-0.0442982
-0.0412236
-0.03797
-0.0345447
-0.0309552
-0.0272092
-0.0233139
-0.0192769
-0.0151058
-0.0108078
-0.00639074
-0.0018628
0.00276747
0.00749185
0.0123025
0.0171921
0.0221534
0.0271793
0.0322625
0.0373956
0.0425704
0.0477784
0.0530116
0.0582624
0.0635237
0.0687881
0.0740477
0.0792943
0.0845195
0.0897148
0.0948714
0.0999803
0.105033
0.110019
0.11493
0.119757
0.124488
0.129115
0.133626
0.138012
0.142262
0.146365
0.15031
0.154088
0.157689
0.161101
0.164316
0.167322
0.170112
0.172676
0.175004
0.177085
0.17891
0.18047
0.181759
0.182771
0.183502
0.183946
0.184098
0.183955
0.183517
0.182785
0.181758
0.180437
0.178826
0.176927
0.174746
0.172289
0.16956
0.166589
0.163404
0.159708
0.155252
-0.0413332
-0.0458738
-0.0496197
-0.0528261
-0.0558005
-0.0585176
-0.0609506
-0.0630974
-0.0649568
-0.0665271
-0.0678071
-0.0687972
-0.0694985
-0.0699134
-0.0700452
-0.069898
-0.0694766
-0.0687862
-0.0678328
-0.0666224
-0.0651613
-0.0634561
-0.0615136
-0.0593412
-0.0569462
-0.0543364
-0.0515193
-0.0485026
-0.0452939
-0.0419007
-0.0383308
-0.0345926
-0.0306939
-0.0266424
-0.0224456
-0.0181114
-0.0136474
-0.00906171
-0.00436277
0.000440663
0.00534002
0.0103274
0.0153954
0.0205368
0.0257444
0.0310108
0.0363283
0.0416891
0.0470847
0.0525069
0.057948
0.0634007
0.0688573
0.0743099
0.0797499
0.0851687
0.0905577
0.0959082
0.101211
0.106458
0.111639
0.116743
0.121762
0.126685
0.131501
0.1362
0.140772
0.145206
0.149489
0.153612
0.157563
0.161331
0.164905
0.168275
0.171432
0.174364
0.177062
0.179515
0.181712
0.183641
0.185295
0.186667
0.18775
0.188538
0.189024
0.189204
0.189076
0.188639
0.187892
0.186836
0.185471
0.183799
0.181826
0.179556
0.176995
0.174148
0.171046
0.167717
0.163855
0.159198
-0.0457683
-0.0505072
-0.0544158
-0.0577599
-0.0608603
-0.0636907
-0.0662229
-0.0684543
-0.0703842
-0.0720104
-0.0733322
-0.0743498
-0.0750647
-0.0754794
-0.0755978
-0.0754243
-0.0749645
-0.0742241
-0.0732096
-0.0719276
-0.0703849
-0.0685886
-0.0665464
-0.064266
-0.0617554
-0.0590227
-0.0560757
-0.0529226
-0.0495713
-0.0460302
-0.0423075
-0.0384121
-0.0343522
-0.030136
-0.025771
-0.0212653
-0.0166271
-0.0118648
-0.00698691
-0.00200233
0.00308016
0.00825237
0.0135069
0.0188364
0.0242336
0.0296909
0.0352006
0.0407548
0.0463456
0.0519646
0.057604
0.063256
0.0689129
0.0745665
0.0802083
0.0858295
0.0914213
0.096975
0.102482
0.107932
0.113316
0.118624
0.123845
0.128968
0.133983
0.138881
0.143649
0.148277
0.152752
0.157062
0.161195
0.165141
0.168888
0.172426
0.175743
0.178828
0.181671
0.184258
0.186578
0.188622
0.190379
0.191842
0.193002
0.193852
0.194386
0.194599
0.19449
0.194056
0.193295
0.192209
0.190798
0.189065
0.187013
0.184649
0.181977
0.179003
0.175761
0.17228
0.168239
0.163368
-0.0504514
-0.0554026
-0.0594852
-0.0629765
-0.0662112
-0.0691618
-0.0717987
-0.0741194
-0.0761229
-0.0778073
-0.0791719
-0.080217
-0.0809445
-0.0813572
-0.0814595
-0.0812565
-0.0807542
-0.079959
-0.0788778
-0.0775178
-0.0758867
-0.0739922
-0.0718428
-0.0694466
-0.0668124
-0.0639485
-0.0608631
-0.0575649
-0.0540624
-0.0503646
-0.0464804
-0.042419
-0.0381891
-0.0337993
-0.0292575
-0.0245719
-0.0197511
-0.0148038
-0.00973873
-0.00456476
0.000709221
0.00607469
0.0115239
0.0170497
0.0226445
0.0283007
0.0340106
0.0397663
0.04556
0.0513835
0.057229
0.0630882
0.0689534
0.0748162
0.0806681
0.0865005
0.0923042
0.0980704
0.10379
0.109454
0.115051
0.120571
0.126004
0.131338
0.136563
0.141669
0.146644
0.151477
0.156153
0.160661
0.164989
0.169125
0.173056
0.176773
0.180262
0.183511
0.186507
0.189239
0.191695
0.193863
0.195733
0.197294
0.198538
0.199457
0.200045
0.200298
0.200212
0.199783
0.19901
0.197894
0.196436
0.194638
0.192504
0.19004
0.18725
0.184142
0.180749
0.177106
0.172874
0.167772
-0.0553947
-0.0605732
-0.0648419
-0.0684903
-0.071868
-0.0749461
-0.0776938
-0.0801085
-0.0821892
-0.0839338
-0.0853419
-0.0864143
-0.0871531
-0.0875617
-0.087645
-0.0874088
-0.0868593
-0.0860037
-0.0848496
-0.0834049
-0.081678
-0.0796777
-0.077413
-0.0748927
-0.072126
-0.0691218
-0.0658889
-0.0624364
-0.0587735
-0.0549099
-0.0508551
-0.0466185
-0.0422094
-0.0376369
-0.0329094
-0.0280353
-0.0230233
-0.0178824
-0.0126216
-0.00724979
-0.00177593
0.00379121
0.00944359
0.0151738
0.0209744
0.0268378
0.0327562
0.0387217
0.0447262
0.050762
0.0568211
0.0628955
0.0689769
0.0750571
0.0811276
0.0871796
0.0932043
0.0991925
0.105135
0.111021
0.116841
0.122583
0.128238
0.133794
0.13924
0.144565
0.149758
0.154806
0.159695
0.164413
0.168947
0.173285
0.177414
0.181321
0.184993
0.188417
0.191579
0.194468
0.19707
0.199373
0.201365
0.203034
0.20437
0.205367
0.206017
0.206315
0.206255
0.205834
0.205051
0.203907
0.202401
0.200536
0.198315
0.195745
0.192829
0.189577
0.186025
0.182208
0.177772
0.17242
-0.0606109
-0.0660328
-0.0705004
-0.0743165
-0.0778466
-0.0810603
-0.0839254
-0.0864391
-0.0886003
-0.0904072
-0.0918596
-0.0929587
-0.0937072
-0.0941093
-0.0941702
-0.0938963
-0.0932944
-0.0923723
-0.0911383
-0.0896015
-0.0877711
-0.0856565
-0.0832676
-0.0806141
-0.0777054
-0.0745511
-0.0711609
-0.0675444
-0.0637115
-0.0596723
-0.0554372
-0.0510158
-0.0464181
-0.0416536
-0.0367313
-0.0316598
-0.0264477
-0.0211044
-0.015639
-0.0100608
-0.00437878
0.00139835
0.00726231
0.0132054
0.0192202
0.0252992
0.0314345
0.0376179
0.0438414
0.0500973
0.0563778
0.0626751
0.0689809
0.0752868
0.0815843
0.0878647
0.094119
0.100338
0.106512
0.112631
0.118683
0.124659
0.130546
0.136335
0.142013
0.147569
0.152991
0.158266
0.16338
0.16832
0.173073
0.177625
0.181964
0.186074
0.189942
0.193554
0.196895
0.199953
0.202714
0.205164
0.207287
0.209073
0.210512
0.211595
0.212315
0.212664
0.212636
0.212228
0.211438
0.210266
0.208712
0.206777
0.204465
0.201782
0.198734
0.195329
0.191606
0.187603
0.182946
0.177326
-0.0661135
-0.0717965
-0.0764769
-0.080472
-0.0841648
-0.0875227
-0.090512
-0.0931297
-0.095375
-0.0972461
-0.0987433
-0.0998685
-0.100625
-0.101017
-0.101052
-0.100735
-0.100075
-0.0990794
-0.0977582
-0.0961212
-0.0941785
-0.0919406
-0.0894179
-0.086621
-0.08356
-0.0802453
-0.0766874
-0.0728965
-0.0688832
-0.0646582
-0.0602325
-0.0556166
-0.0508206
-0.0458545
-0.0407279
-0.0354495
-0.0300283
-0.0244735
-0.0187949
-0.0130017
-0.00710312
-0.00110773
0.0049762
0.0111408
0.0173783
0.0236812
0.0300415
0.036451
0.0429018
0.0493859
0.0558959
0.062424
0.0689623
0.0755023
0.0820353
0.0885525
0.0950452
0.101504
0.107919
0.11428
0.120576
0.126794
0.132926
0.138958
0.14488
0.150679
0.156342
0.161856
0.167208
0.172383
0.177369
0.18215
0.186712
0.191039
0.195116
0.198929
0.202463
0.205705
0.208637
0.211244
0.213511
0.215426
0.216979
0.218159
0.218956
0.219363
0.219373
0.218984
0.21819
0.216992
0.215389
0.213381
0.210973
0.208172
0.204983
0.201416
0.197511
0.193307
0.188413
0.182502
-0.071917
-0.0778804
-0.0827889
-0.0869754
-0.0908415
-0.0943527
-0.0974734
-0.100201
-0.102533
-0.104471
-0.106013
-0.107164
-0.107926
-0.108305
-0.108308
-0.107943
-0.107217
-0.106141
-0.104724
-0.102978
-0.100913
-0.0985421
-0.0958752
-0.0929241
-0.0896999
-0.0862137
-0.0824769
-0.0785006
-0.0742959
-0.0698743
-0.0652475
-0.0604266
-0.0554222
-0.0502446
-0.0449037
-0.0394088
-0.033769
-0.0279938
-0.022093
-0.0160763
-0.00995267
-0.00373072
0.00258152
0.00897602
0.0154448
0.0219798
0.0285732
0.035217
0.0419031
0.0486239
0.0553716
0.0621389
0.0689178
0.0757001
0.0824771
0.0892399
0.0959796
0.102687
0.109352
0.115965
0.122514
0.128988
0.135374
0.141662
0.147839
0.153893
0.15981
0.165577
0.171181
0.176606
0.181838
0.186862
0.191661
0.196219
0.20052
0.20455
0.208293
0.211731
0.214847
0.217625
0.22005
0.222107
0.223786
0.225072
0.225957
0.22643
0.226487
0.226121
0.225328
0.224105
0.222452
0.220369
0.217862
0.214936
0.211599
0.207859
0.203758
0.199338
0.194187
0.187964
-0.0780381
-0.0843026
-0.0894556
-0.0938468
-0.0978975
-0.101572
-0.104831
-0.107673
-0.110098
-0.112103
-0.113691
-0.114865
-0.11563
-0.115992
-0.115958
-0.115537
-0.114738
-0.113572
-0.112051
-0.110186
-0.107989
-0.105474
-0.102651
-0.0995342
-0.0961351
-0.0924657
-0.0885381
-0.0843646
-0.0799571
-0.0753276
-0.0704885
-0.0654517
-0.0602284
-0.0548288
-0.0492633
-0.0435418
-0.0376738
-0.031669
-0.0255372
-0.019288
-0.0129307
-0.00647373
7.50671e-05
0.00670764
0.0134157
0.0201911
0.0270257
0.0339117
0.0408415
0.0478072
0.0548014
0.0618163
0.0688444
0.0758773
0.0829067
0.0899236
0.0969193
0.103885
0.11081
0.117684
0.124497
0.131236
0.137888
0.144443
0.150888
0.157209
0.163394
0.169428
0.175298
0.180987
0.186481
0.191762
0.196813
0.201619
0.206161
0.210425
0.21439
0.21804
0.221356
0.22432
0.226917
0.229131
0.230947
0.232352
0.233335
0.233886
0.233997
0.233661
0.232872
0.231626
0.229923
0.227765
0.225154
0.222098
0.218603
0.214678
0.210367
0.205715
0.200289
0.193727
-0.0844951
-0.0910832
-0.0964984
-0.101108
-0.105356
-0.109203
-0.112609
-0.115572
-0.118091
-0.120166
-0.1218
-0.122995
-0.123759
-0.124098
-0.12402
-0.123536
-0.122656
-0.121391
-0.119755
-0.11776
-0.11542
-0.112748
-0.109758
-0.106463
-0.102876
-0.0990106
-0.0948798
-0.0904967
-0.0858742
-0.081025
-0.0759621
-0.0706979
-0.0652442
-0.0596117
-0.0538111
-0.0478526
-0.0417465
-0.0355026
-0.0291305
-0.02264
-0.0160401
-0.0093393
-0.00254568
0.00433288
0.0112882
0.0183118
0.0253956
0.032532
0.0397135
0.0469325
0.0541816
0.061453
0.0687387
0.0760309
0.0833211
0.0906008
0.0978614
0.105094
0.112288
0.119434
0.126521
0.133535
0.140466
0.147299
0.154024
0.160626
0.167092
0.173408
0.179559
0.185528
0.191298
0.196853
0.202174
0.207244
0.212044
0.216557
0.220763
0.224641
0.228174
0.231342
0.234127
0.236512
0.23848
0.240017
0.241111
0.241751
0.241926
0.241626
0.240846
0.239582
0.237831
0.235595
0.232878
0.229685
0.226022
0.221898
0.217363
0.212462
0.206739
0.199814
-0.0913089
-0.0982446
-0.103941
-0.108785
-0.113242
-0.117272
-0.120833
-0.123922
-0.126539
-0.128686
-0.130364
-0.131579
-0.132337
-0.132647
-0.132518
-0.131962
-0.13099
-0.129615
-0.127852
-0.125715
-0.123219
-0.120378
-0.117207
-0.11372
-0.109932
-0.105858
-0.101511
-0.0969048
-0.0920546
-0.0869733
-0.0816743
-0.0761706
-0.0704746
-0.0645977
-0.058551
-0.052345
-0.0459904
-0.0394975
-0.0328757
-0.0261344
-0.0192828
-0.0123296
-0.00528277
0.00184966
0.00905975
0.0163394
0.0236804
0.0310753
0.0385166
0.045997
0.0535091
0.0610453
0.0685974
0.0761574
0.0837171
0.0912685
0.098803
0.106312
0.113785
0.121213
0.128583
0.135884
0.143103
0.150227
0.157244
0.164141
0.170903
0.177516
0.183962
0.190226
0.19629
0.202135
0.207744
0.213097
0.218173
0.222954
0.227417
0.231543
0.235312
0.238702
0.241693
0.244266
0.246402
0.248088
0.249308
0.250048
0.250296
0.250042
0.249277
0.247998
0.246202
0.243889
0.241061
0.237723
0.233883
0.229549
0.224774
0.219607
0.213564
0.206245
-0.0985025
-0.105812
-0.11181
-0.116903
-0.121583
-0.125807
-0.129531
-0.132752
-0.135471
-0.137689
-0.13941
-0.140641
-0.141388
-0.141662
-0.141473
-0.140834
-0.13976
-0.138263
-0.136361
-0.134068
-0.131402
-0.128377
-0.125011
-0.121318
-0.117315
-0.113017
-0.108439
-0.103597
-0.0985056
-0.0931788
-0.0876307
-0.0818748
-0.0759241
-0.069791
-0.0634869
-0.0570226
-0.050409
-0.0436564
-0.0367747
-0.0297732
-0.0226609
-0.0154464
-0.00813798
-0.00074365
0.00672896
0.0142721
0.0218781
0.0295393
0.0372483
0.0449979
0.0527809
0.0605897
0.0684164
0.0762529
0.084091
0.0919229
0.0997403
0.107535
0.115297
0.123016
0.13068
0.138278
0.145796
0.153224
0.160547
0.167752
0.174824
0.181748
0.188506
0.195081
0.201456
0.207611
0.213526
0.21918
0.224552
0.229619
0.234361
0.238756
0.24278
0.246412
0.249628
0.252408
0.254732
0.256583
0.257944
0.258798
0.259132
0.258933
0.258194
0.256906
0.255068
0.252676
0.249734
0.246245
0.242218
0.237661
0.23263
0.227178
0.220792
0.213048
-0.106102
-0.113814
-0.120135
-0.125495
-0.130412
-0.134841
-0.138735
-0.142093
-0.144916
-0.147207
-0.148969
-0.15021
-0.15094
-0.151169
-0.15091
-0.150178
-0.148988
-0.147356
-0.1453
-0.142837
-0.139985
-0.136761
-0.133183
-0.129268
-0.125034
-0.120497
-0.115674
-0.110581
-0.105234
-0.0996475
-0.0938365
-0.0878152
-0.0815972
-0.0751956
-0.0686223
-0.0618884
-0.0550047
-0.0479817
-0.0408297
-0.033558
-0.0261757
-0.0186913
-0.0111129
-0.00344841
0.0042947
0.0121091
0.0199874
0.0279222
0.0359064
0.0439327
0.051994
0.060083
0.068192
0.0763131
0.0844382
0.0925594
0.100669
0.108758
0.116818
0.124838
0.132807
0.140712
0.148543
0.156285
0.163927
0.171455
0.178852
0.186102
0.193188
0.200092
0.206796
0.213279
0.219519
0.225495
0.231182
0.236559
0.241602
0.246287
0.25059
0.254485
0.257948
0.260956
0.263489
0.265525
0.267044
0.268029
0.268462
0.268332
0.267627
0.266338
0.26446
0.261991
0.258931
0.255286
0.251062
0.24627
0.240967
0.235208
0.228452
0.220248
-0.114135
-0.122281
-0.12895
-0.134594
-0.139762
-0.144407
-0.14848
-0.15198
-0.15491
-0.157272
-0.159072
-0.160318
-0.161022
-0.161197
-0.160856
-0.160017
-0.158697
-0.156915
-0.154689
-0.152039
-0.148983
-0.145543
-0.141736
-0.137582
-0.1331
-0.128308
-0.123224
-0.117864
-0.112246
-0.106385
-0.100296
-0.0939959
-0.0874976
-0.0808149
-0.0739602
-0.0669448
-0.0597796
-0.0524753
-0.0450423
-0.0374905
-0.029829
-0.0220659
-0.0142089
-0.00626584
0.00175596
0.00984925
0.0180071
0.0262225
0.0344887
0.0427986
0.0511453
0.0595217
0.0679204
0.0763337
0.0847538
0.0931728
0.101583
0.109976
0.118343
0.126674
0.134958
0.143183
0.151337
0.159408
0.167382
0.175245
0.182982
0.190574
0.198006
0.205257
0.212309
0.21914
0.225726
0.232043
0.238069
0.243778
0.249146
0.254146
0.25875
0.262932
0.266667
0.269929
0.272693
0.274934
0.276632
0.277765
0.278316
0.278268
0.277609
0.276327
0.274415
0.27187
0.268691
0.264884
0.260455
0.255413
0.24982
0.243733
0.236577
0.227876
-0.122635
-0.131248
-0.138289
-0.144236
-0.149671
-0.154544
-0.158804
-0.162451
-0.165489
-0.16792
-0.169753
-0.170998
-0.171667
-0.171775
-0.17134
-0.170379
-0.168914
-0.166963
-0.164549
-0.161693
-0.158415
-0.154739
-0.150684
-0.146273
-0.141525
-0.13646
-0.131097
-0.125453
-0.119547
-0.113395
-0.107015
-0.100421
-0.0936286
-0.0866517
-0.0795028
-0.0721936
-0.0647352
-0.0571386
-0.0494143
-0.0415725
-0.0336221
-0.0255711
-0.017427
-0.00919696
-0.000888342
0.00749159
0.0159361
0.0244387
0.0329933
0.0415933
0.0502321
0.0589028
0.0675982
0.0763108
0.0850331
0.0937578
0.102477
0.111183
0.119867
0.128518
0.137128
0.145683
0.154173
0.162585
0.170905
0.179119
0.18721
0.195162
0.202956
0.210574
0.217993
0.225192
0.232145
0.238828
0.245216
0.251282
0.256999
0.262339
0.267271
0.271768
0.275802
0.279342
0.282362
0.284833
0.286732
0.288036
0.288723
0.288775
0.288175
0.28691
0.284971
0.282353
0.279055
0.275082
0.270437
0.265132
0.259229
0.252791
0.245205
0.235964
-0.131635
-0.140751
-0.148192
-0.154463
-0.16018
-0.165293
-0.169749
-0.173547
-0.176693
-0.179192
-0.181051
-0.182285
-0.182907
-0.182936
-0.182391
-0.181292
-0.179663
-0.177525
-0.174903
-0.171819
-0.168299
-0.164365
-0.160042
-0.155353
-0.150319
-0.144961
-0.1393
-0.133354
-0.127143
-0.120684
-0.113995
-0.107093
-0.0999926
-0.0927077
-0.0852513
-0.0776356
-0.0698722
-0.0619724
-0.0539467
-0.0458049
-0.037556
-0.0292079
-0.0207676
-0.0122424
-0.00363914
0.00503491
0.0137732
0.0225697
0.0314189
0.0403151
0.0492522
0.0582235
0.067222
0.0762405
0.085272
0.0943094
0.103346
0.112373
0.121382
0.130365
0.13931
0.148208
0.157046
0.165811
0.174491
0.18307
0.191532
0.19986
0.208035
0.216038
0.223845
0.231432
0.238776
0.245849
0.252625
0.259075
0.265168
0.270875
0.276165
0.281007
0.285368
0.289215
0.292518
0.295247
0.297374
0.298873
0.299718
0.299888
0.299363
0.298128
0.296171
0.293486
0.29007
0.285925
0.281056
0.275472
0.26924
0.262425
0.254374
0.244552
-0.141175
-0.150833
-0.158701
-0.165317
-0.171335
-0.176701
-0.18136
-0.185314
-0.188567
-0.191128
-0.193007
-0.194219
-0.194781
-0.194715
-0.194042
-0.192786
-0.190971
-0.188624
-0.185771
-0.182437
-0.178651
-0.174438
-0.169825
-0.164835
-0.159493
-0.153821
-0.147841
-0.141573
-0.135038
-0.128255
-0.121241
-0.114014
-0.10659
-0.0989831
-0.0912055
-0.0832706
-0.0751905
-0.0669766
-0.0586391
-0.0501876
-0.0416306
-0.0329758
-0.0242306
-0.015402
-0.0064967
0.0024785
0.0115174
0.0206145
0.0297648
0.0389631
0.0482041
0.0574816
0.0667891
0.0761197
0.0854668
0.0948237
0.104184
0.11354
0.122884
0.132207
0.141499
0.15075
0.159947
0.169079
0.178132
0.187091
0.195941
0.204662
0.213237
0.221644
0.229859
0.237859
0.245618
0.253107
0.260297
0.267158
0.273657
0.279763
0.285442
0.290659
0.295379
0.299565
0.303183
0.306201
0.308585
0.310306
0.311335
0.311645
0.311215
0.310025
0.308062
0.305317
0.301784
0.297464
0.292361
0.286483
0.279901
0.272683
0.264134
0.253682
-0.151296
-0.161538
-0.169866
-0.176851
-0.183187
-0.188819
-0.193689
-0.1978
-0.201159
-0.203776
-0.205664
-0.206841
-0.207328
-0.207148
-0.206326
-0.20489
-0.202867
-0.200286
-0.197177
-0.193568
-0.189491
-0.184974
-0.180045
-0.174731
-0.169057
-0.163048
-0.156727
-0.150116
-0.143237
-0.13611
-0.128754
-0.121186
-0.113422
-0.105477
-0.0973643
-0.0890974
-0.0806886
-0.0721493
-0.0634895
-0.0547183
-0.0458437
-0.0368734
-0.0278148
-0.0186748
-0.00946027
-0.000177141
0.00916901
0.0185732
0.0280307
0.0375371
0.0470875
0.0566763
0.0662979
0.075946
0.0856145
0.0952972
0.104988
0.114681
0.124367
0.134039
0.143687
0.153301
0.162869
0.17238
0.18182
0.191175
0.200428
0.209561
0.218554
0.227385
0.236032
0.244468
0.252667
0.260599
0.268232
0.275533
0.28247
0.289008
0.29511
0.300738
0.305851
0.310411
0.31438
0.317721
0.320396
0.32237
0.323611
0.324088
0.323775
0.32265
0.320695
0.317898
0.314252
0.309755
0.304409
0.298223
0.291269
0.283621
0.274536
0.263404
-0.162047
-0.172918
-0.18174
-0.189118
-0.195791
-0.201702
-0.206791
-0.211061
-0.214522
-0.217187
-0.219072
-0.220198
-0.220589
-0.220274
-0.21928
-0.217638
-0.215379
-0.212537
-0.209144
-0.205233
-0.200837
-0.195988
-0.190716
-0.185051
-0.17902
-0.172649
-0.165963
-0.158987
-0.151744
-0.144253
-0.136535
-0.128606
-0.120485
-0.112187
-0.103725
-0.0951129
-0.0863631
-0.0774869
-0.068494
-0.059393
-0.0501916
-0.0408975
-0.0315176
-0.022059
-0.012528
-0.00293029
0.00672936
0.0164466
0.0262172
0.036037
0.0459019
0.0558069
0.0657473
0.0757177
0.0857127
0.095727
0.105755
0.11579
0.125826
0.135855
0.145868
0.155855
0.165805
0.175707
0.185548
0.195312
0.204984
0.214546
0.223976
0.233254
0.242355
0.251252
0.259918
0.26832
0.276427
0.284202
0.291612
0.298618
0.305179
0.311254
0.316799
0.321773
0.326132
0.329834
0.332836
0.3351
0.336586
0.337261
0.337093
0.336055
0.334126
0.33129
0.327536
0.322861
0.317265
0.310755
0.303409
0.295302
0.285641
0.273776
-0.173484
-0.185033
-0.194384
-0.20218
-0.20921
-0.215413
-0.220726
-0.225155
-0.228713
-0.231415
-0.233281
-0.234337
-0.234611
-0.234135
-0.23294
-0.231063
-0.228539
-0.225404
-0.221696
-0.217452
-0.212707
-0.207496
-0.201852
-0.195806
-0.189389
-0.18263
-0.175555
-0.16819
-0.160558
-0.152682
-0.144581
-0.136274
-0.127778
-0.119109
-0.110283
-0.101312
-0.092209
-0.082984
-0.0736469
-0.064206
-0.0546691
-0.0450433
-0.0353351
-0.025551
-0.0156969
-0.00577822
0.00420081
0.0142364
0.0243249
0.0344629
0.0446468
0.0548727
0.0651363
0.0754334
0.0857594
0.0961097
0.10648
0.116864
0.127256
0.137649
0.148034
0.158403
0.168745
0.17905
0.189303
0.199492
0.209599
0.219607
0.229494
0.23924
0.248818
0.258203
0.267363
0.276266
0.284878
0.293163
0.301082
0.308593
0.315653
0.322217
0.328238
0.333669
0.338461
0.342567
0.345939
0.348533
0.350304
0.351212
0.35122
0.350296
0.348415
0.345554
0.341701
0.336851
0.330999
0.324153
0.316393
0.307798
0.297518
0.28486
-0.185667
-0.197947
-0.207866
-0.216108
-0.223514
-0.230021
-0.235563
-0.240148
-0.243794
-0.24652
-0.248349
-0.249312
-0.249442
-0.248774
-0.247348
-0.245202
-0.242377
-0.238916
-0.234859
-0.230246
-0.225117
-0.219511
-0.213462
-0.207004
-0.200172
-0.192996
-0.185504
-0.177724
-0.16968
-0.161395
-0.152889
-0.144183
-0.135294
-0.126239
-0.117033
-0.107689
-0.0982193
-0.0886334
-0.0789411
-0.0691507
-0.0592698
-0.0493047
-0.0392616
-0.0291459
-0.0189628
-0.00871742
0.00158623
0.0119447
0.0223553
0.0328153
0.0433221
0.0538726
0.0644635
0.0750911
0.0857518
0.0964421
0.107158
0.117896
0.12865
0.139413
0.150178
0.160937
0.171681
0.182398
0.193077
0.203704
0.214262
0.224733
0.235097
0.245332
0.255412
0.265309
0.274993
0.284429
0.293582
0.302412
0.310879
0.318937
0.326539
0.333638
0.340181
0.346117
0.351391
0.355949
0.359739
0.362709
0.364808
0.36599
0.366212
0.365435
0.363626
0.360762
0.356823
0.351802
0.345692
0.338496
0.330299
0.321185
0.310241
0.296728
-0.198668
-0.211736
-0.222263
-0.230977
-0.238779
-0.245601
-0.251375
-0.256113
-0.259836
-0.262568
-0.264337
-0.265179
-0.265133
-0.26424
-0.262545
-0.260092
-0.256929
-0.253101
-0.248655
-0.243635
-0.238085
-0.232046
-0.225556
-0.218653
-0.211373
-0.203749
-0.195811
-0.187588
-0.179106
-0.170387
-0.161455
-0.152329
-0.143029
-0.13357
-0.123968
-0.114236
-0.104385
-0.0944263
-0.0843683
-0.0742192
-0.063986
-0.0536745
-0.0432899
-0.0328369
-0.0223199
-0.0117432
-0.00111088
0.00957428
0.0203102
0.0310953
0.041928
0.0528062
0.0637273
0.0746885
0.0856872
0.0967209
0.107787
0.118882
0.130002
0.141141
0.152293
0.16345
0.174603
0.185743
0.196859
0.207936
0.21896
0.229912
0.240772
0.251518
0.262124
0.272561
0.282798
0.292801
0.30253
0.311946
0.321001
0.32965
0.337842
0.345525
0.352642
0.359135
0.364943
0.370008
0.37427
0.377668
0.380147
0.381651
0.382129
0.381536
0.379833
0.37699
0.372983
0.3678
0.361429
0.353873
0.345218
0.335551
0.323897
0.309461
-0.212566
-0.226481
-0.237659
-0.246876
-0.255092
-0.262238
-0.268245
-0.273128
-0.276913
-0.279629
-0.281311
-0.282
-0.281741
-0.280583
-0.278577
-0.275774
-0.272227
-0.267989
-0.26311
-0.25764
-0.251625
-0.245112
-0.238142
-0.230757
-0.222994
-0.214888
-0.206473
-0.197778
-0.18883
-0.179653
-0.170271
-0.160704
-0.150972
-0.141091
-0.131077
-0.120941
-0.110696
-0.100353
-0.0899187
-0.079402
-0.0688088
-0.058144
-0.0474117
-0.036616
-0.0257607
-0.0148496
-0.00388585
0.00712856
0.0181924
0.0293051
0.0404659
0.0516736
0.0629267
0.0742235
0.0855625
0.0969422
0.108361
0.119817
0.131307
0.142826
0.154369
0.16593
0.177501
0.189073
0.200636
0.212177
0.223681
0.23513
0.246505
0.257784
0.26894
0.279946
0.290768
0.301371
0.311715
0.321755
0.331443
0.340731
0.349564
0.357885
0.365631
0.372739
0.379142
0.384774
0.389567
0.393455
0.39637
0.398249
0.399033
0.39867
0.397112
0.394322
0.390269
0.384936
0.378307
0.37038
0.361246
0.350995
0.338579
0.323151
-0.227449
-0.242277
-0.254151
-0.263898
-0.272547
-0.280026
-0.286263
-0.29128
-0.295107
-0.29778
-0.299341
-0.299838
-0.299324
-0.297855
-0.295489
-0.292287
-0.288307
-0.283608
-0.278246
-0.272277
-0.265752
-0.25872
-0.251227
-0.243318
-0.235034
-0.226411
-0.217485
-0.208286
-0.198843
-0.189181
-0.179325
-0.169296
-0.159113
-0.148792
-0.138348
-0.127794
-0.117142
-0.106401
-0.0955812
-0.0846883
-0.0737275
-0.0627025
-0.0516169
-0.0404739
-0.0292771
-0.0180292
-0.0067323
0.00461286
0.0160062
0.0274479
0.0389379
0.0504761
0.0620619
0.073695
0.0853753
0.0971027
0.108877
0.120696
0.132559
0.144461
0.1564
0.16837
0.180365
0.192378
0.204398
0.216414
0.228411
0.240374
0.252283
0.264116
0.275848
0.28745
0.298889
0.310128
0.321124
0.331831
0.3422
0.352178
0.361707
0.370722
0.379158
0.386944
0.394008
0.400275
0.405668
0.41011
0.413527
0.415845
0.416995
0.416914
0.415548
0.412849
0.40878
0.403315
0.396433
0.388127
0.378493
0.367625
0.354397
0.3379
-0.243416
-0.259228
-0.271845
-0.282152
-0.29125
-0.299066
-0.305528
-0.310662
-0.314507
-0.317104
-0.318504
-0.318763
-0.317943
-0.31611
-0.31333
-0.309671
-0.305201
-0.299985
-0.294085
-0.287563
-0.280475
-0.272875
-0.264813
-0.256337
-0.24749
-0.238311
-0.228837
-0.219102
-0.209133
-0.19896
-0.188605
-0.178091
-0.167436
-0.156656
-0.145766
-0.134779
-0.123707
-0.112559
-0.101343
-0.0900648
-0.0787289
-0.0673377
-0.055894
-0.0444004
-0.0328595
-0.0212731
-0.00964193
0.00203463
0.0137576
0.0255283
0.0373473
0.0492155
0.0611337
0.073103
0.0851248
0.0972001
0.10933
0.121513
0.13375
0.146038
0.158376
0.17076
0.183185
0.195645
0.208131
0.220632
0.233136
0.245628
0.258089
0.270498
0.282831
0.295057
0.307145
0.319055
0.330743
0.342163
0.353263
0.363985
0.374266
0.384039
0.393231
0.401766
0.409564
0.416539
0.422607
0.427681
0.431674
0.434503
0.436087
0.436353
0.435234
0.432673
0.428623
0.423049
0.415924
0.407237
0.397085
0.385567
0.371471
0.353825
-0.260579
-0.277447
-0.290858
-0.301754
-0.311318
-0.319475
-0.326151
-0.331381
-0.335211
-0.337691
-0.338881
-0.338848
-0.337665
-0.335405
-0.332147
-0.327968
-0.322943
-0.317146
-0.310646
-0.303511
-0.295803
-0.28758
-0.278898
-0.269807
-0.260352
-0.250576
-0.240517
-0.23021
-0.219685
-0.208971
-0.198092
-0.187069
-0.175921
-0.164664
-0.153313
-0.141879
-0.130375
-0.118808
-0.107187
-0.0955158
-0.0837978
-0.0720351
-0.0602297
-0.0483831
-0.0364966
-0.0245707
-0.0126047
-0.000596794
0.0114551
0.023553
0.0356992
0.0478957
0.0601449
0.0724493
0.0848113
0.0972332
0.109717
0.122264
0.134875
0.147551
0.16029
0.173091
0.18595
0.198862
0.211821
0.224818
0.237841
0.250877
0.263907
0.276913
0.28987
0.30275
0.315518
0.328135
0.340558
0.352738
0.364619
0.376141
0.387237
0.397835
0.407856
0.417217
0.425828
0.433595
0.440423
0.446213
0.450868
0.454291
0.456389
0.457076
0.45627
0.453902
0.449915
0.444264
0.436914
0.427845
0.417159
0.404958
0.389939
0.371059
-0.279061
-0.297067
-0.311323
-0.322839
-0.332883
-0.341379
-0.348256
-0.353553
-0.357327
-0.35964
-0.360562
-0.360173
-0.358556
-0.355798
-0.351989
-0.347216
-0.341563
-0.335114
-0.327945
-0.32013
-0.311739
-0.302835
-0.293477
-0.283718
-0.273608
-0.263191
-0.252506
-0.241591
-0.230477
-0.219193
-0.207763
-0.196208
-0.184547
-0.172795
-0.160966
-0.149072
-0.137124
-0.12513
-0.113095
-0.101023
-0.0889169
-0.0767785
-0.0646086
-0.0524076
-0.0401749
-0.0279093
-0.0156088
-0.00327074
0.00910795
0.0215306
0.0340009
0.0465227
0.0590999
0.0717365
0.0844359
0.0972016
0.110037
0.122946
0.13593
0.148992
0.162133
0.175352
0.188648
0.202018
0.215456
0.228956
0.242509
0.256102
0.269719
0.283341
0.296946
0.310506
0.323987
0.337349
0.35055
0.363537
0.376254
0.388635
0.400613
0.412108
0.423036
0.433305
0.442817
0.451468
0.459151
0.465755
0.471169
0.475283
0.477987
0.479179
0.478764
0.476658
0.47279
0.467102
0.45955
0.450106
0.438873
0.425958
0.409957
0.389753
-0.299003
-0.318234
-0.333392
-0.345557
-0.356094
-0.364925
-0.371978
-0.377305
-0.380973
-0.383057
-0.383641
-0.382819
-0.380688
-0.37735
-0.372906
-0.367454
-0.361091
-0.353908
-0.345993
-0.337425
-0.328282
-0.318632
-0.308537
-0.298056
-0.287239
-0.276133
-0.264781
-0.25322
-0.241483
-0.229598
-0.21759
-0.205479
-0.193284
-0.181019
-0.168699
-0.156333
-0.143931
-0.131499
-0.119043
-0.106564
-0.0940664
-0.0815495
-0.0690136
-0.0564573
-0.0438783
-0.031274
-0.0186409
-0.00597529
0.00672695
0.0194707
0.0322613
0.0451043
0.0580052
0.0709691
0.0840009
0.0971059
0.110289
0.123556
0.136911
0.150358
0.163898
0.177535
0.191269
0.205098
0.21902
0.233031
0.247123
0.261284
0.275503
0.289761
0.304036
0.318303
0.332528
0.346674
0.360695
0.374539
0.388146
0.401452
0.414381
0.426851
0.438769
0.450037
0.460547
0.470183
0.478828
0.486355
0.492639
0.497552
0.500968
0.502767
0.502836
0.501073
0.497391
0.491719
0.483997
0.474191
0.462403
0.448743
0.431699
0.410073
-0.320565
-0.341115
-0.357235
-0.37008
-0.381118
-0.390272
-0.397472
-0.40278
-0.406279
-0.408059
-0.408222
-0.406876
-0.404138
-0.400122
-0.394945
-0.388719
-0.381551
-0.373545
-0.364796
-0.355395
-0.345424
-0.334957
-0.324061
-0.312797
-0.301219
-0.289376
-0.277312
-0.265066
-0.25267
-0.240153
-0.22754
-0.21485
-0.202101
-0.189308
-0.176481
-0.163631
-0.150765
-0.137889
-0.125005
-0.112116
-0.0992238
-0.0863273
-0.0734248
-0.0605132
-0.047589
-0.034648
-0.0216856
-0.00869688
0.00432422
0.0173843
0.0304903
0.0436492
0.0568678
0.0701526
0.0835104
0.0969484
0.110474
0.124094
0.137815
0.151641
0.165579
0.179631
0.193801
0.208091
0.222501
0.237027
0.251664
0.266405
0.281238
0.296149
0.311116
0.326116
0.341118
0.356083
0.370967
0.385718
0.400275
0.41457
0.428524
0.44205
0.45505
0.467414
0.479028
0.489763
0.499488
0.508061
0.51534
0.521178
0.52543
0.527953
0.528615
0.527293
0.52388
0.518288
0.510442
0.500294
0.487947
0.473514
0.455363
0.432211
-0.343925
-0.365899
-0.383044
-0.396599
-0.408144
-0.417602
-0.424906
-0.430135
-0.433387
-0.434774
-0.434415
-0.432439
-0.428982
-0.424176
-0.418154
-0.411043
-0.402964
-0.394033
-0.384356
-0.374032
-0.363149
-0.351789
-0.340021
-0.32791
-0.315514
-0.302882
-0.290061
-0.27709
-0.264
-0.25082
-0.237574
-0.224282
-0.210961
-0.197622
-0.184278
-0.170933
-0.157595
-0.144267
-0.130951
-0.11765
-0.104363
-0.0910875
-0.0778194
-0.0645543
-0.0512875
-0.0380136
-0.0247268
-0.0114203
0.0019139
0.0152842
0.0286991
0.0421668
0.0556954
0.0692933
0.0829695
0.0967333
0.110594
0.12456
0.138639
0.15284
0.167168
0.181632
0.196237
0.210986
0.225883
0.240927
0.256115
0.271444
0.286903
0.302481
0.318161
0.333918
0.349726
0.365547
0.381338
0.397047
0.412612
0.427965
0.443021
0.45769
0.471866
0.485435
0.498267
0.510226
0.521163
0.53092
0.539336
0.546243
0.551471
0.554856
0.55624
0.555476
0.552434
0.547004
0.539091
0.528633
0.51573
0.500496
0.481172
0.456382
-0.369291
-0.392802
-0.411042
-0.425335
-0.437385
-0.447118
-0.454473
-0.459544
-0.462455
-0.463338
-0.462338
-0.459606
-0.4553
-0.449572
-0.442576
-0.434454
-0.425344
-0.415375
-0.404664
-0.393318
-0.381434
-0.369097
-0.356382
-0.343357
-0.330082
-0.316609
-0.302984
-0.289246
-0.275427
-0.261553
-0.247649
-0.233733
-0.219821
-0.205923
-0.192047
-0.178199
-0.164382
-0.150599
-0.136851
-0.123137
-0.109456
-0.0958024
-0.0821715
-0.068557
-0.0549526
-0.0413517
-0.0277467
-0.0141288
-0.000488361
0.0131846
0.0268999
0.0406673
0.0544966
0.0683987
0.0823846
0.0964655
0.110652
0.124955
0.139384
0.15395
0.168663
0.183532
0.198566
0.213772
0.229154
0.244716
0.260458
0.27638
0.292475
0.308734
0.325142
0.34168
0.358322
0.375034
0.391775
0.408492
0.425127
0.441605
0.457844
0.473746
0.489203
0.504089
0.518267
0.531585
0.54388
0.554977
0.56469
0.572828
0.579198
0.583606
0.585865
0.585799
0.58325
0.578082
0.570178
0.559452
0.546005
0.529947
0.50938
0.482829
-0.396895
-0.42207
-0.441477
-0.456536
-0.469083
-0.47905
-0.486383
-0.491202
-0.493655
-0.493902
-0.492117
-0.488479
-0.48317
-0.476369
-0.468249
-0.458974
-0.448698
-0.437564
-0.425702
-0.413226
-0.400241
-0.386838
-0.373096
-0.359087
-0.344871
-0.330503
-0.316027
-0.30148
-0.286896
-0.272299
-0.257713
-0.243153
-0.228633
-0.214163
-0.199746
-0.185387
-0.171088
-0.156848
-0.142667
-0.128542
-0.114469
-0.100442
-0.0864531
-0.0724953
-0.0585608
-0.0446407
-0.0307254
-0.0168042
-0.00286602
0.0111003
0.0251058
0.0391623
0.053282
0.067478
0.0817632
0.0961505
0.110652
0.125281
0.140049
0.154971
0.17006
0.185327
0.200783
0.216438
0.232301
0.248379
0.264676
0.281194
0.29793
0.314879
0.332031
0.349369
0.366873
0.384509
0.40224
0.420017
0.437779
0.455455
0.472958
0.490191
0.507036
0.523362
0.539021
0.553849
0.567664
0.580271
0.591463
0.601021
0.608721
0.614338
0.617652
0.618452
0.616546
0.611766
0.603963
0.59303
0.579059
0.562157
0.540275
0.511829
-0.427003
-0.453985
-0.47464
-0.490487
-0.503513
-0.513658
-0.520878
-0.525323
-0.527174
-0.526626
-0.523884
-0.519161
-0.51267
-0.504618
-0.495204
-0.484615
-0.473021
-0.460582
-0.447438
-0.433715
-0.419522
-0.404958
-0.390105
-0.375038
-0.359818
-0.344498
-0.329123
-0.313729
-0.298346
-0.282999
-0.267707
-0.252486
-0.237345
-0.22229
-0.207325
-0.192451
-0.177667
-0.162971
-0.14836
-0.133829
-0.119369
-0.104974
-0.0906343
-0.0763418
-0.0620862
-0.0478564
-0.0336405
-0.0194263
-0.00520133
0.00904669
0.0233308
0.0376648
0.0520635
0.0665416
0.0811139
0.0957945
0.110598
0.12554
0.140637
0.155904
0.171357
0.187011
0.202879
0.218976
0.235313
0.251902
0.26875
0.285864
0.303244
0.320891
0.338798
0.356954
0.375341
0.393933
0.412694
0.431578
0.450527
0.469471
0.488324
0.506985
0.525332
0.543229
0.560516
0.577015
0.592529
0.606839
0.619713
0.630904
0.640153
0.647199
0.65178
0.653646
0.652563
0.648323
0.640743
0.629681
0.615219
0.597459
0.574185
0.543697
-0.459921
-0.488872
-0.510859
-0.527514
-0.54099
-0.551235
-0.558226
-0.562146
-0.563219
-0.56168
-0.557775
-0.551756
-0.543874
-0.534368
-0.523465
-0.511377
-0.498295
-0.484393
-0.469825
-0.454725
-0.439212
-0.423386
-0.407336
-0.391135
-0.374845
-0.358519
-0.342199
-0.325919
-0.309706
-0.293583
-0.277567
-0.261668
-0.245894
-0.230248
-0.21473
-0.19934
-0.184073
-0.168925
-0.153889
-0.138956
-0.124117
-0.109363
-0.0946834
-0.0800668
-0.0655009
-0.0509724
-0.0364677
-0.021973
-0.00747478
0.00704139
0.0215908
0.0361895
0.0508539
0.0656005
0.0804453
0.0954048
0.110496
0.125738
0.14115
0.156748
0.172553
0.18858
0.204849
0.221376
0.238178
0.255269
0.272663
0.290368
0.308392
0.326739
0.34541
0.364397
0.383688
0.403262
0.423088
0.443125
0.46332
0.483603
0.503891
0.524081
0.544051
0.563655
0.582727
0.601074
0.618481
0.634708
0.649495
0.662562
0.673611
0.682339
0.688439
0.691609
0.691568
0.688059
0.68085
0.669762
0.65486
0.636236
0.611488
0.578794
-0.496
-0.527106
-0.55052
-0.567997
-0.581874
-0.592118
-0.598728
-0.601935
-0.602013
-0.599246
-0.593931
-0.586368
-0.576849
-0.565652
-0.553038
-0.539243
-0.524482
-0.508945
-0.492797
-0.476183
-0.459228
-0.442037
-0.424698
-0.407286
-0.389862
-0.372475
-0.355165
-0.337964
-0.320894
-0.303974
-0.287217
-0.270629
-0.254215
-0.237974
-0.221904
-0.206
-0.190255
-0.17466
-0.159205
-0.14388
-0.128673
-0.113572
-0.0985653
-0.0836376
-0.0687745
-0.0539607
-0.0391814
-0.0244213
-0.00966499
0.00510428
0.0199041
0.0347524
0.0496671
0.064666
0.0797671
0.0949897
0.110354
0.125881
0.141591
0.157505
0.173645
0.190031
0.206686
0.22363
0.240884
0.258466
0.276394
0.294683
0.313347
0.332395
0.351833
0.371659
0.391869
0.412448
0.433372
0.454605
0.4761
0.497792
0.5196
0.541423
0.563137
0.584594
0.605617
0.626002
0.645516
0.663897
0.680854
0.696071
0.70921
0.719917
0.727831
0.732593
0.733859
0.731312
0.724664
0.713685
0.698414
0.678929
0.652622
0.617535
-0.53565
-0.569125
-0.594071
-0.612373
-0.626583
-0.63669
-0.642727
-0.644985
-0.643798
-0.639515
-0.632494
-0.623091
-0.611649
-0.59849
-0.58391
-0.568175
-0.551522
-0.534159
-0.516264
-0.49799
-0.479467
-0.460801
-0.442083
-0.423384
-0.404762
-0.386263
-0.367923
-0.349768
-0.331818
-0.314085
-0.296575
-0.279292
-0.262235
-0.245401
-0.228782
-0.212371
-0.196156
-0.180124
-0.164262
-0.148557
-0.132996
-0.117563
-0.102243
-0.0870196
-0.0718749
-0.0567924
-0.0417555
-0.0267472
-0.0117495
0.00325643
0.0182899
0.0333705
0.0485173
0.0637503
0.0790902
0.0945587
0.110179
0.125972
0.141964
0.158175
0.174633
0.19136
0.208384
0.225728
0.243417
0.261475
0.279924
0.298787
0.318082
0.337825
0.358027
0.378697
0.399837
0.421439
0.443488
0.465955
0.488801
0.511968
0.53538
0.55894
0.582524
0.605982
0.629132
0.651758
0.673612
0.694408
0.713824
0.731504
0.747065
0.760097
0.770175
0.776869
0.779764
0.778467
0.772618
0.761922
0.746382
0.726052
0.698093
0.6604
-0.579349
-0.615445
-0.642037
-0.661159
-0.675602
-0.685392
-0.690609
-0.691619
-0.688835
-0.682687
-0.673605
-0.662013
-0.648313
-0.632878
-0.616043
-0.598106
-0.579328
-0.559933
-0.540111
-0.520023
-0.499801
-0.479552
-0.459363
-0.439302
-0.419422
-0.399764
-0.380358
-0.361225
-0.342376
-0.323818
-0.305551
-0.287572
-0.269876
-0.252456
-0.235298
-0.21839
-0.201717
-0.185262
-0.169009
-0.152941
-0.137043
-0.121295
-0.10568
-0.0901781
-0.0747704
-0.0594384
-0.0441632
-0.0289255
-0.0137051
0.00151871
0.0167667
0.0320597
0.047419
0.0628667
0.0784264
0.0941219
0.109978
0.126018
0.14227
0.158759
0.175515
0.192564
0.209937
0.22766
0.245765
0.26428
0.283233
0.302654
0.322566
0.342992
0.363953
0.385465
0.407539
0.430176
0.453371
0.477105
0.501348
0.526052
0.551149
0.576547
0.602127
0.62774
0.6532
0.678285
0.702729
0.726225
0.748421
0.768919
0.787284
0.803042
0.815695
0.824733
0.829648
0.829957
0.825207
0.81502
0.799347
0.778207
0.748496
0.707952
-0.627665
-0.66668
-0.695046
-0.714961
-0.729497
-0.738731
-0.74281
-0.742195
-0.737404
-0.728962
-0.717392
-0.703199
-0.686854
-0.668782
-0.649366
-0.628936
-0.607776
-0.586128
-0.564191
-0.542129
-0.520075
-0.498133
-0.476385
-0.454892
-0.4337
-0.412844
-0.392345
-0.372214
-0.352456
-0.333069
-0.314047
-0.295379
-0.277056
-0.259062
-0.24138
-0.223992
-0.206878
-0.190019
-0.173395
-0.156985
-0.14077
-0.124729
-0.108839
-0.0930795
-0.0774302
-0.0618699
-0.0463775
-0.0309312
-0.015509
-8.8615e-05
0.0153522
0.030836
0.0463866
0.0620285
0.0777872
0.0936882
0.109758
0.126023
0.142513
0.159258
0.176289
0.193637
0.211335
0.229415
0.247913
0.266862
0.286299
0.306257
0.326767
0.347861
0.369568
0.391913
0.414918
0.438595
0.462949
0.487976
0.513655
0.539951
0.566807
0.594141
0.621842
0.649765
0.677726
0.705496
0.7328
0.759309
0.784641
0.808355
0.829959
0.848911
0.864628
0.8765
0.883912
0.886268
0.882998
0.873613
0.857993
0.836103
0.804536
0.760852
-0.681275
-0.723568
-0.753848
-0.774502
-0.788934
-0.797294
-0.799822
-0.797106
-0.789796
-0.77854
-0.763971
-0.746691
-0.727247
-0.706129
-0.683766
-0.660523
-0.636705
-0.612569
-0.588319
-0.564122
-0.540104
-0.516364
-0.492974
-0.469987
-0.44744
-0.425355
-0.403743
-0.382606
-0.361938
-0.341727
-0.32196
-0.302619
-0.283685
-0.265138
-0.246953
-0.229108
-0.211578
-0.19434
-0.177369
-0.160642
-0.144135
-0.127823
-0.111683
-0.0956912
-0.0798244
-0.0640594
-0.0483727
-0.0327408
-0.01714
-0.0015466
0.0140635
0.0297153
0.0454348
0.0612483
0.0771829
0.0932656
0.109525
0.125991
0.142696
0.159672
0.176954
0.194574
0.212571
0.230981
0.249846
0.269205
0.289098
0.309567
0.330651
0.35239
0.374824
0.397988
0.421913
0.446625
0.472145
0.498479
0.525624
0.553558
0.582239
0.611601
0.641542
0.671929
0.702583
0.733277
0.763726
0.793586
0.822446
0.849823
0.875166
0.897854
0.917208
0.932506
0.943001
0.947953
0.946644
0.938443
0.923128
0.900586
0.86705
0.81988
-0.740999
-0.787004
-0.819353
-0.84065
-0.8547
-0.86176
-0.8622
-0.856779
-0.846314
-0.831607
-0.813427
-0.792486
-0.769422
-0.744794
-0.719078
-0.692672
-0.665902
-0.639033
-0.612271
-0.585776
-0.559668
-0.534033
-0.508931
-0.4844
-0.460465
-0.437132
-0.414401
-0.392261
-0.370692
-0.349675
-0.329183
-0.309193
-0.289675
-0.270601
-0.251943
-0.233671
-0.215755
-0.198168
-0.180881
-0.163866
-0.147095
-0.130542
-0.114179
-0.0979824
-0.0819249
-0.0659812
-0.050126
-0.0343339
-0.01858
-0.00283869
0.0129163
0.028712
0.0445761
0.0605366
0.0766217
0.0928608
0.109285
0.125927
0.14282
0.16
0.177503
0.195368
0.213635
0.232347
0.251549
0.271286
0.291605
0.312554
0.334182
0.356539
0.379673
0.40363
0.428456
0.454191
0.480869
0.508516
0.537143
0.56675
0.597312
0.628781
0.661075
0.694075
0.727614
0.761473
0.795367
0.82894
0.861757
0.893295
0.922943
0.949996
0.973668
0.993102
1.0074
1.01563
1.0169
1.01038
0.995716
0.972668
0.937046
0.885978
-0.807841
-0.85809
-0.892673
-0.914454
-0.927729
-0.932916
-0.930569
-0.921673
-0.90726
-0.888325
-0.8658
-0.840528
-0.813246
-0.784585
-0.755069
-0.725126
-0.695096
-0.665244
-0.635772
-0.606827
-0.578514
-0.550901
-0.52403
-0.497922
-0.472582
-0.447999
-0.424157
-0.40103
-0.378585
-0.356789
-0.335606
-0.314999
-0.294933
-0.275371
-0.256277
-0.237615
-0.219351
-0.201451
-0.183882
-0.166613
-0.149612
-0.13285
-0.116297
-0.0999253
-0.0837065
-0.0676129
-0.0516174
-0.0356932
-0.0198134
-0.00395059
0.0119234
0.0278374
0.0438202
0.0599011
0.0761102
0.0924791
0.109041
0.125831
0.142884
0.160238
0.177934
0.196012
0.214518
0.233499
0.253005
0.273085
0.293794
0.315188
0.337324
0.360261
0.384059
0.408777
0.434474
0.461206
0.489025
0.517974
0.548088
0.579387
0.61187
0.645512
0.680257
0.716007
0.752618
0.789884
0.82753
0.865199
0.902438
0.938689
0.973281
1.00543
1.03422
1.05864
1.07761
1.09
1.09463
1.09046
1.07691
1.05358
1.01576
0.960286
-0.883048
-0.938199
-0.975186
-0.99719
-1.00914
-1.01167
-1.00562
-0.992267
-0.972918
-0.948809
-0.921066
-0.890681
-0.858501
-0.825227
-0.791429
-0.757554
-0.723948
-0.690867
-0.658497
-0.626964
-0.59635
-0.566697
-0.538023
-0.510324
-0.483582
-0.457767
-0.43284
-0.408759
-0.385476
-0.362944
-0.341114
-0.319939
-0.299371
-0.279367
-0.259882
-0.240876
-0.222307
-0.204136
-0.186327
-0.168844
-0.151651
-0.134716
-0.118008
-0.101496
-0.0851478
-0.0689357
-0.0528305
-0.0368038
-0.0208269
-0.00487044
0.0110952
0.0270999
0.0431736
0.0593473
0.0756528
0.0921236
0.108795
0.125702
0.142885
0.160382
0.178238
0.196497
0.215208
0.234422
0.254193
0.274577
0.295636
0.317433
0.340034
0.363508
0.387927
0.413362
0.439889
0.467579
0.496505
0.526732
0.558318
0.591308
0.625731
0.661593
0.698867
0.737489
0.777344
0.818253
0.859962
0.902123
0.944278
0.985847
1.0261
1.06417
1.09902
1.12947
1.15421
1.17182
1.18085
1.1799
1.16811
1.14484
1.1047
1.04421
-0.968196
-1.02907
-1.06862
-1.09043
-1.10026
-1.09909
-1.08813
-1.06905
-1.04353
-1.0131
-0.979103
-0.942704
-0.90486
-0.866341
-0.827748
-0.789537
-0.752042
-0.7155
-0.680066
-0.645833
-0.612848
-0.58112
-0.550635
-0.521358
-0.493243
-0.466234
-0.440271
-0.41529
-0.391226
-0.368016
-0.345598
-0.323912
-0.302902
-0.282512
-0.262693
-0.243395
-0.224571
-0.206179
-0.188176
-0.170522
-0.15318
-0.136114
-0.119289
-0.102672
-0.0862312
-0.0699347
-0.0537525
-0.0376546
-0.0216106
-0.00558997
0.0104381
0.0265044
0.0426402
0.0588778
0.075251
0.0917945
0.108544
0.125539
0.142818
0.160426
0.178408
0.196812
0.215691
0.235098
0.255093
0.275737
0.2971
0.319252
0.342268
0.366227
0.391212
0.417311
0.444612
0.473208
0.503191
0.534651
0.567673
0.602332
0.638691
0.676792
0.716649
0.758238
0.801487
0.846257
0.89233
0.939384
0.986975
1.03451
1.08123
1.12618
1.16819
1.2059
1.23773
1.26195
1.2767
1.28015
1.27103
1.24832
1.20578
1.1395
-1.0653
-1.13292
-1.17515
-1.19612
-1.20269
-1.19637
-1.1789
-1.15248
-1.11926
-1.08111
-1.03965
-0.996211
-0.951858
-0.907416
-0.8635
-0.820553
-0.778879
-0.738672
-0.700041
-0.663032
-0.627644
-0.593844
-0.561574
-0.530764
-0.501334
-0.473198
-0.44627
-0.420464
-0.395696
-0.371884
-0.348953
-0.326829
-0.305445
-0.284737
-0.264647
-0.245118
-0.226099
-0.20754
-0.189394
-0.171619
-0.154175
-0.137021
-0.120122
-0.103441
-0.0869439
-0.0705992
-0.0543746
-0.0382385
-0.0221592
-0.00610533
0.00995456
0.0260522
0.0422202
0.0584922
0.074903
0.0914882
0.108285
0.125334
0.142677
0.160361
0.178433
0.196944
0.215949
0.235507
0.255679
0.276537
0.298152
0.320604
0.343977
0.36836
0.393848
0.420542
0.44855
0.477982
0.508954
0.54158
0.575978
0.612255
0.650515
0.690842
0.7333
0.777916
0.824674
0.873493
0.924208
0.976547
1.0301
1.0843
1.13835
1.19125
1.24171
1.28816
1.32873
1.3613
1.38351
1.39294
1.38777
1.36639
1.32142
1.24838
-1.17702
-1.25268
-1.2976
-1.3167
-1.31836
-1.30489
-1.27878
-1.24296
-1.20013
-1.1526
-1.10226
-1.05063
-0.998853
-0.947786
-0.898025
-0.84997
-0.803864
-0.759836
-0.717926
-0.678115
-0.640342
-0.604516
-0.570531
-0.538271
-0.507618
-0.478453
-0.45066
-0.424128
-0.398752
-0.374434
-0.35108
-0.328605
-0.306929
-0.285981
-0.265693
-0.246003
-0.226852
-0.208186
-0.189956
-0.172114
-0.154617
-0.137423
-0.120493
-0.10379
-0.087278
-0.0709232
-0.0546922
-0.0385523
-0.0224711
-0.00641669
0.00964306
0.0257409
0.0419106
0.0581864
0.0746033
0.0911979
0.108009
0.125079
0.142451
0.160175
0.178298
0.196875
0.215963
0.235624
0.255926
0.276943
0.298754
0.321446
0.34511
0.369846
0.395761
0.422972
0.451602
0.481782
0.513651
0.547354
0.583038
0.620851
0.660939
0.703439
0.74847
0.796126
0.84646
0.899469
0.955064
1.01305
1.07309
1.13465
1.19697
1.25902
1.3194
1.37634
1.42768
1.47081
1.50276
1.52034
1.52093
1.50206
1.45477
1.37376
-1.30689
-1.39222
-1.43963
-1.45522
-1.44955
-1.42616
-1.38859
-1.34071
-1.28593
-1.22704
-1.16622
-1.10513
-1.04498
-0.986596
-0.930506
-0.877027
-0.826305
-0.778369
-0.733168
-0.690597
-0.650516
-0.612768
-0.577188
-0.543607
-0.511863
-0.4818
-0.45327
-0.426138
-0.400275
-0.375563
-0.351893
-0.329167
-0.307294
-0.286194
-0.26579
-0.246014
-0.226802
-0.208096
-0.189842
-0.17199
-0.154495
-0.137311
-0.120398
-0.103717
-0.0872311
-0.0709053
-0.0547052
-0.0385972
-0.022549
-0.00652789
0.00949911
0.0255655
0.0417052
0.0579526
0.0743431
0.0909142
0.107706
0.124762
0.142128
0.159853
0.177987
0.196586
0.215711
0.235426
0.255803
0.276922
0.298866
0.321728
0.345609
0.370618
0.396874
0.424507
0.453658
0.484479
0.517132
0.551793
0.588641
0.627869
0.669671
0.714239
0.761761
0.812408
0.866321
0.92359
0.984235
1.04817
1.11517
1.18479
1.25636
1.32885
1.40081
1.47033
1.53489
1.59139
1.6361
1.6648
1.67376
1.65923
1.60997
1.51946
-1.45978
-1.55683
-1.60608
-1.6155
-1.59895
-1.56177
-1.50899
-1.44568
-1.37611
-1.30355
-1.23046
-1.1586
-1.08912
-1.02277
-0.959955
-0.900832
-0.845409
-0.793579
-0.745167
-0.699961
-0.657727
-0.618227
-0.581228
-0.546504
-0.513843
-0.483051
-0.453947
-0.426366
-0.400157
-0.375183
-0.35132
-0.328457
-0.306493
-0.285338
-0.264909
-0.245129
-0.225933
-0.207257
-0.189045
-0.171244
-0.153805
-0.136683
-0.119836
-0.103223
-0.0868059
-0.0705494
-0.0544185
-0.0383797
-0.0224001
-0.00644642
0.00951477
0.025517
0.0415938
0.0577798
0.0741107
0.090625
0.107364
0.12437
0.141691
0.159377
0.177479
0.196054
0.215166
0.234882
0.255278
0.276436
0.298444
0.321401
0.345417
0.370608
0.397105
0.425052
0.454605
0.485938
0.519236
0.554705
0.592562
0.633042
0.67639
0.722865
0.772728
0.826239
0.883643
0.945152
1.01092
1.08102
1.15536
1.2337
1.31546
1.39975
1.48515
1.56963
1.65041
1.72383
1.78524
1.82918
1.85031
1.84302
1.79263
1.69071
-1.64261
-1.75387
-1.80339
-1.80238
-1.76965
-1.71328
-1.64032
-1.55735
-1.46957
-1.38074
-1.29348
-1.2095
-1.12984
-1.05501
-0.9852
-0.920361
-0.860292
-0.80471
-0.753284
-0.705671
-0.661527
-0.620522
-0.582346
-0.54671
-0.513354
-0.482041
-0.452555
-0.424704
-0.398313
-0.373228
-0.34931
-0.326437
-0.304497
-0.283392
-0.263033
-0.24334
-0.22424
-0.205669
-0.187567
-0.169879
-0.152555
-0.135548
-0.118816
-0.102316
-0.0860117
-0.0698655
-0.0538431
-0.0379109
-0.0220356
-0.00618364
0.00967805
0.0255825
0.0415631
0.0576543
0.0738922
0.0903154
0.106965
0.123885
0.141123
0.158727
0.176751
0.195255
0.214303
0.233964
0.254316
0.275444
0.297442
0.320412
0.344471
0.369743
0.39637
0.424507
0.454326
0.486018
0.519796
0.555892
0.594561
0.636081
0.680755
0.728906
0.780879
0.837034
0.897735
0.963339
1.03417
1.11049
1.19244
1.27999
1.37284
1.47029
1.57109
1.67324
1.77378
1.86853
1.95187
2.01674
2.05566
2.06018
2.01051
1.89486
-1.86555
-1.9938
-2.04025
-2.02181
-1.96501
-1.88192
-1.78226
-1.67441
-1.56447
-1.45653
-1.35317
-1.25587
-1.16533
-1.08172
-1.00488
-0.934461
-0.869991
-0.810964
-0.756864
-0.707193
-0.661484
-0.619303
-0.580261
-0.544005
-0.510221
-0.478632
-0.448988
-0.421069
-0.394681
-0.369653
-0.345833
-0.323087
-0.301295
-0.280353
-0.260167
-0.240652
-0.221733
-0.203343
-0.18542
-0.167909
-0.150758
-0.133921
-0.117353
-0.101014
-0.0848646
-0.0688698
-0.052995
-0.0372063
-0.0214706
-0.00575496
0.00997321
0.0257462
0.041597
0.0575598
0.0736708
0.0899684
0.106493
0.123288
0.1404
0.15788
0.175782
0.194164
0.213093
0.232639
0.252882
0.273908
0.295814
0.318708
0.342711
0.367953
0.394585
0.422772
0.452701
0.484581
0.518644
0.555152
0.594395
0.636694
0.682407
0.731928
0.785688
0.844154
0.907826
0.977223
1.05287
1.13527
1.22486
1.32194
1.42656
1.5384
1.65657
1.77933
1.90374
2.02528
2.13734
2.23101
2.29603
2.31977
2.27454
2.14263
-2.14427
-2.2919
-2.32833
-2.28098
-2.18829
-2.06808
-1.93336
-1.79435
-1.65784
-1.5279
-1.40671
-1.29517
-1.19342
-1.10106
-1.01747
-0.941883
-0.873494
-0.81153
-0.75526
-0.704016
-0.657193
-0.614256
-0.574732
-0.538203
-0.504307
-0.472723
-0.443174
-0.415414
-0.389232
-0.364442
-0.340882
-0.318409
-0.296897
-0.276236
-0.256328
-0.237086
-0.218434
-0.200303
-0.18263
-0.165359
-0.14844
-0.131825
-0.115471
-0.0993374
-0.0833869
-0.0675839
-0.0518946
-0.0362856
-0.0207246
-0.00517936
0.0103815
0.0259895
0.0416771
0.0574783
0.0734285
0.0895649
0.105927
0.122558
0.139504
0.156815
0.174546
0.192755
0.211508
0.230877
0.25094
0.271786
0.293516
0.316238
0.340077
0.365168
0.391669
0.419753
0.449619
0.481489
0.515617
0.552287
0.591822
0.634585
0.680987
0.731488
0.786609
0.846926
0.913083
0.985781
1.06578
1.15386
1.25081
1.35737
1.4741
1.60128
1.73861
1.88495
2.03778
2.19262
2.34213
2.47545
2.57888
2.63391
2.60061
2.45045
-2.50407
-2.67087
-2.68327
-2.58806
-2.44197
-2.27048
-2.0902
-1.91285
-1.74524
-1.59071
-1.45043
-1.32431
-1.21154
-1.11097
-1.02132
-0.941323
-0.869785
-0.805622
-0.74787
-0.69568
-0.648313
-0.605128
-0.565575
-0.529176
-0.495522
-0.464259
-0.435082
-0.407727
-0.381969
-0.357611
-0.334482
-0.312433
-0.291335
-0.271074
-0.251552
-0.232679
-0.21438
-0.196584
-0.17923
-0.162262
-0.145632
-0.129292
-0.1132
-0.0973168
-0.0816063
-0.0660341
-0.0505669
-0.0351727
-0.0198203
-0.00447912
0.0108812
0.0262915
0.0417836
0.0573902
0.073145
0.0890843
0.105247
0.121674
0.138412
0.155509
0.17302
0.191003
0.209521
0.228646
0.248458
0.269045
0.290507
0.312956
0.336515
0.361326
0.387548
0.415363
0.444974
0.476618
0.510563
0.547112
0.586617
0.629476
0.676146
0.727153
0.783096
0.844666
0.912648
0.987932
1.07152
1.16453
1.26816
1.38369
1.51234
1.65522
1.81301
1.98561
2.17157
2.36714
2.56497
2.75263
2.91269
3.01874
3.01222
2.84468
-2.98843
-3.16512
-3.12524
-2.95108
-2.72602
-2.48455
-2.24627
-2.02302
-1.82025
-1.63938
-1.47974
-1.33959
-1.2168
-1.1092
-1.01472
-0.931494
-0.8579
-0.792527
-0.734173
-0.681813
-0.634581
-0.591743
-0.552677
-0.516858
-0.483838
-0.453235
-0.424728
-0.398039
-0.372932
-0.349204
-0.32668
-0.305209
-0.284661
-0.264921
-0.24589
-0.227481
-0.209618
-0.192232
-0.175265
-0.158662
-0.142375
-0.12636
-0.110576
-0.0949864
-0.0795555
-0.0642507
-0.0490405
-0.0338947
-0.018784
-0.00367914
0.0114491
0.0266304
0.0418948
0.0572736
0.0727994
0.0885064
0.104432
0.120615
0.137103
0.153942
0.171183
0.188884
0.207108
0.225923
0.245409
0.265652
0.286753
0.308821
0.331981
0.356374
0.382162
0.409527
0.43868
0.469863
0.503352
0.539468
0.578581
0.621116
0.66757
0.71852
0.77464
0.836717
0.905672
0.982579
1.06869
1.16547
1.27457
1.39788
1.53747
1.69551
1.87406
2.07474
2.29802
2.54215
2.80119
3.06255
3.30572
3.49498
3.5448
3.37045
-3.67612
-3.82686
-3.6779
-3.37444
-3.03428
-2.69964
-2.38998
-2.11421
-1.87387
-1.66672
-1.48904
-1.33677
-1.20605
-1.09343
-0.995975
-0.911182
-0.836977
-0.771643
-0.713756
-0.662143
-0.615828
-0.574004
-0.535997
-0.501245
-0.469276
-0.439695
-0.412168
-0.386413
-0.362189
-0.339292
-0.317549
-0.296809
-0.276944
-0.257842
-0.239406
-0.221552
-0.204205
-0.187302
-0.170786
-0.154605
-0.138714
-0.123072
-0.10764
-0.0923833
-0.0772688
-0.0622661
-0.0473462
-0.032481
-0.017643
-0.00280491
0.0120609
0.0269823
0.0419882
0.0571076
0.0723706
0.0878099
0.103461
0.119363
0.135558
0.152093
0.169015
0.18638
0.204247
0.222684
0.241767
0.261581
0.282223
0.3038
0.326436
0.350269
0.375458
0.402186
0.430664
0.461133
0.493877
0.52922
0.567543
0.60929
0.654983
0.705236
0.760777
0.822473
0.891355
0.968662
1.05587
1.15477
1.26749
1.39658
1.54503
1.71633
1.91434
2.14308
2.4062
2.70575
3.03981
3.39885
3.76243
4.08681
4.25182
4.10909
-4.71037
-4.73167
-4.36375
-3.85275
-3.34947
-2.89563
-2.50291
-2.17128
-1.89443
-1.66405
-1.47207
-1.3114
-1.17616
-1.06152
-0.963634
-0.87941
-0.806383
-0.742573
-0.686393
-0.636557
-0.592021
-0.551932
-0.515589
-0.482416
-0.451933
-0.423742
-0.397509
-0.372955
-0.349844
-0.327977
-0.307186
-0.287325
-0.268272
-0.249919
-0.232175
-0.214961
-0.198208
-0.181855
-0.16585
-0.150145
-0.1347
-0.119474
-0.104434
-0.0895468
-0.0747832
-0.0601152
-0.0455165
-0.0309615
-0.0164256
-0.00188318
0.0126917
0.0273248
0.0420423
0.056871
0.0718391
0.0869772
0.102319
0.117901
0.133763
0.149947
0.1665
0.183473
0.200923
0.218913
0.237517
0.256815
0.2769
0.297876
0.31986
0.342986
0.367409
0.393306
0.420884
0.45038
0.482072
0.516284
0.553396
0.593856
0.638195
0.687044
0.741162
0.801462
0.869051
0.945284
1.03182
1.13072
1.24451
1.37639
1.53028
1.71109
1.92481
2.17858
2.48055
2.83899
3.26014
3.74371
4.27719
4.81702
5.21007
5.20729
-6.34963
-5.97897
-5.19504
-4.36585
-3.64122
-3.04306
-2.56125
-2.17676
-1.8698
-1.62331
-1.42365
-1.26031
-1.12528
-1.01247
-0.91726
-0.8361
-0.766252
-0.705584
-0.652419
-0.605426
-0.56354
-0.525904
-0.49182
-0.460719
-0.432134
-0.405679
-0.381032
-0.357927
-0.336138
-0.31548
-0.295793
-0.276942
-0.258813
-0.241307
-0.224341
-0.207841
-0.191745
-0.175999
-0.160556
-0.145372
-0.130412
-0.115639
-0.101024
-0.0865378
-0.0721535
-0.057847
-0.0435954
-0.0293762
-0.0151667
-0.00094386
0.0133158
0.0276356
0.042039
0.0565502
0.0711953
0.0860027
0.101003
0.116231
0.131722
0.147516
0.163654
0.180185
0.197161
0.214642
0.232695
0.251397
0.270834
0.291103
0.312315
0.334597
0.358094
0.382976
0.409438
0.437708
0.468052
0.500783
0.536268
0.574945
0.617334
0.664062
0.715883
0.773719
0.838706
0.912246
0.996098
1.09248
1.20424
1.33502
1.48957
1.67413
1.89687
2.16851
2.50288
2.9173
3.43182
4.0658
4.82909
5.69757
6.51953
6.92704
-9.17067
-7.69187
-6.12378
-4.84059
-3.84324
-3.09062
-2.52941
-2.10769
-1.78587
-1.53616
-1.33911
-1.18104
-1.0523
-0.945959
-0.856974
-0.781614
-0.717074
-0.661216
-0.612386
-0.569289
-0.5309
-0.496401
-0.465135
-0.436565
-0.410257
-0.385852
-0.363053
-0.341614
-0.321333
-0.302037
-0.283586
-0.265856
-0.248746
-0.232168
-0.216048
-0.200323
-0.184937
-0.169844
-0.155003
-0.140376
-0.125932
-0.111642
-0.0974781
-0.083416
-0.0694337
-0.0555105
-0.0416268
-0.0277632
-0.0138999
-1.61224e-05
0.0139086
0.0278944
0.0419622
0.0561337
0.0704322
0.0848836
0.099516
0.11436
0.129447
0.144813
0.160497
0.176541
0.192992
0.209907
0.227345
0.245378
0.264083
0.283549
0.303879
0.325189
0.347612
0.371306
0.39645
0.423256
0.451972
0.482887
0.516348
0.552762
0.592621
0.636519
0.685174
0.73947
0.800506
0.869653
0.948654
1.03975
1.14585
1.27082
1.41985
1.60008
1.82138
2.09775
2.44903
2.90356
3.50168
4.29654
5.34254
6.67909
8.30508
9.85092
-14.6768
-9.94152
-6.80436
-4.95783
-3.72976
-2.88997
-2.31232
-1.90297
-1.60251
-1.37526
-1.19896
-1.05911
-0.946029
-0.853047
-0.775454
-0.709835
-0.653657
-0.605011
-0.56243
-0.524772
-0.491138
-0.460812
-0.43322
-0.4079
-0.384471
-0.362625
-0.342106
-0.322705
-0.304248
-0.28659
-0.26961
-0.253208
-0.237296
-0.221803
-0.206668
-0.191839
-0.177273
-0.16293
-0.148778
-0.134787
-0.120933
-0.107191
-0.0935395
-0.0799599
-0.0664344
-0.0529469
-0.0394816
-0.0260224
-0.0125528
0.000944351
0.0144862
0.0280897
0.0417722
0.0555526
0.0694513
0.0834906
0.0976949
0.11209
0.126705
0.141569
0.156715
0.172182
0.18801
0.204248
0.22095
0.238176
0.255995
0.274484
0.293735
0.313847
0.334941
0.357152
0.380639
0.405589
0.432219
0.460787
0.491595
0.525005
0.561452
0.601458
0.645661
0.694845
0.749982
0.812298
0.88335
0.965156
1.06037
1.17255
1.30658
1.46935
1.67084
1.92591
2.25739
2.70171
3.31943
4.20684
5.49431
7.41401
10.6408
15.4869
-23.9597
-12.1446
-6.52813
-4.24423
-3.03456
-2.30177
-1.83718
-1.52296
-1.29652
-1.12577
-0.992768
-0.886554
-0.800014
-0.728314
-0.668036
-0.61669
-0.572413
-0.533789
-0.499721
-0.46935
-0.441994
-0.41711
-0.394259
-0.373087
-0.353304
-0.334672
-0.316996
-0.300119
-0.283907
-0.268253
-0.253066
-0.238271
-0.223806
-0.209617
-0.195662
-0.181904
-0.168312
-0.154859
-0.141524
-0.128285
-0.115126
-0.10203
-0.0889837
-0.0759728
-0.0629861
-0.0500123
-0.0370403
-0.0240584
-0.0110541
0.00198557
0.0150734
0.0282225
0.0414467
0.054761
0.0681818
0.0817275
0.0954174
0.109273
0.123316
0.137571
0.152066
0.16683
0.181898
0.197308
0.213105
0.229337
0.246061
0.263341
0.281248
0.299867
0.319293
0.339637
0.361029
0.38362
0.407585
0.433132
0.460505
0.489995
0.521948
0.55678
0.594993
0.637204
0.684168
0.736832
0.796388
0.864366
0.942757
1.03422
1.14236
1.27228
1.43142
1.63119
1.8901
2.24096
2.74728
3.53004
4.8075
7.18702
12.9206
24.8586
)
;

boundaryField
{
    movingWall
    {
        type            zeroGradient;
    }
    fixedWalls
    {
        type            zeroGradient;
    }
    frontAndBack
    {
        type            empty;
    }
}


// ************************************************************************* //
