/*--------------------------------*- C++ -*----------------------------------*\
| =========                 |                                                 |
| \\      /  F ield         | OpenFOAM: The Open Source CFD Toolbox           |
|  \\    /   O peration     | Version:  2212                                  |
|   \\  /    A nd           | Website:  www.openfoam.com                      |
|    \\/     M anipulation  |                                                 |
\*---------------------------------------------------------------------------*/
FoamFile
{
    version     2.0;
    format      ascii;
    arch        "LSB;label=32;scalar=64";
    class       volScalarField;
    location    "0.0155";
    object      p;
}
// * * * * * * * * * * * * * * * * * * * * * * * * * * * * * * * * * * * * * //

dimensions      [0 2 -2 0 0 0 0];

internalField   nonuniform List<scalar> 
10000
(
-8.9639e-08
7.07485e-06
-0.000185262
-0.000524412
-0.00101545
-0.00165162
-0.00239486
-0.00320234
-0.00403518
-0.0048602
-0.0056496
-0.0063791
-0.00702889
-0.00758365
-0.00803065
-0.00836006
-0.00856408
-0.00863533
-0.00856733
-0.0083568
-0.00800204
-0.00750227
-0.00685764
-0.00606923
-0.00513853
-0.00406789
-0.00286096
-0.00152131
-5.11649e-05
0.00154711
0.00326931
0.00510997
0.00706347
0.00912443
0.0112874
0.0135474
0.0159002
0.0183411
0.0208645
0.0234641
0.0261333
0.0288663
0.0316567
0.0344981
0.0373844
0.0403096
0.0432672
0.0462498
0.0492498
0.0522603
0.055275
0.0582877
0.0612918
0.0642805
0.0672473
0.0701862
0.0730907
0.0759539
0.0787691
0.08153
0.0842307
0.0868652
0.0894274
0.0919104
0.0943084
0.0966158
0.098827
0.100936
0.102936
0.104822
0.106588
0.108229
0.10974
0.111115
0.11235
0.113442
0.114387
0.115185
0.115833
0.116329
0.116672
0.116863
0.116904
0.116798
0.116549
0.116163
0.115648
0.115013
0.114272
0.113438
0.112529
0.111567
0.110577
0.109592
0.108649
0.107792
0.107071
0.106543
0.10627
0.106257
3.51619e-05
0.000163714
5.90984e-05
-0.000204225
-0.000609146
-0.00114422
-0.00177203
-0.00245526
-0.00316022
-0.00385932
-0.00452785
-0.00514433
-0.00569166
-0.00615397
-0.00651866
-0.00677693
-0.00692033
-0.00694155
-0.00683525
-0.00659658
-0.00622242
-0.0057121
-0.00506572
-0.00428389
-0.00336735
-0.00231748
-0.00113724
0.000170042
0.00160168
0.00315489
0.00482598
0.00661082
0.00850502
0.0105034
0.0126006
0.0147914
0.0170718
0.0194375
0.0218831
0.0244024
0.0269894
0.0296384
0.0323432
0.0350976
0.0378957
0.0407317
0.0435989
0.0464902
0.0493983
0.0523168
0.0552396
0.0581602
0.061072
0.0639685
0.0668437
0.0696917
0.0725061
0.0752802
0.0780073
0.0806817
0.0832975
0.0858491
0.0883305
0.0907352
0.0930576
0.0952927
0.0974348
0.0994776
0.101416
0.103244
0.104957
0.106551
0.108019
0.109359
0.110564
0.111633
0.112564
0.113356
0.114005
0.114511
0.114874
0.115095
0.115176
0.115122
0.114937
0.114626
0.114198
0.113662
0.113031
0.112319
0.111543
0.110723
0.109883
0.109051
0.108259
0.107544
0.106943
0.106497
0.106257
0.106244
0.000398157
0.000546698
0.000465611
0.000229517
-0.000136148
-0.00061467
-0.00117263
-0.00177571
-0.00239617
-0.00300912
-0.00359228
-0.00412818
-0.00460027
-0.00499399
-0.0052981
-0.00550245
-0.00559903
-0.00558153
-0.00544436
-0.00518254
-0.00479284
-0.00427356
-0.00362489
-0.00284765
-0.00194218
-0.000909272
0.000249136
0.00153053
0.00293202
0.00445015
0.0060812
0.00782175
0.00966822
0.0116159
0.0136595
0.0157946
0.018017
0.0203222
0.0227049
0.0251592
0.0276795
0.0302603
0.0328953
0.0355789
0.0383055
0.0410692
0.043863
0.04668
0.0495135
0.0523577
0.0552061
0.0580524
0.0608898
0.0637121
0.0665136
0.0692886
0.0720303
0.0747323
0.0773887
0.0799938
0.0825418
0.0850273
0.0874441
0.0897863
0.0920488
0.0942265
0.0963137
0.098304
0.100192
0.101975
0.103646
0.105202
0.106638
0.107948
0.109131
0.110183
0.111103
0.111889
0.112539
0.113053
0.113432
0.113676
0.11379
0.113777
0.113641
0.113389
0.113027
0.112566
0.112017
0.111394
0.110714
0.109994
0.109257
0.108527
0.107832
0.107201
0.106666
0.106257
0.106016
0.105971
0.00112214
0.00118027
0.0010523
0.000789954
0.000419099
-4.2816e-05
-0.000566287
-0.00112469
-0.00169305
-0.00224913
-0.00277516
-0.00325383
-0.00367054
-0.00401386
-0.00427207
-0.00443558
-0.00449671
-0.00444864
-0.00428619
-0.00400527
-0.00360252
-0.00307594
-0.00242522
-0.00165083
-0.000753574
0.000265462
0.00140527
0.0026645
0.00404051
0.00552971
0.00712848
0.00883334
0.0106404
0.0125455
0.0145441
0.0166324
0.0188064
0.021061
0.023391
0.025791
0.0282553
0.0307783
0.0333544
0.0359781
0.0386444
0.0413471
0.044079
0.0468334
0.0496043
0.0523862
0.0551723
0.0579562
0.0607314
0.063492
0.0662324
0.0689464
0.0716276
0.0742696
0.0768672
0.079415
0.0819073
0.0843382
0.0867019
0.0889931
0.0912066
0.0933373
0.0953791
0.0973262
0.099174
0.100919
0.102556
0.104081
0.105489
0.106777
0.107941
0.108979
0.109889
0.110671
0.111322
0.111842
0.112233
0.112497
0.112637
0.112657
0.112561
0.112353
0.112043
0.111638
0.111151
0.110594
0.109982
0.109332
0.108663
0.107997
0.107358
0.10677
0.106258
0.105849
0.105572
0.105447
0.0020747
0.00197973
0.00176142
0.00144544
0.00104641
0.000580281
6.97742e-05
-0.000462792
-0.0009961
-0.00151279
-0.00199618
-0.0024309
-0.00280491
-0.00310709
-0.00332722
-0.0034569
-0.00348835
-0.00341464
-0.00323058
-0.00293293
-0.00251867
-0.00198608
-0.00133418
-0.00056266
0.000327446
0.00133484
0.00245875
0.00369798
0.00505026
0.00651261
0.00808196
0.00975472
0.0115264
0.0133929
0.0153509
0.0173967
0.0195262
0.0217345
0.0240162
0.0263663
0.0287792
0.0312491
0.0337711
0.0363402
0.038951
0.0415971
0.0442719
0.0469691
0.0496831
0.052408
0.0551371
0.0578638
0.0605822
0.0632868
0.0659716
0.0686302
0.0712561
0.0738439
0.0763887
0.0788849
0.0813265
0.0837081
0.0860245
0.08827
0.0904394
0.0925277
0.0945288
0.096437
0.0982483
0.0999593
0.101566
0.103063
0.104447
0.105713
0.106861
0.107886
0.108788
0.109565
0.110216
0.110741
0.111143
0.111425
0.111589
0.111637
0.111574
0.111404
0.111136
0.110778
0.110341
0.109836
0.109277
0.10868
0.108061
0.107438
0.106832
0.106261
0.105749
0.105314
0.104973
0.10473
0.0031491
0.00287527
0.00254592
0.00216103
0.00171937
0.00123202
0.000718199
0.000196063
-0.000318285
-0.000809127
-0.00126245
-0.00166586
-0.00200799
-0.00227854
-0.00246869
-0.00257064
-0.0025774
-0.00248254
-0.0022808
-0.001969
-0.00154488
-0.00100698
-0.000354242
0.000413816
0.00129673
0.00229387
0.00340435
0.00462635
0.00595775
0.00739629
0.00893909
0.0105825
0.0123223
0.0141546
0.0160765
0.0180844
0.0201738
0.0223402
0.0245785
0.0268833
0.0292493
0.0316714
0.0341446
0.0366643
0.0392248
0.0418196
0.0444425
0.047088
0.0497508
0.0524242
0.0551014
0.0577766
0.0604441
0.0630982
0.0657326
0.0683413
0.070918
0.0734575
0.075955
0.078405
0.0808015
0.0831391
0.085413
0.087618
0.0897486
0.0917991
0.0937638
0.0956377
0.0974169
0.0990985
0.100678
0.10215
0.103512
0.10476
0.105892
0.106906
0.1078
0.108573
0.109224
0.109754
0.110166
0.110462
0.110645
0.110717
0.110681
0.110542
0.110308
0.109988
0.109591
0.109125
0.108606
0.108045
0.107457
0.106859
0.106266
0.105693
0.10516
0.104682
0.104256
0.103875
0.0042866
0.00382905
0.00337852
0.00291556
0.00241856
0.00189695
0.00136665
0.000840133
0.000331197
-0.000146604
-0.000582204
-0.00096516
-0.00128514
-0.00153328
-0.00170141
-0.00178208
-0.00176919
-0.00165719
-0.00144152
-0.00111871
-0.000686758
-0.000144329
0.000509205
0.00127401
0.00215034
0.00313813
0.00423645
0.00544343
0.00675711
0.00817541
0.00969508
0.0113123
0.0130239
0.0148264
0.0167168
0.0186912
0.0207454
0.0228747
0.0250745
0.0273392
0.0296635
0.0320429
0.0344734
0.0369493
0.0394647
0.0420138
0.044591
0.0471908
0.0498077
0.0524352
0.0550664
0.0576959
0.0603183
0.0629278
0.0655177
0.0680822
0.0706154
0.0731126
0.0755689
0.0779783
0.0803348
0.0826336
0.0848706
0.0870402
0.0891366
0.091154
0.0930873
0.0949316
0.0966835
0.0983395
0.0998953
0.101346
0.102688
0.10392
0.105039
0.106042
0.106929
0.107699
0.10835
0.108885
0.109306
0.109614
0.109812
0.109901
0.109886
0.109771
0.109564
0.109273
0.108904
0.108467
0.107973
0.107434
0.106862
0.106272
0.105675
0.105084
0.104514
0.103978
0.103456
0.102925
0.00544691
0.00481023
0.00423659
0.00368796
0.0031269
0.00256122
0.00200261
0.00146082
0.000946609
0.000470293
4.16012e-05
-0.000330227
-0.000636716
-0.000870209
-0.00102313
-0.00108849
-0.00106086
-0.000935597
-0.000708921
-0.000377878
5.96765e-05
0.000605149
0.00125885
0.00202089
0.00289188
0.00387162
0.00495901
0.00615283
0.00745144
0.00885232
0.010352
0.0119468
0.013634
0.0154109
0.0172738
0.019219
0.0212425
0.0233398
0.0255056
0.0277349
0.0300231
0.0323657
0.0347584
0.0371959
0.0396719
0.042181
0.0447182
0.0472783
0.0498549
0.0524416
0.0550323
0.0576219
0.0602051
0.0627753
0.0653262
0.0678522
0.0703481
0.0728088
0.075229
0.0776028
0.0799246
0.0821901
0.084395
0.0865339
0.0886005
0.0905896
0.0924961
0.0943155
0.0960443
0.0976786
0.099214
0.100646
0.101971
0.103189
0.104297
0.105292
0.106173
0.10694
0.107593
0.108131
0.108558
0.108875
0.109084
0.109187
0.109187
0.109091
0.108905
0.108633
0.108284
0.107863
0.107383
0.106853
0.106285
0.105689
0.105075
0.104453
0.103835
0.103231
0.102606
0.101923
0.00659913
0.00579259
0.00509646
0.00445947
0.00382929
0.00321075
0.00261502
0.00204923
0.00152024
0.00103618
0.000605765
0.000236649
-6.40698e-05
-0.00028937
-0.000432713
-0.000488042
-0.000450275
-0.000315615
-8.07362e-05
0.000256559
0.000698053
0.00124495
0.00189789
0.0026574
0.00352382
0.00449668
0.00557496
0.00675785
0.00804371
0.00942944
0.0109118
0.0124878
0.0141546
0.0159094
0.0177491
0.0196695
0.0216665
0.023736
0.0258726
0.0280714
0.0303285
0.0326399
0.0350005
0.0374044
0.0398462
0.0423213
0.0448246
0.04735
0.0498916
0.0524432
0.0549992
0.0575545
0.0601036
0.06264
0.0651576
0.0676511
0.0701153
0.0725448
0.0749341
0.0772775
0.0795698
0.081807
0.0839848
0.0860975
0.0881389
0.090104
0.0919883
0.0937873
0.0954968
0.097113
0.0986312
0.100047
0.101359
0.102565
0.103664
0.104652
0.105529
0.106295
0.106948
0.10749
0.107922
0.108245
0.108462
0.108574
0.108586
0.108503
0.10833
0.108071
0.107732
0.10732
0.106843
0.106312
0.105737
0.105124
0.104483
0.103819
0.103144
0.102466
0.101735
0.100902
0.00771892
0.00675229
0.0059374
0.00521241
0.00450926
0.0038331
0.00319376
0.00259582
0.00204415
0.0015452
0.00110575
0.000732091
0.000430778
0.00020803
6.93247e-05
1.96874e-05
6.35012e-05
0.000204041
0.00044411
0.000785587
0.00122957
0.00177691
0.00242872
0.00318575
0.00404783
0.00501474
0.00608592
0.00726004
0.00853512
0.00990817
0.011376
0.0129363
0.0145865
0.0163231
0.0181429
0.0200426
0.0220177
0.0240634
0.026175
0.0283486
0.0305802
0.0328651
0.0351982
0.0375741
0.0399875
0.0424342
0.0449087
0.0474049
0.0499169
0.052439
0.054966
0.0574927
0.0600133
0.0625214
0.0650113
0.0674781
0.0699162
0.0723198
0.0746834
0.0770016
0.0792696
0.0814837
0.0836392
0.0857302
0.0877508
0.0896964
0.0915628
0.0933452
0.0950392
0.0966406
0.098145
0.099549
0.10085
0.102048
0.103139
0.104123
0.104997
0.105761
0.106415
0.106959
0.107394
0.107721
0.107944
0.108063
0.108083
0.108008
0.107842
0.107588
0.107252
0.106839
0.106358
0.105818
0.105225
0.104588
0.10391
0.103197
0.10246
0.101705
0.100867
0.09989
0.00878707
0.00767081
0.0067423
0.00592891
0.00515213
0.00441574
0.00372783
0.00309172
0.00251132
0.00199123
0.00153654
0.00115282
0.000845697
0.00062045
0.000481914
0.000434222
0.000480627
0.000624109
0.000866734
0.00121
0.00165482
0.00220204
0.00285265
0.00360721
0.00446552
0.00542756
0.00649316
0.00766042
0.00892652
0.0102891
0.0117458
0.0132936
0.0149299
0.0166518
0.018456
0.0203386
0.0222954
0.0243217
0.0264133
0.0285665
0.0307772
0.0330405
0.035351
0.0377039
0.0400945
0.0425182
0.0449693
0.0474416
0.0499295
0.0524281
0.0549318
0.0574353
0.0599328
0.0624182
0.0648862
0.0673319
0.0697492
0.0721321
0.0744753
0.0767737
0.0790229
0.0812189
0.0833567
0.0854305
0.0874348
0.0893654
0.0912178
0.0929872
0.0946689
0.0962589
0.0977532
0.0991484
0.100442
0.101634
0.10272
0.1037
0.104572
0.105335
0.105989
0.106535
0.106972
0.107303
0.107528
0.107651
0.107675
0.107603
0.107438
0.107184
0.106844
0.106424
0.105932
0.105375
0.10476
0.104089
0.103369
0.102602
0.101799
0.100965
0.100024
0.0989077
0.00978887
0.00853327
0.00749537
0.00659574
0.00574526
0.00494629
0.00420663
0.00352853
0.00291456
0.00236802
0.00189335
0.00149525
0.00117805
0.000946227
0.000803913
0.000754512
0.000800617
0.000944402
0.00118731
0.00153035
0.00197457
0.0025211
0.0031703
0.00392233
0.00477783
0.00573667
0.00679776
0.0079593
0.00921874
0.0105735
0.0120214
0.0135597
0.0151857
0.0168963
0.0186883
0.0205577
0.0224999
0.024511
0.0265872
0.0287248
0.0309193
0.0331653
0.0354582
0.0377935
0.0401667
0.0425726
0.0450053
0.047459
0.0499287
0.0524094
0.0548954
0.0573811
0.059861
0.0623295
0.0647813
0.0672112
0.0696128
0.0719801
0.0743082
0.0765925
0.0788282
0.081011
0.0831359
0.085197
0.0871893
0.0891088
0.0909511
0.092711
0.0943838
0.095966
0.0974536
0.0988435
0.100133
0.101321
0.102405
0.103382
0.104252
0.105015
0.10567
0.106216
0.106655
0.106987
0.107214
0.107339
0.107363
0.107289
0.107121
0.106861
0.106512
0.10608
0.105572
0.104993
0.104347
0.103638
0.102871
0.102047
0.101176
0.100263
0.0992211
0.097973
0.0107119
0.00932554
0.00818424
0.00720119
0.00627658
0.005414
0.00462085
0.00389795
0.00324676
0.00267013
0.00217169
0.00175534
0.00142462
0.00118299
0.00103363
0.000979322
0.00102245
0.00116401
0.00140502
0.0017465
0.0021893
0.00273422
0.00338172
0.00413191
0.00498542
0.00594217
0.00700026
0.00815748
0.00941204
0.0107617
0.0122037
0.0137352
0.0153539
0.0170568
0.0188402
0.0206997
0.0226314
0.0246318
0.0266973
0.0288237
0.0310061
0.0332396
0.0355199
0.0378429
0.0402036
0.0425965
0.0450161
0.0474569
0.0499141
0.0523826
0.0548562
0.0573295
0.0597974
0.0622545
0.0646955
0.0671148
0.0695059
0.0718629
0.0741815
0.076457
0.0786844
0.080859
0.0829756
0.0850286
0.0870133
0.0889258
0.0907616
0.0925154
0.0941829
0.0957607
0.0972455
0.0986335
0.099922
0.101108
0.102191
0.103167
0.104036
0.104799
0.105455
0.106002
0.106442
0.106774
0.107001
0.107125
0.107146
0.107067
0.106891
0.106621
0.10626
0.105812
0.105283
0.104676
0.103996
0.103246
0.102428
0.101545
0.100605
0.0996146
0.0984745
0.0971012
0.0115457
0.0100372
0.00879794
0.00773332
0.00673603
0.00580971
0.00496164
0.0041919
0.00350142
0.0028923
0.00236719
0.00192945
0.00158213
0.00132775
0.00116872
0.00110701
0.00114438
0.00128154
0.00151893
0.00185764
0.00229845
0.00284132
0.00348686
0.00423608
0.00508887
0.00604413
0.00710022
0.00825524
0.00950725
0.0108539
0.0122926
0.0138206
0.0154354
0.0171338
0.0189117
0.0207651
0.0226905
0.0246848
0.026744
0.0288633
0.031038
0.0332637
0.0355365
0.0378522
0.0402052
0.0425902
0.045002
0.0474355
0.0498859
0.0523474
0.0548141
0.0572805
0.059742
0.0621933
0.0646289
0.0670426
0.0694283
0.0717806
0.0740951
0.0763672
0.0785914
0.0807625
0.0828755
0.0849252
0.0869069
0.0888166
0.0906495
0.0924009
0.0940666
0.095644
0.0971293
0.0985185
0.099808
0.100995
0.102077
0.103054
0.103924
0.104689
0.105345
0.105894
0.106333
0.106665
0.10689
0.10701
0.107025
0.106938
0.106753
0.10647
0.106093
0.105625
0.105071
0.104433
0.103716
0.10292
0.10205
0.101107
0.100099
0.0990307
0.0977963
0.0963045
0.0122831
0.0106596
0.00932612
0.00818317
0.00711493
0.00612506
0.00522134
0.00440357
0.00367227
0.00302885
0.00247515
0.00201374
0.00164715
0.00137738
0.00120631
0.00113514
0.00116432
0.00129506
0.00152789
0.00186291
0.0023006
0.00284145
0.00348602
0.00423483
0.00508739
0.00604227
0.00709792
0.00825264
0.0095043
0.0108504
0.0122885
0.0138161
0.0154302
0.0171271
0.018903
0.0207544
0.0226781
0.0246706
0.0267274
0.0288438
0.0310154
0.0332383
0.0355087
0.0378217
0.0401719
0.0425541
0.0449636
0.0473955
0.0498444
0.0523043
0.0547693
0.0572345
0.0596953
0.0621464
0.0645816
0.066995
0.0693806
0.0717336
0.0740496
0.0763235
0.0785491
0.0807215
0.0828359
0.0848871
0.0868705
0.0887815
0.0906156
0.0923683
0.0940362
0.0956167
0.0971057
0.0984985
0.099791
0.100981
0.102066
0.103045
0.103917
0.104684
0.105342
0.10589
0.106329
0.106659
0.10688
0.106994
0.107002
0.106905
0.106707
0.106409
0.106013
0.105522
0.104939
0.104268
0.10351
0.102669
0.101745
0.100741
0.0996641
0.0985206
0.0971955
0.0955914
0.0129179
0.0111846
0.00976141
0.00854276
0.00740503
0.00635264
0.0053935
0.00452715
0.00375371
0.00307445
0.00249054
0.00200357
0.00161569
0.00132857
0.00114309
0.00106006
0.0010798
0.00120288
0.00142981
0.00176042
0.00219482
0.00273391
0.00337826
0.00412739
0.00498034
0.00593605
0.00699309
0.0081495
0.00940296
0.0107512
0.0121917
0.0137218
0.0153381
0.0170368
0.0188145
0.0206681
0.0225943
0.024589
0.0266476
0.0287654
0.0309389
0.033164
0.0354367
0.0377518
0.040104
0.0424889
0.0449018
0.0473374
0.0497899
0.0522535
0.0547223
0.057192
0.0596578
0.0621138
0.0645538
0.0669721
0.0693631
0.0717223
0.0740449
0.0763252
0.0785571
0.0807356
0.0828564
0.0849141
0.0869037
0.0888204
0.0906598
0.0924179
0.0940918
0.0956787
0.0971741
0.0985727
0.0998704
0.101065
0.102155
0.103138
0.104015
0.104784
0.105443
0.105992
0.106429
0.106755
0.106972
0.107079
0.107078
0.106969
0.106756
0.10644
0.106022
0.105506
0.104893
0.104186
0.103386
0.102497
0.101518
0.100453
0.0993091
0.0980919
0.0966795
0.0949688
0.013444
0.0116065
0.0100975
0.00880518
0.0075996
0.00648575
0.00547175
0.00455682
0.00374052
0.00302395
0.00240826
0.00189433
0.00148344
0.00117693
0.00097524
0.000878534
0.000887586
0.0010023
0.00122239
0.00154798
0.00197957
0.00251768
0.00316216
0.0039121
0.00476663
0.00572483
0.00678506
0.00794511
0.00920278
0.0105559
0.0120018
0.0135373
0.0151588
0.0168627
0.0186463
0.0205064
0.022439
0.0244399
0.0265043
0.0286285
0.0308088
0.0330411
0.0353207
0.0376427
0.0400022
0.0423952
0.0448168
0.0472612
0.0497225
0.0521949
0.0546733
0.0571532
0.0596292
0.0620953
0.0645452
0.0669738
0.0693758
0.0717463
0.0740801
0.0763713
0.0786141
0.0808038
0.0829359
0.085005
0.0870055
0.0889323
0.0907814
0.092549
0.0942327
0.095829
0.0973333
0.0987401
0.100046
0.101248
0.102345
0.103335
0.104217
0.104989
0.105649
0.106197
0.106632
0.106955
0.107167
0.107266
0.107254
0.107133
0.106903
0.106567
0.106125
0.105581
0.104936
0.104192
0.103349
0.102411
0.101378
0.100252
0.0990415
0.0977522
0.0962556
0.094443
0.0138567
0.0119203
0.0103287
0.00896504
0.00769319
0.00651875
0.0054502
0.00448657
0.00362708
0.00287225
0.00222325
0.00168097
0.00124568
0.000917905
0.000698409
0.0005873
0.000584545
0.000689796
0.000902754
0.0012237
0.00165306
0.00219063
0.00283561
0.00358726
0.00444493
0.00540738
0.00647261
0.00763848
0.00890306
0.010264
0.0117181
0.0132617
0.0148915
0.0166047
0.0183983
0.0202688
0.0222117
0.0242226
0.0262977
0.0284332
0.0306252
0.0328693
0.0351605
0.0374945
0.0398669
0.0422734
0.0447087
0.0471668
0.049642
0.0521288
0.0546224
0.0571177
0.0596091
0.0620902
0.0645554
0.0669998
0.0694179
0.0718045
0.074154
0.0764607
0.078719
0.0809248
0.0830733
0.0851585
0.0871743
0.0891159
0.0909791
0.0927607
0.0944577
0.0960666
0.0975825
0.0990003
0.100316
0.101529
0.102635
0.103634
0.104522
0.105298
0.10596
0.106508
0.106942
0.107262
0.107467
0.107559
0.107535
0.107398
0.107151
0.106793
0.106326
0.105753
0.105075
0.104292
0.103406
0.102418
0.101331
0.100145
0.0988687
0.0975087
0.0959306
0.0940203
0.0141531
0.0121211
0.0104499
0.0090173
0.00768063
0.0064463
0.00532339
0.0043108
0.00340761
0.00261398
0.00193063
0.00135824
0.000897042
0.000547101
0.000308792
0.000182328
0.000166925
0.000262238
0.000468318
0.000785248
0.00121276
0.00175003
0.00239631
0.00315111
0.00401353
0.00498188
0.00605415
0.00722846
0.00850277
0.00987417
0.011339
0.0128937
0.0145356
0.0162621
0.0180697
0.0199542
0.0219111
0.0239368
0.0260273
0.0281791
0.0303876
0.032648
0.034956
0.0373074
0.0396981
0.0421232
0.0445771
0.0470539
0.0495483
0.0520553
0.0545694
0.0570853
0.0595969
0.0620983
0.0645843
0.0670497
0.069489
0.0718962
0.074266
0.0765928
0.0788717
0.0810984
0.0832679
0.0853737
0.0874094
0.0893703
0.0912524
0.0930522
0.0947664
0.0963913
0.097922
0.0993539
0.100684
0.101909
0.103028
0.104036
0.104932
0.105713
0.106378
0.106927
0.10736
0.107677
0.107877
0.107959
0.107923
0.10777
0.107503
0.107123
0.106631
0.106028
0.105314
0.104492
0.103561
0.102525
0.101383
0.100138
0.0987962
0.0973671
0.0957098
0.0937052
0.0143301
0.0122054
0.010457
0.00895696
0.00755668
0.00626318
0.00508593
0.00402405
0.0030766
0.00224348
0.00152488
0.00092117
0.000432803
5.99536e-05
-0.000197705
-0.000340507
-0.000368971
-0.000283251
-8.34994e-05
0.0002297
0.000655492
0.00119312
0.00184207
0.00260155
0.00347019
0.00444629
0.00552809
0.00671362
0.00800024
0.00938449
0.0108628
0.0124322
0.0140903
0.0158339
0.0176589
0.0195611
0.0215365
0.0235815
0.0256926
0.0278652
0.0300948
0.0323766
0.0347066
0.0370811
0.0394953
0.041944
0.0444216
0.0469225
0.0494418
0.0519743
0.0545142
0.0570556
0.0595926
0.0621197
0.0646318
0.0671236
0.0695888
0.0720214
0.0744161
0.076768
0.0790724
0.081325
0.0835199
0.0856506
0.0877108
0.0896957
0.0916012
0.0934235
0.095159
0.0968035
0.0983526
0.0998021
0.101149
0.10239
0.103522
0.104542
0.105446
0.106234
0.106904
0.107456
0.107889
0.108204
0.108397
0.108469
0.10842
0.108251
0.107965
0.107562
0.107043
0.106408
0.105658
0.104795
0.10382
0.102735
0.101539
0.100234
0.0988284
0.0973313
0.0955966
0.0935007
0.0143847
0.0121702
0.010346
0.00877955
0.00731627
0.00596408
0.00473255
0.0036209
0.00262856
0.00175511
0.00100035
0.000364697
-0.000151338
-0.000547906
-0.000825583
-0.000985022
-0.00102624
-0.00094956
-0.00075588
-0.000446316
-2.16933e-05
0.000517505
0.00117054
0.00193607
0.00281261
0.00379878
0.00489279
0.00609204
0.0073932
0.00879289
0.0102881
0.0118761
0.013554
0.0153181
0.0171642
0.0190881
0.0210866
0.023156
0.0252921
0.0274902
0.0297455
0.032054
0.0344119
0.0368149
0.0392577
0.041735
0.0442415
0.0467723
0.0493223
0.0518858
0.0544564
0.0570283
0.0595961
0.0621545
0.0646982
0.0672213
0.0697173
0.0721801
0.074605
0.0769872
0.0793222
0.081605
0.0838297
0.0859896
0.0880787
0.0900922
0.0920258
0.0938751
0.0956358
0.097304
0.0988753
0.100346
0.101713
0.102972
0.10412
0.105153
0.106068
0.106864
0.107541
0.108097
0.108532
0.108844
0.109031
0.109094
0.109031
0.108847
0.108541
0.108115
0.107568
0.1069
0.106113
0.105209
0.104189
0.103054
0.101804
0.100439
0.0989697
0.0974054
0.0955947
0.0934096
0.0143146
0.0120114
0.0101127
0.00848059
0.00695432
0.00554334
0.00425783
0.00309622
0.00205805
0.00114336
0.000352026
-0.000315806
-0.000859984
-0.00128085
-0.00157886
-0.00175441
-0.00180783
-0.00174004
-0.00155238
-0.00124594
-0.000821335
-0.000279223
0.000379124
0.00115223
0.00203889
0.00303771
0.00414629
0.00536132
0.00667942
0.0080977
0.00961348
0.0112238
0.0129249
0.0147129
0.0165837
0.018534
0.0205603
0.0226586
0.0248241
0.0270522
0.0293387
0.0316795
0.0340705
0.0365071
0.0389835
0.0414948
0.0440362
0.0466027
0.049189
0.0517885
0.054395
0.0570028
0.059607
0.0622022
0.0647828
0.0673423
0.0698741
0.0723726
0.0748331
0.077251
0.0796214
0.0819388
0.0841975
0.0863909
0.0885136
0.0905606
0.0925268
0.0944072
0.0961975
0.0978934
0.0994909
0.100986
0.102376
0.103656
0.104822
0.105871
0.106799
0.107607
0.108293
0.108855
0.109292
0.109601
0.109783
0.109836
0.109762
0.109563
0.109238
0.108787
0.108211
0.107509
0.106685
0.105739
0.104673
0.103488
0.102183
0.100758
0.0992253
0.0975942
0.0957082
0.0934349
0.014117
0.0117258
0.00975271
0.00805522
0.00646618
0.00499603
0.00365618
0.00244436
0.00135988
0.000403529
-0.000424629
-0.00112497
-0.00169775
-0.00214292
-0.0024608
-0.00265188
-0.0027173
-0.00265838
-0.00247627
-0.00217187
-0.00174598
-0.00119978
-0.0005347
0.000248078
0.00114738
0.00216115
0.00328621
0.00451918
0.00585718
0.00729769
0.00883768
0.0104734
0.0122009
0.0140164
0.0159165
0.0178977
0.0199562
0.0220876
0.024287
0.0265501
0.0288731
0.0312516
0.033681
0.036156
0.0386713
0.0412223
0.0438045
0.0464126
0.0490403
0.0516811
0.0543287
0.0569781
0.0596244
0.0622618
0.0648845
0.0674856
0.0700587
0.0725985
0.0751005
0.0775595
0.07997
0.0823265
0.0846235
0.0868553
0.0890163
0.0911013
0.0931045
0.0950205
0.0968444
0.0985723
0.1002
0.101724
0.103139
0.104443
0.10563
0.106697
0.107643
0.108464
0.109161
0.10973
0.11017
0.110478
0.110655
0.110701
0.110617
0.110403
0.110058
0.109583
0.108977
0.108242
0.107379
0.106391
0.105279
0.104042
0.102681
0.101196
0.0995987
0.0979007
0.0959399
0.0935786
0.0137886
0.0113096
0.00926197
0.00749912
0.00584753
0.00431762
0.00292232
0.00165995
0.000529321
-0.000468823
-0.00133433
-0.00206758
-0.00266873
-0.00313767
-0.00347488
-0.00368143
-0.0037588
-0.00370819
-0.00353056
-0.00322697
-0.00279866
-0.002247
-0.00157313
-0.000778212
0.000135948
0.00116648
0.00231005
0.0035638
0.00492524
0.0063915
0.00795884
0.00962309
0.0113805
0.0132278
0.0151615
0.017178
0.0192728
0.0214414
0.0236794
0.0259829
0.0283477
0.0307689
0.0332413
0.0357598
0.0383197
0.0409164
0.0435452
0.0462001
0.0488744
0.0515617
0.0542563
0.0569531
0.059647
0.0623321
0.065002
0.0676502
0.0702705
0.0728578
0.0754069
0.0779122
0.0803677
0.0827682
0.0851086
0.0873836
0.0895878
0.0917153
0.0937598
0.0957154
0.0975774
0.0993415
0.101003
0.102559
0.104004
0.105334
0.106546
0.107635
0.1086
0.109438
0.110147
0.110724
0.111168
0.111478
0.111652
0.111692
0.111598
0.111369
0.111005
0.110505
0.109869
0.1091
0.108199
0.107168
0.106007
0.104718
0.1033
0.101753
0.100092
0.0983266
0.0962905
0.093841
0.0133269
0.0107599
0.00863703
0.00680805
0.00509346
0.00350337
0.00205192
0.000738553
-0.000438323
-0.00147858
-0.00238181
-0.00314788
-0.00377681
-0.00426911
-0.00462561
-0.00484767
-0.00493647
-0.00489308
-0.00471874
-0.00441485
-0.00398277
-0.00342361
-0.00273852
-0.0019293
-0.000998559
5.06629e-05
0.00121551
0.0024935
0.00388185
0.00537696
0.00697461
0.00867082
0.0104623
0.0123458
0.0143176
0.0163733
0.0185084
0.0207189
0.0230007
0.0253497
0.0277611
0.0302296
0.03275
0.0353176
0.0379277
0.0405759
0.0432566
0.0459634
0.0486897
0.0514292
0.0541766
0.0569266
0.0596738
0.0624117
0.0651344
0.0678356
0.0705094
0.0731501
0.075752
0.0783088
0.0808145
0.0832644
0.0856537
0.0879774
0.0902296
0.0924041
0.0944941
0.0964936
0.0983979
0.100203
0.101903
0.103494
0.104972
0.106332
0.107572
0.108686
0.109673
0.11053
0.111253
0.111841
0.112291
0.112603
0.112777
0.112813
0.112709
0.112466
0.112082
0.111557
0.110892
0.110089
0.109149
0.108074
0.106863
0.10552
0.104043
0.102434
0.100707
0.0988738
0.0967616
0.0942234
0.0127294
0.010074
0.00787474
0.00597791
0.0041993
0.00254892
0.00104108
-0.000324111
-0.00154797
-0.00263059
-0.00357135
-0.0043699
-0.00502656
-0.00554227
-0.0059181
-0.00615518
-0.00625446
-0.00621725
-0.00604513
-0.00573958
-0.00530174
-0.00473273
-0.00403433
-0.00320914
-0.00225996
-0.00118937
1.49396e-07
0.00130581
0.00272411
0.00425098
0.00588234
0.00761464
0.00944464
0.0113687
0.0133824
0.0154813
0.0176613
0.0199188
0.0222496
0.024649
0.0271117
0.0296323
0.0322059
0.0348282
0.0374944
0.0401994
0.0429371
0.045701
0.0484848
0.0512826
0.0540887
0.0568977
0.0597034
0.0624998
0.0652811
0.0680416
0.070775
0.073475
0.0761353
0.0787491
0.081311
0.0838163
0.0862606
0.0886384
0.0909436
0.0931696
0.0953095
0.0973575
0.0993087
0.101158
0.102901
0.104532
0.106046
0.107441
0.108711
0.109854
0.110866
0.111744
0.112484
0.113085
0.113544
0.113861
0.114036
0.114068
0.113955
0.113698
0.113295
0.112746
0.112052
0.111214
0.110234
0.109113
0.107851
0.106452
0.104915
0.103242
0.101448
0.0995461
0.0973567
0.0947283
0.0119933
0.00924839
0.00697179
0.0050055
0.00316151
0.00145022
-0.00011462
-0.00153264
-0.00280423
-0.00392923
-0.00490735
-0.00573854
-0.0064234
-0.00696268
-0.00735746
-0.00760869
-0.00771756
-0.00768561
-0.00751442
-0.00720531
-0.0067595
-0.00617868
-0.00546541
-0.00462247
-0.00365227
-0.00255699
-0.00133944
-3.13739e-06
0.00144796
0.00300993
0.0046791
0.00645197
0.00832478
0.0102933
0.0123529
0.0144996
0.0167296
0.0190393
0.021424
0.0238785
0.0263973
0.0289753
0.0316079
0.0342906
0.0370182
0.039785
0.0425848
0.0454114
0.0482587
0.0511208
0.0539915
0.0568649
0.0597348
0.0625956
0.0654418
0.0682678
0.0710668
0.0738319
0.0765562
0.0792332
0.0818577
0.084425
0.0869304
0.089368
0.0917313
0.0940136
0.0962083
0.0983098
0.100313
0.102212
0.104001
0.105676
0.107231
0.108663
0.109969
0.111143
0.112183
0.113084
0.113844
0.11446
0.114931
0.115256
0.115433
0.115461
0.115341
0.11507
0.114649
0.114076
0.113352
0.112479
0.111458
0.11029
0.108977
0.10752
0.105921
0.104183
0.102321
0.100348
0.0980797
0.0953585
0.0111159
0.00827972
0.0059248
0.00388795
0.00197668
0.000202802
-0.00142007
-0.00289157
-0.00421144
-0.00537924
-0.00639521
-0.00725968
-0.00797304
-0.00853578
-0.00894886
-0.00921352
-0.00933119
-0.00930332
-0.00913133
-0.00881668
-0.00836111
-0.00776705
-0.00703722
-0.00617405
-0.00517958
-0.00405637
-0.0028079
-0.00143819
4.89788e-05
0.00165008
0.0033615
0.00517919
0.00709878
0.00911574
0.0112259
0.0134254
0.0157107
0.0180776
0.020521
0.0230354
0.0256156
0.0282567
0.0309541
0.0337027
0.0364968
0.0393305
0.0421979
0.0450932
0.0480102
0.0509424
0.0538834
0.0568268
0.059767
0.0626984
0.065616
0.0685136
0.071384
0.0742198
0.0770142
0.0797609
0.0824548
0.0850909
0.0876637
0.0901667
0.0925933
0.0949373
0.0971922
0.0993524
0.101412
0.103365
0.105206
0.106929
0.108529
0.110003
0.111347
0.112556
0.113626
0.114555
0.115338
0.115972
0.116457
0.11679
0.116971
0.116998
0.11687
0.116587
0.116148
0.115551
0.114798
0.113889
0.112826
0.11161
0.110243
0.108727
0.107065
0.10526
0.103328
0.101282
0.0989327
0.0961156
0.0100961
0.00716519
0.00473007
0.00262137
0.000640703
-0.00119795
-0.00288003
-0.00440562
-0.00577456
-0.00698636
-0.00804119
-0.00893941
-0.00968117
-0.010267
-0.010698
-0.0109754
-0.0111009
-0.0110755
-0.010901
-0.0105792
-0.0101126
-0.00950374
-0.00875494
-0.00786839
-0.00684651
-0.00569256
-0.0044105
-0.00300417
-0.00147696
0.000167656
0.00192555
0.00379202
0.00576238
0.00783234
0.00999806
0.0122558
0.0146015
0.0170305
0.0195375
0.0221171
0.0247645
0.0274747
0.0302424
0.0330622
0.0359281
0.0388342
0.0417751
0.0447452
0.0477378
0.050746
0.0537628
0.0567824
0.0597991
0.0628078
0.065803
0.068778
0.0717254
0.0746378
0.0775087
0.0803319
0.0831021
0.0858133
0.0884595
0.0910337
0.0935296
0.095941
0.098262
0.100487
0.102608
0.104621
0.106517
0.108292
0.109942
0.111461
0.112847
0.114095
0.1152
0.116159
0.116968
0.117624
0.118125
0.118469
0.118655
0.118682
0.118549
0.118254
0.117796
0.117175
0.116392
0.115447
0.114341
0.113076
0.111653
0.110077
0.108351
0.106477
0.104472
0.102352
0.0999173
0.0970009
0.0089329
0.00590225
0.00338343
0.00120088
-0.000850961
-0.00275635
-0.00449929
-0.00608031
-0.00749974
-0.00875686
-0.00985142
-0.0107836
-0.0115536
-0.0121623
-0.0126107
-0.0129001
-0.0130319
-0.0130076
-0.0128292
-0.0124993
-0.0120201
-0.011394
-0.0106232
-0.00971021
-0.00865819
-0.00747088
-0.00615209
-0.00470522
-0.00313364
-0.00144131
0.000366982
0.00228619
0.00431182
0.00643987
0.00866653
0.0109876
0.0133987
0.0158947
0.0184705
0.0211213
0.023842
0.026627
0.0294705
0.0323668
0.03531
0.0382946
0.0413153
0.0443662
0.0474403
0.0505301
0.0536289
0.0567309
0.0598307
0.062923
0.0660019
0.0690601
0.0720904
0.0750857
0.0780396
0.0809461
0.083799
0.0865916
0.0893171
0.0919686
0.09454
0.0970254
0.0994187
0.101713
0.103903
0.105979
0.107936
0.109769
0.111472
0.113043
0.114475
0.115766
0.116909
0.117902
0.11874
0.11942
0.11994
0.120297
0.120491
0.120519
0.120381
0.120074
0.119599
0.118954
0.11814
0.117158
0.116009
0.114693
0.113215
0.111577
0.109784
0.107839
0.105759
0.10356
0.101037
0.0980164
0.00762366
0.00448782
0.00188088
-0.000378258
-0.002503
-0.00447714
-0.00628334
-0.00792197
-0.00939347
-0.0106969
-0.0118317
-0.012798
-0.0135963
-0.0142276
-0.0146927
-0.0149931
-0.0151301
-0.0151058
-0.0149226
-0.0145829
-0.0140889
-0.0134427
-0.0126468
-0.0117047
-0.0106199
-0.00939609
-0.00803664
-0.00654494
-0.00492481
-0.00318088
-0.00131826
0.000658176
0.00274415
0.00493565
0.00722841
0.00961777
0.012099
0.0146674
0.0173181
0.0200461
0.022846
0.0257114
0.0286362
0.0316147
0.0346413
0.0377107
0.0408175
0.0439551
0.0471164
0.0502939
0.053481
0.0566722
0.0598618
0.063044
0.0662125
0.06936
0.0724793
0.075564
0.0786078
0.0816041
0.0845459
0.0874259
0.0902368
0.0929722
0.0956259
0.098192
0.100664
0.103035
0.105297
0.107443
0.109466
0.111362
0.113124
0.114751
0.116235
0.117572
0.118758
0.119788
0.120658
0.121366
0.121907
0.122281
0.122484
0.122515
0.122372
0.122054
0.121561
0.120893
0.120048
0.119029
0.117835
0.116468
0.114931
0.113231
0.111369
0.10935
0.107192
0.10491
0.102294
0.0991641
0.00616439
0.00291839
0.000218909
-0.00212035
-0.00432071
-0.00636619
-0.00823844
-0.00993695
-0.0114619
-0.0128124
-0.013988
-0.0149889
-0.0158156
-0.0164689
-0.0169501
-0.0172604
-0.0174019
-0.0173767
-0.0171872
-0.0168356
-0.0163239
-0.0156546
-0.0148311
-0.0138572
-0.0127365
-0.0114722
-0.0100678
-0.00852708
-0.00685452
-0.00505504
-0.00313361
-0.00109488
0.0010568
0.00331694
0.00568071
0.00814328
0.0107001
0.0133468
0.0160784
0.0188896
0.0217742
0.0247256
0.0277375
0.0308043
0.0339208
0.0370816
0.0402805
0.0435109
0.0467654
0.0500369
0.0533192
0.0566063
0.0598923
0.0631708
0.0664351
0.0696783
0.0728935
0.0760745
0.0792147
0.082307
0.0853438
0.0883173
0.0912202
0.0940462
0.0967891
0.0994425
0.101999
0.104452
0.106793
0.109014
0.11111
0.113074
0.114902
0.116589
0.11813
0.119518
0.12075
0.121821
0.122728
0.123466
0.124032
0.124424
0.124638
0.124673
0.124527
0.124199
0.123689
0.122996
0.122121
0.121063
0.119823
0.118403
0.116808
0.115042
0.11311
0.111014
0.108773
0.106404
0.103691
0.100446
0.00455066
0.0011899
-0.00160642
-0.00403019
-0.00631011
-0.00843
-0.0103707
-0.0121311
-0.013711
-0.0151096
-0.0163268
-0.0173626
-0.0182176
-0.0188927
-0.0193892
-0.0197091
-0.0198543
-0.019827
-0.0196291
-0.0192628
-0.0187305
-0.0180356
-0.0171819
-0.0161731
-0.0150125
-0.0137034
-0.0122498
-0.0106561
-0.00892714
-0.00706759
-0.00508224
-0.00297584
-0.000753251
0.00158046
0.00402022
0.00656135
0.00919963
0.0119307
0.0147493
0.0176493
0.0206242
0.0236672
0.0267724
0.0299342
0.0331472
0.0364055
0.0397027
0.043032
0.0463862
0.0497586
0.053143
0.056533
0.0599219
0.0633031
0.06667
0.0700159
0.0733341
0.0766182
0.0798613
0.0830558
0.0861937
0.0892672
0.092269
0.0951925
0.0980313
0.100778
0.103426
0.105967
0.108392
0.110696
0.11287
0.11491
0.116809
0.118563
0.120164
0.121608
0.122891
0.124007
0.124953
0.125726
0.12632
0.126733
0.12696
0.126999
0.126851
0.126514
0.125988
0.125271
0.124363
0.123265
0.121978
0.120505
0.118849
0.117016
0.11501
0.112833
0.110506
0.108047
0.10523
0.101865
0.00277805
-0.00070269
-0.00360036
-0.00611331
-0.00847715
-0.0106747
-0.0126862
-0.0145104
-0.016147
-0.0175952
-0.0188547
-0.0199259
-0.0208092
-0.0215059
-0.0220177
-0.0223466
-0.0224944
-0.0224629
-0.0222541
-0.0218706
-0.0213154
-0.0205924
-0.0197052
-0.0186575
-0.0174527
-0.0160946
-0.0145878
-0.0129372
-0.0111472
-0.00922245
-0.00716774
-0.00498841
-0.00268994
-0.000277662
0.00224349
0.00486909
0.00759497
0.0104164
0.0133276
0.016322
0.0193929
0.0225338
0.0257388
0.0290022
0.0323181
0.0356802
0.0390819
0.0425167
0.0459776
0.0494579
0.0529513
0.0564507
0.0599493
0.0634401
0.0669167
0.0703725
0.073801
0.0771952
0.0805476
0.0838506
0.0870961
0.0902764
0.093384
0.0964121
0.0993534
0.102201
0.104946
0.10758
0.110097
0.112489
0.114749
0.11687
0.118847
0.120673
0.122341
0.123846
0.125184
0.12635
0.127341
0.128152
0.128777
0.129212
0.129454
0.129501
0.129352
0.129008
0.128465
0.127724
0.126783
0.125644
0.124309
0.12278
0.121062
0.11916
0.117076
0.114815
0.112398
0.109843
0.106918
0.103426
0.000842052
-0.00276508
-0.00576912
-0.00837553
-0.0108273
-0.0131058
-0.0151909
-0.0170814
-0.0187768
-0.0202761
-0.0215789
-0.0226859
-0.023598
-0.0243166
-0.0248435
-0.0251805
-0.0253291
-0.0252911
-0.0250691
-0.0246661
-0.0240857
-0.0233314
-0.0224069
-0.021316
-0.0200628
-0.0186517
-0.0170878
-0.0153756
-0.0135194
-0.011524
-0.0093946
-0.0071373
-0.00475787
-0.00226157
0.00034694
0.00306326
0.00588283
0.00880038
0.0118097
0.0149042
0.0180773
0.0213227
0.0246341
0.0280056
0.0314306
0.0349026
0.0384154
0.0419625
0.0455372
0.0491326
0.0527417
0.0563573
0.0599723
0.06358
0.0671737
0.0707471
0.0742929
0.077804
0.0812725
0.0846907
0.0880508
0.0913451
0.0945657
0.0977052
0.100756
0.103709
0.106558
0.109294
0.111909
0.114397
0.116749
0.118959
0.121019
0.122923
0.124663
0.126235
0.127634
0.128857
0.129897
0.130749
0.131408
0.131869
0.132128
0.132185
0.132039
0.131688
0.131129
0.130363
0.129389
0.128209
0.126824
0.125239
0.123456
0.12148
0.119316
0.116967
0.114455
0.1118
0.108761
0.105133
-0.00126187
-0.00500279
-0.00811871
-0.0108227
-0.0133664
-0.0157299
-0.0178921
-0.0198516
-0.0216079
-0.0231598
-0.0245073
-0.0256511
-0.0265926
-0.0273332
-0.0278745
-0.0282179
-0.0283653
-0.028319
-0.0280818
-0.0276572
-0.0270485
-0.0262591
-0.0252931
-0.024155
-0.0228494
-0.0213814
-0.0197557
-0.0179766
-0.0160486
-0.0139771
-0.011768
-0.00942757
-0.00696163
-0.00437524
-0.00167303
0.00114022
0.00405936
0.0070787
0.010192
0.0133928
0.0166746
0.0200309
0.0234552
0.0269409
0.0304813
0.0340699
0.0377006
0.0413672
0.0450627
0.0487799
0.0525114
0.05625
0.0599887
0.0637206
0.0674392
0.0711374
0.0748078
0.0784428
0.0820345
0.0855753
0.0890575
0.0924732
0.095814
0.0990718
0.102238
0.105305
0.108265
0.111109
0.11383
0.116421
0.118873
0.121177
0.123327
0.125315
0.127135
0.12878
0.130248
0.131531
0.132625
0.133523
0.134219
0.134709
0.13499
0.13506
0.134918
0.134561
0.133987
0.133196
0.132188
0.130966
0.129531
0.127886
0.126036
0.123985
0.121736
0.119294
0.116682
0.113921
0.110761
0.106989
-0.00353833
-0.00742112
-0.0106551
-0.0134616
-0.0161018
-0.0185546
-0.0207976
-0.022829
-0.0246485
-0.0262551
-0.0276489
-0.0288308
-0.0298022
-0.0305642
-0.0311185
-0.0314669
-0.0316116
-0.0315552
-0.0313007
-0.0308514
-0.0302106
-0.0293822
-0.0283707
-0.0271814
-0.0258195
-0.0242898
-0.0225969
-0.0207452
-0.0187401
-0.0165873
-0.0142932
-0.011864
-0.00930528
-0.00662232
-0.00382009
-0.000903907
0.00212064
0.00524771
0.00847121
0.0117849
0.0151821
0.0186558
0.0221992
0.0258053
0.0294676
0.0331797
0.0369355
0.0407285
0.0445517
0.0483973
0.052258
0.0561266
0.0599963
0.0638601
0.0677111
0.0715415
0.0753437
0.0791098
0.0828322
0.0865035
0.0901158
0.0936605
0.0971288
0.100512
0.103802
0.106989
0.110067
0.113028
0.115863
0.118564
0.121122
0.123528
0.125775
0.127854
0.12976
0.131487
0.133028
0.134379
0.135531
0.136479
0.137216
0.13774
0.138047
0.138133
0.137997
0.137636
0.137047
0.136232
0.135191
0.133926
0.132439
0.130733
0.128812
0.126681
0.124343
0.121804
0.119086
0.116213
0.112924
0.108998
-0.00599286
-0.0100262
-0.0133854
-0.0163002
-0.019042
-0.0215887
-0.0239162
-0.0260229
-0.0279083
-0.0295719
-0.0310136
-0.0322344
-0.0332354
-0.0340181
-0.0345844
-0.0349365
-0.0350769
-0.0350084
-0.0347337
-0.0342561
-0.0335792
-0.0327077
-0.031647
-0.0304026
-0.0289795
-0.0273826
-0.0256167
-0.023687
-0.0215993
-0.0193599
-0.016975
-0.0144506
-0.0117926
-0.00900654
-0.00609813
-0.00307306
6.29856e-05
0.00330423
0.00664468
0.010078
0.0135971
0.0171946
0.0208633
0.0245964
0.0283874
0.0322301
0.036118
0.0400445
0.0440019
0.0479827
0.0519795
0.0559855
0.0599937
0.0639969
0.0679876
0.0719576
0.0758989
0.0798038
0.0836649
0.0874748
0.0912251
0.0949067
0.0985101
0.102026
0.105447
0.108764
0.111968
0.115054
0.11801
0.120828
0.1235
0.126015
0.128366
0.130544
0.132544
0.134359
0.135981
0.137404
0.13862
0.139623
0.140408
0.140971
0.141307
0.141413
0.141285
0.140921
0.14032
0.139481
0.138407
0.137098
0.135557
0.133788
0.131793
0.129578
0.127147
0.124504
0.121674
0.118682
0.115255
0.111166
-0.00863272
-0.0128259
-0.016318
-0.0193476
-0.0221966
-0.0248415
-0.0272577
-0.0294433
-0.0313979
-0.0331206
-0.0346115
-0.0358715
-0.0369019
-0.0377046
-0.038282
-0.0386366
-0.0387709
-0.0386872
-0.0383887
-0.0378789
-0.0371622
-0.0362439
-0.0351298
-0.0338253
-0.0323355
-0.0306656
-0.0288211
-0.0268079
-0.0246322
-0.0223001
-0.0198179
-0.0171916
-0.0144276
-0.0115322
-0.00851149
-0.00537125
-0.00211709
0.00124524
0.00470957
0.00826919
0.0119167
0.0156443
0.0194449
0.0233119
0.0272388
0.0312193
0.0352464
0.0393129
0.0434113
0.0475342
0.0516746
0.0558254
0.0599796
0.0641295
0.068267
0.072384
0.0764721
0.0805238
0.0845319
0.0884885
0.0923848
0.0962112
0.0999578
0.103615
0.107175
0.11063
0.113971
0.117188
0.120274
0.123218
0.12601
0.128642
0.131105
0.133391
0.135493
0.137402
0.139111
0.140612
0.141899
0.142964
0.143802
0.144409
0.144778
0.144906
0.144789
0.144426
0.143814
0.142954
0.141846
0.140494
0.138898
0.137062
0.13499
0.132686
0.130156
0.127402
0.124453
0.121334
0.117762
0.113497
-0.0114665
-0.0158293
-0.0194623
-0.0226133
-0.0255752
-0.0283237
-0.0308331
-0.0331014
-0.035128
-0.0369117
-0.0384528
-0.0397523
-0.0408122
-0.0416347
-0.0422223
-0.0425776
-0.0427028
-0.0426006
-0.0422745
-0.0417288
-0.0409685
-0.0399992
-0.0388266
-0.0374563
-0.0358939
-0.0341453
-0.0322168
-0.0301145
-0.0278446
-0.0254132
-0.0228267
-0.0200919
-0.0172155
-0.0142044
-0.0110649
-0.00780271
-0.00442334
-0.000932786
0.00266233
0.00635484
0.0101372
0.0140017
0.0179413
0.0219495
0.0260196
0.0301449
0.034318
0.0385314
0.0427778
0.04705
0.0513413
0.0556445
0.059952
0.0642558
0.0685475
0.0728188
0.0770617
0.0812686
0.0854318
0.0895432
0.0935936
0.097573
0.101471
0.105279
0.108988
0.11259
0.116075
0.119434
0.122657
0.125734
0.128656
0.131413
0.133997
0.136399
0.138609
0.140621
0.142424
0.144011
0.145375
0.146509
0.147406
0.148061
0.148468
0.148622
0.148521
0.148161
0.14754
0.14666
0.14552
0.144122
0.14247
0.140565
0.138412
0.136014
0.133378
0.130508
0.127433
0.124179
0.120451
0.116
-0.0145032
-0.0190461
-0.0228282
-0.0261075
-0.0291887
-0.0320465
-0.0346537
-0.0370083
-0.0391094
-0.0409559
-0.0425484
-0.0438884
-0.0449781
-0.0458198
-0.0464161
-0.0467694
-0.0468823
-0.0467581
-0.0464008
-0.0458155
-0.0450073
-0.0439819
-0.0427452
-0.0413032
-0.0396625
-0.0378297
-0.0358113
-0.0336136
-0.0312427
-0.0287049
-0.0260073
-0.0231573
-0.0201621
-0.0170288
-0.0137635
-0.010372
-0.00686019
-0.00323435
0.000498354
0.00433047
0.0082545
0.0122631
0.0163492
0.020506
0.0247266
0.0290036
0.0333296
0.037697
0.0420986
0.0465276
0.0509773
0.0554403
0.0599084
0.0643733
0.0688265
0.07326
0.0776657
0.0820359
0.0863625
0.0906369
0.0948496
0.0989904
0.103049
0.107017
0.110884
0.114642
0.118281
0.121791
0.12516
0.12838
0.13144
0.134332
0.137045
0.139571
0.141899
0.14402
0.145926
0.147607
0.149056
0.150265
0.151228
0.151936
0.152386
0.152571
0.152489
0.152135
0.151509
0.15061
0.149438
0.147997
0.146286
0.144309
0.14207
0.139575
0.136827
0.133833
0.130624
0.127226
0.123332
0.118682
-0.017752
-0.0224861
-0.0264264
-0.0298415
-0.0330487
-0.0360213
-0.0387309
-0.0411752
-0.0433536
-0.0452652
-0.0469108
-0.0482922
-0.0494117
-0.0502715
-0.0508742
-0.0512227
-0.0513201
-0.0511705
-0.0507785
-0.0501492
-0.049288
-0.0482007
-0.0468939
-0.0453745
-0.0436499
-0.0417269
-0.0396121
-0.037312
-0.0348329
-0.0321818
-0.0293664
-0.0263946
-0.0232738
-0.0200111
-0.0166125
-0.0130844
-0.00943283
-0.00566479
-0.00178763
0.00219116
0.00626424
0.0104244
0.0146646
0.0189775
0.0233556
0.0277914
0.0322774
0.0368062
0.0413708
0.0459643
0.0505798
0.0552097
0.0598456
0.0644791
0.0691016
0.0737052
0.0782819
0.0828235
0.0873216
0.0917671
0.0961504
0.100461
0.10469
0.108828
0.112863
0.116787
0.120589
0.124259
0.127785
0.131157
0.134366
0.137402
0.140255
0.142913
0.145367
0.147607
0.149623
0.151407
0.152949
0.154242
0.155276
0.156045
0.156543
0.156764
0.156706
0.156363
0.155733
0.154818
0.153616
0.15213
0.150359
0.148308
0.145979
0.14338
0.140515
0.13739
0.134038
0.130488
0.126416
0.121552
-0.0212223
-0.0261601
-0.0302683
-0.0338269
-0.0371669
-0.04026
-0.0430766
-0.0456145
-0.0478735
-0.0498528
-0.0515533
-0.0529767
-0.0541251
-0.0550012
-0.0556079
-0.0559489
-0.056028
-0.0558495
-0.0554184
-0.05474
-0.0538199
-0.0526648
-0.0512821
-0.0496796
-0.0478648
-0.0458449
-0.0436266
-0.0412167
-0.0386223
-0.035851
-0.0329111
-0.0298105
-0.0265568
-0.023157
-0.0196175
-0.0159452
-0.0121469
-0.00822968
-0.00420092
-6.79377e-05
0.00416196
0.00848145
0.0128831
0.0173594
0.0219022
0.0265041
0.0311575
0.0358555
0.0405908
0.0453564
0.0501452
0.0549493
0.0597604
0.0645702
0.0693701
0.0741521
0.0789079
0.083629
0.0883066
0.0929317
0.0974946
0.101985
0.106394
0.11071
0.114923
0.119023
0.122999
0.126839
0.130532
0.134068
0.137436
0.140627
0.143628
0.146429
0.149019
0.151387
0.153523
0.155419
0.157063
0.158446
0.15956
0.160396
0.160949
0.161213
0.161182
0.160854
0.160225
0.159296
0.158065
0.156534
0.154702
0.152573
0.150151
0.147443
0.144454
0.141192
0.137688
0.133974
0.129713
0.124619
-0.0249249
-0.0300794
-0.0343659
-0.0380761
-0.0415556
-0.0447752
-0.0477041
-0.0503403
-0.0526834
-0.0547329
-0.0564893
-0.0579544
-0.0591306
-0.0600212
-0.0606299
-0.0609608
-0.0610181
-0.0608066
-0.0603313
-0.0595979
-0.0586131
-0.0573842
-0.0559197
-0.0542276
-0.0523157
-0.0501914
-0.047862
-0.0453349
-0.0426182
-0.0397199
-0.0366482
-0.0334113
-0.0300167
-0.0264719
-0.022784
-0.0189602
-0.0150079
-0.0109342
-0.00674624
-0.00245126
0.00194325
0.00642961
0.0110001
0.0156468
0.0203617
0.0251373
0.0299661
0.034841
0.0397547
0.0447001
0.0496696
0.0546555
0.0596496
0.0646437
0.0696294
0.0745982
0.0795414
0.0844502
0.0893159
0.0941293
0.098881
0.103561
0.108159
0.112664
0.117065
0.121351
0.12551
0.129531
0.133403
0.137114
0.140653
0.144008
0.147169
0.150123
0.152859
0.155366
0.157633
0.15965
0.161405
0.162888
0.164089
0.165002
0.165617
0.165929
0.165932
0.165622
0.164998
0.164057
0.162799
0.161222
0.159328
0.157119
0.1546
0.151778
0.148659
0.14525
0.141585
0.137697
0.133232
0.127894
-0.0288715
-0.0342563
-0.0387316
-0.0426021
-0.0462288
-0.0495817
-0.0526289
-0.0553679
-0.0577985
-0.0599198
-0.0617326
-0.0632389
-0.0644419
-0.0653455
-0.0659538
-0.0662715
-0.066303
-0.0660532
-0.065528
-0.0647338
-0.0636782
-0.0623695
-0.0608164
-0.0590274
-0.0570105
-0.054774
-0.0523258
-0.0496743
-0.046828
-0.0437951
-0.0405838
-0.0372023
-0.0336588
-0.0299613
-0.0261174
-0.0221348
-0.0180208
-0.0137828
-0.00942767
-0.00496285
-0.000396129
0.00426441
0.00901082
0.0138353
0.0187299
0.0236871
0.0286992
0.0337588
0.0388586
0.0439912
0.0491491
0.0543247
0.0595099
0.0646967
0.0698765
0.0750405
0.0801797
0.085285
0.0903476
0.0953586
0.100309
0.105187
0.109984
0.114688
0.119287
0.123769
0.128123
0.132337
0.136399
0.140296
0.144017
0.14755
0.150881
0.154
0.156894
0.159551
0.161959
0.164108
0.165984
0.167577
0.168876
0.169873
0.170558
0.170924
0.170968
0.170683
0.170068
0.169118
0.167832
0.16621
0.164252
0.161962
0.159343
0.156402
0.153146
0.149581
0.145745
0.141671
0.136989
0.131389
-0.0330747
-0.0387042
-0.0433798
-0.0474201
-0.0512028
-0.0546963
-0.0578674
-0.0607136
-0.0632342
-0.0654288
-0.0672983
-0.0688457
-0.0700745
-0.0709891
-0.0715942
-0.0718945
-0.071895
-0.0716015
-0.0710205
-0.0701594
-0.0690268
-0.0676312
-0.0659819
-0.0640876
-0.0619576
-0.0596008
-0.0570263
-0.0542427
-0.0512587
-0.0480828
-0.0447233
-0.0411889
-0.0374884
-0.0336304
-0.0296229
-0.0254736
-0.0211899
-0.0167792
-0.0122488
-0.00760648
-0.0028602
0.00198175
0.00691141
0.0119211
0.0170032
0.0221499
0.0273531
0.0326052
0.0378985
0.0432258
0.0485799
0.0539533
0.0593381
0.0647259
0.0701082
0.0754758
0.0808196
0.0861305
0.0913996
0.096618
0.101776
0.106864
0.111869
0.116781
0.121588
0.126278
0.130839
0.135257
0.139521
0.143616
0.147532
0.151253
0.154768
0.158064
0.161128
0.163947
0.166509
0.1688
0.17081
0.172524
0.173931
0.17502
0.175783
0.176214
0.176304
0.176051
0.175448
0.174492
0.173181
0.171515
0.169493
0.167118
0.164395
0.161331
0.157931
0.154202
0.150183
0.145911
0.140998
0.135117
-0.0375484
-0.0434385
-0.0483271
-0.0525475
-0.0564951
-0.0601365
-0.063437
-0.0663941
-0.0690075
-0.0712768
-0.0732038
-0.0747919
-0.076045
-0.076968
-0.0775658
-0.0778438
-0.077808
-0.077465
-0.0768221
-0.0758876
-0.0746705
-0.07318
-0.0714258
-0.0694178
-0.0671662
-0.0646811
-0.0619719
-0.0590477
-0.0559171
-0.0525892
-0.0490727
-0.0453769
-0.0415112
-0.0374846
-0.0333053
-0.0289808
-0.0245187
-0.0199269
-0.0152133
-0.0103858
-0.00545267
-0.000421901
0.00469865
0.00990143
0.0151787
0.0205226
0.0259245
0.0313765
0.0368708
0.0424004
0.0479587
0.0535381
0.0591307
0.064728
0.070321
0.0759007
0.0814581
0.0869839
0.0924693
0.097905
0.103281
0.108588
0.113812
0.118943
0.123969
0.128878
0.133656
0.13829
0.142768
0.147075
0.151197
0.155121
0.158833
0.162318
0.165565
0.168559
0.171287
0.173735
0.175889
0.177736
0.179262
0.180455
0.181307
0.18181
0.181956
0.18174
0.181154
0.180196
0.178862
0.177153
0.175066
0.172606
0.169776
0.166582
0.16303
0.159128
0.154916
0.150434
0.145275
0.139093
-0.0423085
-0.0484765
-0.0535917
-0.0580027
-0.062124
-0.0659206
-0.0693559
-0.072428
-0.075137
-0.077483
-0.079468
-0.0810958
-0.0823709
-0.0832985
-0.0838844
-0.0841351
-0.0840573
-0.0836585
-0.082947
-0.0819315
-0.0806215
-0.0790271
-0.0771592
-0.0750288
-0.072647
-0.0700247
-0.0671716
-0.064097
-0.0608102
-0.0573207
-0.0536383
-0.0497726
-0.0457332
-0.0415292
-0.0371689
-0.0326602
-0.0280109
-0.0232297
-0.0183248
-0.0133046
-0.0081769
-0.00294955
0.00236984
0.0077736
0.0132538
0.0188022
0.0244101
0.0300693
0.0357723
0.0415122
0.0472826
0.0530761
0.0588846
0.0646993
0.0705114
0.0763119
0.0820918
0.0878421
0.0935538
0.0992172
0.104822
0.110357
0.115811
0.121172
0.126428
0.131567
0.136574
0.141437
0.146142
0.150672
0.155015
0.159155
0.163077
0.166767
0.17021
0.173393
0.176302
0.17892
0.181232
0.183224
0.184881
0.18619
0.187142
0.187728
0.187939
0.187766
0.187204
0.186248
0.184895
0.183144
0.180994
0.178446
0.175505
0.172176
0.168465
0.16438
0.159965
0.15526
0.149837
0.143335
-0.0473724
-0.0538366
-0.0591923
-0.0638048
-0.0681088
-0.0720679
-0.0756442
-0.0788359
-0.0816437
-0.0840678
-0.0861106
-0.0877764
-0.0890703
-0.0899984
-0.0905677
-0.0907854
-0.0906594
-0.0901978
-0.0894095
-0.0883042
-0.0868922
-0.0851848
-0.0831941
-0.0809323
-0.078411
-0.0756414
-0.072634
-0.0693987
-0.0659456
-0.0622851
-0.0584274
-0.0543826
-0.0501602
-0.0457693
-0.0412185
-0.0365162
-0.0316711
-0.026692
-0.0215878
-0.0163666
-0.0110363
-0.00560417
-7.79057e-05
0.00553466
0.0112253
0.0169854
0.0228065
0.0286804
0.0345998
0.0405581
0.0465485
0.0525639
0.058596
0.0646362
0.0706757
0.0767057
0.0827174
0.0887019
0.0946497
0.100551
0.106395
0.11217
0.117864
0.123466
0.128964
0.134344
0.139594
0.144698
0.149642
0.154411
0.158987
0.163357
0.167504
0.171413
0.175069
0.178457
0.18156
0.184363
0.186848
0.188998
0.1908
0.192239
0.193304
0.193984
0.194268
0.194148
0.193617
0.192669
0.191301
0.189511
0.187297
0.184661
0.181605
0.178136
0.174258
0.169981
0.165351
0.16041
0.154706
0.14786
-0.0527585
-0.0595377
-0.0651487
-0.069974
-0.0744703
-0.0786002
-0.082324
-0.08564
-0.0885492
-0.0910523
-0.0931521
-0.0948535
-0.0961628
-0.0970872
-0.0976344
-0.0978129
-0.0976312
-0.0970984
-0.0962244
-0.0950198
-0.0934964
-0.0916666
-0.0895437
-0.0871403
-0.0844688
-0.081541
-0.0783682
-0.0749614
-0.0713318
-0.0674904
-0.0634476
-0.0592135
-0.0547979
-0.0502101
-0.045459
-0.040554
-0.0355041
-0.0303188
-0.0250067
-0.019576
-0.0140343
-0.00838916
-0.00264808
0.00318087
0.00908921
0.0150684
0.02111
0.0272062
0.0333499
0.0395343
0.0457527
0.0519976
0.0582609
0.0645343
0.0708095
0.0770779
0.0833308
0.089559
0.0957529
0.101902
0.107995
0.114021
0.119967
0.125823
0.131574
0.13721
0.142714
0.148073
0.15327
0.15829
0.163116
0.16773
0.172118
0.176263
0.180147
0.183756
0.18707
0.190073
0.192745
0.19507
0.197032
0.198615
0.199806
0.200592
0.200961
0.200904
0.200412
0.19948
0.198101
0.196275
0.193998
0.191272
0.188099
0.184484
0.180433
0.175955
0.171096
0.165905
0.159902
0.152687
-0.0584864
-0.0656007
-0.0714823
-0.0765327
-0.081232
-0.0855412
-0.0894189
-0.0928635
-0.0958763
-0.0984587
-0.100614
-0.102349
-0.10367
-0.104585
-0.105104
-0.105236
-0.10499
-0.104377
-0.103407
-0.102093
-0.100449
-0.0984864
-0.0962205
-0.0936642
-0.0908308
-0.087733
-0.0843834
-0.0807943
-0.0769775
-0.0729444
-0.0687056
-0.0642714
-0.059652
-0.0548569
-0.049896
-0.044779
-0.0395156
-0.034115
-0.0285859
-0.0229367
-0.0171749
-0.0113084
-0.00534474
0.000707975
0.00684138
0.013047
0.0193168
0.025643
0.0320185
0.0384368
0.0448906
0.0513726
0.0578748
0.0643895
0.0709087
0.0774242
0.0839274
0.0904088
0.0968583
0.103265
0.109619
0.115906
0.122117
0.128238
0.134256
0.140159
0.145932
0.151559
0.157024
0.16231
0.1674
0.172276
0.176922
0.181319
0.185449
0.189295
0.192837
0.196057
0.198934
0.201451
0.20359
0.205333
0.206665
0.207571
0.208038
0.208055
0.207612
0.206702
0.20532
0.203461
0.201124
0.198307
0.195014
0.191248
0.187016
0.182325
0.177227
0.171769
0.165448
0.15784
-0.0645778
-0.0720486
-0.0782174
-0.0835062
-0.0884193
-0.0929162
-0.0969538
-0.100531
-0.103649
-0.106311
-0.108521
-0.110286
-0.111614
-0.112515
-0.112998
-0.113074
-0.112754
-0.112049
-0.110974
-0.109541
-0.107764
-0.105658
-0.103236
-0.100515
-0.0975069
-0.0942271
-0.0906891
-0.0869061
-0.0828905
-0.0786541
-0.0742076
-0.0695619
-0.0647276
-0.0597153
-0.0545348
-0.0491964
-0.0437099
-0.0380846
-0.0323294
-0.0264524
-0.0204619
-0.0143657
-0.00817177
-0.00188784
0.00447809
0.0109179
0.0174235
0.0239874
0.0306023
0.0372616
0.0439583
0.0506849
0.0574339
0.064198
0.0709695
0.0777408
0.0845031
0.0912467
0.0979615
0.104636
0.111261
0.117822
0.124308
0.130707
0.137006
0.14319
0.149244
0.155154
0.160902
0.16647
0.171841
0.176997
0.181917
0.186585
0.19098
0.195081
0.19887
0.202325
0.205426
0.208154
0.210487
0.212407
0.213896
0.214938
0.215517
0.215622
0.21524
0.214362
0.212984
0.211098
0.208703
0.205796
0.202379
0.198458
0.194036
0.189123
0.183771
0.178032
0.171371
0.163343
-0.0710576
-0.0789076
-0.0853812
-0.0909215
-0.0960593
-0.100752
-0.104955
-0.108668
-0.111894
-0.114635
-0.116898
-0.11869
-0.120019
-0.120897
-0.121335
-0.121346
-0.120941
-0.120135
-0.118943
-0.117378
-0.115456
-0.113193
-0.110603
-0.107703
-0.104507
-0.101033
-0.0972944
-0.0933049
-0.0890778
-0.0846252
-0.0799587
-0.0750898
-0.0700298
-0.0647897
-0.0593798
-0.05381
-0.0480904
-0.0422306
-0.0362395
-0.0301259
-0.023898
-0.0175642
-0.011132
-0.00460914
0.00199701
0.00867867
0.0154279
0.0222369
0.0290985
0.036006
0.0429527
0.0499316
0.0569355
0.0639572
0.0709896
0.0780248
0.0850546
0.0920692
0.0990584
0.106011
0.112917
0.119763
0.126538
0.133227
0.139819
0.146298
0.152649
0.158856
0.164903
0.17077
0.17644
0.181892
0.187107
0.192064
0.196742
0.20112
0.205175
0.208886
0.212232
0.21519
0.217737
0.219853
0.221518
0.222713
0.223421
0.223627
0.223319
0.222486
0.22112
0.219214
0.216764
0.213768
0.210227
0.206145
0.201526
0.196379
0.19076
0.184722
0.1777
0.169224
-0.0779529
-0.0862064
-0.0930029
-0.0988081
-0.104182
-0.109079
-0.113454
-0.117306
-0.120641
-0.123461
-0.125773
-0.127586
-0.12891
-0.129757
-0.130141
-0.130075
-0.129574
-0.128655
-0.127332
-0.125622
-0.123541
-0.121105
-0.118332
-0.115239
-0.111843
-0.108161
-0.104207
-0.0999975
-0.095545
-0.090863
-0.0859639
-0.0808598
-0.0755627
-0.070084
-0.0644338
-0.058622
-0.0526589
-0.0465544
-0.0403181
-0.0339589
-0.0274854
-0.0209056
-0.0142271
-0.00745716
-0.000602928
0.00632813
0.0133282
0.0203895
0.0275049
0.0346679
0.041872
0.0491108
0.0563775
0.063665
0.0709663
0.0782738
0.0855791
0.0928731
0.100146
0.107387
0.114584
0.121727
0.128801
0.135794
0.142692
0.14948
0.156142
0.162663
0.169024
0.175208
0.181195
0.186963
0.192492
0.197759
0.202741
0.207415
0.211759
0.215749
0.219361
0.222571
0.225354
0.227687
0.229547
0.230915
0.23177
0.232095
0.231876
0.2311
0.229757
0.227839
0.225341
0.222258
0.218591
0.214344
0.20952
0.204129
0.198228
0.191874
0.184468
0.175513
-0.0852935
-0.093976
-0.101114
-0.107199
-0.112819
-0.117929
-0.122482
-0.126478
-0.129922
-0.132819
-0.135176
-0.137004
-0.138314
-0.13912
-0.139438
-0.139285
-0.138675
-0.137628
-0.13616
-0.134289
-0.132032
-0.129409
-0.126438
-0.123137
-0.119525
-0.115619
-0.111436
-0.10699
-0.102298
-0.0973724
-0.0922276
-0.0868759
-0.0813298
-0.0756004
-0.0696983
-0.0636335
-0.0574163
-0.0510571
-0.0445661
-0.0379526
-0.0312249
-0.0243908
-0.0174577
-0.0104325
-0.00332237
0.00386536
0.0111231
0.0184435
0.0258196
0.0332452
0.0407143
0.0482207
0.0557578
0.0633189
0.0708968
0.0784843
0.0860732
0.0936551
0.10122
0.108759
0.116259
0.123708
0.131094
0.138403
0.14562
0.152731
0.15972
0.16657
0.173264
0.179783
0.186105
0.19221
0.198072
0.20367
0.208978
0.213972
0.218629
0.222921
0.226824
0.23031
0.233352
0.235925
0.238004
0.239566
0.240588
0.241052
0.240939
0.240236
0.238929
0.237009
0.234468
0.231302
0.227509
0.223093
0.218058
0.212411
0.206215
0.199526
0.191712
0.182246
-0.093112
-0.102251
-0.109751
-0.116129
-0.122008
-0.12734
-0.132076
-0.136218
-0.139771
-0.142741
-0.145138
-0.146973
-0.148261
-0.149016
-0.149257
-0.149001
-0.148268
-0.147077
-0.145446
-0.143396
-0.140947
-0.138119
-0.134933
-0.131407
-0.127562
-0.123416
-0.118986
-0.114289
-0.109342
-0.104159
-0.0987544
-0.0931418
-0.0873333
-0.0813406
-0.0751744
-0.068845
-0.0623631
-0.0557394
-0.0489844
-0.0421075
-0.0351169
-0.02802
-0.0208239
-0.0135356
-0.00616213
0.00128922
0.00881124
0.0163971
0.0240405
0.0317358
0.0394771
0.0472585
0.0550735
0.0629153
0.0707772
0.0786522
0.0865328
0.0944109
0.102277
0.110122
0.117935
0.125702
0.133411
0.141048
0.148598
0.156046
0.163377
0.170574
0.177618
0.18449
0.191169
0.197629
0.203848
0.209799
0.215457
0.220797
0.225791
0.230412
0.234631
0.238418
0.241746
0.244584
0.246907
0.248687
0.2499
0.250524
0.250538
0.249925
0.248669
0.246759
0.244184
0.240939
0.237022
0.232435
0.227182
0.221269
0.214761
0.207719
0.199471
0.18946
-0.101445
-0.111068
-0.118952
-0.12564
-0.13179
-0.137353
-0.142277
-0.146565
-0.150226
-0.153266
-0.155696
-0.15753
-0.158784
-0.159475
-0.159624
-0.159251
-0.158377
-0.157023
-0.155211
-0.152964
-0.150304
-0.147252
-0.143831
-0.140062
-0.135965
-0.13156
-0.126867
-0.121902
-0.116683
-0.111227
-0.105548
-0.09966
-0.0935752
-0.0873057
-0.0808627
-0.0742572
-0.0674999
-0.0606018
-0.0535733
-0.0464236
-0.0391609
-0.0317926
-0.0243256
-0.0167668
-0.00912301
-0.00140141
0.0063913
0.014249
0.0221663
0.0301379
0.0381583
0.0462215
0.0543211
0.0624505
0.0706033
0.0787732
0.0869533
0.0951359
0.103313
0.111473
0.119608
0.127703
0.135746
0.143723
0.151619
0.15942
0.167109
0.17467
0.182083
0.189328
0.196382
0.203221
0.209818
0.216147
0.222181
0.227893
0.233252
0.238229
0.242792
0.246909
0.25055
0.253683
0.256276
0.258302
0.259731
0.26054
0.260703
0.260201
0.259013
0.257127
0.254529
0.251213
0.247174
0.242415
0.236938
0.230748
0.223914
0.216498
0.20779
0.197198
-0.110331
-0.12047
-0.12876
-0.135774
-0.142207
-0.148009
-0.153126
-0.157562
-0.161328
-0.164432
-0.166888
-0.16871
-0.169917
-0.17053
-0.17057
-0.170061
-0.169026
-0.16749
-0.165477
-0.163012
-0.160119
-0.156823
-0.153147
-0.149113
-0.144744
-0.140061
-0.135085
-0.129834
-0.124327
-0.118581
-0.112612
-0.106432
-0.100056
-0.0934964
-0.0867639
-0.0798702
-0.0728266
-0.0656438
-0.0583319
-0.0508998
-0.0433559
-0.0357077
-0.0279621
-0.0201256
-0.0122051
-0.00420679
0.00386302
0.011999
0.0201963
0.0284504
0.0367559
0.0451071
0.0534974
0.0619208
0.0703713
0.0788432
0.0873303
0.0958255
0.104321
0.112806
0.121272
0.129705
0.138094
0.146423
0.15468
0.162848
0.170912
0.178854
0.186654
0.194292
0.201743
0.208982
0.215982
0.222715
0.229153
0.235264
0.241017
0.246379
0.251317
0.255796
0.259782
0.263239
0.266134
0.268436
0.270111
0.271132
0.27147
0.2711
0.270002
0.268156
0.265548
0.262169
0.258015
0.253084
0.247377
0.240901
0.233725
0.225915
0.216718
0.205507
-0.119816
-0.130503
-0.139222
-0.146579
-0.153308
-0.159356
-0.16467
-0.169255
-0.173122
-0.176284
-0.178755
-0.180552
-0.181698
-0.182214
-0.182126
-0.181461
-0.180244
-0.178503
-0.176266
-0.173559
-0.170411
-0.166847
-0.162892
-0.158571
-0.153908
-0.148926
-0.143648
-0.138092
-0.132278
-0.126225
-0.119947
-0.113459
-0.106777
-0.0999125
-0.0928774
-0.0856835
-0.078342
-0.0708636
-0.0632579
-0.0555339
-0.0476999
-0.0397635
-0.0317316
-0.0236108
-0.0154069
-0.00712571
0.00122749
0.00964793
0.0181313
0.0266734
0.0352692
0.0439134
0.0526
0.0613233
0.070078
0.0788589
0.0876603
0.0964755
0.105297
0.114116
0.122922
0.131703
0.140448
0.149142
0.157772
0.166323
0.174778
0.183119
0.191326
0.199377
0.207247
0.21491
0.222338
0.229503
0.236372
0.242913
0.249091
0.254871
0.260217
0.265091
0.269456
0.273272
0.276503
0.279114
0.281068
0.282332
0.282873
0.282663
0.281675
0.27989
0.277289
0.27386
0.269596
0.264495
0.258555
0.251781
0.244248
0.236025
0.22631
0.21444
-0.129947
-0.141215
-0.150388
-0.158105
-0.165143
-0.171447
-0.176961
-0.181693
-0.185657
-0.188868
-0.191341
-0.193098
-0.194163
-0.194563
-0.194325
-0.193479
-0.192056
-0.190086
-0.187599
-0.184625
-0.181195
-0.177337
-0.173078
-0.168446
-0.163467
-0.158164
-0.152561
-0.146679
-0.140538
-0.134157
-0.127553
-0.120741
-0.113736
-0.106553
-0.0992014
-0.0916944
-0.0840429
-0.0762574
-0.0683476
-0.0603222
-0.0521896
-0.0439571
-0.0356317
-0.0272194
-0.0187256
-0.0101552
-0.00151261
0.00719797
0.0159727
0.0248076
0.0336983
0.0426401
0.0516279
0.0606565
0.0697214
0.0788176
0.0879398
0.0970819
0.106237
0.115397
0.124551
0.133691
0.142803
0.151875
0.160892
0.169841
0.178703
0.187461
0.196093
0.204577
0.212889
0.221002
0.228886
0.236509
0.24384
0.250842
0.257478
0.263711
0.269501
0.274807
0.279587
0.283801
0.287407
0.290364
0.292633
0.294173
0.29495
0.294929
0.29408
0.292379
0.289804
0.286339
0.281975
0.276706
0.270531
0.263452
0.255546
0.246888
0.236625
0.224056
-0.140776
-0.152662
-0.162315
-0.17041
-0.177769
-0.184337
-0.190054
-0.194931
-0.198985
-0.202232
-0.204692
-0.20639
-0.207354
-0.207613
-0.207201
-0.206149
-0.204491
-0.202263
-0.199498
-0.196228
-0.192488
-0.188307
-0.183718
-0.178748
-0.173427
-0.167778
-0.161827
-0.155596
-0.149107
-0.142378
-0.135429
-0.128275
-0.120931
-0.113413
-0.105731
-0.097898
-0.089924
-0.0818199
-0.0735955
-0.0652595
-0.0568199
-0.0482838
-0.0396576
-0.0309469
-0.0221565
-0.0132907
-0.00435314
0.00465251
0.013723
0.0228549
0.0320446
0.0412882
0.0505814
0.0599202
0.0693002
0.078717
0.0881658
0.0976409
0.107136
0.116644
0.126156
0.135663
0.145153
0.154614
0.164032
0.173393
0.182678
0.19187
0.200947
0.209887
0.218665
0.227252
0.235619
0.243731
0.251555
0.259051
0.266182
0.272905
0.279177
0.284955
0.290193
0.294846
0.298868
0.302214
0.304836
0.306693
0.307742
0.307944
0.307266
0.305675
0.303149
0.299667
0.295214
0.289784
0.283371
0.275979
0.267687
0.258573
0.247732
0.234419
-0.152361
-0.164903
-0.175065
-0.183557
-0.191251
-0.198089
-0.20401
-0.209028
-0.213161
-0.21643
-0.218859
-0.220476
-0.221314
-0.221407
-0.22079
-0.219501
-0.217578
-0.21506
-0.211983
-0.208385
-0.204303
-0.199771
-0.194821
-0.189485
-0.183793
-0.177772
-0.171447
-0.164843
-0.157982
-0.150884
-0.14357
-0.136055
-0.128356
-0.120487
-0.11246
-0.104286
-0.0959776
-0.0875437
-0.0789945
-0.0703388
-0.061584
-0.0527368
-0.0438028
-0.0347869
-0.0256934
-0.0165263
-0.00728878
0.00201616
0.011386
0.0208184
0.0303105
0.0398596
0.0494622
0.059115
0.0688141
0.0785557
0.0883356
0.0981489
0.10799
0.117853
0.12773
0.137613
0.147491
0.157353
0.167184
0.176971
0.186695
0.196339
0.205881
0.215298
0.224566
0.233654
0.242532
0.251164
0.259514
0.26754
0.275202
0.282455
0.289252
0.295545
0.301287
0.306425
0.31091
0.314689
0.317711
0.319928
0.321291
0.321756
0.321283
0.319837
0.317386
0.313907
0.30938
0.303798
0.29715
0.289438
0.280746
0.271155
0.259703
0.2456
-0.164768
-0.178008
-0.188707
-0.197616
-0.205658
-0.212772
-0.218896
-0.224047
-0.228247
-0.231521
-0.233897
-0.235408
-0.236091
-0.235985
-0.235131
-0.23357
-0.231345
-0.2285
-0.225077
-0.221116
-0.216657
-0.211739
-0.206395
-0.200661
-0.194567
-0.188144
-0.181418
-0.174415
-0.167158
-0.15967
-0.151969
-0.144075
-0.136002
-0.127765
-0.119377
-0.11085
-0.102194
-0.0934192
-0.0845354
-0.0755509
-0.0664728
-0.0573069
-0.0480581
-0.0387307
-0.0293285
-0.019855
-0.0103132
-0.000705346
0.00896706
0.0187028
0.0285003
0.0383578
0.0482727
0.0582423
0.0682635
0.078333
0.0884475
0.0986032
0.108796
0.11902
0.12927
0.139537
0.149812
0.160084
0.170341
0.180567
0.190745
0.200858
0.210885
0.220802
0.230584
0.2402
0.249618
0.258802
0.267712
0.276306
0.28454
0.292364
0.299731
0.306588
0.312882
0.318557
0.323554
0.327818
0.331291
0.333917
0.335642
0.336415
0.336189
0.334923
0.33258
0.329129
0.324549
0.318824
0.311946
0.30391
0.294806
0.284717
0.27262
0.257679
-0.178069
-0.192052
-0.203318
-0.212663
-0.221064
-0.228459
-0.234784
-0.240059
-0.24431
-0.247568
-0.249865
-0.25124
-0.251735
-0.251394
-0.250263
-0.24839
-0.245823
-0.242611
-0.238801
-0.234437
-0.229563
-0.22422
-0.218447
-0.212279
-0.205751
-0.198893
-0.191737
-0.184307
-0.17663
-0.168726
-0.160618
-0.152323
-0.143857
-0.135235
-0.126471
-0.117576
-0.10856
-0.0994342
-0.0902063
-0.0808844
-0.0714748
-0.0619829
-0.0524128
-0.0427683
-0.0330526
-0.0232688
-0.0134192
-0.00350531
0.00647244
0.016514
0.0266192
0.0367871
0.0470161
0.0573043
0.0676492
0.0780488
0.0885007
0.0990024
0.109551
0.120141
0.130769
0.141428
0.152109
0.162801
0.173493
0.184171
0.194819
0.205419
0.21595
0.226389
0.236709
0.246881
0.256869
0.266637
0.276144
0.285345
0.294192
0.302635
0.310621
0.318093
0.324993
0.331257
0.336825
0.34163
0.34561
0.348701
0.350842
0.351974
0.352043
0.351
0.348802
0.345411
0.3408
0.334951
0.327847
0.319486
0.309958
0.299349
0.286573
0.270742
-0.192344
-0.207115
-0.218981
-0.228782
-0.237554
-0.245233
-0.251754
-0.25714
-0.261424
-0.264641
-0.266828
-0.268031
-0.268298
-0.267679
-0.266227
-0.263997
-0.261043
-0.257419
-0.253176
-0.248365
-0.243032
-0.237223
-0.230979
-0.224339
-0.21734
-0.210016
-0.202397
-0.194512
-0.186386
-0.178043
-0.169503
-0.160785
-0.151907
-0.142884
-0.133728
-0.124451
-0.115063
-0.105575
-0.0959931
-0.0863252
-0.0765766
-0.0667519
-0.0568547
-0.0468883
-0.0368554
-0.0267583
-0.0165984
-0.006376
0.00390937
0.0142588
0.024673
0.0351523
0.0456959
0.056303
0.0669726
0.0777036
0.0884949
0.0993451
0.110252
0.121214
0.132225
0.143281
0.154375
0.165496
0.176634
0.187776
0.198908
0.210011
0.221066
0.232048
0.242932
0.253686
0.264275
0.274662
0.284803
0.294652
0.304158
0.313268
0.321925
0.330067
0.337629
0.344544
0.350743
0.356153
0.360703
0.364322
0.36694
0.36849
0.368909
0.368139
0.366129
0.362835
0.358223
0.352269
0.344952
0.336264
0.326301
0.315153
0.301661
0.284885
-0.207678
-0.223289
-0.235789
-0.246067
-0.25522
-0.263185
-0.269894
-0.275375
-0.279668
-0.282812
-0.284853
-0.285842
-0.285834
-0.284889
-0.283067
-0.280429
-0.277036
-0.272948
-0.268222
-0.262914
-0.257074
-0.250752
-0.243993
-0.23684
-0.229331
-0.221503
-0.213389
-0.205017
-0.196414
-0.187604
-0.178608
-0.169447
-0.160137
-0.150694
-0.14113
-0.131458
-0.121686
-0.111824
-0.101879
-0.0918569
-0.0817624
-0.0715992
-0.0613702
-0.0510782
-0.0407253
-0.0303127
-0.0198406
-0.00930817
0.00128615
0.0119443
0.022668
0.0334584
0.0443161
0.0552417
0.0662357
0.0772984
0.08843
0.0996305
0.110899
0.122234
0.133633
0.145091
0.156603
0.16816
0.179754
0.191372
0.203001
0.214624
0.22622
0.237768
0.249239
0.260603
0.271826
0.282866
0.29368
0.304219
0.314432
0.32426
0.333644
0.342515
0.350803
0.358434
0.365332
0.371416
0.376607
0.380825
0.383989
0.386024
0.386856
0.386417
0.384647
0.381494
0.376916
0.370881
0.363366
0.354356
0.343949
0.332239
0.317993
0.300214
-0.224167
-0.240674
-0.253845
-0.26462
-0.274165
-0.282414
-0.2893
-0.294856
-0.299128
-0.302161
-0.304011
-0.304737
-0.304403
-0.303076
-0.300826
-0.297721
-0.293831
-0.289221
-0.283955
-0.278093
-0.271693
-0.264808
-0.257486
-0.249775
-0.241716
-0.233346
-0.2247
-0.215807
-0.206696
-0.197391
-0.187915
-0.178287
-0.168525
-0.158645
-0.148659
-0.138577
-0.128408
-0.118162
-0.107845
-0.0974607
-0.0870142
-0.0765078
-0.0659437
-0.0553236
-0.0446486
-0.0339189
-0.0231335
-0.0122904
-0.00138706
0.00957928
0.0206113
0.0317115
0.0428819
0.0541248
0.0654422
0.0768359
0.0883076
0.0998584
0.111489
0.123199
0.134988
0.146852
0.158787
0.170787
0.182845
0.19495
0.207089
0.219246
0.231403
0.243536
0.255619
0.267621
0.279507
0.291236
0.302764
0.31404
0.325009
0.33561
0.345778
0.355441
0.364522
0.372941
0.380612
0.387448
0.393359
0.398254
0.402043
0.404639
0.405955
0.405915
0.404446
0.401487
0.396985
0.390903
0.383207
0.373881
0.363023
0.35073
0.335691
0.316847
-0.24192
-0.259381
-0.273262
-0.284556
-0.294502
-0.303033
-0.310079
-0.315683
-0.319896
-0.322774
-0.324381
-0.324786
-0.324063
-0.322291
-0.319547
-0.315909
-0.311455
-0.306257
-0.300387
-0.293911
-0.286892
-0.279388
-0.271453
-0.263135
-0.25448
-0.245526
-0.236309
-0.226861
-0.21721
-0.207382
-0.1974
-0.187283
-0.17705
-0.166714
-0.156289
-0.145783
-0.135207
-0.124566
-0.113868
-0.103115
-0.0923113
-0.0814581
-0.0705564
-0.0596067
-0.0486086
-0.0375612
-0.0264622
-0.015309
-0.00409802
0.00717445
0.0185124
0.0299198
0.0414006
0.0529586
0.0645974
0.0763202
0.0881303
0.10003
0.112022
0.124108
0.136287
0.14856
0.160922
0.17337
0.185899
0.198499
0.21116
0.223866
0.236599
0.249338
0.262056
0.274724
0.287306
0.299761
0.312044
0.324103
0.33588
0.347311
0.358326
0.368848
0.378795
0.388079
0.396606
0.404278
0.410996
0.416657
0.421159
0.424402
0.426286
0.426723
0.425626
0.422921
0.418548
0.412457
0.404608
0.394975
0.383661
0.370766
0.354891
0.334916
-0.261054
-0.279536
-0.294169
-0.306004
-0.316358
-0.325162
-0.332348
-0.337965
-0.342075
-0.344743
-0.346045
-0.346062
-0.34488
-0.342588
-0.339274
-0.335026
-0.329932
-0.324073
-0.317527
-0.310369
-0.302667
-0.294485
-0.28588
-0.276904
-0.267604
-0.258021
-0.248193
-0.238152
-0.227929
-0.217549
-0.207036
-0.196407
-0.185682
-0.174873
-0.163992
-0.15305
-0.142054
-0.131011
-0.119923
-0.108796
-0.0976306
-0.0864276
-0.0751866
-0.0639065
-0.0525855
-0.0412209
-0.0298098
-0.0183485
-0.00683278
0.00474246
0.0163827
0.0280938
0.0398815
0.0517512
0.063708
0.0757567
0.087902
0.100148
0.1125
0.124959
0.137529
0.15021
0.163002
0.175902
0.188907
0.202011
0.215203
0.22847
0.241795
0.255159
0.268535
0.281896
0.295206
0.308424
0.321505
0.334395
0.347033
0.359354
0.371282
0.382736
0.393628
0.40386
0.413331
0.421933
0.429555
0.436081
0.441396
0.445384
0.447932
0.448935
0.448293
0.445918
0.441734
0.435683
0.427712
0.417788
0.406016
0.392498
0.375744
0.354565
-0.281703
-0.301278
-0.316708
-0.329105
-0.339872
-0.348939
-0.356237
-0.361825
-0.365777
-0.368171
-0.369095
-0.368644
-0.366918
-0.364018
-0.360047
-0.355103
-0.349283
-0.34268
-0.33538
-0.327465
-0.31901
-0.310084
-0.300748
-0.291057
-0.28106
-0.270801
-0.26032
-0.24965
-0.238821
-0.22786
-0.216788
-0.205625
-0.194387
-0.183088
-0.171738
-0.160346
-0.14892
-0.137465
-0.125983
-0.114476
-0.102946
-0.0913914
-0.0798103
-0.0681999
-0.0565569
-0.0448775
-0.0331574
-0.0213921
-0.0095759
0.0022976
0.0142357
0.0262459
0.0383357
0.050512
0.0627816
0.0751511
0.0876269
0.100215
0.112922
0.125753
0.138711
0.1518
0.165021
0.178376
0.191861
0.205474
0.219205
0.233044
0.246975
0.260981
0.275038
0.289118
0.303188
0.317207
0.331128
0.344898
0.358454
0.371727
0.384638
0.397101
0.40902
0.420292
0.430805
0.44044
0.449073
0.456575
0.462814
0.467659
0.470981
0.472654
0.472564
0.470605
0.466686
0.460732
0.452681
0.442489
0.43026
0.416099
0.39842
0.37596
-0.304013
-0.324763
-0.341039
-0.354022
-0.365204
-0.374516
-0.381891
-0.387398
-0.391125
-0.393166
-0.393625
-0.392612
-0.390243
-0.386636
-0.381907
-0.376167
-0.369526
-0.362086
-0.353945
-0.345191
-0.335906
-0.326164
-0.31603
-0.305562
-0.294814
-0.28383
-0.272653
-0.261315
-0.249847
-0.238273
-0.226617
-0.214896
-0.203127
-0.19132
-0.179488
-0.167636
-0.155771
-0.143896
-0.132015
-0.120126
-0.108229
-0.0963218
-0.0844007
-0.0724614
-0.060499
-0.0485085
-0.0364844
-0.0244206
-0.0123098
-0.000143847
0.0120863
0.0243898
0.0367753
0.0492516
0.0618272
0.0745108
0.0873107
0.100235
0.113292
0.126489
0.139831
0.153325
0.166975
0.180784
0.194752
0.208877
0.223153
0.237572
0.252122
0.266787
0.281545
0.29637
0.311231
0.326087
0.340893
0.355593
0.370124
0.384414
0.398381
0.411935
0.424972
0.437381
0.449042
0.459823
0.469586
0.478187
0.485477
0.491307
0.495526
0.497992
0.498567
0.497126
0.49356
0.487776
0.479696
0.469264
0.456584
0.441764
0.423109
0.399283
-0.328152
-0.350167
-0.367345
-0.380936
-0.392532
-0.402065
-0.409471
-0.414833
-0.418255
-0.419849
-0.419738
-0.418052
-0.414926
-0.410496
-0.404892
-0.398244
-0.390673
-0.382294
-0.373214
-0.36353
-0.35333
-0.342694
-0.331691
-0.320383
-0.308825
-0.297066
-0.285147
-0.273101
-0.260959
-0.248744
-0.236477
-0.224176
-0.211856
-0.199528
-0.1872
-0.174879
-0.162568
-0.150269
-0.137984
-0.12571
-0.113446
-0.101188
-0.0889287
-0.0766635
-0.0643862
-0.0520902
-0.0397685
-0.027413
-0.0150146
-0.0025632
0.00995164
0.0225405
0.0352137
0.0479816
0.0608549
0.0738442
0.0869601
0.100213
0.113613
0.127169
0.14089
0.154785
0.16886
0.18312
0.197569
0.212208
0.227033
0.24204
0.257219
0.272557
0.288035
0.30363
0.319312
0.335042
0.350774
0.366455
0.382019
0.397394
0.412494
0.427224
0.441475
0.455129
0.468052
0.480102
0.491127
0.500964
0.509448
0.516406
0.521668
0.525066
0.526438
0.525638
0.52253
0.517003
0.508957
0.498325
0.485206
0.469709
0.450027
0.42474
-0.354309
-0.377692
-0.395832
-0.410055
-0.42206
-0.431781
-0.439159
-0.444295
-0.447312
-0.448346
-0.447542
-0.445053
-0.441037
-0.435648
-0.429039
-0.421355
-0.412732
-0.403298
-0.393171
-0.382457
-0.371249
-0.359634
-0.347686
-0.33547
-0.323044
-0.310457
-0.297749
-0.284955
-0.272103
-0.259216
-0.246314
-0.233413
-0.220526
-0.207663
-0.19483
-0.182031
-0.169269
-0.156542
-0.143852
-0.131194
-0.118564
-0.105956
-0.093363
-0.0807775
-0.0681918
-0.0555977
-0.042986
-0.0303466
-0.0176686
-0.00494047
0.00784979
0.0207142
0.0336651
0.0467147
0.0598758
0.073161
0.0865831
0.100154
0.113888
0.127795
0.141887
0.156176
0.17067
0.185378
0.200305
0.215456
0.230833
0.246432
0.262248
0.278271
0.294486
0.310873
0.327403
0.344042
0.360744
0.377455
0.394113
0.410642
0.426954
0.442951
0.458519
0.473529
0.487839
0.501294
0.513725
0.524953
0.534789
0.543041
0.54951
0.554002
0.556327
0.556309
0.553787
0.548622
0.540691
0.529908
0.516369
0.500182
0.479415
0.452562
-0.382701
-0.40757
-0.426739
-0.441614
-0.454017
-0.463881
-0.471157
-0.475966
-0.478459
-0.478797
-0.477153
-0.473708
-0.468645
-0.462144
-0.454378
-0.445512
-0.4357
-0.425082
-0.413788
-0.401933
-0.389619
-0.376936
-0.363963
-0.350769
-0.337412
-0.323942
-0.310399
-0.296815
-0.283219
-0.269631
-0.25607
-0.24255
-0.229082
-0.215672
-0.202326
-0.189045
-0.175828
-0.162673
-0.149578
-0.136538
-0.123545
-0.110593
-0.097672
-0.0847737
-0.0718881
-0.0590047
-0.0461121
-0.0331982
-0.0202504
-0.00725592
0.0057987
0.0189274
0.0321443
0.045464
0.0589012
0.0724707
0.0861872
0.100066
0.114122
0.12837
0.142824
0.157498
0.172403
0.18755
0.202951
0.218611
0.234538
0.250731
0.26719
0.283908
0.300875
0.318073
0.335478
0.353057
0.370769
0.388561
0.406372
0.424125
0.441733
0.459092
0.476083
0.49257
0.508402
0.523409
0.537406
0.550196
0.561566
0.571296
0.579162
0.584936
0.588396
0.58933
0.587544
0.582868
0.575152
0.564283
0.550351
0.533463
0.51155
0.483014
-0.413574
-0.440066
-0.460338
-0.475886
-0.488664
-0.498612
-0.505692
-0.510052
-0.511874
-0.511353
-0.508694
-0.504113
-0.497821
-0.490028
-0.480932
-0.470719
-0.459562
-0.447618
-0.435026
-0.421911
-0.408382
-0.394537
-0.380456
-0.36621
-0.351859
-0.33745
-0.323023
-0.30861
-0.294236
-0.279921
-0.265681
-0.251526
-0.237464
-0.2235
-0.209635
-0.195868
-0.182196
-0.168615
-0.155119
-0.141701
-0.128352
-0.115063
-0.101823
-0.0886215
-0.075446
-0.0622837
-0.0491209
-0.0359437
-0.0227382
-0.00948991
0.00381623
0.0171962
0.0306662
0.0442429
0.0579429
0.071783
0.0857808
0.0999539
0.11432
0.128897
0.143701
0.158748
0.174053
0.189631
0.205497
0.221661
0.238134
0.254921
0.272025
0.289445
0.307174
0.3252
0.343502
0.362052
0.380813
0.399734
0.418757
0.437806
0.456793
0.475612
0.49414
0.512233
0.529731
0.54645
0.56219
0.576731
0.589837
0.601259
0.610738
0.618012
0.622818
0.624904
0.624037
0.620006
0.612626
0.601754
0.58747
0.569874
0.546748
0.516394
-0.447213
-0.475483
-0.496942
-0.513181
-0.526302
-0.536257
-0.543021
-0.546779
-0.547752
-0.546174
-0.542293
-0.536361
-0.528628
-0.519335
-0.50871
-0.496965
-0.484291
-0.470861
-0.456827
-0.442324
-0.427469
-0.41236
-0.397084
-0.381711
-0.3663
-0.350897
-0.335541
-0.320261
-0.30508
-0.290014
-0.275075
-0.260272
-0.245608
-0.231084
-0.216697
-0.202445
-0.18832
-0.174317
-0.160427
-0.14664
-0.132944
-0.119329
-0.105781
-0.0922882
-0.0788346
-0.0654054
-0.051985
-0.0385582
-0.0251092
-0.0116218
0.00192131
0.015538
0.0292465
0.0430652
0.0570128
0.0711086
0.0853729
0.0998259
0.114488
0.129379
0.144518
0.159924
0.175616
0.191614
0.207934
0.224594
0.241607
0.258983
0.276732
0.294856
0.313355
0.332221
0.35144
0.370988
0.390833
0.41093
0.431222
0.451638
0.472089
0.492469
0.512651
0.532486
0.551805
0.570411
0.588086
0.60459
0.619659
0.633013
0.644355
0.65338
0.659781
0.663258
0.663527
0.660331
0.653438
0.64267
0.628088
0.609783
0.585371
0.553045
-0.483945
-0.51418
-0.536919
-0.553862
-0.567279
-0.577137
-0.583436
-0.586402
-0.586306
-0.583433
-0.578079
-0.570544
-0.561121
-0.55009
-0.537712
-0.524224
-0.50984
-0.49475
-0.479119
-0.463091
-0.446788
-0.430313
-0.413751
-0.397175
-0.380639
-0.364189
-0.34786
-0.331679
-0.315663
-0.299827
-0.284176
-0.268714
-0.253442
-0.238355
-0.223449
-0.208715
-0.194145
-0.179729
-0.165454
-0.151308
-0.137279
-0.123351
-0.10951
-0.095739
-0.0820214
-0.0683399
-0.0546773
-0.0410167
-0.0273404
-0.0136301
0.000133651
0.0139707
0.027901
0.041945
0.0561235
0.0704585
0.0849727
0.0996888
0.11463
0.129817
0.145274
0.161023
0.177088
0.193491
0.210253
0.227397
0.244939
0.262898
0.281287
0.300114
0.319386
0.339101
0.359251
0.37982
0.400782
0.422097
0.443714
0.465565
0.487564
0.509607
0.531565
0.553285
0.574589
0.595269
0.615092
0.633792
0.65108
0.666638
0.680128
0.691198
0.699487
0.704637
0.706304
0.704174
0.697959
0.68743
0.672624
0.653617
0.627838
0.593362
-0.524157
-0.556572
-0.580699
-0.598353
-0.612
-0.621626
-0.627266
-0.629202
-0.627767
-0.623309
-0.616183
-0.606748
-0.595346
-0.582303
-0.567914
-0.552447
-0.536141
-0.519201
-0.501805
-0.484105
-0.466228
-0.448279
-0.430342
-0.412485
-0.394763
-0.377216
-0.359876
-0.342764
-0.325893
-0.30927
-0.292897
-0.276772
-0.26089
-0.245243
-0.229823
-0.214617
-0.199613
-0.184795
-0.170149
-0.155661
-0.141313
-0.127089
-0.11297
-0.0989382
-0.0849736
-0.0710574
-0.0571709
-0.0432947
-0.0294093
-0.0154941
-0.00152773
0.0125113
0.026645
0.0408956
0.0552867
0.0698426
0.084588
0.0995481
0.114748
0.130213
0.145969
0.162044
0.178463
0.195253
0.212442
0.230053
0.248113
0.266643
0.285662
0.305187
0.32523
0.345798
0.366889
0.388497
0.410602
0.433173
0.456166
0.479518
0.503149
0.526957
0.550815
0.574568
0.598032
0.620989
0.643189
0.664344
0.684135
0.702205
0.718172
0.731627
0.742148
0.749308
0.752693
0.751914
0.746612
0.736495
0.721565
0.701873
0.674636
0.637801
-0.568303
-0.603158
-0.628793
-0.647155
-0.660934
-0.670151
-0.674885
-0.675493
-0.672386
-0.66599
-0.656735
-0.645048
-0.631331
-0.615959
-0.59927
-0.581562
-0.563099
-0.544102
-0.524763
-0.505237
-0.485656
-0.466123
-0.44672
-0.427512
-0.408546
-0.389858
-0.371474
-0.353407
-0.335664
-0.318245
-0.301145
-0.284358
-0.267871
-0.251674
-0.235751
-0.220086
-0.204662
-0.18946
-0.174462
-0.159649
-0.145003
-0.130501
-0.116124
-0.10185
-0.0876591
-0.0735291
-0.0594392
-0.0453681
-0.0312937
-0.0171936
-0.00304486
0.0111759
0.0254927
0.03993
0.0545136
0.0692697
0.0842252
0.0994075
0.114845
0.130566
0.146601
0.162979
0.179732
0.19689
0.214484
0.232546
0.251105
0.27019
0.289827
0.310039
0.330846
0.352264
0.374301
0.39696
0.420229
0.444088
0.468501
0.493416
0.518759
0.544434
0.570317
0.596256
0.622062
0.647511
0.672337
0.696231
0.718842
0.739775
0.758594
0.77483
0.787989
0.797563
0.80305
0.803972
0.79988
0.790398
0.775478
0.755134
0.72634
0.686899
-0.616927
-0.654531
-0.681809
-0.70086
-0.714636
-0.723208
-0.726719
-0.725622
-0.72043
-0.711667
-0.699856
-0.685503
-0.66908
-0.651019
-0.631702
-0.611462
-0.590585
-0.569311
-0.547838
-0.526328
-0.504911
-0.483686
-0.462732
-0.442104
-0.421844
-0.401979
-0.382525
-0.363486
-0.344862
-0.326645
-0.308823
-0.291381
-0.274303
-0.25757
-0.241162
-0.225057
-0.209233
-0.193668
-0.17834
-0.163226
-0.148303
-0.133547
-0.118934
-0.104442
-0.0900474
-0.0757267
-0.0614564
-0.0472127
-0.0329717
-0.0187093
-0.00440055
0.00997981
0.0244578
0.0390599
0.0538136
0.0687469
0.083889
0.0992701
0.114922
0.130876
0.147166
0.163824
0.180887
0.198389
0.216366
0.234855
0.253892
0.273511
0.293746
0.314628
0.336187
0.358447
0.381427
0.40514
0.429587
0.454759
0.480632
0.507163
0.534291
0.56193
0.589964
0.618243
0.646582
0.674749
0.702469
0.729411
0.755195
0.779383
0.801485
0.820963
0.83724
0.849713
0.857773
0.86083
0.85832
0.849761
0.835031
0.81409
0.78363
0.74129
-0.670682
-0.711409
-0.740483
-0.760177
-0.773759
-0.78137
-0.783247
-0.77997
-0.772183
-0.760531
-0.745651
-0.728145
-0.708564
-0.687403
-0.665092
-0.641999
-0.618432
-0.594645
-0.570843
-0.547188
-0.523805
-0.500787
-0.478202
-0.456096
-0.4345
-0.413429
-0.392887
-0.372871
-0.353367
-0.334359
-0.315826
-0.297748
-0.280098
-0.262852
-0.245982
-0.229462
-0.213265
-0.197364
-0.181732
-0.166343
-0.15117
-0.136186
-0.121365
-0.106681
-0.0921095
-0.0776238
-0.0631981
-0.0488067
-0.0344239
-0.0200236
-0.00557919
0.00893674
0.023552
0.0382946
0.0531937
0.0682791
0.0835826
0.0991374
0.114978
0.131139
0.147658
0.16457
0.181916
0.199734
0.218067
0.236957
0.256444
0.276571
0.297379
0.31891
0.3412
0.364286
0.388199
0.412962
0.438591
0.465091
0.492451
0.520645
0.549626
0.57932
0.609624
0.640398
0.671461
0.702584
0.733481
0.763808
0.793153
0.821039
0.846916
0.870171
0.890134
0.906088
0.917297
0.92303
0.922576
0.915313
0.901016
0.879568
0.847319
0.801728
-0.730366
-0.774669
-0.805708
-0.825959
-0.839076
-0.845307
-0.845018
-0.838958
-0.82794
-0.812764
-0.794201
-0.772968
-0.749708
-0.724981
-0.69927
-0.672975
-0.646425
-0.619882
-0.593553
-0.567594
-0.542121
-0.517215
-0.492931
-0.4693
-0.446337
-0.424044
-0.402411
-0.381421
-0.36105
-0.341269
-0.322051
-0.303361
-0.285169
-0.267439
-0.25014
-0.233237
-0.216699
-0.200494
-0.184591
-0.168958
-0.153566
-0.138384
-0.123385
-0.108539
-0.0938195
-0.0791969
-0.0646435
-0.0501316
-0.0356338
-0.0211222
-0.0065681
0.0080575
0.0227838
0.0376405
0.052658
0.0678689
0.0833072
0.0990089
0.115011
0.131351
0.148069
0.165206
0.182804
0.200909
0.219566
0.238824
0.25873
0.279333
0.300685
0.322833
0.345828
0.369716
0.394541
0.42034
0.447144
0.474975
0.50384
0.533731
0.564618
0.596448
0.629135
0.662553
0.696535
0.730855
0.765229
0.799299
0.832633
0.86471
0.894923
0.922578
0.946897
0.967034
0.982098
0.991182
0.993389
0.987911
0.97438
0.952561
0.918395
0.869125
-0.796962
-0.845399
-0.878584
-0.899245
-0.911515
-0.915799
-0.912648
-0.903038
-0.887997
-0.868521
-0.845543
-0.819913
-0.792373
-0.76356
-0.734003
-0.704133
-0.674293
-0.644748
-0.615696
-0.587284
-0.559609
-0.532736
-0.506698
-0.48151
-0.457166
-0.43365
-0.410936
-0.388992
-0.367779
-0.347259
-0.327388
-0.308126
-0.289429
-0.271256
-0.253566
-0.23632
-0.21948
-0.203009
-0.186871
-0.171031
-0.155455
-0.140111
-0.124967
-0.109992
-0.0951553
-0.0804264
-0.0657752
-0.0511723
-0.0365885
-0.0219939
-0.00735826
0.00734888
0.022158
0.0371002
0.0522082
0.0675164
0.0830614
0.0988811
0.115015
0.131503
0.148389
0.165718
0.183536
0.201892
0.220838
0.240427
0.260714
0.281757
0.303614
0.326344
0.350007
0.374662
0.400368
0.427176
0.455137
0.484289
0.51466
0.546267
0.579102
0.613134
0.648303
0.684505
0.721591
0.759352
0.79751
0.835706
0.87349
0.910307
0.945492
0.978266
1.00773
1.0329
1.05269
1.06597
1.07162
1.06857
1.05626
1.03428
0.998065
0.944594
-0.871701
-0.924957
-0.96048
-0.981304
-0.992182
-0.993753
-0.986829
-0.972688
-0.952638
-0.927915
-0.899649
-0.868841
-0.836343
-0.802865
-0.768982
-0.735146
-0.701704
-0.668913
-0.636956
-0.605955
-0.575985
-0.547084
-0.51926
-0.492503
-0.466783
-0.442063
-0.418297
-0.395435
-0.373423
-0.352208
-0.331733
-0.311946
-0.292794
-0.274226
-0.256194
-0.238652
-0.221556
-0.204863
-0.188533
-0.172527
-0.156808
-0.141339
-0.126088
-0.111019
-0.0960991
-0.0812968
-0.0665801
-0.0519178
-0.0372787
-0.0226314
-0.00794441
0.00681409
0.021676
0.0366742
0.0518431
0.0672193
0.0828409
0.0987477
0.114981
0.131586
0.148606
0.166091
0.184091
0.20266
0.221855
0.241734
0.26236
0.283798
0.306114
0.32938
0.353665
0.379044
0.405586
0.433365
0.462446
0.492893
0.524757
0.558079
0.592881
0.629163
0.666894
0.706002
0.746366
0.787804
0.830057
0.872776
0.915504
0.957663
0.998536
1.03726
1.07281
1.10403
1.12961
1.14817
1.15826
1.15851
1.14805
1.12622
1.08783
1.02951
-0.956145
-1.01507
-1.05311
-1.07371
-1.08241
-1.08022
-1.06832
-1.04839
-1.0221
-0.990985
-0.956399
-0.919513
-0.881295
-0.842522
-0.803804
-0.765601
-0.728251
-0.691986
-0.656959
-0.62326
-0.590929
-0.559967
-0.530352
-0.50204
-0.474975
-0.449093
-0.424325
-0.400601
-0.377849
-0.355999
-0.334982
-0.314731
-0.295183
-0.276279
-0.257962
-0.240179
-0.222879
-0.206015
-0.189542
-0.173417
-0.157599
-0.142048
-0.126729
-0.111603
-0.0966379
-0.0817979
-0.06705
-0.0523614
-0.0376997
-0.023032
-0.00832559
0.00645262
0.0213361
0.0363594
0.0515586
0.0669715
0.0826378
0.098599
0.114899
0.131584
0.148702
0.166305
0.184448
0.203187
0.222586
0.242708
0.263624
0.285406
0.30813
0.331876
0.356728
0.382771
0.410094
0.438787
0.468938
0.500633
0.533953
0.568967
0.605733
0.644285
0.684631
0.726742
0.770536
0.815871
0.862522
0.910165
0.958357
1.00651
1.05387
1.09948
1.14222
1.18071
1.21341
1.23861
1.25446
1.25916
1.25143
1.23025
1.18956
1.1256
-1.05231
-1.11797
-1.15867
-1.1784
-1.18381
-1.17642
-1.15795
-1.13062
-1.09656
-1.05766
-1.01554
-0.971551
-0.926771
-0.882032
-0.837956
-0.794991
-0.753443
-0.713504
-0.67528
-0.63881
-0.604087
-0.571069
-0.539691
-0.509872
-0.481521
-0.454546
-0.428851
-0.404342
-0.380928
-0.35852
-0.337035
-0.316395
-0.296523
-0.277352
-0.258816
-0.240855
-0.223412
-0.206435
-0.189872
-0.173679
-0.157809
-0.142222
-0.126877
-0.111737
-0.0967647
-0.0819245
-0.0671817
-0.0525022
-0.0378521
-0.0231978
-0.00850529
0.00625998
0.0211329
0.0361494
0.0513467
0.0667635
0.0824409
0.0984221
0.114753
0.131481
0.148658
0.166338
0.184579
0.203443
0.222997
0.243311
0.264462
0.286529
0.309599
0.333761
0.359111
0.385749
0.413781
0.443315
0.474464
0.507341
0.542054
0.578709
0.617402
0.658211
0.701192
0.746366
0.793707
0.843128
0.894458
0.947421
1.00161
1.05644
1.11116
1.16475
1.21594
1.26318
1.30463
1.3382
1.36153
1.37224
1.3685
1.34872
1.30568
1.23508
-1.16284
-1.23657
-1.27998
-1.29782
-1.29829
-1.28372
-1.25656
-1.21976
-1.17603
-1.12768
-1.07663
-1.02439
-0.972143
-0.92074
-0.870789
-0.822695
-0.776702
-0.732936
-0.691434
-0.652171
-0.615076
-0.580051
-0.546982
-0.51574
-0.486199
-0.458229
-0.431707
-0.406514
-0.382536
-0.359666
-0.337806
-0.316863
-0.296751
-0.277392
-0.258712
-0.240644
-0.223125
-0.206096
-0.189503
-0.173296
-0.157427
-0.141852
-0.126528
-0.111416
-0.0964783
-0.0816775
-0.0669778
-0.052344
-0.0377414
-0.0231355
-0.0084909
0.00622803
0.0210574
0.0360339
0.0511955
0.0665819
0.0822353
0.0982002
0.114524
0.131256
0.14845
0.166163
0.184456
0.203395
0.22305
0.243499
0.264823
0.287111
0.310456
0.334958
0.360726
0.387874
0.416526
0.446811
0.478865
0.512828
0.548843
0.587055
0.627602
0.670613
0.716201
0.764452
0.815408
0.869058
0.925307
0.983955
1.04466
1.10689
1.1699
1.23265
1.29377
1.35152
1.40374
1.44787
1.48095
1.49982
1.50186
1.48462
1.43931
1.36082
-1.2913
-1.37476
-1.4207
-1.43503
-1.42817
-1.40364
-1.36498
-1.31607
-1.26033
-1.20056
-1.13897
-1.07723
-1.01657
-0.95781
-0.901506
-0.84797
-0.79735
-0.749675
-0.704886
-0.662872
-0.623485
-0.58656
-0.551919
-0.519386
-0.488786
-0.459955
-0.432736
-0.406983
-0.38256
-0.359342
-0.337214
-0.316071
-0.295814
-0.276357
-0.257617
-0.239519
-0.221995
-0.204982
-0.188422
-0.172261
-0.156447
-0.140935
-0.125681
-0.110643
-0.0957832
-0.0810631
-0.0664458
-0.0518957
-0.0373773
-0.0228553
-0.00829326
0.00634532
0.0210971
0.0359991
0.0510901
0.0664104
0.0820031
0.0979138
0.114191
0.130885
0.148052
0.165751
0.184046
0.203005
0.222705
0.243226
0.264656
0.28709
0.31063
0.335386
0.361479
0.389039
0.418204
0.449127
0.481967
0.516895
0.554088
0.593732
0.636015
0.681123
0.729234
0.780511
0.835085
0.893038
0.95438
1.01902
1.08672
1.15706
1.22934
1.30255
1.37527
1.4456
1.51104
1.56853
1.61435
1.64434
1.65475
1.64186
1.5946
1.50664
-1.44256
-1.53786
-1.58569
-1.59389
-1.57614
-1.5378
-1.48389
-1.41951
-1.34892
-1.27543
-1.20153
-1.12897
-1.05894
-0.992191
-0.929135
-0.869942
-0.814615
-0.763044
-0.71505
-0.670413
-0.62889
-0.590234
-0.5542
-0.520552
-0.489069
-0.459545
-0.43179
-0.405629
-0.380904
-0.357471
-0.335199
-0.313969
-0.293675
-0.274217
-0.255507
-0.237464
-0.220013
-0.203088
-0.186627
-0.170572
-0.154872
-0.139477
-0.124343
-0.109427
-0.09469
-0.0800929
-0.0655985
-0.0511708
-0.0367739
-0.0223715
-0.00792699
0.00659643
0.0212355
0.0360278
0.0510121
0.0662295
0.0817234
0.0975401
0.113729
0.130342
0.147436
0.165071
0.183315
0.202237
0.221918
0.242443
0.263904
0.286402
0.310048
0.334962
0.361274
0.38913
0.418685
0.45011
0.483592
0.51933
0.557539
0.598447
0.642295
0.689334
0.739816
0.793992
0.852097
0.914332
0.980845
1.05169
1.12679
1.20587
1.28839
1.37344
1.45961
1.54491
1.62656
1.70095
1.76346
1.80865
1.83122
1.82553
1.77714
1.67775
-1.62358
-1.73323
-1.78142
-1.77923
-1.74532
-1.68777
-1.61365
-1.52957
-1.44073
-1.35092
-1.2628
-1.17809
-1.09784
-1.02259
-0.952527
-0.887607
-0.827629
-0.772308
-0.721307
-0.674274
-0.630857
-0.590716
-0.553529
-0.518999
-0.486853
-0.456842
-0.428743
-0.402352
-0.377489
-0.353992
-0.331714
-0.310526
-0.29031
-0.270958
-0.252375
-0.234475
-0.21718
-0.200418
-0.184125
-0.168241
-0.152713
-0.137492
-0.122529
-0.107784
-0.0932154
-0.0787844
-0.0644538
-0.0501874
-0.035949
-0.0217023
-0.00741086
0.00696202
0.021453
0.0360994
0.0509402
0.0660166
0.0813726
0.0970547
0.113112
0.129599
0.146571
0.16409
0.182225
0.20105
0.220645
0.2411
0.262511
0.284985
0.308639
0.333601
0.360014
0.388034
0.417834
0.449604
0.483555
0.519915
0.558936
0.600891
0.646077
0.69481
0.747428
0.804279
0.865719
0.932093
1.00371
1.08083
1.16359
1.25194
1.34559
1.44384
1.54544
1.64842
1.74983
1.84554
1.92995
1.99602
2.03633
2.0424
1.99467
1.88149
-1.84456
-1.97139
-2.01661
-1.99705
-1.93908
-1.85481
-1.75398
-1.64497
-1.53393
-1.42498
-1.32072
-1.22266
-1.13151
-1.04745
-0.970346
-0.899834
-0.835451
-0.776685
-0.723014
-0.673933
-0.628963
-0.587664
-0.549634
-0.51451
-0.481966
-0.451713
-0.423493
-0.397076
-0.37226
-0.348867
-0.326737
-0.305728
-0.285714
-0.266581
-0.248228
-0.230564
-0.213509
-0.196987
-0.180933
-0.165287
-0.149993
-0.135
-0.120262
-0.105737
-0.0913819
-0.0771602
-0.0630341
-0.0489675
-0.0349248
-0.02087
-0.00676719
0.00741956
0.0217264
0.0361904
0.0508504
0.0657477
0.0809259
0.0964314
0.112314
0.128625
0.145425
0.162774
0.180741
0.199403
0.218841
0.239147
0.260421
0.282774
0.306329
0.331221
0.357602
0.38564
0.415521
0.447454
0.481671
0.51843
0.558016
0.600749
0.64698
0.697095
0.751518
0.810708
0.875153
0.945362
1.02185
1.10511
1.19556
1.2935
1.39897
1.51166
1.63068
1.75428
1.87957
2.00206
2.11515
2.20998
2.27632
2.30154
2.25815
2.1286
-2.12122
-2.26764
-2.30299
-2.25457
-2.16075
-2.03936
-1.90343
-1.76324
-1.6256
-1.49461
-1.37248
-1.26016
-1.15777
-1.06496
-0.981083
-0.905391
-0.837082
-0.775376
-0.719536
-0.668885
-0.622812
-0.580771
-0.542277
-0.506904
-0.474275
-0.44406
-0.41597
-0.389754
-0.36519
-0.342083
-0.320264
-0.29958
-0.2799
-0.261104
-0.243087
-0.225755
-0.209026
-0.192824
-0.177082
-0.161739
-0.146739
-0.132032
-0.11757
-0.103312
-0.0892172
-0.0752472
-0.0613657
-0.0475372
-0.0337268
-0.0198997
-0.00602121
0.0079437
0.0220305
0.0362759
0.050718
0.0653975
0.0803573
0.0956433
0.111304
0.127393
0.143967
0.161088
0.178827
0.197257
0.216462
0.236535
0.25758
0.279709
0.30305
0.327744
0.353949
0.381842
0.411622
0.443513
0.477765
0.514663
0.554525
0.59771
0.644625
0.695724
0.75152
0.812582
0.879542
0.953092
1.03397
1.12297
1.22085
1.32833
1.44599
1.57408
1.71231
1.85954
2.01328
2.16905
2.31957
2.45399
2.55866
2.61507
2.58349
2.43551
-2.47894
-2.64477
-2.65622
-2.56001
-2.41283
-2.24015
-2.05866
-1.88009
-1.71132
-1.55571
-1.41447
-1.28753
-1.17411
-1.07305
-0.983101
-0.902986
-0.831514
-0.7676
-0.710272
-0.658675
-0.612061
-0.569781
-0.531273
-0.496049
-0.463688
-0.433824
-0.406144
-0.380375
-0.35628
-0.333653
-0.312316
-0.292111
-0.2729
-0.254562
-0.236989
-0.220087
-0.203771
-0.187968
-0.17261
-0.157635
-0.14299
-0.128623
-0.114489
-0.100545
-0.0867535
-0.0730766
-0.0594787
-0.0459254
-0.0323835
-0.0188198
-0.00520083
0.00850733
0.0223391
0.0363299
0.0505171
0.0649402
0.0796412
0.0946646
0.110058
0.125874
0.142168
0.159004
0.176447
0.194575
0.213469
0.233223
0.253941
0.275738
0.298743
0.323101
0.348974
0.376547
0.406026
0.437647
0.471677
0.50842
0.548224
0.591483
0.638653
0.690252
0.746874
0.809202
0.87801
0.95418
1.0387
1.13268
1.2373
1.35382
1.48348
1.62734
1.7861
1.95966
2.14656
2.34309
2.5419
2.73062
2.89183
2.99915
2.99419
2.82861
-2.96125
-3.13723
-3.09654
-2.92146
-2.69532
-2.45268
-2.21316
-1.98868
-1.78471
-1.60273
-1.4421
-1.3011
-1.17763
-1.06951
-0.974697
-0.891332
-0.817783
-0.75264
-0.694696
-0.642921
-0.596441
-0.554512
-0.516502
-0.481875
-0.450171
-0.420999
-0.394026
-0.368963
-0.345565
-0.323619
-0.302941
-0.283369
-0.264766
-0.247008
-0.229987
-0.213612
-0.197797
-0.182471
-0.167566
-0.153024
-0.13879
-0.124816
-0.111057
-0.097474
-0.084028
-0.0706835
-0.0574066
-0.0441648
-0.0309267
-0.0176608
-0.00433512
0.0090824
0.0226247
0.036326
0.0502222
0.064351
0.0787523
0.0934695
0.108549
0.124042
0.140002
0.156491
0.173575
0.191327
0.209829
0.229174
0.249465
0.270816
0.293358
0.317234
0.342611
0.369676
0.398639
0.429745
0.463271
0.499537
0.538909
0.581814
0.628743
0.680271
0.737064
0.799903
0.869701
0.947521
1.03461
1.1324
1.24255
1.36694
1.50761
1.66672
1.84634
2.04805
2.27234
2.51746
2.7775
3.03988
3.28412
3.47453
3.52572
3.35306
-3.64703
-3.7973
-3.64768
-3.34335
-3.00215
-2.66633
-2.35542
-2.07837
-1.8368
-1.6285
-1.44979
-1.29662
-1.16517
-1.052
-0.954175
-0.869202
-0.79501
-0.729878
-0.67238
-0.621337
-0.575766
-0.534851
-0.497907
-0.464363
-0.433735
-0.405615
-0.379659
-0.355573
-0.333107
-0.312045
-0.292203
-0.273422
-0.255563
-0.238506
-0.222146
-0.206391
-0.191162
-0.176388
-0.162005
-0.147955
-0.134188
-0.120657
-0.10732
-0.0941397
-0.0810788
-0.0681045
-0.0551846
-0.042289
-0.0293882
-0.016453
-0.00345357
0.00964055
0.0228607
0.0362388
0.0498082
0.0636048
0.0776668
0.0920352
0.106754
0.121873
0.137445
0.153527
0.170183
0.187486
0.205514
0.224358
0.244118
0.264908
0.286853
0.310098
0.334807
0.361166
0.389388
0.419717
0.452438
0.487876
0.526411
0.568486
0.61462
0.665426
0.721625
0.784079
0.853812
0.932052
1.02027
1.12023
1.23407
1.3643
1.51392
1.68638
1.88555
2.11543
2.37965
2.68026
3.01536
3.37541
3.74001
4.06542
4.23161
4.09026
-4.6796
-4.70065
-4.3322
-3.82038
-3.31607
-2.86104
-2.46703
-2.13409
-1.85596
-1.62436
-1.43128
-1.26966
-1.13362
-1.01837
-0.920052
-0.835597
-0.762536
-0.698891
-0.64307
-0.593783
-0.549979
-0.510797
-0.475525
-0.443575
-0.414457
-0.387759
-0.363137
-0.340299
-0.318998
-0.299022
-0.280193
-0.262355
-0.245375
-0.229136
-0.213539
-0.198497
-0.183935
-0.169784
-0.155985
-0.142485
-0.129236
-0.116196
-0.103324
-0.0905853
-0.0779471
-0.0653781
-0.0528488
-0.0403316
-0.0278
-0.0152268
-0.00258411
0.010156
0.0230222
0.036044
0.0492525
0.0626806
0.0763639
0.0903414
0.104655
0.11935
0.134478
0.150093
0.166256
0.183035
0.200507
0.218758
0.237883
0.257992
0.279206
0.301667
0.325531
0.350982
0.378229
0.407513
0.439113
0.473357
0.510623
0.551361
0.5961
0.645468
0.700221
0.761267
0.829706
0.906886
0.994454
1.09446
1.20942
1.34251
1.49766
1.67974
1.89472
2.14975
2.45293
2.81254
3.23479
3.71941
4.25389
4.79466
5.18869
5.18697
-6.31753
-5.9468
-5.16242
-4.33244
-3.60677
-3.00738
-2.52423
-2.13837
-1.83004
-1.58225
-1.3814
-1.21702
-1.0811
-0.967591
-0.871876
-0.790416
-0.720477
-0.659927
-0.607085
-0.560617
-0.51945
-0.482718
-0.449712
-0.419853
-0.39266
-0.367734
-0.344741
-0.323403
-0.303481
-0.284777
-0.267119
-0.250361
-0.234378
-0.219061
-0.204318
-0.190068
-0.17624
-0.162774
-0.149614
-0.136712
-0.124025
-0.111513
-0.0991423
-0.0868793
-0.0746943
-0.0625595
-0.0504488
-0.0383374
-0.026201
-0.0140154
-0.00175547
0.0106043
0.0230896
0.0357269
0.0485442
0.0615718
0.0748423
0.0883915
0.102259
0.116486
0.131121
0.146214
0.161823
0.178011
0.194851
0.212422
0.230815
0.250133
0.270491
0.292022
0.314876
0.339228
0.365277
0.393255
0.423432
0.456124
0.491699
0.530597
0.573338
0.620545
0.672972
0.731536
0.797366
0.871859
0.956763
1.05429
1.16727
1.29933
1.45523
1.64115
1.86527
2.13829
2.47401
2.88972
3.40546
4.04057
4.80488
5.67426
6.49702
6.90528
-9.13766
-7.65889
-6.09041
-4.80643
-3.80799
-3.05408
-2.49144
-2.06823
-1.74493
-1.4938
-1.29544
-1.1362
-1.00646
-0.899312
-0.809729
-0.733989
-0.66929
-0.613497
-0.56495
-0.522352
-0.48467
-0.451075
-0.420899
-0.393594
-0.36871
-0.345876
-0.324782
-0.305168
-0.286818
-0.269547
-0.253198
-0.237639
-0.222755
-0.208448
-0.194635
-0.181242
-0.168207
-0.155476
-0.142999
-0.130734
-0.118643
-0.106692
-0.0948498
-0.083088
-0.0713805
-0.0597031
-0.0480328
-0.0363482
-0.0246281
-0.0128507
-0.00099423
0.0109635
0.0230452
0.0352742
0.0476749
0.0602746
0.0731029
0.086192
0.0995775
0.113298
0.127396
0.14192
0.156921
0.172457
0.188595
0.205409
0.222981
0.241407
0.260792
0.28126
0.30295
0.326024
0.350668
0.377098
0.405566
0.436367
0.469848
0.506422
0.54658
0.590914
0.640142
0.695144
0.757013
0.827117
0.907188
0.999456
1.10683
1.23315
1.38361
1.5653
1.78811
2.06599
2.41876
2.87475
3.47423
4.27034
5.31745
6.65491
8.28161
9.82792
-14.6434
-9.90818
-6.77062
-4.92324
-3.69399
-2.85277
-2.27352
-1.8625
-1.56036
-1.3315
-1.1537
-1.01251
-0.898271
-0.804343
-0.726032
-0.659931
-0.603514
-0.554871
-0.512532
-0.475349
-0.442414
-0.413002
-0.386525
-0.362505
-0.340548
-0.320332
-0.301587
-0.284088
-0.267645
-0.252099
-0.237316
-0.223179
-0.209591
-0.196468
-0.183739
-0.171342
-0.159223
-0.147337
-0.135644
-0.124108
-0.112697
-0.101383
-0.0901404
-0.0789462
-0.0677787
-0.0566182
-0.0454457
-0.0342434
-0.0229938
-0.011679
-0.000280539
0.01122
0.0228412
0.0346028
0.0465259
0.0586337
0.0709516
0.083508
0.0963338
0.109463
0.122933
0.136786
0.151068
0.165831
0.181132
0.197037
0.21362
0.230965
0.249166
0.268331
0.288586
0.310074
0.33296
0.357436
0.383726
0.412093
0.442844
0.476343
0.513027
0.55342
0.598159
0.648024
0.703985
0.767262
0.839407
0.922428
1.01897
1.13258
1.26813
1.4325
1.63563
1.89237
2.22553
2.67149
3.29079
4.17965
5.4684
7.38913
10.6166
15.463
-23.9264
-12.1113
-6.49443
-4.20959
-2.99854
-2.26406
-1.79759
-1.4814
-1.25299
-1.08035
-0.945585
-0.837789
-0.74988
-0.677051
-0.615901
-0.563947
-0.519334
-0.480643
-0.446774
-0.416859
-0.390207
-0.366259
-0.344564
-0.32475
-0.30651
-0.289593
-0.273786
-0.258914
-0.244827
-0.231402
-0.218531
-0.206125
-0.194107
-0.182414
-0.170988
-0.159783
-0.148759
-0.137881
-0.127118
-0.116445
-0.105838
-0.0952765
-0.0847411
-0.074215
-0.0636826
-0.0531295
-0.042542
-0.0319069
-0.0212111
-0.0104411
0.000416684
0.0113762
0.0224519
0.0336587
0.0450133
0.0565343
0.0682423
0.0801602
0.0923134
0.10473
0.117441
0.130481
0.143888
0.157706
0.171982
0.186772
0.202135
0.218143
0.234874
0.252418
0.270878
0.290374
0.311043
0.333042
0.356557
0.381799
0.409021
0.438516
0.470635
0.505795
0.544501
0.587366
0.635145
0.688781
0.74946
0.818705
0.8985
0.99149
1.10128
1.23295
1.39391
1.59556
1.85638
2.20915
2.71733
3.50185
4.78088
7.16168
12.8961
24.8345
)
;

boundaryField
{
    movingWall
    {
        type            zeroGradient;
    }
    fixedWalls
    {
        type            zeroGradient;
    }
    frontAndBack
    {
        type            empty;
    }
}


// ************************************************************************* //
