/*--------------------------------*- C++ -*----------------------------------*\
| =========                 |                                                 |
| \\      /  F ield         | OpenFOAM: The Open Source CFD Toolbox           |
|  \\    /   O peration     | Version:  2212                                  |
|   \\  /    A nd           | Website:  www.openfoam.com                      |
|    \\/     M anipulation  |                                                 |
\*---------------------------------------------------------------------------*/
FoamFile
{
    version     2.0;
    format      ascii;
    arch        "LSB;label=32;scalar=64";
    class       volScalarField;
    location    "0.016";
    object      p;
}
// * * * * * * * * * * * * * * * * * * * * * * * * * * * * * * * * * * * * * //

dimensions      [0 2 -2 0 0 0 0];

internalField   nonuniform List<scalar> 
10000
(
1.75147e-07
-6.93748e-06
-0.000283589
-0.000833032
-0.0015827
-0.00246574
-0.00342799
-0.00442515
-0.00542197
-0.006389
-0.00730191
-0.00814078
-0.00888875
-0.00953139
-0.010057
-0.0104566
-0.0107233
-0.0108522
-0.0108398
-0.0106832
-0.0103814
-0.00993385
-0.00934031
-0.00860075
-0.00771597
-0.00668778
-0.00551933
-0.00421486
-0.00277874
-0.00121502
0.000472341
0.00227908
0.00420044
0.0062313
0.00836624
0.0105996
0.0129259
0.015339
0.0178335
0.0204036
0.023044
0.0257492
0.0285136
0.0313313
0.0341956
0.0370999
0.0400374
0.0430017
0.0459868
0.048986
0.0519924
0.0549987
0.0579976
0.0609822
0.0639456
0.0668808
0.0697811
0.0726395
0.0754493
0.0782037
0.0808957
0.0835187
0.0860665
0.0885328
0.0909118
0.0931974
0.0953837
0.0974647
0.0994351
0.101289
0.103022
0.104628
0.106102
0.107439
0.108635
0.109687
0.110592
0.111347
0.111952
0.112406
0.112709
0.112862
0.112866
0.112725
0.112444
0.112029
0.111488
0.110832
0.110073
0.109225
0.108306
0.107336
0.106342
0.105355
0.104411
0.103554
0.102835
0.102309
0.102038
0.102029
1.75196e-05
-7.13883e-06
-0.00026209
-0.000733048
-0.00136139
-0.00209918
-0.00290594
-0.00374705
-0.00459278
-0.00541714
-0.00619751
-0.00691481
-0.00755267
-0.00809739
-0.00853726
-0.00886257
-0.00906637
-0.00914351
-0.0090899
-0.00890272
-0.00857993
-0.00812029
-0.00752347
-0.00678942
-0.00591847
-0.00491165
-0.00377108
-0.00250003
-0.00110257
0.000417086
0.00205488
0.00380683
0.00566888
0.0076365
0.00970472
0.0118682
0.0141212
0.0164582
0.0188738
0.0213627
0.0239199
0.0265403
0.0292184
0.0319481
0.034723
0.0375366
0.0403826
0.0432548
0.0461471
0.0490531
0.0519657
0.0548779
0.057783
0.0606739
0.063544
0.0663863
0.0691941
0.0719611
0.0746807
0.0773462
0.0799511
0.0824891
0.0849544
0.0873408
0.0896429
0.0918548
0.0939709
0.0959857
0.0978942
0.0996913
0.101372
0.102931
0.104363
0.105666
0.106834
0.107865
0.108757
0.109508
0.110116
0.110583
0.110908
0.111092
0.111139
0.111052
0.110836
0.110497
0.110045
0.109489
0.108841
0.108116
0.10733
0.106502
0.105657
0.104822
0.104028
0.103312
0.102711
0.102266
0.102028
0.102019
0.00028553
0.000218517
-4.41873e-05
-0.000482059
-0.00104441
-0.00169464
-0.00240199
-0.00313877
-0.00388002
-0.00460317
-0.00528766
-0.00591526
-0.00647075
-0.00694103
-0.00731475
-0.00758265
-0.00773735
-0.0077735
-0.00768736
-0.00747573
-0.00713611
-0.00666662
-0.00606635
-0.00533526
-0.00447383
-0.00348287
-0.00236391
-0.00111945
0.00024705
0.00173162
0.00333016
0.00503875
0.00685368
0.00877089
0.0107857
0.0128929
0.0150872
0.0173629
0.0197149
0.0221383
0.0246284
0.0271804
0.0297886
0.0324471
0.0351494
0.0378894
0.0406611
0.0434586
0.0462758
0.0491062
0.0519429
0.0547791
0.0576081
0.0604231
0.0632174
0.0659844
0.0687174
0.0714102
0.0740568
0.0766504
0.0791848
0.0816543
0.0840533
0.0863759
0.0886165
0.0907696
0.0928298
0.0947919
0.0966511
0.0984027
0.100042
0.101564
0.102964
0.10424
0.105387
0.106402
0.107285
0.108032
0.108644
0.109121
0.109464
0.109674
0.109754
0.109709
0.109544
0.109265
0.10888
0.1084
0.107835
0.107199
0.106508
0.10578
0.105037
0.104303
0.103604
0.102971
0.102434
0.102025
0.101787
0.101747
0.000787559
0.00063761
0.000335615
-0.000100694
-0.000635582
-0.00123959
-0.00188864
-0.00255941
-0.00323108
-0.00388409
-0.00449989
-0.00506206
-0.00555606
-0.00596936
-0.00629179
-0.00651456
-0.00663044
-0.00663412
-0.00652171
-0.00629012
-0.00593681
-0.00545947
-0.00485643
-0.00412724
-0.00327237
-0.00229287
-0.00119053
3.24029e-05
0.00137317
0.00282839
0.00439439
0.00606739
0.00784371
0.00971947
0.0116901
0.0137506
0.0158957
0.0181202
0.0204192
0.022788
0.0252222
0.0277169
0.0302666
0.0328653
0.0355066
0.0381847
0.0408939
0.0436286
0.0463827
0.0491497
0.0519226
0.054695
0.0574602
0.0602113
0.0629418
0.0656452
0.0683153
0.0709458
0.0735308
0.0760641
0.0785396
0.0809519
0.0832957
0.0855653
0.087755
0.0898596
0.0918737
0.0937925
0.0956113
0.0973256
0.0989307
0.100422
0.101797
0.103051
0.104182
0.105186
0.106061
0.106806
0.107422
0.107907
0.108264
0.108496
0.108604
0.108593
0.108468
0.108236
0.107903
0.107479
0.106975
0.106403
0.10578
0.105121
0.104445
0.103773
0.103129
0.102537
0.102022
0.101613
0.101339
0.10122
0.00147205
0.00120789
0.000843729
0.000387252
-0.000143634
-0.000726288
-0.00134076
-0.00196827
-0.0025909
-0.00319154
-0.00375435
-0.00426457
-0.00470875
-0.00507531
-0.00535468
-0.00553903
-0.00562181
-0.00559771
-0.00546255
-0.00521334
-0.00484751
-0.00436282
-0.00375747
-0.00303041
-0.00218161
-0.00121216
-0.000124079
0.0010802
0.00239814
0.00382683
0.00536318
0.00700393
0.00874542
0.0105837
0.0125144
0.0145324
0.0166328
0.0188106
0.0210612
0.0233803
0.0257636
0.028206
0.0307022
0.0332461
0.0358315
0.0384531
0.0411053
0.0437826
0.0464788
0.0491876
0.0519023
0.0546163
0.057323
0.0600156
0.0626876
0.0653328
0.067945
0.0705185
0.0730474
0.0755255
0.0779473
0.0803078
0.0826017
0.0848231
0.0869666
0.0890273
0.0910002
0.0928801
0.0946626
0.0963435
0.0979183
0.0993834
0.100735
0.101971
0.103087
0.104081
0.104949
0.105693
0.106312
0.106805
0.107176
0.107426
0.107558
0.107577
0.107487
0.107293
0.107003
0.106625
0.10617
0.105649
0.105078
0.10447
0.103842
0.103211
0.102597
0.102022
0.101506
0.101072
0.100734
0.100499
0.00229601
0.00189749
0.0014539
0.000958859
0.000411204
-0.000170751
-0.000771101
-0.00137452
-0.00196597
-0.00253081
-0.00305498
-0.00352564
-0.00393102
-0.00426052
-0.00450524
-0.00465812
-0.00471337
-0.00466615
-0.00451224
-0.00424824
-0.00387153
-0.00338
-0.00277203
-0.00204657
-0.00120341
-0.000243363
0.000831822
0.00201969
0.00331763
0.00472301
0.00623308
0.00784499
0.00955531
0.0113601
0.0132548
0.0152347
0.0172948
0.0194306
0.0216377
0.0239121
0.0262496
0.0286449
0.0310926
0.0335868
0.036122
0.0386927
0.0412935
0.043919
0.046563
0.0492191
0.0518811
0.0545424
0.0571963
0.0598359
0.062455
0.0650478
0.0676082
0.0701302
0.0726084
0.0750372
0.0774111
0.0797251
0.0819741
0.0841524
0.0862547
0.0882764
0.0902124
0.092058
0.0938086
0.0954601
0.0970085
0.0984502
0.0997822
0.101001
0.102104
0.103088
0.103952
0.104694
0.105316
0.105817
0.106199
0.106465
0.106618
0.106661
0.106599
0.106437
0.10618
0.105839
0.105422
0.10494
0.104406
0.103834
0.103236
0.102627
0.102025
0.101446
0.100909
0.100432
0.10001
0.0996361
0.00321612
0.00267348
0.00213786
0.0015888
0.00100754
0.0004084
-0.000194963
-0.000790629
-0.00136647
-0.00190993
-0.00240877
-0.00285161
-0.00322834
-0.00352987
-0.0037481
-0.00387647
-0.00390985
-0.00384388
-0.00367478
-0.00339898
-0.00301363
-0.0025165
-0.00190603
-0.00118144
-0.000342807
0.000609005
0.0016726
0.00284584
0.00412622
0.00551135
0.00699868
0.00858546
0.0102685
0.0120437
0.0139067
0.0158528
0.0178773
0.0199758
0.0221446
0.0243796
0.0266765
0.0290301
0.0314349
0.0338852
0.0363757
0.0389015
0.041457
0.0440364
0.046634
0.0492438
0.051859
0.0544734
0.0570803
0.059673
0.0622454
0.0647918
0.0673063
0.0697832
0.0722171
0.0746025
0.0769342
0.0792074
0.0814169
0.0835572
0.0856234
0.087611
0.0895153
0.0913312
0.0930542
0.0946806
0.0962062
0.0976279
0.0989425
0.100147
0.101238
0.102214
0.103073
0.103814
0.104438
0.104946
0.105338
0.105617
0.105786
0.105849
0.105808
0.105669
0.105439
0.105125
0.104735
0.104281
0.103772
0.10322
0.102637
0.102034
0.101427
0.100829
0.100255
0.0997201
0.0992025
0.0986792
0.00419272
0.00350201
0.00286662
0.00225301
0.00162537
0.000995461
0.000375157
-0.000226281
-0.000799129
-0.00133315
-0.00181783
-0.00224321
-0.00260053
-0.00288209
-0.00308098
-0.00319133
-0.0032083
-0.00312781
-0.00294649
-0.00266121
-0.00226906
-0.00176764
-0.00115538
-0.000431647
0.000403242
0.00134823
0.00240186
0.00356229
0.00482736
0.00619496
0.00766277
0.00922792
0.0108872
0.0126368
0.0144721
0.0163885
0.0183818
0.020448
0.0225833
0.024784
0.0270455
0.0293624
0.0317296
0.0341418
0.0365936
0.03908
0.0415957
0.044135
0.0466921
0.049261
0.0518353
0.0544086
0.0569743
0.0595259
0.0620576
0.0645638
0.0670386
0.0694764
0.0718719
0.0742199
0.0765153
0.078753
0.0809282
0.0830355
0.0850706
0.0870292
0.0889064
0.090697
0.0923968
0.0940019
0.0955085
0.0969129
0.0982124
0.099404
0.100485
0.101453
0.102308
0.103049
0.103676
0.104188
0.104588
0.104878
0.105059
0.105136
0.105111
0.10499
0.104778
0.104483
0.104113
0.103675
0.10318
0.102636
0.102054
0.101445
0.10082
0.10019
0.0995681
0.098965
0.0983439
0.0976686
0.00519092
0.00435274
0.00361374
0.0029283
0.00224555
0.00157515
0.000927271
0.000309272
-0.000271074
-0.000805406
-0.00128517
-0.00170199
-0.0020481
-0.00231691
-0.00250277
-0.00260068
-0.00260613
-0.00251535
-0.00232497
-0.00203223
-0.00163453
-0.00112965
-0.000516134
0.000206531
0.001038
0.0019772
0.00302242
0.004172
0.00542416
0.00677687
0.00822804
0.00977492
0.011414
0.0131415
0.0149529
0.0168437
0.0188101
0.0208486
0.0229555
0.0251266
0.0273575
0.029643
0.031978
0.0343573
0.0367759
0.0392287
0.0417102
0.0442146
0.0467367
0.0492705
0.0518095
0.0543473
0.0568775
0.0593939
0.0618908
0.0643628
0.0668039
0.0692085
0.0715717
0.0738881
0.0761525
0.0783601
0.0805061
0.0825857
0.0845947
0.086529
0.0883836
0.0901534
0.091834
0.0934216
0.0949122
0.0963023
0.0975889
0.0987695
0.0998418
0.100804
0.101656
0.102397
0.103025
0.103541
0.103947
0.104243
0.104434
0.104521
0.104507
0.104398
0.104199
0.103916
0.103556
0.103126
0.102634
0.102088
0.101498
0.100872
0.100219
0.099548
0.0988693
0.0981918
0.0974644
0.0966389
0.00618238
0.00520006
0.0043564
0.00359465
0.00285086
0.00213287
0.00144976
0.000806872
0.000210558
-0.000332305
-0.000815
-0.00123065
-0.00157269
-0.00183543
-0.00201401
-0.00210424
-0.00210234
-0.0020048
-0.00180844
-0.00151046
-0.0011085
-0.000600811
1.37229e-05
0.000735424
0.00156385
0.00249801
0.00353625
0.00467686
0.00591841
0.00725905
0.00869645
0.010228
0.0118503
0.0135591
0.0153502
0.0172197
0.0191639
0.0211791
0.0232621
0.0254085
0.0276137
0.0298727
0.0321807
0.0345326
0.0369234
0.0393477
0.0418002
0.0442755
0.0467682
0.0492723
0.0517814
0.0542892
0.0567896
0.0592766
0.0617446
0.0641881
0.0666013
0.0689787
0.0713153
0.0736057
0.0758446
0.0780274
0.0801495
0.0822066
0.0841945
0.0861091
0.0879455
0.0896984
0.0913636
0.0929372
0.0944151
0.0957935
0.0970696
0.0982414
0.0993069
0.100265
0.101115
0.101855
0.102484
0.103002
0.103411
0.103712
0.103909
0.104002
0.103996
0.103894
0.103702
0.103424
0.103067
0.102637
0.10214
0.101585
0.100979
0.100327
0.0996389
0.0989191
0.0981779
0.0974224
0.0965886
0.0956175
0.00714399
0.00602267
0.00507531
0.00423537
0.00342636
0.00265573
0.00193168
0.00125776
0.000638772
8.03579e-05
-0.000411883
-0.000832604
-0.00117663
-0.0014391
-0.00161567
-0.00170266
-0.00169704
-0.00159565
-0.00139564
-0.00109436
-0.000689594
-0.000179911
0.000435356
0.00115635
0.0019824
0.00291236
0.00394498
0.00507862
0.00631174
0.00764283
0.00906951
0.0105888
0.0121972
0.013891
0.0156657
0.0175178
0.019444
0.0214408
0.0235044
0.0256306
0.0278149
0.0300525
0.0323387
0.0346684
0.0370364
0.0394374
0.0418664
0.0443179
0.0467865
0.0492663
0.0517509
0.0542344
0.0567107
0.0591739
0.0616186
0.0640393
0.0664301
0.0687858
0.0711014
0.0733713
0.0755901
0.0777534
0.079857
0.0818967
0.0838682
0.0857675
0.0875896
0.0893295
0.0909829
0.0925458
0.0940139
0.0953835
0.0966518
0.0978172
0.098878
0.0998328
0.10068
0.101419
0.102048
0.102567
0.102978
0.103282
0.103482
0.103579
0.103576
0.103477
0.103286
0.103008
0.102648
0.102211
0.101704
0.101132
0.100503
0.09982
0.0990899
0.0983169
0.0975099
0.0966751
0.0957365
0.0946256
0.00805697
0.00680257
0.0057541
0.0048355
0.00395922
0.00313242
0.00236312
0.00165347
0.00100654
0.000426933
-8.06466e-05
-0.000511979
-0.000863078
-0.00112999
-0.00130902
-0.00139687
-0.00139078
-0.00128817
-0.00108638
-0.000783212
-0.000376841
0.000134038
0.000749747
0.00147014
0.00229448
0.00322143
0.00424977
0.00537836
0.00660555
0.00792947
0.00934797
0.010858
0.0124559
0.0141378
0.0159
0.0177392
0.0196518
0.0216344
0.0236832
0.0257938
0.0279621
0.0301834
0.0324528
0.0347653
0.0371155
0.0394986
0.0419093
0.0443423
0.0467921
0.049253
0.0517186
0.0541832
0.0566409
0.0590859
0.0615127
0.0639159
0.0662898
0.0686293
0.0709292
0.0731838
0.0753878
0.0775369
0.0796272
0.0816543
0.0836139
0.085502
0.0873136
0.0890441
0.0906891
0.0922445
0.0937059
0.0950696
0.096333
0.0974945
0.0985523
0.0995047
0.10035
0.101088
0.101716
0.102235
0.102647
0.102952
0.103153
0.103251
0.103249
0.103148
0.102954
0.10267
0.102302
0.101853
0.10133
0.100737
0.100079
0.0993594
0.0985835
0.0977542
0.0968796
0.0959655
0.0949245
0.0936805
0.00890662
0.00752535
0.00637851
0.00538199
0.00443791
0.00355282
0.00273499
0.00198574
0.00130688
0.00070163
0.000173762
-0.000273058
-0.000635636
-0.000910977
-0.0010961
-0.00118815
-0.00118444
-0.00108284
-0.000881051
-0.000577193
-0.000170073
0.000341368
0.000957428
0.00167742
0.0025005
0.00342568
0.0044516
0.0055769
0.00680024
0.00811969
0.00953271
0.0110362
0.0126267
0.0143005
0.0160542
0.0178844
0.0197878
0.0217606
0.023799
0.0258989
0.028056
0.0302658
0.0325235
0.0348237
0.0371613
0.0395315
0.0419292
0.044349
0.0467855
0.0492327
0.0516848
0.0541361
0.0565807
0.0590127
0.0614267
0.0638177
0.06618
0.0685085
0.0707977
0.0730422
0.0752366
0.0773769
0.0794588
0.0814779
0.0834299
0.0853108
0.0871158
0.0888405
0.0904805
0.0920317
0.0934897
0.0948505
0.0961118
0.0972717
0.0983282
0.0992792
0.100123
0.10086
0.101487
0.102006
0.102418
0.102723
0.102924
0.10302
0.103014
0.102909
0.102708
0.102415
0.102034
0.10157
0.101026
0.100407
0.0997152
0.0989557
0.098131
0.0972433
0.0963003
0.0953072
0.0941674
0.092797
0.00968125
0.00817906
0.0069369
0.00586373
0.00485191
0.00390757
0.00303894
0.00224694
0.00153273
0.00089826
0.00034627
-0.000120079
-0.000498035
-0.000785268
-0.000979466
-0.00107828
-0.00107927
-0.000980464
-0.000780256
-0.000476988
-6.96716e-05
0.00044201
0.00105816
0.00177819
0.00260096
0.00352542
0.00455048
0.00567466
0.00689635
0.00821359
0.00962372
0.0111236
0.0127099
0.0143793
0.0161284
0.0179539
0.0198522
0.0218195
0.023852
0.0259458
0.0280967
0.0303
0.0325506
0.0348436
0.0371737
0.0395363
0.0419263
0.0443381
0.0467665
0.0492056
0.0516498
0.0540931
0.0565298
0.058954
0.0613606
0.0637446
0.0661006
0.0684231
0.0707068
0.0729463
0.0751363
0.0772726
0.0793509
0.0813666
0.0833153
0.0851931
0.0869954
0.088718
0.0903566
0.091907
0.0933647
0.0947258
0.0959876
0.097148
0.0982048
0.0991558
0.0999997
0.100736
0.101363
0.101881
0.102293
0.102597
0.102795
0.102887
0.102875
0.102763
0.102552
0.102248
0.101852
0.101367
0.100799
0.100149
0.0994213
0.0986187
0.097743
0.0967954
0.0957836
0.0947127
0.0934777
0.0919877
0.0103706
0.00875364
0.00741975
0.00627095
0.00519164
0.00418766
0.00326689
0.00242979
0.00167722
0.00101053
0.000431504
-5.74823e-05
-0.000454025
-0.000756127
-0.000961894
-0.00106941
-0.00107692
-0.000982461
-0.000784895
-0.000483232
-7.65298e-05
0.000435313
0.00105175
0.00177214
0.00259556
0.00352082
0.00454663
0.00567152
0.00689376
0.00821112
0.00962091
0.0111201
0.0127056
0.0143743
0.0161228
0.0179475
0.0198447
0.0218108
0.023842
0.0259345
0.0280838
0.0302852
0.0325337
0.0348244
0.0371523
0.0395126
0.0419
0.0443091
0.0467347
0.0491713
0.0516129
0.0540537
0.0564878
0.0589097
0.0613142
0.0636965
0.0660512
0.0683729
0.0706562
0.0728957
0.0750863
0.0772236
0.079303
0.0813197
0.0832695
0.0851484
0.0869521
0.0886765
0.0903173
0.0918703
0.0933308
0.0946948
0.0959595
0.0971226
0.0981816
0.0991343
0.0999794
0.100716
0.101344
0.101862
0.102272
0.102574
0.102768
0.102854
0.102835
0.102713
0.102491
0.102172
0.101758
0.10125
0.100653
0.0999706
0.0992041
0.0983561
0.0974277
0.0964194
0.0953388
0.0941917
0.0928652
0.0912619
0.0109659
0.00924033
0.00781816
0.00659527
0.0054487
0.00438463
0.0034109
0.00252708
0.00173381
0.00103242
0.000423928
-9.00788e-05
-0.00050753
-0.000826727
-0.00104615
-0.0011641
-0.00117929
-0.00109052
-0.000896667
-0.000597045
-0.000191369
0.000320287
0.000937318
0.00165889
0.00248404
0.0034115
0.00443978
0.00556728
0.00679211
0.00811191
0.00952397
0.0110255
0.0126137
0.0142854
0.0160369
0.0178646
0.0197648
0.021734
0.0237684
0.025864
0.0280164
0.0302206
0.032472
0.0347656
0.0370963
0.0394593
0.0418494
0.0442612
0.0466895
0.0491289
0.0515734
0.0540169
0.0564539
0.0588788
0.0612867
0.0636728
0.0660315
0.0683574
0.0706454
0.0728899
0.075086
0.0772289
0.079314
0.0813364
0.0832916
0.0851761
0.0869856
0.0887157
0.0903623
0.0919209
0.093387
0.0947565
0.0960265
0.0971944
0.0982577
0.099214
0.100062
0.100801
0.10143
0.101949
0.102357
0.102655
0.102844
0.102923
0.102895
0.102763
0.102528
0.102192
0.101756
0.101222
0.100595
0.0998767
0.0990693
0.0981741
0.0971917
0.096122
0.0949733
0.0937519
0.0923373
0.0906264
0.0114602
0.00963091
0.00812388
0.00682882
0.00561544
0.00449083
0.00346337
0.00253187
0.00169634
0.000958154
0.00031825
-0.000222551
-0.000662721
-0.00100057
-0.00123493
-0.00136482
-0.00138896
-0.00130663
-0.00111718
-0.000820174
-0.000415696
9.5892e-05
0.00071398
0.00143767
0.00226575
0.00319682
0.00422932
0.00536138
0.00659086
0.00791541
0.00933259
0.0108398
0.0124341
0.0141121
0.0158703
0.0177048
0.0196121
0.0215887
0.0236307
0.0257339
0.0278938
0.0301057
0.0323648
0.0346663
0.0370049
0.0393758
0.0417737
0.0441934
0.0466299
0.0490775
0.0515301
0.0539818
0.0564271
0.0588606
0.0612775
0.0636726
0.0660406
0.068376
0.0706737
0.0729282
0.0751345
0.0772879
0.0793833
0.0814158
0.0833812
0.0852758
0.0870953
0.0888351
0.0904908
0.0920581
0.0935324
0.09491
0.0961877
0.0973629
0.0984327
0.0993947
0.100248
0.10099
0.101621
0.10214
0.102546
0.102841
0.103023
0.103095
0.103058
0.102914
0.102664
0.102309
0.101849
0.101288
0.100628
0.0998729
0.0990227
0.0980787
0.0970411
0.09591
0.094694
0.0934001
0.0919004
0.0900865
0.0118476
0.00991851
0.00832927
0.00696368
0.00568451
0.00449928
0.00341739
0.00243751
0.0015589
0.000782526
0.000109512
-0.000459405
-0.000923397
-0.00128118
-0.00153165
-0.00167426
-0.00170832
-0.00163317
-0.00144855
-0.00115452
-0.000751286
-0.000239319
0.000380589
0.00110737
0.00193968
0.00287595
0.00391437
0.00505286
0.00628918
0.00762114
0.00904646
0.0105626
0.0121663
0.0138542
0.0156226
0.0174678
0.0193864
0.0213746
0.0234283
0.0255434
0.0277155
0.0299399
0.0322117
0.034526
0.0368775
0.0392612
0.0416722
0.0441052
0.046555
0.049016
0.051482
0.0539474
0.0564066
0.0588544
0.0612857
0.0636955
0.066078
0.068428
0.0707406
0.0730102
0.0752316
0.0774
0.0795104
0.0815579
0.0835383
0.0854476
0.0872813
0.0890345
0.0907027
0.0922818
0.0937675
0.0951559
0.0964441
0.097629
0.0987077
0.0996776
0.100537
0.101285
0.101919
0.102438
0.102843
0.103134
0.103311
0.103376
0.103329
0.103171
0.102904
0.102527
0.102043
0.101452
0.100759
0.0999649
0.0990703
0.0980761
0.0969825
0.0957899
0.0945075
0.0931423
0.0915602
0.0896473
0.0121233
0.0100976
0.00842778
0.00699283
0.0056489
0.00440346
0.00326683
0.00223794
0.00131564
0.000500475
-0.000206617
-0.00080482
-0.0012935
-0.00167197
-0.00193956
-0.00209567
-0.00214013
-0.00207267
-0.00189329
-0.00160229
-0.00120004
-0.000687105
-6.44573e-05
0.000666598
0.00150454
0.00244759
0.00349369
0.00464059
0.00588619
0.00722845
0.00866506
0.0101932
0.0118097
0.0135109
0.0152933
0.0171533
0.0190872
0.0210912
0.0231609
0.0252924
0.0274813
0.029723
0.0320124
0.0343443
0.0367136
0.0391153
0.0415444
0.0439959
0.0464642
0.0489438
0.0514286
0.0539131
0.056392
0.0588597
0.0613111
0.0637408
0.0661433
0.0685134
0.0708461
0.0731359
0.0753774
0.0775657
0.079696
0.0817635
0.0837637
0.0856923
0.0875442
0.0893145
0.090999
0.0925934
0.0940937
0.0954961
0.0967975
0.0979946
0.0990845
0.100064
0.100932
0.101686
0.102324
0.102845
0.103249
0.103537
0.10371
0.103767
0.103709
0.103537
0.103251
0.102852
0.102341
0.10172
0.100992
0.100157
0.0992167
0.0981712
0.0970213
0.0957671
0.0944187
0.0929836
0.0913213
0.0893128
0.0122827
0.0101631
0.00841422
0.00691059
0.00550263
0.00419759
0.00300617
0.00192789
0.000961455
0.000107037
-0.000634583
-0.00126272
-0.0017769
-0.00217677
-0.00246199
-0.0026323
-0.00268762
-0.00262815
-0.00245417
-0.002166
-0.00176417
-0.00124948
-0.000623094
0.000113522
0.000958605
0.00191008
0.00296569
0.00412328
0.00538089
0.00673645
0.00818744
0.00973085
0.0113634
0.0130816
0.014882
0.0167608
0.018714
0.0207377
0.0228279
0.0249803
0.0271908
0.0294545
0.0317661
0.0341206
0.0365126
0.0389374
0.04139
0.0438649
0.0463569
0.0488603
0.0513695
0.053879
0.0563831
0.0588763
0.0613532
0.0638085
0.0662366
0.0686324
0.0709907
0.0733059
0.0755726
0.077786
0.0799413
0.0820338
0.0840585
0.0860106
0.0878849
0.0896763
0.0913808
0.0929944
0.094513
0.0959325
0.0972498
0.0984617
0.0995648
0.100556
0.101434
0.102195
0.102839
0.103363
0.103768
0.104054
0.104222
0.104271
0.104201
0.104013
0.103707
0.103285
0.102747
0.102095
0.10133
0.100453
0.0994656
0.098368
0.0971612
0.0958456
0.0944315
0.0929273
0.0911865
0.0890853
0.0123212
0.0101103
0.00828408
0.00671225
0.00524051
0.00387656
0.00263064
0.00150267
0.000491762
-0.00040222
-0.00117878
-0.00183735
-0.00237763
-0.00279951
-0.0031028
-0.00328769
-0.00335431
-0.00330301
-0.00313421
-0.0028484
-0.00244628
-0.0019289
-0.00129759
-0.000554029
0.000299713
0.00126133
0.00232857
0.00349943
0.00477191
0.00614373
0.00761208
0.00917393
0.0108261
0.0125652
0.0143875
0.016289
0.0182656
0.0203134
0.0224284
0.0246065
0.0268432
0.0291335
0.0314722
0.033854
0.036274
0.038727
0.041208
0.0437116
0.0462326
0.0487654
0.0513046
0.0538446
0.0563796
0.0589038
0.0614119
0.0638984
0.0663579
0.0687851
0.0711745
0.0735205
0.0758177
0.0780615
0.0802471
0.0823693
0.0844231
0.086403
0.0883037
0.0901205
0.0918494
0.0934863
0.0950267
0.0964666
0.0978026
0.0990314
0.10015
0.101155
0.102044
0.102815
0.103465
0.103994
0.104401
0.104686
0.104849
0.104889
0.104806
0.104602
0.104277
0.10383
0.103264
0.102579
0.101776
0.100856
0.0998205
0.0986702
0.0974062
0.0960289
0.0945494
0.092977
0.091159
0.088967
0.0122354
0.00993495
0.00803296
0.00639384
0.0048584
0.00343564
0.00213564
0.00095796
-9.77731e-05
-0.00103165
-0.00184356
-0.00253311
-0.00310002
-0.0035443
-0.00386616
-0.00406593
-0.00414398
-0.00410073
-0.00393669
-0.00365259
-0.00324934
-0.00272814
-0.00209059
-0.00133867
-0.00047469
0.000499032
0.00158036
0.00276722
0.00405739
0.00544827
0.00693704
0.00852078
0.0101964
0.0119602
0.0138082
0.0157364
0.0177405
0.0198168
0.0219612
0.0241696
0.0264372
0.0287588
0.0311294
0.0335437
0.0359967
0.0384831
0.0409977
0.0435353
0.0460907
0.0486587
0.0512336
0.0538097
0.056381
0.0589417
0.0614865
0.0640101
0.0665067
0.0689709
0.071397
0.0737793
0.0761127
0.0783924
0.0806133
0.08277
0.0848571
0.0868692
0.088801
0.0906478
0.0924055
0.0940696
0.0956356
0.0970992
0.0984568
0.0997052
0.100841
0.101862
0.102765
0.103547
0.104206
0.104741
0.105151
0.105435
0.105593
0.105624
0.105529
0.105309
0.104963
0.104492
0.103896
0.103177
0.102335
0.101371
0.100286
0.0990829
0.0977611
0.0963219
0.0947774
0.0931369
0.0912423
0.0889606
0.0120238
0.0096342
0.00765713
0.00595166
0.0043527
0.00287083
0.00151676
0.000289422
-0.00081153
-0.00178588
-0.0026336
-0.00335454
-0.00394857
-0.00441572
-0.0047565
-0.00497132
-0.00506067
-0.00502506
-0.0048652
-0.00458202
-0.00417659
-0.00365036
-0.00300523
-0.00224346
-0.00136739
-0.000379245
0.000718778
0.00192433
0.00323486
0.00464773
0.00616023
0.00776952
0.00947228
0.0112646
0.0131423
0.0151011
0.0171372
0.0192466
0.0214251
0.0236683
0.0259713
0.0283291
0.0307366
0.0331886
0.0356797
0.0382046
0.0407581
0.0433352
0.0459308
0.0485396
0.0511557
0.0537734
0.0563865
0.0589894
0.0615766
0.0641429
0.0666824
0.0691892
0.0716576
0.074082
0.0764572
0.0787781
0.0810394
0.0832354
0.0853605
0.0874094
0.089377
0.0912585
0.0930495
0.0947452
0.0963406
0.0978312
0.0992136
0.100485
0.101641
0.10268
0.103599
0.104394
0.105064
0.105606
0.10602
0.106304
0.106458
0.106481
0.106374
0.106137
0.105771
0.105274
0.104648
0.103893
0.103011
0.102003
0.100869
0.0996111
0.0982311
0.09673
0.09512
0.0934113
0.0914403
0.0890689
0.0116854
0.00920593
0.00715358
0.00538211
0.00371982
0.00217844
0.000769801
-0.000507534
-0.00165418
-0.00266966
-0.00355381
-0.00430663
-0.00492817
-0.00541865
-0.0057785
-0.00600828
-0.00610857
-0.00608005
-0.00592364
-0.00564041
-0.00523167
-0.00469917
-0.00404506
-0.00327167
-0.00238129
-0.00137622
-0.000258928
0.000967898
0.0023016
0.00373968
0.0052795
0.00691806
0.00865171
0.0104763
0.0123876
0.0143816
0.0164542
0.0186012
0.0208184
0.023101
0.0254443
0.0278434
0.0302929
0.0327877
0.035322
0.0378907
0.0404887
0.0431109
0.0457524
0.0484076
0.0510706
0.0537353
0.0563958
0.0590465
0.0616819
0.0642965
0.0668844
0.0694395
0.071956
0.0744281
0.0768507
0.0792182
0.081525
0.0837652
0.0859333
0.0880241
0.0900324
0.0919535
0.0937823
0.0955136
0.0971422
0.0986636
0.100074
0.101372
0.102552
0.103612
0.104549
0.105359
0.106041
0.106592
0.10701
0.107295
0.107446
0.107463
0.107344
0.107091
0.106703
0.106179
0.105522
0.104731
0.103809
0.102755
0.101571
0.100259
0.0988204
0.0972567
0.0955807
0.0938031
0.0917551
0.0892937
0.0112188
0.00864828
0.00651959
0.00468171
0.00295599
0.00135452
-0.000109637
-0.00143776
-0.00263072
-0.00368799
-0.00460927
-0.00539459
-0.00604406
-0.00655805
-0.00693691
-0.00718136
-0.00729211
-0.00727002
-0.00711617
-0.00683185
-0.00641866
-0.00587859
-0.00521384
-0.00442671
-0.00351958
-0.00249507
-0.00135601
-0.000105198
0.00125482
0.00272164
0.00429247
0.00596397
0.00773225
0.00959312
0.0115424
0.013576
0.0156897
0.017879
0.0201394
0.0224663
0.024855
0.0273005
0.0297973
0.0323399
0.0349229
0.0375409
0.040189
0.0428622
0.0455553
0.0482626
0.0509779
0.0536953
0.056409
0.0591132
0.0618025
0.0644711
0.0671129
0.0697218
0.0722921
0.0748178
0.0772932
0.0797126
0.0820702
0.0843598
0.0865762
0.088714
0.0907681
0.0927334
0.0946044
0.0963755
0.0980415
0.0995978
0.101041
0.102368
0.103576
0.10466
0.105617
0.106445
0.10714
0.107701
0.108126
0.108414
0.108563
0.108573
0.108443
0.108173
0.107762
0.107213
0.106524
0.105697
0.104733
0.103633
0.102398
0.10103
0.0995326
0.0979054
0.0961622
0.094315
0.0921888
0.0896367
0.0106218
0.007959
0.00575252
0.00384698
0.002057
0.00039458
-0.00112624
-0.00250625
-0.00374637
-0.00484619
-0.00580531
-0.00662366
-0.0073014
-0.00783883
-0.00823653
-0.00849526
-0.00861588
-0.00859944
-0.00844722
-0.00816078
-0.00774195
-0.00719273
-0.00651532
-0.00571211
-0.00478582
-0.00373944
-0.00257596
-0.00129807
9.17497e-05
0.00159095
0.00319642
0.00490454
0.00671138
0.00861282
0.0106047
0.0126825
0.0148418
0.017078
0.0193864
0.0217627
0.024202
0.0266992
0.0292485
0.0318444
0.0344815
0.0371546
0.0398588
0.0425888
0.0453393
0.0481043
0.0508777
0.0536537
0.0564264
0.05919
0.0619389
0.064667
0.0673683
0.0700368
0.0726665
0.0752512
0.077785
0.0802618
0.0826755
0.0850201
0.0872901
0.0894803
0.0915851
0.093599
0.0955166
0.0973319
0.0990397
0.100636
0.102116
0.103477
0.104715
0.105826
0.106806
0.107653
0.108364
0.108937
0.10937
0.109663
0.109811
0.109815
0.109674
0.109387
0.108955
0.108378
0.107658
0.106794
0.105787
0.10464
0.103353
0.10193
0.100372
0.0986802
0.0968687
0.0949503
0.0927447
0.0901003
0.00989129
0.00713512
0.00484926
0.00287409
0.00101829
-0.000706261
-0.00228497
-0.00371812
-0.00500649
-0.00614969
-0.00714726
-0.00799903
-0.00870516
-0.00926595
-0.00968219
-0.00995471
-0.0100846
-0.010073
-0.00992148
-0.00963183
-0.00920587
-0.00864559
-0.00795329
-0.0071317
-0.00618391
-0.00511309
-0.00392217
-0.00261379
-0.00119054
0.000344636
0.00198837
0.00373697
0.00558659
0.00753308
0.00957199
0.0116986
0.0139081
0.016196
0.0185577
0.0209886
0.0234838
0.0260379
0.0286452
0.0313
0.033997
0.0367312
0.0394973
0.0422899
0.0451035
0.0479321
0.0507697
0.0536104
0.0564482
0.0592771
0.0620912
0.0648847
0.0676512
0.0703848
0.0730795
0.0757288
0.0783265
0.0808662
0.0833416
0.0857468
0.0880761
0.0903238
0.0924841
0.0945514
0.0965201
0.0983844
0.100139
0.101779
0.103301
0.1047
0.105972
0.107113
0.108119
0.108989
0.109718
0.110305
0.110749
0.111047
0.111196
0.111194
0.111042
0.110739
0.110286
0.109683
0.10893
0.108028
0.106978
0.105783
0.104444
0.102964
0.101344
0.0995859
0.0977045
0.0957133
0.0934266
0.0906872
0.0090242
0.0061729
0.00380592
0.00175893
-0.000164815
-0.00195307
-0.00359102
-0.00507863
-0.00641639
-0.00760378
-0.00864032
-0.0095258
-0.0102603
-0.0108444
-0.0112788
-0.0115646
-0.011703
-0.0116955
-0.0115438
-0.0112495
-0.0108146
-0.0102412
-0.00953178
-0.00868957
-0.00771781
-0.00661963
-0.00539792
-0.00405547
-0.00259528
-0.00102056
0.000665241
0.0024585
0.00435533
0.00635135
0.00844178
0.0106216
0.0128862
0.0152308
0.017651
0.0201419
0.0226983
0.0253147
0.0279855
0.0307051
0.033468
0.0362692
0.0391031
0.0419642
0.0448469
0.0477452
0.0506532
0.0535649
0.0564738
0.0593739
0.0622593
0.0651239
0.0679616
0.0707662
0.0735314
0.0762508
0.078918
0.0815263
0.0840693
0.0865407
0.0889347
0.0912451
0.093466
0.0955916
0.0976164
0.0995346
0.101341
0.10303
0.104597
0.106038
0.107348
0.108523
0.109559
0.110454
0.111204
0.111809
0.112265
0.112569
0.112719
0.112714
0.112552
0.112234
0.111761
0.111131
0.110345
0.109404
0.108311
0.107067
0.105674
0.104136
0.102452
0.100626
0.098673
0.0966071
0.0942369
0.0913992
0.00801736
0.00506823
0.00261799
0.000497004
-0.00149701
-0.00335097
-0.0050497
-0.00659306
-0.00798127
-0.00921365
-0.0102896
-0.0112091
-0.0119721
-0.0125793
-0.0130315
-0.0133301
-0.0134765
-0.0134721
-0.0133189
-0.0130183
-0.0125724
-0.0119837
-0.0112551
-0.0103899
-0.00939129
-0.00826246
-0.00700647
-0.00562649
-0.00412584
-0.00250784
-0.000775862
0.00106645
0.00301494
0.00506489
0.00721132
0.00944915
0.0117737
0.0141803
0.0166641
0.0192202
0.0218432
0.0245275
0.0272676
0.0300578
0.0328927
0.0357667
0.0386743
0.04161
0.0445679
0.0475422
0.0505268
0.0535156
0.056502
0.0594795
0.0624423
0.0653842
0.068299
0.0711804
0.074022
0.0768172
0.0795596
0.0822423
0.0848587
0.0874021
0.0898662
0.0922446
0.0945314
0.0967206
0.0988067
0.100784
0.102647
0.10439
0.106007
0.107494
0.108846
0.110058
0.111128
0.112052
0.112827
0.113452
0.113922
0.114234
0.114387
0.114379
0.114209
0.113878
0.113384
0.112727
0.111907
0.110927
0.10979
0.108496
0.107048
0.105449
0.103701
0.101804
0.0997769
0.097634
0.0951767
0.0922372
0.00686787
0.00381709
0.00128077
-0.000916497
-0.00298314
-0.00490499
-0.00666622
-0.00826667
-0.00970639
-0.0109846
-0.0121006
-0.0130544
-0.013846
-0.0144762
-0.014946
-0.0152569
-0.0154103
-0.015408
-0.0152515
-0.0149427
-0.0144839
-0.0138778
-0.0131276
-0.0122366
-0.011208
-0.0100451
-0.0087514
-0.00733043
-0.00578562
-0.00412025
-0.00233773
-0.000441943
0.00156259
0.0036709
0.00587794
0.0081787
0.0105684
0.0130421
0.0155948
0.0182214
0.0209164
0.0236742
0.0264894
0.0293563
0.032269
0.0352218
0.038209
0.0412252
0.0442646
0.0473212
0.0503888
0.0534609
0.0565309
0.0595922
0.0626387
0.0656642
0.0686624
0.0716268
0.0745507
0.0774277
0.0802511
0.0830141
0.0857097
0.0883309
0.0908707
0.0933228
0.095681
0.0979396
0.100093
0.102135
0.104059
0.10586
0.107532
0.10907
0.110468
0.111722
0.11283
0.113787
0.114591
0.115237
0.115723
0.116045
0.116203
0.116195
0.116019
0.115675
0.11516
0.114476
0.113623
0.112604
0.111422
0.110077
0.108572
0.10691
0.105094
0.103125
0.10102
0.098797
0.0962489
0.0932033
0.00557278
0.00241566
-0.000210266
-0.00248646
-0.00462813
-0.00662011
-0.00844571
-0.0101048
-0.0115973
-0.0129222
-0.0140791
-0.0150675
-0.015888
-0.0165412
-0.0170283
-0.0173508
-0.0175104
-0.0175084
-0.0173469
-0.0170279
-0.0165541
-0.0159284
-0.0151539
-0.014234
-0.013172
-0.0119716
-0.0106367
-0.00917107
-0.00757801
-0.0058609
-0.0040234
-0.00206975
-4.75293e-06
0.00216656
0.00443915
0.00680797
0.00926797
0.011814
0.0144408
0.0171431
0.0199156
0.0227529
0.0256491
0.0285984
0.0315947
0.0346322
0.0377052
0.0408082
0.0439353
0.0470804
0.0502371
0.0533987
0.0565586
0.0597101
0.062847
0.0659627
0.0690507
0.0721044
0.075117
0.0780819
0.0809925
0.0838419
0.0866227
0.0893275
0.0919491
0.0944808
0.0969166
0.0992506
0.101477
0.103589
0.10558
0.107444
0.109175
0.110768
0.112218
0.11352
0.11467
0.115664
0.116498
0.117169
0.117673
0.11801
0.118175
0.118169
0.117988
0.117631
0.117097
0.116386
0.1155
0.114442
0.113213
0.111815
0.110251
0.108524
0.106638
0.104593
0.102408
0.1001
0.0974574
0.0943003
0.00412873
0.000860084
-0.0018595
-0.00421767
-0.00643701
-0.00850152
-0.0103937
-0.0121131
-0.0136599
-0.0150329
-0.0162314
-0.0172553
-0.0181049
-0.018781
-0.019285
-0.0196183
-0.0197824
-0.0197792
-0.0196108
-0.0192798
-0.0187888
-0.0181407
-0.0173389
-0.0163866
-0.0152878
-0.0140466
-0.0126669
-0.0111524
-0.00950672
-0.00773338
-0.00583646
-0.00382049
-0.00169035
0.000548956
0.0028923
0.0053344
0.00786989
0.0104934
0.0131996
0.0159832
0.0188391
0.0217615
0.0247445
0.027782
0.0308679
0.0339962
0.0371612
0.0403573
0.0435783
0.0468181
0.0500699
0.0533273
0.0565836
0.059832
0.0630659
0.0662786
0.0694631
0.0726126
0.0757204
0.0787798
0.0817841
0.0847261
0.0875983
0.0903929
0.0931026
0.0957205
0.0982404
0.100656
0.102961
0.105149
0.107212
0.109144
0.11094
0.112594
0.1141
0.115454
0.116651
0.117685
0.118553
0.119253
0.11978
0.120133
0.120309
0.120305
0.12012
0.119752
0.119199
0.118463
0.117544
0.116445
0.115169
0.113716
0.112091
0.110297
0.108337
0.106213
0.103944
0.101548
0.0988057
0.0955314
0.00253194
-0.000853687
-0.00367135
-0.00611502
-0.00841513
-0.010555
-0.0125161
-0.0142982
-0.015901
-0.0173235
-0.0185648
-0.0196248
-0.0205039
-0.0212028
-0.0217229
-0.0220657
-0.022233
-0.0222269
-0.0220499
-0.0217046
-0.0211938
-0.0205204
-0.0196879
-0.0187
-0.0175611
-0.0162752
-0.0148466
-0.013279
-0.0115761
-0.00974207
-0.00778122
-0.00569818
-0.00349782
-0.00118524
0.00123417
0.0037548
0.00637104
0.00907742
0.0118686
0.0147394
0.0176845
0.0206979
0.0237735
0.0269051
0.0300867
0.0333121
0.0365754
0.0398708
0.0431921
0.0465326
0.0498859
0.0532455
0.0566046
0.0599566
0.0632943
0.0666107
0.0698985
0.0731507
0.0763606
0.0795213
0.082626
0.0856672
0.0886372
0.0915282
0.0943327
0.0970436
0.0996542
0.102158
0.104548
0.106817
0.108957
0.110964
0.11283
0.114551
0.116119
0.117529
0.118777
0.119856
0.120763
0.121494
0.122048
0.12242
0.122609
0.12261
0.122422
0.122044
0.121473
0.120712
0.119761
0.118621
0.117295
0.115787
0.114099
0.112234
0.110197
0.10799
0.105632
0.103144
0.100297
0.0968996
0.000778251
-0.00273018
-0.00565069
-0.00818392
-0.0105684
-0.0127869
-0.01482
-0.0166671
-0.0183281
-0.0198016
-0.0210869
-0.0221838
-0.0230924
-0.0238137
-0.024349
-0.0247001
-0.0248692
-0.0248586
-0.024671
-0.024309
-0.0237755
-0.0230736
-0.0222072
-0.0211804
-0.0199976
-0.0186631
-0.0171812
-0.0155558
-0.0137914
-0.0118921
-0.00986247
-0.00770723
-0.0054313
-0.00304004
-0.000539206
0.00206531
0.00476783
0.00756287
0.010445
0.0134089
0.0164491
0.0195594
0.0227336
0.0259655
0.029249
0.032578
0.0359461
0.0393472
0.0427748
0.0462224
0.0496836
0.0531519
0.0566206
0.0600827
0.063531
0.0669579
0.070356
0.073718
0.0770369
0.080306
0.083518
0.0866652
0.08974
0.0927342
0.0956405
0.0984513
0.101159
0.103758
0.106239
0.108595
0.11082
0.112907
0.11485
0.116642
0.118277
0.119749
0.121052
0.122181
0.123131
0.1239
0.124483
0.124878
0.125081
0.125089
0.124901
0.124514
0.123927
0.123141
0.122157
0.120975
0.1196
0.118034
0.11628
0.114342
0.112224
0.10993
0.107479
0.104894
0.101937
0.0984085
-0.001137
-0.00477467
-0.0078033
-0.0104306
-0.0129037
-0.0152044
-0.0173127
-0.0192276
-0.020949
-0.0224753
-0.0238057
-0.0249398
-0.0258779
-0.026621
-0.0271707
-0.0275291
-0.0276985
-0.0276817
-0.0274812
-0.0270998
-0.0265406
-0.0258071
-0.0249035
-0.0238341
-0.0226035
-0.021216
-0.0196763
-0.0179888
-0.0161581
-0.0141887
-0.0120852
-0.00985237
-0.00749544
-0.0050201
-0.00243239
0.000261661
0.00305634
0.0059461
0.00892537
0.0119885
0.0151297
0.0183429
0.0216219
0.0249606
0.0283526
0.0317916
0.035271
0.0387842
0.0423246
0.0458858
0.0494615
0.0530452
0.0566301
0.060209
0.0637745
0.0673188
0.0708342
0.0743131
0.0777484
0.081133
0.0844595
0.0877201
0.0909068
0.0940116
0.0970268
0.0999446
0.102757
0.105457
0.108036
0.110487
0.112802
0.114976
0.117002
0.118872
0.12058
0.122119
0.123483
0.124666
0.125665
0.126475
0.127093
0.127513
0.127733
0.127751
0.127564
0.12717
0.126569
0.125758
0.12474
0.123517
0.122091
0.120465
0.118643
0.116628
0.114426
0.11204
0.109492
0.106804
0.103729
0.100062
-0.00321916
-0.0069932
-0.0101358
-0.0128623
-0.0154285
-0.0178155
-0.0200023
-0.021988
-0.0237719
-0.0253526
-0.0267289
-0.0279006
-0.0288681
-0.0296326
-0.0301959
-0.0305605
-0.030729
-0.0307038
-0.0304878
-0.0300842
-0.0294962
-0.0287279
-0.0277836
-0.0266677
-0.0253849
-0.0239401
-0.0223381
-0.0205838
-0.0186821
-0.0166374
-0.0144545
-0.0121386
-0.00969521
-0.00713033
-0.00445007
-0.00166052
0.0012325
0.00422325
0.00730584
0.0104743
0.0137228
0.0170453
0.0204356
0.0238875
0.0273946
0.0309501
0.0345472
0.0381791
0.0418391
0.0455207
0.0492177
0.0529236
0.0566314
0.0603338
0.0640233
0.0676918
0.0713316
0.0749349
0.078494
0.0820016
0.08545
0.0888315
0.0921378
0.0953608
0.0984924
0.101524
0.104449
0.107257
0.109941
0.112494
0.114908
0.117175
0.11929
0.121244
0.123031
0.124643
0.126073
0.127318
0.128371
0.129227
0.129881
0.130331
0.130572
0.130602
0.130419
0.130021
0.129404
0.12857
0.127519
0.126253
0.124775
0.123087
0.121194
0.119099
0.116809
0.114326
0.111676
0.108878
0.105679
0.101863
-0.00547432
-0.00939263
-0.0126557
-0.0154867
-0.0181509
-0.0206285
-0.0228974
-0.0249565
-0.0268051
-0.0284415
-0.0298646
-0.0310743
-0.0320712
-0.0328568
-0.0334332
-0.0338028
-0.0339683
-0.0339325
-0.0336984
-0.0332696
-0.0326498
-0.0318432
-0.0308542
-0.0296875
-0.0283482
-0.0268415
-0.0251726
-0.0233467
-0.0213687
-0.0192433
-0.0169755
-0.014571
-0.0120357
-0.00937555
-0.00659677
-0.00370548
-0.000707777
0.00239026
0.00558246
0.00886268
0.0122249
0.0156632
0.0191715
0.0227433
0.026372
0.0300505
0.0337719
0.0375293
0.0413158
0.045125
0.0489503
0.0527853
0.0566229
0.0604557
0.064276
0.0680759
0.0718474
0.0755824
0.0792729
0.0829111
0.0864893
0.0899993
0.0934331
0.096782
0.100038
0.103192
0.106235
0.10916
0.111958
0.11462
0.117139
0.119508
0.121718
0.123763
0.125635
0.127326
0.12883
0.130141
0.131253
0.132159
0.132856
0.133339
0.133605
0.133651
0.133474
0.133072
0.132442
0.131584
0.1305
0.129191
0.12766
0.125908
0.12394
0.121763
0.11938
0.116796
0.114036
0.111122
0.10779
0.103816
-0.0079092
-0.0119804
-0.0153709
-0.0183121
-0.0210794
-0.0236519
-0.0260065
-0.0281418
-0.0300571
-0.0317507
-0.0332217
-0.03447
-0.0354965
-0.0363029
-0.0368914
-0.0372644
-0.0374249
-0.0373759
-0.037121
-0.0366639
-0.0360088
-0.03516
-0.0341222
-0.0329004
-0.0315
-0.0299268
-0.0281861
-0.0262833
-0.0242234
-0.0220116
-0.0196534
-0.0171548
-0.0145217
-0.0117603
-0.00887677
-0.00587738
-0.00276861
0.000443086
0.0037513
0.00714982
0.0106326
0.0141935
0.0178263
0.0215246
0.0252814
0.0290896
0.0329421
0.0368321
0.0407525
0.0446965
0.0486574
0.0526285
0.0566029
0.0605732
0.0645317
0.0684703
0.0723808
0.076255
0.0800845
0.0838612
0.0875771
0.0912238
0.0947929
0.0982758
0.101664
0.104948
0.108119
0.111168
0.114087
0.116867
0.119499
0.121976
0.12429
0.126433
0.128397
0.130175
0.131759
0.133143
0.134318
0.135281
0.136025
0.136546
0.136841
0.136906
0.136737
0.136333
0.135691
0.134811
0.133694
0.132341
0.130754
0.128936
0.126892
0.124627
0.122147
0.119456
0.11658
0.113542
0.110069
0.105928
-0.0105309
-0.0147643
-0.0182896
-0.0213471
-0.0242227
-0.0268944
-0.0293383
-0.0315527
-0.033537
-0.0352896
-0.0368097
-0.0380974
-0.0391538
-0.0399806
-0.0405799
-0.0409546
-0.0411078
-0.041043
-0.0407642
-0.0402755
-0.0395813
-0.0386861
-0.037595
-0.0363135
-0.0348475
-0.0332027
-0.0313848
-0.0293993
-0.0272518
-0.024948
-0.0224937
-0.019895
-0.0171581
-0.0142891
-0.0112943
-0.00818042
-0.00495415
-0.00162226
0.00180866
0.00533231
0.00894243
0.0126327
0.0163968
0.0202281
0.0241197
0.0280645
0.0320553
0.0360851
0.0401467
0.0442328
0.0483367
0.0524514
0.05657
0.0606853
0.0647894
0.0688742
0.0729314
0.0769523
0.0809286
0.0848517
0.0887134
0.0925049
0.0962177
0.0998428
0.103371
0.106794
0.110101
0.113283
0.116332
0.119238
0.121991
0.124585
0.12701
0.129259
0.131323
0.133195
0.134865
0.136327
0.137574
0.138598
0.139396
0.13996
0.140288
0.140375
0.140217
0.139813
0.139161
0.13826
0.13711
0.135711
0.134068
0.132182
0.130058
0.127703
0.125121
0.122316
0.119317
0.116149
0.112526
0.108206
-0.0133468
-0.0177523
-0.0214203
-0.0246003
-0.0275896
-0.0303653
-0.0329023
-0.0351991
-0.0372551
-0.0390688
-0.0406395
-0.0419675
-0.0430538
-0.0439001
-0.0445089
-0.0448833
-0.0450268
-0.0449434
-0.0446375
-0.0441133
-0.0433757
-0.0424297
-0.0412808
-0.039935
-0.0383981
-0.0366763
-0.0347754
-0.0327014
-0.0304603
-0.0280584
-0.0255019
-0.0227968
-0.0199495
-0.0169663
-0.0138538
-0.0106189
-0.00726852
-0.00380966
-0.000249074
0.00340671
0.00715116
0.0109777
0.0148798
0.0188509
0.0228841
0.0269725
0.0311088
0.0352857
0.0394958
0.0437315
0.0479859
0.0522519
0.0565225
0.0607904
0.0650479
0.0692867
0.0734982
0.0776736
0.0818045
0.0858822
0.0898979
0.0938428
0.0977077
0.101484
0.105161
0.10873
0.112182
0.115507
0.118694
0.121734
0.124618
0.127337
0.129883
0.132246
0.134418
0.13639
0.138155
0.139703
0.141027
0.14212
0.142976
0.143589
0.143954
0.144067
0.143924
0.143524
0.142863
0.141941
0.140757
0.139313
0.137611
0.135655
0.133449
0.130999
0.128309
0.125385
0.122255
0.118949
0.115167
0.110656
-0.0163647
-0.0209528
-0.0247718
-0.0280809
-0.0311898
-0.0340745
-0.0367091
-0.0390921
-0.0412228
-0.0431
-0.0447229
-0.0460918
-0.0472078
-0.0480727
-0.0486894
-0.0490614
-0.0491926
-0.0490875
-0.0487506
-0.0481869
-0.0474016
-0.0464002
-0.0451887
-0.0437731
-0.0421598
-0.040355
-0.038365
-0.0361964
-0.0338556
-0.0313493
-0.0286839
-0.0258656
-0.0229011
-0.0197968
-0.0165599
-0.0131972
-0.00971589
-0.00612302
-0.00242564
0.00136934
0.00525509
0.00922477
0.0132718
0.0173896
0.0215716
0.0258108
0.0300998
0.034431
0.0387968
0.0431897
0.0476022
0.0520273
0.0564579
0.0608865
0.0653053
0.0697059
0.0740797
0.0784177
0.0827113
0.0869518
0.0911301
0.0952368
0.0992626
0.103198
0.107033
0.110759
0.114365
0.11784
0.121175
0.124359
0.127382
0.130236
0.132911
0.135397
0.137686
0.139768
0.141634
0.143276
0.144685
0.145854
0.146775
0.147442
0.147849
0.147992
0.147869
0.147475
0.146807
0.145865
0.144648
0.143158
0.141397
0.139368
0.137076
0.134526
0.131723
0.128673
0.125406
0.121953
0.118001
0.113287
-0.0195929
-0.024375
-0.0283537
-0.0317992
-0.0350342
-0.0380338
-0.0407709
-0.0432441
-0.0454529
-0.0473958
-0.0490722
-0.0504824
-0.0516276
-0.0525101
-0.0531331
-0.0535004
-0.0536165
-0.053486
-0.0531142
-0.0525066
-0.051669
-0.0506073
-0.0493278
-0.0478368
-0.046141
-0.044247
-0.0421616
-0.039892
-0.0374449
-0.0348272
-0.0320457
-0.0291071
-0.0260182
-0.022786
-0.0194175
-0.01592
-0.0123006
-0.00856645
-0.0047251
-0.000783842
0.0032502
0.00737008
0.0115692
0.015841
0.0201789
0.0245761
0.0290249
0.0335177
0.0380466
0.0426039
0.0471824
0.0517746
0.0563733
0.0609707
0.0655589
0.0701294
0.0746736
0.0791825
0.0836474
0.0880592
0.0924087
0.0966861
0.100882
0.104986
0.108988
0.112879
0.116648
0.120284
0.123776
0.127114
0.130287
0.133285
0.136099
0.138718
0.141132
0.143332
0.145309
0.147054
0.148556
0.149808
0.150801
0.151528
0.151983
0.152163
0.152063
0.151678
0.151006
0.150045
0.148796
0.14726
0.145438
0.143334
0.140951
0.138297
0.135375
0.132192
0.128781
0.125172
0.121038
0.116106
-0.0230409
-0.0280289
-0.032177
-0.0357668
-0.0391352
-0.0422558
-0.0451007
-0.0476684
-0.0499584
-0.0519692
-0.0537002
-0.0551519
-0.056326
-0.057225
-0.0578524
-0.0582125
-0.0583101
-0.0581505
-0.0577395
-0.0570834
-0.0561885
-0.055061
-0.0537076
-0.0521351
-0.0503504
-0.0483607
-0.0461733
-0.0437958
-0.0412352
-0.0384988
-0.0355937
-0.0325273
-0.0293067
-0.0259392
-0.0224319
-0.0187921
-0.0150271
-0.0111444
-0.00715188
-0.00305718
0.00113233
0.0054097
0.00976826
0.0142015
0.0187028
0.023265
0.0278807
0.0325422
0.0372415
0.0419709
0.046723
0.0514903
0.0562652
0.0610396
0.0658054
0.0705541
0.0752771
0.0799656
0.0846106
0.0892027
0.0937323
0.0981896
0.102564
0.106847
0.111026
0.115092
0.119033
0.12284
0.126499
0.130001
0.133334
0.136487
0.13945
0.142211
0.144762
0.147091
0.149188
0.151044
0.152649
0.153991
0.155063
0.155858
0.156369
0.15659
0.156518
0.156146
0.155472
0.154495
0.153214
0.151631
0.149747
0.147565
0.145089
0.142325
0.139278
0.135955
0.13239
0.128615
0.124289
0.119123
-0.0267192
-0.0319262
-0.0362542
-0.039997
-0.0435062
-0.0467546
-0.0497127
-0.0523791
-0.0547532
-0.0568339
-0.0586206
-0.0601142
-0.0613166
-0.0622306
-0.0628602
-0.0632101
-0.0632856
-0.0630928
-0.0626382
-0.0619286
-0.0609707
-0.0597714
-0.0583378
-0.0566771
-0.0547969
-0.0527047
-0.0504083
-0.0479155
-0.0452337
-0.0423708
-0.0393345
-0.0361325
-0.0327726
-0.0292621
-0.0256082
-0.0218184
-0.0179002
-0.0138616
-0.00971059
-0.00545509
-0.00110264
0.00333975
0.00786538
0.0124676
0.0171396
0.0218741
0.0266639
0.0315013
0.0363784
0.0412875
0.0462209
0.0511711
0.0561301
0.0610897
0.0660414
0.0709769
0.0758875
0.0807644
0.0855986
0.0903802
0.0950994
0.0997459
0.104309
0.108779
0.113145
0.117396
0.121521
0.125508
0.129346
0.133023
0.136526
0.139845
0.142968
0.145883
0.14858
0.151048
0.153277
0.155254
0.156969
0.158412
0.159572
0.160442
0.161016
0.161285
0.161245
0.160891
0.160219
0.159228
0.157917
0.156287
0.15434
0.152077
0.149503
0.146624
0.143446
0.139975
0.136246
0.132295
0.127763
0.122348
-0.0306398
-0.03608
-0.0405991
-0.044504
-0.0481621
-0.0515449
-0.0546216
-0.0573907
-0.0598521
-0.0620046
-0.063848
-0.0653836
-0.0666134
-0.0675407
-0.0681699
-0.0685062
-0.0685558
-0.0683254
-0.0678222
-0.0670534
-0.0660264
-0.0647488
-0.0632282
-0.0614725
-0.0594896
-0.0572876
-0.0548745
-0.0522584
-0.0494475
-0.0464501
-0.0432746
-0.0399291
-0.0364218
-0.0327601
-0.0289515
-0.0250038
-0.0209249
-0.0167228
-0.0124058
-0.00798185
-0.00345869
0.0011565
0.0058569
0.0106357
0.0154858
0.0204002
0.0253714
0.0303921
0.0354545
0.0405509
0.0456734
0.0508142
0.0559652
0.061118
0.0662642
0.0713952
0.0765023
0.0815767
0.0866092
0.0915898
0.0965081
0.101354
0.106115
0.110783
0.115346
0.119793
0.124112
0.128291
0.132318
0.136181
0.139866
0.143362
0.146656
0.149737
0.152593
0.155212
0.157582
0.159691
0.161527
0.163079
0.164337
0.165292
0.165936
0.16626
0.166259
0.165928
0.165262
0.16426
0.162921
0.161244
0.159232
0.156886
0.15421
0.151212
0.147895
0.144267
0.140365
0.136226
0.131474
0.125794
-0.0348162
-0.0405044
-0.0452265
-0.0493031
-0.0531182
-0.0566422
-0.059843
-0.0627192
-0.0652708
-0.0674971
-0.0693982
-0.0709755
-0.0722314
-0.0731698
-0.0737957
-0.0741149
-0.0741344
-0.0738614
-0.0733038
-0.0724696
-0.0713669
-0.070004
-0.0683892
-0.066531
-0.0644378
-0.0621179
-0.0595799
-0.0568322
-0.0538839
-0.0507437
-0.0474206
-0.0439233
-0.04026
-0.0364387
-0.0324672
-0.0283536
-0.0241059
-0.0197326
-0.0152418
-0.0106415
-0.00593971
-0.0011438
0.00373915
0.00870217
0.0137382
0.01884
0.0240004
0.029212
0.0344674
0.0397585
0.0450777
0.0504168
0.0557676
0.0611218
0.0664709
0.0718061
0.0771187
0.0823999
0.08764
0.092829
0.0979561
0.103011
0.107981
0.112858
0.117628
0.122282
0.126806
0.131189
0.135416
0.139476
0.143355
0.14704
0.150519
0.153778
0.156805
0.159587
0.16211
0.164362
0.16633
0.168003
0.16937
0.170419
0.171142
0.171529
0.171574
0.171271
0.170617
0.169608
0.168242
0.16652
0.164442
0.16201
0.159229
0.156105
0.152642
0.148848
0.144763
0.140425
0.13544
0.129474
-0.0392626
-0.0452147
-0.0501522
-0.0544103
-0.058391
-0.0620634
-0.0653941
-0.0683818
-0.0710269
-0.0733288
-0.075288
-0.0769063
-0.0781868
-0.0791338
-0.0797531
-0.0800512
-0.0800356
-0.0797144
-0.0790961
-0.0781896
-0.0770039
-0.0755482
-0.0738314
-0.0718626
-0.0696505
-0.0672041
-0.0645324
-0.0616445
-0.0585501
-0.0552585
-0.0517791
-0.0481211
-0.044293
-0.0403035
-0.0361606
-0.0318728
-0.0274483
-0.0228955
-0.0182227
-0.0134381
-0.00854965
-0.00356508
0.00150827
0.00666335
0.0118931
0.0171902
0.0225477
0.0279581
0.033414
0.0389076
0.044431
0.0499761
0.0555347
0.0610984
0.0666586
0.0722067
0.0777339
0.0832308
0.0886879
0.0940948
0.0994407
0.104714
0.109905
0.115
0.11999
0.124862
0.129603
0.1342
0.138641
0.142911
0.146996
0.150884
0.15456
0.15801
0.161221
0.164178
0.166867
0.169275
0.171389
0.173195
0.174681
0.175834
0.176644
0.177103
0.177203
0.176937
0.1763
0.175288
0.173899
0.172132
0.169988
0.167469
0.164579
0.161323
0.157706
0.153738
0.149459
0.14491
0.139675
0.133405
-0.0439947
-0.0502273
-0.0553931
-0.0598431
-0.0639985
-0.0678269
-0.0712935
-0.0743974
-0.0771391
-0.0795181
-0.0815356
-0.083194
-0.084497
-0.0854497
-0.0860586
-0.0863308
-0.0862745
-0.0858987
-0.0852128
-0.0842266
-0.0829502
-0.0813934
-0.079566
-0.0774775
-0.0751373
-0.0725551
-0.0697405
-0.0667032
-0.0634535
-0.0600012
-0.0563563
-0.0525283
-0.0485265
-0.0443598
-0.040037
-0.0355664
-0.0309566
-0.0262159
-0.0213529
-0.0163757
-0.0112926
-0.0061115
-0.000839815
0.00451527
0.00994669
0.0154473
0.0210098
0.0266269
0.0322911
0.0379947
0.04373
0.0494889
0.0552632
0.0610445
0.0668243
0.0725938
0.0783441
0.084066
0.0897494
0.095384
0.100959
0.106462
0.111883
0.117209
0.12243
0.127531
0.132501
0.137326
0.141992
0.146485
0.150791
0.154895
0.158782
0.162437
0.165845
0.168991
0.171861
0.174439
0.176711
0.178663
0.180279
0.181548
0.182458
0.183
0.183164
0.182942
0.182328
0.181318
0.17991
0.178101
0.175891
0.173283
0.170279
0.166886
0.163109
0.158956
0.154473
0.149699
0.144198
0.137603
-0.049029
-0.05556
-0.0609679
-0.0656209
-0.0699606
-0.073953
-0.0775619
-0.0807864
-0.0836274
-0.0860849
-0.0881607
-0.0898579
-0.091181
-0.0921359
-0.0927297
-0.0929704
-0.0928671
-0.0924296
-0.0916685
-0.0905946
-0.0892188
-0.0875518
-0.0856042
-0.0833862
-0.0809081
-0.0781801
-0.0752127
-0.0720163
-0.0686014
-0.0649786
-0.0611585
-0.057151
-0.0529661
-0.0486133
-0.0441015
-0.0394393
-0.0346352
-0.029698
-0.0246363
-0.0194585
-0.0141728
-0.00878725
-0.00330926
0.00225389
0.00789508
0.0136071
0.0193826
0.0252142
0.0310945
0.0370159
0.0429708
0.0489514
0.0549495
0.0609566
0.0669641
0.0729635
0.0789457
0.0849013
0.0908205
0.0966926
0.102506
0.10825
0.113912
0.119481
0.124944
0.130288
0.1355
0.140565
0.145471
0.150201
0.154741
0.159076
0.163189
0.167063
0.170684
0.174034
0.177099
0.179862
0.182307
0.184418
0.186179
0.187577
0.188599
0.189234
0.189472
0.189303
0.188721
0.18772
0.186296
0.184448
0.182173
0.179474
0.176353
0.172818
0.168873
0.164527
0.159826
0.154814
0.149029
0.142086
-0.0543843
-0.0612327
-0.0668975
-0.0717651
-0.0762991
-0.0804639
-0.0842213
-0.0875707
-0.0905137
-0.0930508
-0.0951845
-0.0969187
-0.0982589
-0.0992117
-0.099785
-0.0999879
-0.0998304
-0.0993235
-0.0984788
-0.097308
-0.0958232
-0.0940359
-0.0919577
-0.0895997
-0.086973
-0.0840887
-0.0809578
-0.0775916
-0.074001
-0.0701974
-0.0661918
-0.0619951
-0.0576176
-0.0530691
-0.0483588
-0.0434957
-0.0384885
-0.0333461
-0.0280772
-0.0226905
-0.0171943
-0.0115963
-0.00590394
-0.000124685
0.00573422
0.0116655
0.0176618
0.0237157
0.0298198
0.0359668
0.0421493
0.0483595
0.0545894
0.0608305
0.0670742
0.0733118
0.0795344
0.0857329
0.0918971
0.0980165
0.10408
0.110075
0.11599
0.121812
0.12753
0.133129
0.138596
0.143916
0.149075
0.154058
0.158848
0.163428
0.167782
0.171892
0.175741
0.179312
0.182589
0.185552
0.188185
0.190471
0.192391
0.193933
0.195081
0.195822
0.196145
0.196039
0.195498
0.194513
0.193081
0.191196
0.188857
0.186066
0.182826
0.179143
0.175023
0.170474
0.165543
0.160277
0.15419
0.146875
-0.0600814
-0.0672674
-0.0732048
-0.0782993
-0.0830379
-0.0873833
-0.0912955
-0.0947742
-0.0978216
-0.100439
-0.10263
-0.104399
-0.105752
-0.106698
-0.107244
-0.107402
-0.107182
-0.106597
-0.105659
-0.104382
-0.102777
-0.100859
-0.0986387
-0.0961293
-0.0933425
-0.0902903
-0.0869845
-0.083437
-0.0796596
-0.0756642
-0.0714628
-0.0670665
-0.0624863
-0.057732
-0.0528135
-0.0477399
-0.0425203
-0.0371638
-0.0316793
-0.0260754
-0.0203604
-0.0145418
-0.00862723
-0.00262398
0.00346043
0.00961859
0.0158432
0.022127
0.0284629
0.0348435
0.0412616
0.0477094
0.0541791
0.0606623
0.0671503
0.0736347
0.0801065
0.0865568
0.0929755
0.0993521
0.105675
0.111932
0.118111
0.1242
0.130185
0.136052
0.141788
0.147378
0.152805
0.158055
0.163111
0.167953
0.172565
0.176927
0.181022
0.184832
0.188337
0.191519
0.194357
0.196833
0.19893
0.200631
0.201919
0.20278
0.203202
0.203172
0.202681
0.201721
0.200285
0.198368
0.195968
0.193086
0.189724
0.185889
0.181585
0.176822
0.171648
0.166113
0.159704
0.151991
-0.0661435
-0.0736883
-0.0799148
-0.0852489
-0.0902026
-0.094737
-0.0988103
-0.102423
-0.105577
-0.108275
-0.110521
-0.112322
-0.113683
-0.114615
-0.115128
-0.115232
-0.114942
-0.114268
-0.113227
-0.111831
-0.110095
-0.108034
-0.105659
-0.102986
-0.100027
-0.0967946
-0.0933015
-0.0895606
-0.0855845
-0.081386
-0.0769775
-0.0723708
-0.067577
-0.0626065
-0.0574695
-0.0521756
-0.0467342
-0.0411546
-0.0354458
-0.0296161
-0.0236739
-0.0176266
-0.0114818
-0.00524691
0.00107055
0.00746308
0.0139235
0.0204448
0.02702
0.0336421
0.0403036
0.0469971
0.0537146
0.0604479
0.0671886
0.0739282
0.0806581
0.0873693
0.0940521
0.100696
0.107288
0.113818
0.120273
0.12664
0.132905
0.139054
0.145073
0.150947
0.15666
0.162193
0.16753
0.172651
0.177539
0.182172
0.186532
0.190599
0.194352
0.197769
0.200831
0.203518
0.20581
0.207687
0.209132
0.210129
0.210663
0.210722
0.210294
0.209368
0.207936
0.205992
0.203534
0.200562
0.197077
0.193084
0.18859
0.183601
0.178171
0.172351
0.165599
0.157463
-0.0725963
-0.0805223
-0.0870549
-0.0926418
-0.0978216
-0.102554
-0.106794
-0.110544
-0.113807
-0.116585
-0.118885
-0.120712
-0.122077
-0.122988
-0.123459
-0.1235
-0.123128
-0.122355
-0.121198
-0.119672
-0.117792
-0.115574
-0.113032
-0.110182
-0.107037
-0.103611
-0.0999173
-0.0959702
-0.0917832
-0.0873694
-0.0827419
-0.077913
-0.0728943
-0.0676967
-0.0623306
-0.0568063
-0.0511335
-0.0453215
-0.0393791
-0.0333149
-0.0271368
-0.0208526
-0.0144698
-0.00799573
-0.00143789
0.00519637
0.0119
0.0186662
0.0254882
0.0323592
0.0392719
0.0462188
0.053192
0.0601834
0.0671849
0.0741883
0.0811852
0.0881666
0.0951227
0.102043
0.108916
0.11573
0.122471
0.129128
0.135686
0.142132
0.148449
0.154623
0.160635
0.166469
0.172105
0.177524
0.182706
0.18763
0.192275
0.196618
0.200638
0.204313
0.20762
0.210537
0.213043
0.215115
0.216736
0.217887
0.218551
0.218714
0.21836
0.217479
0.21606
0.214097
0.211586
0.208524
0.204915
0.200761
0.196068
0.190844
0.185144
0.179023
0.171907
0.163319
-0.0794678
-0.0877985
-0.0946552
-0.100509
-0.105926
-0.110864
-0.115278
-0.119169
-0.122541
-0.125398
-0.127748
-0.129598
-0.130958
-0.131841
-0.13226
-0.132228
-0.131762
-0.130877
-0.12959
-0.12792
-0.125882
-0.123494
-0.12077
-0.117728
-0.114383
-0.110749
-0.106841
-0.102674
-0.0982625
-0.0936205
-0.0887614
-0.0836979
-0.0784423
-0.0730062
-0.0674003
-0.0616352
-0.0557209
-0.0496666
-0.0434813
-0.0371733
-0.0307508
-0.0242214
-0.0175927
-0.010872
-0.00406655
0.00281667
0.00977075
0.0167891
0.0238651
0.0309922
0.0381632
0.0453708
0.0526073
0.0598648
0.0671353
0.0744109
0.0816834
0.088944
0.096183
0.10339
0.110553
0.117661
0.124702
0.131661
0.138526
0.145281
0.151912
0.158401
0.16473
0.170881
0.176835
0.182571
0.188068
0.193302
0.198252
0.202894
0.207204
0.211158
0.214732
0.217902
0.220643
0.222933
0.22475
0.226075
0.226887
0.22717
0.226906
0.226083
0.224688
0.222714
0.220155
0.217008
0.213273
0.208954
0.204055
0.198585
0.192602
0.186163
0.178661
0.169592
-0.0867885
-0.0955492
-0.102749
-0.108883
-0.114549
-0.119702
-0.124295
-0.128329
-0.131811
-0.134746
-0.137142
-0.139008
-0.140356
-0.141201
-0.141556
-0.141438
-0.140865
-0.139853
-0.138424
-0.136594
-0.134382
-0.131807
-0.128886
-0.125636
-0.122074
-0.118217
-0.11408
-0.109679
-0.105029
-0.100145
-0.0950406
-0.0897297
-0.0842249
-0.0785384
-0.0726815
-0.0666648
-0.0604984
-0.0541916
-0.0477536
-0.0411926
-0.0345169
-0.0277341
-0.0208517
-0.0138768
-0.00681638
0.00032292
0.00753448
0.0148119
0.0221487
0.0295385
0.0369746
0.0444499
0.051957
0.0594881
0.0670356
0.0745916
0.0821482
0.0896967
0.0972278
0.104731
0.112195
0.119609
0.12696
0.134234
0.141419
0.148499
0.155458
0.162278
0.168941
0.175428
0.181719
0.187791
0.193623
0.19919
0.204468
0.209431
0.214054
0.218312
0.222178
0.225624
0.228625
0.231157
0.233194
0.234714
0.235695
0.236116
0.23596
0.235209
0.233852
0.231878
0.229278
0.226048
0.222188
0.217701
0.212591
0.206865
0.200585
0.19381
0.185899
0.176317
-0.0945923
-0.10381
-0.111372
-0.117802
-0.123728
-0.129104
-0.133881
-0.138061
-0.141653
-0.144662
-0.147099
-0.148973
-0.1503
-0.151095
-0.151374
-0.151156
-0.15046
-0.149307
-0.147717
-0.14571
-0.143307
-0.140528
-0.137392
-0.133917
-0.130122
-0.126025
-0.121643
-0.116992
-0.112088
-0.106947
-0.101584
-0.0960119
-0.0902451
-0.0842961
-0.0781764
-0.0718967
-0.0654672
-0.0588975
-0.0521968
-0.0453736
-0.038436
-0.0313915
-0.0242474
-0.0170106
-0.00968772
-0.00228528
0.00519051
0.0127335
0.0203375
0.0279965
0.035704
0.0434535
0.0512378
0.0590497
0.0668815
0.0747258
0.0825747
0.0904198
0.0982521
0.106061
0.113837
0.121567
0.12924
0.136843
0.144362
0.15178
0.159082
0.16625
0.173265
0.180106
0.186754
0.193184
0.199373
0.205295
0.210924
0.216234
0.221196
0.225783
0.229966
0.233716
0.237005
0.239804
0.242087
0.243827
0.244999
0.24558
0.245551
0.244892
0.243587
0.241623
0.238991
0.235684
0.231702
0.227045
0.221717
0.215725
0.209135
0.202006
0.19366
0.183531
-0.102916
-0.112618
-0.120564
-0.127304
-0.133502
-0.139109
-0.144075
-0.148404
-0.152104
-0.155184
-0.157654
-0.159528
-0.160822
-0.161553
-0.161741
-0.161407
-0.160572
-0.159259
-0.15749
-0.155288
-0.152674
-0.149671
-0.1463
-0.142582
-0.138536
-0.134182
-0.129537
-0.124619
-0.119445
-0.114032
-0.108394
-0.102547
-0.0965051
-0.0902807
-0.0838858
-0.0773314
-0.0706277
-0.0637845
-0.0568113
-0.0497165
-0.0425082
-0.0351936
-0.0277797
-0.0202732
-0.0126805
-0.0050079
0.00273861
0.0105533
0.0184306
0.0263646
0.0343497
0.0423795
0.0504474
0.0585464
0.0666695
0.0748093
0.0829582
0.0911083
0.0992506
0.107376
0.115473
0.123531
0.131539
0.139482
0.147348
0.155119
0.16278
0.170313
0.177697
0.184913
0.191938
0.198748
0.205317
0.211618
0.217624
0.223306
0.228635
0.23358
0.238109
0.242191
0.245796
0.248892
0.251448
0.253434
0.254824
0.255591
0.255711
0.255163
0.253927
0.251989
0.249336
0.245959
0.241858
0.23703
0.23148
0.225213
0.218297
0.210796
0.20199
0.191279
-0.111799
-0.122016
-0.130368
-0.137434
-0.143915
-0.149762
-0.154922
-0.1594
-0.163206
-0.16635
-0.168845
-0.170707
-0.171954
-0.172607
-0.172688
-0.17222
-0.171227
-0.169733
-0.167765
-0.165345
-0.162499
-0.159252
-0.155625
-0.151643
-0.147326
-0.142694
-0.137768
-0.132565
-0.127103
-0.121401
-0.115473
-0.109337
-0.103006
-0.0964924
-0.0898095
-0.0829682
-0.0759789
-0.0688518
-0.0615961
-0.0542204
-0.0467326
-0.0391394
-0.0314477
-0.0236638
-0.015794
-0.00784451
0.00017905
0.00827143
0.0164276
0.0246424
0.0329106
0.0412264
0.0495837
0.0579759
0.0663964
0.0748383
0.0832945
0.0917573
0.100218
0.108668
0.117097
0.125495
0.133848
0.142145
0.150371
0.158511
0.166547
0.174462
0.182235
0.189845
0.197268
0.20448
0.211453
0.218159
0.224569
0.230652
0.236376
0.241708
0.246614
0.251061
0.255014
0.258438
0.261298
0.263562
0.265199
0.266179
0.266474
0.26606
0.264914
0.263018
0.260356
0.25692
0.252704
0.247708
0.24193
0.235379
0.228123
0.22023
0.210936
0.199607
-0.121286
-0.132049
-0.140829
-0.148238
-0.155015
-0.16111
-0.166467
-0.171094
-0.175002
-0.178203
-0.180713
-0.18255
-0.183735
-0.184292
-0.184246
-0.183623
-0.182449
-0.180753
-0.178561
-0.1759
-0.172799
-0.169283
-0.165379
-0.16111
-0.1565
-0.15157
-0.146341
-0.140833
-0.135066
-0.129057
-0.122823
-0.116381
-0.109746
-0.10293
-0.0959454
-0.0888048
-0.0815187
-0.0740971
-0.0665491
-0.0588832
-0.0511068
-0.0432266
-0.0352491
-0.0271804
-0.0190268
-0.0107939
-0.0024872
0.00588866
0.0143293
0.0228302
0.0313868
0.0399938
0.0486456
0.0573363
0.0660598
0.0748099
0.0835799
0.0923628
0.101151
0.109935
0.118705
0.127452
0.136163
0.144826
0.153426
0.161949
0.170377
0.178691
0.186872
0.194896
0.20274
0.210377
0.217779
0.224917
0.23176
0.238273
0.244423
0.250175
0.255493
0.260339
0.264674
0.26846
0.271659
0.274235
0.276151
0.277376
0.277875
0.277622
0.276588
0.274754
0.272102
0.268618
0.264295
0.25913
0.253122
0.246277
0.238667
0.230363
0.220553
0.208568
-0.131426
-0.142768
-0.152
-0.159768
-0.166854
-0.173205
-0.178763
-0.183537
-0.187541
-0.190789
-0.193301
-0.195096
-0.196201
-0.196642
-0.196447
-0.195646
-0.194267
-0.192341
-0.1899
-0.186973
-0.18359
-0.179781
-0.175573
-0.170993
-0.166066
-0.160814
-0.155261
-0.149427
-0.143334
-0.137
-0.130443
-0.123679
-0.116723
-0.109589
-0.10229
-0.0948377
-0.0872431
-0.0795163
-0.0716661
-0.0637005
-0.0556267
-0.0474513
-0.0391804
-0.03082
-0.0223761
-0.0138538
-0.00525809
0.00340688
0.0121373
0.0209293
0.029779
0.0386818
0.0476328
0.0566269
0.0656585
0.0747222
0.0838121
0.0929217
0.102044
0.11117
0.120291
0.129397
0.138476
0.147517
0.156506
0.165426
0.174262
0.182994
0.191601
0.20006
0.208347
0.216435
0.224293
0.231892
0.239196
0.246171
0.252782
0.258989
0.264754
0.270035
0.27479
0.278977
0.282553
0.285478
0.287711
0.289215
0.289952
0.289889
0.288996
0.287248
0.284624
0.281106
0.276686
0.271357
0.265117
0.257969
0.249991
0.241255
0.230901
0.218218
-0.14227
-0.154227
-0.163937
-0.172082
-0.17949
-0.186103
-0.191863
-0.196781
-0.200874
-0.204158
-0.206656
-0.208392
-0.209395
-0.209696
-0.209326
-0.208318
-0.206706
-0.204523
-0.201803
-0.198581
-0.194889
-0.190758
-0.186219
-0.181301
-0.17603
-0.170431
-0.16453
-0.158349
-0.151909
-0.145229
-0.138329
-0.131225
-0.123933
-0.116466
-0.108838
-0.101061
-0.0931463
-0.0851033
-0.0769407
-0.0686661
-0.0602863
-0.0518077
-0.0432363
-0.0345778
-0.0258375
-0.0170202
-0.00813013
0.000829117
0.00985422
0.018942
0.0280891
0.0372918
0.046546
0.0558475
0.0651917
0.074574
0.0839891
0.0934312
0.102894
0.112369
0.121849
0.131324
0.140782
0.150213
0.159602
0.168935
0.178195
0.187362
0.196415
0.205332
0.214085
0.222648
0.23099
0.239078
0.246876
0.254348
0.261455
0.268155
0.274406
0.280162
0.285378
0.290007
0.294003
0.297319
0.299909
0.301731
0.302743
0.302907
0.302187
0.300553
0.297979
0.294446
0.28994
0.284453
0.27798
0.270524
0.262164
0.252976
0.242047
0.228623
-0.153878
-0.166487
-0.176703
-0.185243
-0.192983
-0.199866
-0.205829
-0.210886
-0.215058
-0.218363
-0.220828
-0.222483
-0.223359
-0.223492
-0.222918
-0.221673
-0.219795
-0.217323
-0.214293
-0.210743
-0.20671
-0.202226
-0.197326
-0.19204
-0.186397
-0.180426
-0.174151
-0.167597
-0.160788
-0.153742
-0.146479
-0.139016
-0.131369
-0.123553
-0.115582
-0.107468
-0.0992202
-0.0908497
-0.0823644
-0.0737715
-0.0650775
-0.0562885
-0.0474101
-0.0384474
-0.0294052
-0.0202876
-0.0110983
-0.0018403
0.00748371
0.0168711
0.0263193
0.0358255
0.0453865
0.0549991
0.0646597
0.0743646
0.0841095
0.0938893
0.103698
0.11353
0.123376
0.133227
0.143075
0.152906
0.162709
0.172469
0.182168
0.191787
0.201306
0.210701
0.219946
0.229011
0.237865
0.246473
0.254799
0.262803
0.270443
0.277676
0.284455
0.29073
0.296452
0.30157
0.306031
0.309784
0.312778
0.314963
0.316293
0.316723
0.316212
0.314724
0.312229
0.308702
0.304125
0.29849
0.291786
0.284016
0.27526
0.2656
0.254064
0.239855
-0.166314
-0.179615
-0.190364
-0.199319
-0.207405
-0.214562
-0.220727
-0.225916
-0.230153
-0.233462
-0.235873
-0.23742
-0.23814
-0.238073
-0.23726
-0.235743
-0.233564
-0.230766
-0.22739
-0.223477
-0.219067
-0.214196
-0.208901
-0.203216
-0.197171
-0.190797
-0.184122
-0.17717
-0.169966
-0.162531
-0.154883
-0.147042
-0.139024
-0.130843
-0.122513
-0.114047
-0.105455
-0.0967452
-0.0879267
-0.0790065
-0.0699906
-0.0608844
-0.0516928
-0.0424205
-0.0330713
-0.0236489
-0.0141562
-0.00459577
0.00503045
0.0147206
0.0244729
0.0342855
0.0441563
0.054083
0.0640631
0.0740939
0.0841722
0.0942939
0.104454
0.114647
0.124866
0.135102
0.145347
0.15559
0.165818
0.176017
0.186171
0.196261
0.206266
0.216161
0.22592
0.235514
0.244909
0.25407
0.262959
0.271533
0.279748
0.287557
0.294908
0.301749
0.308027
0.313683
0.318661
0.322902
0.326351
0.32895
0.330646
0.331387
0.331127
0.329823
0.327438
0.323944
0.319317
0.313545
0.306615
0.298526
0.289363
0.279209
0.267033
0.25199
-0.17965
-0.193686
-0.204999
-0.214386
-0.222829
-0.230265
-0.236629
-0.241941
-0.246227
-0.249518
-0.251848
-0.253256
-0.253785
-0.253482
-0.252392
-0.250563
-0.248042
-0.244877
-0.241114
-0.236798
-0.231972
-0.226677
-0.220951
-0.214832
-0.208352
-0.201545
-0.194439
-0.187062
-0.179438
-0.171589
-0.163535
-0.155295
-0.146886
-0.138323
-0.12962
-0.120788
-0.111837
-0.102777
-0.0936157
-0.0843593
-0.0750138
-0.065584
-0.0560738
-0.0464868
-0.0368263
-0.0270952
-0.017296
-0.00743031
0.00250051
0.0124956
0.0225542
0.0326754
0.0428581
0.0531012
0.0634031
0.0737623
0.0841768
0.0946437
0.105159
0.115718
0.126315
0.136943
0.147593
0.158257
0.168921
0.179574
0.190197
0.200774
0.211283
0.2217
0.231999
0.242149
0.252116
0.261865
0.271353
0.280537
0.289369
0.297798
0.30577
0.313229
0.320115
0.326365
0.331915
0.336702
0.340662
0.343731
0.345848
0.346953
0.346992
0.345915
0.343679
0.340249
0.335597
0.329704
0.322555
0.314145
0.304563
0.293894
0.281044
0.265117
-0.193963
-0.208782
-0.220689
-0.230529
-0.23934
-0.247057
-0.253615
-0.259035
-0.263351
-0.266598
-0.268815
-0.270048
-0.270348
-0.269766
-0.268354
-0.266167
-0.263259
-0.259681
-0.255486
-0.250722
-0.245437
-0.239676
-0.233479
-0.226888
-0.219938
-0.212664
-0.205097
-0.197264
-0.189192
-0.180904
-0.172421
-0.163761
-0.154943
-0.14598
-0.136887
-0.127675
-0.118353
-0.108932
-0.0994172
-0.0898162
-0.080134
-0.0703742
-0.06054
-0.050634
-0.0406587
-0.0306161
-0.0205081
-0.0103355
-9.8531e-05
0.0102028
0.0205689
0.0309999
0.0414957
0.0520563
0.0626814
0.0733707
0.0841233
0.0949377
0.105811
0.11674
0.12772
0.138745
0.149808
0.160901
0.172012
0.183129
0.194236
0.205316
0.216349
0.22731
0.238173
0.248907
0.259478
0.269847
0.279973
0.289808
0.299301
0.3084
0.317046
0.325178
0.332729
0.339632
0.345818
0.351214
0.355748
0.35935
0.361949
0.363476
0.36387
0.363071
0.361029
0.357701
0.353053
0.34706
0.339703
0.330972
0.320959
0.309756
0.296195
0.27933
-0.209341
-0.224992
-0.237528
-0.24784
-0.257028
-0.265028
-0.27177
-0.277282
-0.281603
-0.284774
-0.286841
-0.287858
-0.287882
-0.286972
-0.285189
-0.282592
-0.279243
-0.275201
-0.270522
-0.265261
-0.25947
-0.253196
-0.246486
-0.239382
-0.231923
-0.224145
-0.216082
-0.207763
-0.199215
-0.190461
-0.181525
-0.172424
-0.163177
-0.153797
-0.144298
-0.134691
-0.124986
-0.115192
-0.105315
-0.0953614
-0.0853354
-0.0752397
-0.0650766
-0.0548478
-0.044555
-0.0341993
-0.0237814
-0.013301
-0.00275734
0.00785072
0.0185245
0.0292652
0.0400741
0.0509522
0.0619008
0.0729207
0.0840124
0.0951756
0.106409
0.11771
0.129077
0.140504
0.151985
0.163514
0.175081
0.186674
0.198278
0.209878
0.221452
0.232978
0.24443
0.255776
0.266982
0.278008
0.28881
0.29934
0.309543
0.319363
0.328738
0.337601
0.34588
0.353502
0.360391
0.366465
0.371645
0.37585
0.379
0.381017
0.381828
0.381366
0.379571
0.37639
0.371782
0.365715
0.358164
0.349115
0.338664
0.326904
0.312596
0.294737
-0.22588
-0.242417
-0.255617
-0.26642
-0.275996
-0.284275
-0.29119
-0.296772
-0.301068
-0.304126
-0.305999
-0.306751
-0.306446
-0.305151
-0.302937
-0.299872
-0.296024
-0.291459
-0.28624
-0.280427
-0.274076
-0.267239
-0.259968
-0.252306
-0.244296
-0.235976
-0.227381
-0.218543
-0.209488
-0.200243
-0.190828
-0.181264
-0.171567
-0.161752
-0.151831
-0.141816
-0.131715
-0.121538
-0.11129
-0.100976
-0.0905999
-0.080163
-0.0696669
-0.0591124
-0.0485003
-0.0378305
-0.0271024
-0.0163144
-0.00546458
0.00544941
0.0164299
0.0274792
0.0385998
0.0497943
0.0610653
0.0724152
0.0838456
0.0953577
0.106952
0.118627
0.130382
0.142214
0.154119
0.166091
0.178121
0.1902
0.202314
0.214447
0.226581
0.238694
0.250759
0.262745
0.274618
0.286337
0.297856
0.309125
0.320087
0.330683
0.340846
0.350503
0.359578
0.367991
0.375657
0.382486
0.38839
0.393277
0.397055
0.399638
0.40094
0.400884
0.399396
0.396415
0.39189
0.385782
0.378057
0.368697
0.3578
0.345464
0.33037
0.311455
-0.243686
-0.261168
-0.275069
-0.286385
-0.296355
-0.30491
-0.311981
-0.317606
-0.32184
-0.324739
-0.326366
-0.326794
-0.326097
-0.324354
-0.321643
-0.318043
-0.313629
-0.308476
-0.302653
-0.296225
-0.289256
-0.281802
-0.273916
-0.265649
-0.257043
-0.248139
-0.238975
-0.229582
-0.21999
-0.210223
-0.200306
-0.190255
-0.180089
-0.16982
-0.159462
-0.149025
-0.138518
-0.127947
-0.11732
-0.106639
-0.0959066
-0.0851241
-0.0742918
-0.0634098
-0.0524775
-0.0414935
-0.0304557
-0.0193612
-0.00820679
0.00301101
0.0142957
0.0256511
0.037081
0.0485895
0.0601807
0.0718583
0.0836256
0.095485
0.107439
0.119488
0.131633
0.143873
0.156205
0.168624
0.181125
0.193698
0.206332
0.219014
0.231725
0.244444
0.257146
0.2698
0.282372
0.29482
0.307097
0.319152
0.330926
0.342355
0.353367
0.363887
0.373831
0.383112
0.391636
0.399306
0.40602
0.411676
0.416173
0.419408
0.421285
0.421712
0.420603
0.417885
0.413495
0.407385
0.399511
0.389851
0.378505
0.365572
0.349652
0.329617
-0.262875
-0.281366
-0.29601
-0.307859
-0.318231
-0.327054
-0.334259
-0.339893
-0.34402
-0.346705
-0.348024
-0.34806
-0.3469
-0.344633
-0.341349
-0.337137
-0.332083
-0.326267
-0.319769
-0.312659
-0.305007
-0.296875
-0.28832
-0.279393
-0.270143
-0.260612
-0.250838
-0.240854
-0.230691
-0.220375
-0.209928
-0.199368
-0.188712
-0.177973
-0.167163
-0.156291
-0.145367
-0.134395
-0.12338
-0.112325
-0.101232
-0.0901006
-0.0789303
-0.06772
-0.0564675
-0.04517
-0.0338238
-0.0224249
-0.0109687
0.00054948
0.0121347
0.0237922
0.0355275
0.0473463
0.0592539
0.0712556
0.0833562
0.0955602
0.107872
0.120293
0.132828
0.145476
0.158236
0.171106
0.184083
0.197158
0.210323
0.223565
0.236869
0.250214
0.263576
0.276925
0.290227
0.303441
0.316519
0.329408
0.342047
0.354368
0.366297
0.377752
0.388644
0.398877
0.408349
0.416951
0.424573
0.431098
0.436412
0.440399
0.442945
0.443945
0.443299
0.440917
0.436724
0.43066
0.422672
0.412728
0.400931
0.387384
0.370594
0.349369
-0.28358
-0.303152
-0.318584
-0.330987
-0.341764
-0.350843
-0.358154
-0.363755
-0.367719
-0.370126
-0.371062
-0.370626
-0.368918
-0.366041
-0.362098
-0.357188
-0.351407
-0.344846
-0.337593
-0.329726
-0.321321
-0.312445
-0.303158
-0.293517
-0.283571
-0.273365
-0.262939
-0.252327
-0.24156
-0.230664
-0.21966
-0.208568
-0.197402
-0.186176
-0.1749
-0.163582
-0.152231
-0.140849
-0.12944
-0.118007
-0.10655
-0.0950677
-0.0835588
-0.0720205
-0.0604489
-0.0488396
-0.0371876
-0.0254876
-0.0137337
-0.00191976
0.009961
0.0219156
0.0339511
0.0460746
0.0582931
0.0706135
0.0830426
0.0955868
0.108252
0.121043
0.133965
0.147019
0.160208
0.173531
0.186987
0.20057
0.214274
0.228089
0.241999
0.255988
0.270032
0.284103
0.298167
0.312183
0.326105
0.339877
0.353436
0.366713
0.379628
0.392096
0.404019
0.415295
0.425811
0.435449
0.444085
0.451591
0.457834
0.462684
0.46601
0.467688
0.4676
0.465642
0.46172
0.455761
0.4477
0.437495
0.42525
0.41107
0.393366
0.370873
-0.305947
-0.326681
-0.342949
-0.35593
-0.367114
-0.376431
-0.383812
-0.389326
-0.39306
-0.395109
-0.395576
-0.394574
-0.39222
-0.388634
-0.38393
-0.378222
-0.371618
-0.36422
-0.356124
-0.347417
-0.338181
-0.328489
-0.318406
-0.30799
-0.297293
-0.286364
-0.275241
-0.263961
-0.252555
-0.241048
-0.229462
-0.217815
-0.20612
-0.194391
-0.182635
-0.170862
-0.159074
-0.147276
-0.135469
-0.123654
-0.111831
-0.099998
-0.0881511
-0.0762862
-0.0643977
-0.0524798
-0.0405262
-0.02853
-0.016484
-0.00438005
0.00779015
0.0200353
0.0323641
0.0447852
0.0573075
0.0699398
0.0826909
0.0955694
0.108583
0.121739
0.135043
0.148501
0.162117
0.175893
0.18983
0.203925
0.218175
0.23257
0.2471
0.261749
0.276496
0.291314
0.30617
0.321026
0.335833
0.350538
0.365075
0.379372
0.393348
0.406909
0.419954
0.43237
0.444037
0.454825
0.464595
0.473203
0.480502
0.486342
0.490573
0.493049
0.493634
0.492201
0.488639
0.482858
0.474776
0.46434
0.451653
0.436824
0.418157
0.394313
-0.330143
-0.35213
-0.369288
-0.382868
-0.394458
-0.403988
-0.411393
-0.416754
-0.420177
-0.421773
-0.421666
-0.419988
-0.416875
-0.412463
-0.406883
-0.400265
-0.392729
-0.38439
-0.375353
-0.365716
-0.355565
-0.344979
-0.334028
-0.322773
-0.311268
-0.299563
-0.287699
-0.275712
-0.263632
-0.251484
-0.239289
-0.227064
-0.214822
-0.202575
-0.190328
-0.178088
-0.165857
-0.153638
-0.14143
-0.129232
-0.117044
-0.104861
-0.0926787
-0.0804899
-0.0682884
-0.0560668
-0.0438173
-0.0315315
-0.0192001
-0.00681343
0.00563863
0.0181663
0.03078
0.0434902
0.0563077
0.0692436
0.0823087
0.0955134
0.108868
0.122381
0.136062
0.149918
0.163958
0.178184
0.192602
0.207212
0.222011
0.236995
0.252156
0.267479
0.282947
0.298536
0.314214
0.329945
0.345681
0.361368
0.376942
0.392327
0.407439
0.42218
0.436442
0.450105
0.463038
0.475098
0.486134
0.495984
0.504481
0.511455
0.516733
0.520148
0.521536
0.52075
0.517654
0.512137
0.504099
0.493472
0.480357
0.464863
0.445182
0.419893
-0.356357
-0.379698
-0.397807
-0.412008
-0.423997
-0.433707
-0.441076
-0.446204
-0.449217
-0.450248
-0.449444
-0.44696
-0.442953
-0.43758
-0.430993
-0.423336
-0.414745
-0.405349
-0.395264
-0.384596
-0.373438
-0.361875
-0.34998
-0.337818
-0.325445
-0.312912
-0.30026
-0.287525
-0.274736
-0.261917
-0.249088
-0.236265
-0.223459
-0.21068
-0.197932
-0.185217
-0.172538
-0.159894
-0.147284
-0.134705
-0.122154
-0.109625
-0.09711
-0.0846025
-0.0720939
-0.0595754
-0.0470375
-0.0344699
-0.0218615
-0.00920086
0.00352375
0.0163242
0.0292127
0.042202
0.0553049
0.0685346
0.0819037
0.0954249
0.10911
0.122972
0.137022
0.15127
0.165727
0.180401
0.195297
0.21042
0.225771
0.241349
0.257149
0.273159
0.289365
0.305746
0.322274
0.338913
0.35562
0.37234
0.38901
0.405552
0.421879
0.43789
0.453471
0.468495
0.482818
0.496287
0.508734
0.519978
0.529834
0.538106
0.544597
0.54911
0.551458
0.55146
0.548957
0.54381
0.535896
0.525129
0.511606
0.495434
0.474682
0.447844
-0.384802
-0.409615
-0.428741
-0.443584
-0.455961
-0.465805
-0.473064
-0.477859
-0.480342
-0.480672
-0.479024
-0.47558
-0.470524
-0.464035
-0.456288
-0.447446
-0.437664
-0.427082
-0.41583
-0.40402
-0.391756
-0.379125
-0.366207
-0.353067
-0.339764
-0.326348
-0.312862
-0.299338
-0.285806
-0.272288
-0.258802
-0.245362
-0.231977
-0.218654
-0.205395
-0.1922
-0.17907
-0.166001
-0.15299
-0.140033
-0.127123
-0.114252
-0.101412
-0.0885929
-0.0757855
-0.062979
-0.0501619
-0.0373221
-0.0244467
-0.0115227
0.00146335
0.0145251
0.0276771
0.040934
0.0543109
0.0678227
0.0814841
0.0953099
0.109315
0.123515
0.137924
0.152555
0.167422
0.182535
0.197905
0.213538
0.229441
0.245616
0.262059
0.278765
0.295724
0.312916
0.33032
0.347901
0.36562
0.383422
0.401246
0.419015
0.436639
0.454015
0.471023
0.487527
0.503376
0.518402
0.532419
0.545231
0.556624
0.56638
0.574272
0.580072
0.583559
0.584519
0.58276
0.57811
0.57042
0.559578
0.545675
0.528814
0.50693
0.478426
-0.415723
-0.442143
-0.462361
-0.477867
-0.49061
-0.500529
-0.507584
-0.511923
-0.513729
-0.513194
-0.510527
-0.505942
-0.499654
-0.49187
-0.482789
-0.472599
-0.46147
-0.44956
-0.437008
-0.423939
-0.41046
-0.396667
-0.38264
-0.368449
-0.354152
-0.3398
-0.325432
-0.311081
-0.296773
-0.282529
-0.268365
-0.254291
-0.240314
-0.226438
-0.212662
-0.198985
-0.185403
-0.171912
-0.158504
-0.145173
-0.131911
-0.118706
-0.105549
-0.0924284
-0.0793328
-0.0662493
-0.0531643
-0.0400638
-0.0269335
-0.0137587
-0.00052414
0.0127861
0.0261886
0.0397001
0.0533377
0.0671179
0.0810579
0.0951752
0.109488
0.124013
0.138769
0.153773
0.169039
0.184583
0.200418
0.216557
0.233008
0.249777
0.266867
0.284276
0.301997
0.320019
0.338321
0.356874
0.375642
0.394575
0.413611
0.432677
0.451682
0.470521
0.489068
0.507183
0.524702
0.541445
0.55721
0.571778
0.584912
0.596363
0.605873
0.613177
0.618014
0.620133
0.619298
0.615302
0.607958
0.597124
0.58288
0.565324
0.542242
0.511936
-0.449401
-0.477587
-0.49898
-0.515167
-0.528244
-0.538161
-0.544893
-0.548622
-0.549572
-0.547975
-0.54408
-0.538141
-0.530407
-0.521121
-0.51051
-0.498784
-0.486136
-0.472738
-0.458744
-0.444285
-0.429478
-0.414421
-0.399198
-0.38388
-0.368526
-0.353182
-0.337887
-0.322672
-0.307559
-0.292566
-0.277705
-0.262984
-0.248406
-0.233971
-0.219676
-0.205516
-0.191486
-0.177577
-0.163779
-0.150082
-0.136476
-0.122948
-0.109485
-0.0960755
-0.0827043
-0.0693566
-0.056017
-0.0426698
-0.029299
-0.015888
-0.00241948
0.0111247
0.0247632
0.0385144
0.0523972
0.0664304
0.0806338
0.0950277
0.109633
0.12447
0.13956
0.154921
0.170573
0.186536
0.202827
0.219462
0.236454
0.253814
0.271549
0.289664
0.308156
0.32702
0.346239
0.365791
0.385644
0.405753
0.42606
0.446493
0.466964
0.487365
0.50757
0.52743
0.546775
0.56541
0.583115
0.59965
0.614751
0.628138
0.639514
0.648574
0.655011
0.658525
0.658833
0.65568
0.648833
0.638114
0.623583
0.60533
0.580975
0.548716
-0.486165
-0.516301
-0.538964
-0.555847
-0.569211
-0.579022
-0.585279
-0.588209
-0.588083
-0.585185
-0.579813
-0.572267
-0.56284
-0.551813
-0.539445
-0.525974
-0.511615
-0.496555
-0.48096
-0.464974
-0.448717
-0.432291
-0.415784
-0.399263
-0.382786
-0.366399
-0.350135
-0.334021
-0.318076
-0.302315
-0.286743
-0.271365
-0.25618
-0.241185
-0.226372
-0.211735
-0.197263
-0.182943
-0.168764
-0.154713
-0.140775
-0.126937
-0.113184
-0.0994993
-0.0858673
-0.0722706
-0.0586922
-0.0451145
-0.0315197
-0.017889
-0.00420281
0.00955897
0.0234166
0.0373903
0.0515011
0.0657702
0.0802203
0.0948743
0.109756
0.124888
0.140294
0.155997
0.172021
0.188389
0.205121
0.22224
0.239762
0.257705
0.276081
0.294901
0.314168
0.333881
0.354033
0.374607
0.395577
0.416905
0.438537
0.460406
0.482427
0.504493
0.526477
0.548226
0.569561
0.590274
0.610131
0.628867
0.646191
0.661785
0.675312
0.68642
0.694749
0.699942
0.701655
0.699576
0.693415
0.682945
0.668201
0.649257
0.623549
0.589157
-0.526399
-0.558702
-0.582743
-0.600328
-0.613912
-0.623482
-0.629072
-0.630965
-0.629494
-0.625005
-0.617857
-0.608406
-0.596998
-0.583955
-0.569574
-0.554122
-0.537837
-0.520924
-0.503561
-0.4859
-0.468067
-0.450166
-0.432282
-0.414483
-0.396823
-0.379341
-0.362068
-0.345026
-0.328229
-0.311684
-0.295392
-0.279353
-0.263562
-0.248009
-0.232686
-0.217579
-0.202675
-0.187957
-0.173411
-0.159019
-0.144766
-0.130634
-0.116607
-0.102665
-0.0887891
-0.0749614
-0.0611624
-0.0473727
-0.0335722
-0.01974
-0.00585452
0.00810613
0.0221638
0.0363409
0.0506606
0.0651472
0.0798255
0.094721
0.10986
0.125267
0.140971
0.156998
0.173376
0.19013
0.207288
0.224874
0.242913
0.261427
0.280435
0.299954
0.319993
0.34056
0.361655
0.383269
0.405384
0.427968
0.450976
0.474348
0.498002
0.521836
0.545723
0.569509
0.593007
0.616001
0.638239
0.659434
0.679264
0.697374
0.713381
0.726877
0.737443
0.744651
0.748087
0.747366
0.742126
0.732078
0.717219
0.697601
0.670449
0.633715
-0.570554
-0.605286
-0.630824
-0.649108
-0.662816
-0.671969
-0.676646
-0.677203
-0.674053
-0.667622
-0.65834
-0.646635
-0.632908
-0.617533
-0.600848
-0.583152
-0.564706
-0.545734
-0.526424
-0.506934
-0.487395
-0.46791
-0.44856
-0.42941
-0.410507
-0.391887
-0.373572
-0.355578
-0.337912
-0.320574
-0.30356
-0.286862
-0.27047
-0.25437
-0.238547
-0.222985
-0.207663
-0.192564
-0.177667
-0.162953
-0.148404
-0.133998
-0.119716
-0.105536
-0.0914379
-0.0773997
-0.0634008
-0.0494197
-0.0354339
-0.0214205
-0.00735626
0.00678225
0.0210189
0.0353786
0.0498869
0.0645705
0.0794563
0.0945722
0.109947
0.125609
0.14159
0.15792
0.17463
0.19175
0.209312
0.227347
0.245885
0.264954
0.28458
0.304786
0.325591
0.34701
0.369052
0.391718
0.414998
0.438871
0.463301
0.488237
0.513604
0.539308
0.565224
0.591198
0.617043
0.642532
0.667399
0.691335
0.713988
0.734963
0.753825
0.770107
0.783314
0.792941
0.798487
0.799473
0.79545
0.786044
0.771204
0.750944
0.722248
0.682925
-0.619172
-0.656642
-0.683815
-0.70278
-0.716477
-0.724977
-0.728423
-0.72727
-0.72203
-0.713227
-0.701385
-0.68701
-0.670573
-0.652506
-0.63319
-0.612958
-0.592095
-0.570842
-0.549396
-0.52792
-0.506543
-0.485365
-0.464464
-0.443894
-0.423698
-0.403901
-0.384518
-0.365556
-0.347013
-0.328882
-0.311149
-0.293801
-0.276821
-0.260189
-0.243884
-0.227885
-0.212166
-0.196706
-0.181482
-0.166469
-0.151647
-0.13699
-0.122477
-0.108082
-0.0937834
-0.0795579
-0.0653821
-0.051232
-0.0370834
-0.0229115
-0.00869155
0.00560189
0.019995
0.0345149
0.0491896
0.0640475
0.0791177
0.0944306
0.110018
0.125912
0.142146
0.158755
0.175772
0.193234
0.211177
0.229638
0.248652
0.268255
0.288479
0.309356
0.330914
0.353177
0.376164
0.399885
0.424345
0.449532
0.475423
0.501978
0.529133
0.556804
0.584872
0.61319
0.64157
0.66978
0.697543
0.724529
0.750357
0.77459
0.796739
0.816266
0.832595
0.845126
0.85325
0.856376
0.853942
0.845466
0.830823
0.809977
0.779625
0.737419
-0.672905
-0.713489
-0.74245
-0.762051
-0.775547
-0.783081
-0.784888
-0.781549
-0.773709
-0.762013
-0.747097
-0.729563
-0.709964
-0.688793
-0.66648
-0.643392
-0.619836
-0.596068
-0.572291
-0.548667
-0.525322
-0.50235
-0.479816
-0.457769
-0.436236
-0.415234
-0.394768
-0.374831
-0.355413
-0.336495
-0.318058
-0.300078
-0.28253
-0.265388
-0.248625
-0.232213
-0.216125
-0.200331
-0.184806
-0.169522
-0.154453
-0.139573
-0.124853
-0.11027
-0.0957979
-0.0814106
-0.0670828
-0.0527887
-0.0385021
-0.0241967
-0.00984594
0.00457797
0.0191034
0.0337596
0.0485761
0.0635834
0.0788128
0.0942975
0.110072
0.126172
0.142633
0.159493
0.176791
0.194567
0.212864
0.231723
0.251187
0.271297
0.292095
0.31362
0.33591
0.359
0.38292
0.407694
0.433338
0.459855
0.487237
0.515456
0.544467
0.574195
0.604537
0.635352
0.666458
0.697625
0.728568
0.75894
0.788332
0.816265
0.842191
0.865499
0.885518
0.901534
0.912811
0.918618
0.918245
0.91107
0.896869
0.875522
0.843394
0.797951
-0.732549
-0.776703
-0.807623
-0.827776
-0.840802
-0.84695
-0.846586
-0.840459
-0.829382
-0.814156
-0.795553
-0.774288
-0.751005
-0.726265
-0.700549
-0.674256
-0.647715
-0.621188
-0.594882
-0.568953
-0.543517
-0.518654
-0.49442
-0.470847
-0.447948
-0.425727
-0.404172
-0.383266
-0.362985
-0.343301
-0.324181
-0.305595
-0.287508
-0.269887
-0.252698
-0.235906
-0.21948
-0.203386
-0.187593
-0.172069
-0.156785
-0.14171
-0.126816
-0.112074
-0.0974563
-0.0829353
-0.0684831
-0.0540721
-0.0396748
-0.0252629
-0.0108075
0.00372102
0.018353
0.0331192
0.048051
0.0631808
0.0785426
0.094172
0.110106
0.126383
0.143041
0.160123
0.177671
0.195732
0.214351
0.233577
0.253458
0.274043
0.295383
0.317526
0.340521
0.364414
0.389247
0.415059
0.44188
0.469731
0.498621
0.528541
0.559462
0.591329
0.624056
0.657517
0.691542
0.725908
0.760328
0.794445
0.827827
0.859954
0.890219
0.91793
0.942309
0.962511
0.977646
0.986808
0.989101
0.983717
0.970286
0.948576
0.914541
0.865432
-0.799087
-0.84737
-0.880434
-0.900992
-0.913167
-0.917363
-0.914133
-0.904451
-0.889347
-0.869816
-0.846792
-0.821126
-0.79356
-0.76473
-0.735165
-0.705295
-0.675461
-0.645929
-0.616899
-0.588514
-0.560874
-0.534043
-0.508056
-0.482925
-0.458647
-0.435206
-0.412574
-0.390719
-0.369601
-0.34918
-0.329413
-0.310258
-0.29167
-0.273609
-0.256033
-0.238902
-0.222177
-0.205821
-0.189797
-0.17407
-0.158606
-0.143372
-0.128336
-0.113468
-0.0987373
-0.0841133
-0.0695669
-0.0550689
-0.0405899
-0.0260998
-0.0115675
0.00303817
0.0177489
0.0325971
0.0476158
0.0628399
0.0783054
0.0940501
0.110113
0.126536
0.14336
0.160631
0.178397
0.196707
0.215613
0.235168
0.255429
0.276451
0.298295
0.321019
0.344682
0.369343
0.395058
0.421882
0.449862
0.479038
0.509438
0.541078
0.573949
0.608022
0.643232
0.679478
0.716609
0.754416
0.792621
0.830866
0.868699
0.905568
0.940808
0.973641
1.00317
1.02841
1.04827
1.06163
1.06737
1.06442
1.05222
1.03035
0.994272
0.940973
-0.87375
-0.92685
-0.962249
-0.982969
-0.993749
-0.995228
-0.988221
-0.974003
-0.953885
-0.929103
-0.900788
-0.869939
-0.837412
-0.803914
-0.77002
-0.73618
-0.702742
-0.669962
-0.638023
-0.607047
-0.577111
-0.548252
-0.52048
-0.493782
-0.468131
-0.443489
-0.419809
-0.39704
-0.375128
-0.354015
-0.333648
-0.313972
-0.294932
-0.27648
-0.258565
-0.241141
-0.224164
-0.20759
-0.191379
-0.175489
-0.159886
-0.144531
-0.129392
-0.114434
-0.0996236
-0.0849302
-0.0703224
-0.0557692
-0.0412392
-0.0267005
-0.0121208
0.00253263
0.0172926
0.0321931
0.0472693
0.0625576
0.0780961
0.0939246
0.110084
0.126619
0.143575
0.161
0.178946
0.197467
0.21662
0.236463
0.257061
0.278477
0.30078
0.324038
0.348323
0.373706
0.40026
0.428056
0.45716
0.487634
0.519531
0.552889
0.587732
0.624056
0.661831
0.700984
0.741394
0.782879
0.82518
0.867949
0.910728
0.952941
0.993871
1.03265
1.06827
1.09956
1.12521
1.14386
1.15404
1.15439
1.14404
1.12234
1.08408
1.02595
-0.9581
-1.01687
-1.05479
-1.07527
-1.08388
-1.0816
-1.06961
-1.0496
-1.02324
-0.992058
-0.957419
-0.92049
-0.882239
-0.843443
-0.80471
-0.766501
-0.72915
-0.692893
-0.657882
-0.624208
-0.59191
-0.560991
-0.531428
-0.503179
-0.476186
-0.450386
-0.425708
-0.402081
-0.379432
-0.357689
-0.336783
-0.316646
-0.297215
-0.27843
-0.260234
-0.242573
-0.225396
-0.208654
-0.192303
-0.176298
-0.160599
-0.145167
-0.129964
-0.114955
-0.100103
-0.0853766
-0.0707421
-0.056167
-0.0416182
-0.0270625
-0.0124665
0.00220351
0.0169818
0.0319038
0.0470063
0.0623273
0.0779063
0.0937848
0.110007
0.126618
0.143669
0.16121
0.179296
0.197986
0.217341
0.237426
0.258312
0.28007
0.302778
0.326516
0.351366
0.377415
0.40475
0.433462
0.463638
0.495365
0.52872
0.563774
0.600583
0.63918
0.679572
0.721729
0.765571
0.810954
0.857654
0.905349
0.953595
1.0018
1.04922
1.0949
1.1377
1.17626
1.20904
1.23432
1.25027
1.25506
1.24745
1.2264
1.18586
1.12209
-1.05415
-1.11966
-1.16024
-1.17986
-1.18517
-1.17768
-1.15912
-1.13171
-1.09758
-1.05861
-1.01643
-0.972401
-0.927584
-0.882817
-0.838723
-0.795748
-0.754197
-0.714263
-0.676053
-0.639607
-0.604918
-0.571944
-0.540621
-0.510867
-0.482593
-0.455703
-0.430101
-0.405693
-0.382386
-0.36009
-0.338721
-0.318198
-0.298447
-0.279398
-0.260986
-0.24315
-0.225832
-0.20898
-0.192543
-0.176474
-0.160728
-0.145264
-0.130042
-0.115022
-0.100169
-0.0854478
-0.0708232
-0.0562612
-0.0417275
-0.0271881
-0.0126086
0.00204566
0.0168102
0.0317217
0.046818
0.0621382
0.0777233
0.0936168
0.109865
0.126516
0.143622
0.161237
0.17942
0.198232
0.21774
0.238015
0.259134
0.281176
0.304228
0.32838
0.353727
0.380371
0.408416
0.437971
0.469147
0.502057
0.536809
0.573507
0.612245
0.653101
0.69613
0.741353
0.788744
0.838215
0.889597
0.942613
0.996856
1.05175
1.10652
1.16018
1.21143
1.25875
1.30028
1.33393
1.35735
1.36817
1.36454
1.34488
1.302
1.2316
-1.16455
-1.23813
-1.28142
-1.29916
-1.29953
-1.28486
-1.25761
-1.22073
-1.17692
-1.12851
-1.07739
-1.02511
-0.972818
-0.921384
-0.87141
-0.823302
-0.777304
-0.733541
-0.692053
-0.652813
-0.615753
-0.580775
-0.547762
-0.51659
-0.487127
-0.459246
-0.432822
-0.407733
-0.383866
-0.361113
-0.339372
-0.318551
-0.298564
-0.27933
-0.260777
-0.242836
-0.225444
-0.208543
-0.192079
-0.176001
-0.160261
-0.144814
-0.129618
-0.114633
-0.099821
-0.0851444
-0.0705676
-0.0560552
-0.0415722
-0.0270838
-0.012555
0.00205001
0.0167676
0.0316351
0.0466912
0.0619759
0.0775316
0.0934035
0.10964
0.126291
0.14341
0.161055
0.179286
0.19817
0.217778
0.238185
0.259476
0.281736
0.305062
0.329552
0.355317
0.38247
0.411136
0.441442
0.473524
0.507522
0.543578
0.581834
0.622429
0.665489
0.711128
0.75943
0.810439
0.864142
0.920447
0.97915
1.03991
1.1022
1.16528
1.22809
1.28928
1.3471
1.3994
1.44361
1.47678
1.49576
1.49791
1.4808
1.43565
1.35735
-1.29286
-1.37619
-1.42201
-1.43624
-1.42928
-1.40466
-1.3659
-1.31691
-1.26109
-1.20125
-1.1396
-1.07781
-1.0171
-0.958306
-0.901976
-0.848423
-0.797797
-0.750124
-0.705348
-0.663359
-0.624008
-0.58713
-0.552549
-0.520086
-0.489568
-0.460828
-0.433711
-0.408067
-0.383761
-0.360664
-0.338661
-0.317643
-0.297514
-0.278185
-0.259573
-0.241605
-0.224211
-0.207329
-0.190901
-0.174872
-0.159192
-0.143815
-0.128695
-0.11379
-0.0990622
-0.0844718
-0.0699822
-0.0555575
-0.0411621
-0.0267607
-0.0123175
0.00220381
0.0168401
0.031629
0.0466096
0.0618228
0.0773124
0.0931249
0.109309
0.125918
0.143006
0.160633
0.178863
0.197764
0.217413
0.23789
0.259284
0.281689
0.305207
0.329951
0.35604
0.383604
0.412783
0.443726
0.476595
0.511558
0.548792
0.588482
0.630814
0.675974
0.724139
0.775471
0.830101
0.888111
0.949512
1.01421
1.08197
1.15237
1.22471
1.29799
1.37079
1.44118
1.5067
1.56427
1.61018
1.64027
1.65079
1.63803
1.59093
1.50316
-1.44396
-1.53913
-1.58685
-1.59496
-1.57712
-1.53868
-1.48468
-1.42021
-1.34954
-1.27598
-1.20201
-1.12939
-1.05932
-0.992536
-0.929452
-0.870241
-0.814905
-0.763337
-0.715357
-0.670744
-0.629258
-0.59065
-0.554677
-0.521101
-0.489703
-0.460274
-0.432624
-0.406577
-0.381973
-0.358666
-0.336522
-0.315423
-0.295258
-0.275931
-0.257352
-0.23944
-0.222122
-0.205332
-0.189006
-0.173089
-0.157528
-0.142273
-0.127279
-0.112503
-0.0979031
-0.0834411
-0.0690793
-0.0547814
-0.0405115
-0.0262337
-0.0119118
0.00249058
0.0170101
0.0316846
0.0465536
0.0616588
0.0770445
0.0927579
0.108849
0.125371
0.142381
0.159939
0.178113
0.196974
0.216601
0.237079
0.258501
0.280969
0.304592
0.329491
0.355798
0.383657
0.413223
0.444669
0.478178
0.51395
0.5522
0.593155
0.637054
0.684146
0.734685
0.78892
0.847086
0.909383
0.975958
1.04687
1.12203
1.20118
1.28376
1.36888
1.45512
1.54049
1.62221
1.69668
1.75928
1.80457
1.82725
1.82168
1.77344
1.67424
-1.62481
-1.73434
-1.78244
-1.78016
-1.74616
-1.68852
-1.61431
-1.53013
-1.44121
-1.35133
-1.26314
-1.17837
-1.09807
-1.02278
-0.95269
-0.887751
-0.827765
-0.772445
-0.721458
-0.67445
-0.63107
-0.590978
-0.553853
-0.519397
-0.487337
-0.457425
-0.429434
-0.403162
-0.378424
-0.355057
-0.332912
-0.311857
-0.291773
-0.272555
-0.254106
-0.236341
-0.219181
-0.202558
-0.186404
-0.170663
-0.155279
-0.140203
-0.125386
-0.110786
-0.0963602
-0.0820697
-0.0678769
-0.0537453
-0.0396389
-0.0255215
-0.0113572
0.00288998
0.0172566
0.0317805
0.0465013
0.0614608
0.0767036
0.092277
0.108232
0.124621
0.141503
0.15894
0.177001
0.195759
0.215296
0.235701
0.257071
0.279512
0.303141
0.328087
0.354493
0.382514
0.412323
0.444111
0.478087
0.51448
0.553541
0.595543
0.64078
0.68957
0.742247
0.799162
0.860667
0.927107
0.998797
1.07598
1.15881
1.24723
1.34095
1.43926
1.54093
1.64398
1.74547
1.84125
1.92575
1.99192
2.03233
2.03852
1.99093
1.87794
-1.84561
-1.97234
-2.01748
-1.99783
-1.93978
-1.85542
-1.75449
-1.6454
-1.53427
-1.42524
-1.32091
-1.22279
-1.13159
-1.04749
-0.970356
-0.899824
-0.835432
-0.776668
-0.723011
-0.673955
-0.629023
-0.587774
-0.549807
-0.514758
-0.482303
-0.45215
-0.424042
-0.397746
-0.373059
-0.349798
-0.327803
-0.30693
-0.287053
-0.268057
-0.249842
-0.232318
-0.215403
-0.199024
-0.183115
-0.167615
-0.152469
-0.137626
-0.123039
-0.108663
-0.0944563
-0.0803806
-0.066398
-0.0524721
-0.0385671
-0.0246472
-0.010677
0.00337877
0.0175563
0.031893
0.0464283
0.0612039
0.0762639
0.0916552
0.107428
0.123637
0.14034
0.157601
0.175489
0.194079
0.213455
0.233707
0.254936
0.277253
0.300781
0.325656
0.352027
0.380063
0.40995
0.441898
0.476138
0.512927
0.552552
0.59533
0.641613
0.691787
0.746273
0.80553
0.870044
0.940325
1.01689
1.10022
1.19074
1.28875
1.3943
1.50706
1.62615
1.74983
1.87519
1.99775
2.11093
2.20585
2.27228
2.29761
2.25437
2.12499
-2.12209
-2.26843
-2.3037
-2.25521
-2.16131
-2.03983
-1.90381
-1.76353
-1.6258
-1.49474
-1.37254
-1.26015
-1.15771
-1.06485
-0.980942
-0.905228
-0.836909
-0.775205
-0.719378
-0.668754
-0.622719
-0.58073
-0.5423
-0.507004
-0.474465
-0.444352
-0.416376
-0.390283
-0.365848
-0.342876
-0.321194
-0.30065
-0.281111
-0.262456
-0.244583
-0.227396
-0.210813
-0.194759
-0.179166
-0.163974
-0.149126
-0.134573
-0.120266
-0.106162
-0.0922205
-0.078402
-0.06467
-0.0509885
-0.0373223
-0.0236365
-0.00989681
0.00393136
0.0178835
0.0319966
0.0463093
0.0608621
0.0756984
0.0908643
0.10641
0.12239
0.138861
0.155888
0.173541
0.191894
0.211032
0.231048
0.252044
0.274134
0.297444
0.322116
0.348308
0.376196
0.405979
0.43788
0.472152
0.509078
0.548976
0.592207
0.639174
0.690333
0.746194
0.807326
0.874359
0.947986
1.02895
1.11802
1.21598
1.32354
1.44127
1.56944
1.70774
1.85505
2.00886
2.16471
2.3153
2.44981
2.55457
2.61109
2.57963
2.43181
-2.47963
-2.6454
-2.65679
-2.56051
-2.41325
-2.24049
-2.05891
-1.88025
-1.71139
-1.5557
-1.41439
-1.28738
-1.1739
-1.0728
-0.982812
-0.902672
-0.831189
-0.767275
-0.709961
-0.658391
-0.611817
-0.56959
-0.531148
-0.496002
-0.463732
-0.433972
-0.406406
-0.38076
-0.356795
-0.334304
-0.313107
-0.293045
-0.27398
-0.255789
-0.238366
-0.221615
-0.205452
-0.189802
-0.174597
-0.159778
-0.145289
-0.13108
-0.117104
-0.10332
-0.0896865
-0.0761667
-0.0627245
-0.0493248
-0.0359339
-0.0225183
-0.00904472
0.00452047
0.0182119
0.0320652
0.0461177
0.0604085
0.07498
0.0898775
0.10515
0.12085
0.137037
0.153772
0.171123
0.189168
0.20799
0.227681
0.248345
0.270098
0.293068
0.3174
0.343256
0.370819
0.400297
0.431925
0.465972
0.50274
0.542578
0.585882
0.633104
0.684762
0.741452
0.803851
0.872736
0.948986
1.03359
1.12765
1.23236
1.34896
1.4787
1.62265
1.78148
1.95512
2.1421
2.3387
2.53759
2.72639
2.88769
2.9951
2.99025
2.82482
-2.96178
-3.13771
-3.09697
-2.92182
-2.69561
-2.45289
-2.21329
-1.98872
-1.78466
-1.6026
-1.44189
-1.30082
-1.17728
-1.06912
-0.974263
-0.89087
-0.817307
-0.752164
-0.694234
-0.642487
-0.596047
-0.554171
-0.516228
-0.48168
-0.450068
-0.421
-0.39414
-0.369201
-0.345934
-0.324126
-0.30359
-0.284166
-0.265713
-0.248108
-0.231244
-0.215026
-0.19937
-0.184203
-0.169457
-0.155075
-0.141002
-0.12719
-0.113595
-0.100175
-0.0868925
-0.0737108
-0.0605957
-0.047514
-0.0344338
-0.021323
-0.00814975
0.00511835
0.0185142
0.0320719
0.0458271
0.0598175
0.0740833
0.0886686
0.103621
0.118993
0.13484
0.151222
0.168208
0.185871
0.204295
0.22357
0.243802
0.265103
0.287604
0.311449
0.336803
0.363853
0.392812
0.423922
0.457461
0.493749
0.533154
0.576101
0.623081
0.674668
0.731528
0.794441
0.864317
0.942221
1.02939
1.12727
1.23752
1.36199
1.50275
1.66195
1.84165
2.04345
2.26782
2.51303
2.77314
3.0356
3.27992
3.47041
3.5217
3.34916
-3.6474
-3.79764
-3.64799
-3.34361
-3.00233
-2.66644
-2.35543
-2.0783
-1.83665
-1.62826
-1.44946
-1.29622
-1.1647
-1.05147
-0.953599
-0.868595
-0.794386
-0.729252
-0.671767
-0.62075
-0.57522
-0.534358
-0.497482
-0.464017
-0.43348
-0.405464
-0.379623
-0.355661
-0.333326
-0.312404
-0.292708
-0.274079
-0.256375
-0.239478
-0.223281
-0.207691
-0.192627
-0.178017
-0.163799
-0.149914
-0.136313
-0.12295
-0.109782
-0.0967698
-0.0838777
-0.0710715
-0.0583193
-0.0455903
-0.0328543
-0.0200812
-0.00724112
0.00569663
0.0187633
0.0319907
0.0454123
0.0590636
0.0729837
0.0872144
0.101801
0.116794
0.132246
0.148216
0.164768
0.181976
0.199918
0.218686
0.238379
0.259112
0.281009
0.304217
0.328897
0.355237
0.383449
0.41378
0.44651
0.481968
0.520533
0.562648
0.608832
0.659695
0.715961
0.778488
0.848301
0.926626
1.01493
1.11499
1.22892
1.35925
1.50897
1.68153
1.88079
2.11076
2.37506
2.67576
3.01093
3.37107
3.73574
4.06123
4.22749
4.08625
-4.67984
-4.70089
-4.3324
-3.82053
-3.31616
-2.86105
-2.46696
-2.13392
-1.85569
-1.62401
-1.43084
-1.26914
-1.13302
-1.0177
-0.919338
-0.834847
-0.761765
-0.698115
-0.642304
-0.593042
-0.549277
-0.510148
-0.474942
-0.443072
-0.414045
-0.387452
-0.362945
-0.340233
-0.319066
-0.299233
-0.280553
-0.262871
-0.246051
-0.229978
-0.21455
-0.199679
-0.185288
-0.171308
-0.157681
-0.144353
-0.131277
-0.11841
-0.105712
-0.0931475
-0.0806831
-0.0682877
-0.0559319
-0.0435876
-0.0312274
-0.0188234
-0.00634738
0.00622892
0.018934
0.0317973
0.0448502
0.0581259
0.0716609
0.085495
0.0996709
0.114235
0.129238
0.144734
0.160787
0.177464
0.194842
0.213009
0.232059
0.252103
0.273263
0.295679
0.319509
0.344936
0.372169
0.401449
0.433057
0.467317
0.504611
0.545386
0.590171
0.639596
0.694414
0.755532
0.824052
0.901318
0.98898
1.08908
1.20415
1.33734
1.49259
1.67477
1.88986
2.14499
2.44826
2.80796
3.2303
3.71499
4.24955
4.79039
5.18449
5.18285
-6.31767
-5.94694
-5.16255
-4.33251
-3.60678
-3.00731
-2.52407
-2.13811
-1.82969
-1.58179
-1.38085
-1.21638
-1.08038
-0.966798
-0.871026
-0.789524
-0.719559
-0.658999
-0.606163
-0.559716
-0.518586
-0.481905
-0.448965
-0.419185
-0.392085
-0.367265
-0.34439
-0.323179
-0.303395
-0.284837
-0.267332
-0.250734
-0.234917
-0.219771
-0.205203
-0.19113
-0.177481
-0.164193
-0.151212
-0.13849
-0.125982
-0.113651
-0.10146
-0.0893763
-0.0773706
-0.0654149
-0.0534835
-0.0415512
-0.029593
-0.0175836
-0.00549772
0.00669024
0.0190061
0.0314767
0.0441305
0.0569985
0.0701143
0.0835145
0.0972386
0.111329
0.125833
0.140803
0.156294
0.172373
0.189111
0.206589
0.224899
0.244144
0.264439
0.285918
0.308732
0.333054
0.359085
0.387056
0.417237
0.449942
0.485542
0.524473
0.567258
0.614518
0.667008
0.725644
0.791555
0.866136
0.951136
1.04877
1.16185
1.29402
1.45003
1.63607
1.8603
2.13342
2.46925
2.88506
3.4009
4.03608
4.80047
5.66992
6.49274
6.90105
-9.13774
-7.65898
-6.09048
-4.80645
-3.80794
-3.05395
-2.49121
-2.0679
-1.74449
-1.49326
-1.29478
-1.13545
-1.00562
-0.89839
-0.808742
-0.732952
-0.668221
-0.612411
-0.563866
-0.521285
-0.483636
-0.450091
-0.41998
-0.392755
-0.367967
-0.345241
-0.324267
-0.304784
-0.286575
-0.269454
-0.253263
-0.237868
-0.223156
-0.209026
-0.195393
-0.182184
-0.169335
-0.15679
-0.144499
-0.132422
-0.120518
-0.108754
-0.0970986
-0.0855224
-0.0739999
-0.0625075
-0.0510226
-0.0395235
-0.0279882
-0.0163943
-0.00471958
0.00705831
0.0189622
0.0310162
0.0432457
0.0556788
0.0683459
0.08128
0.0945167
0.108095
0.122056
0.136449
0.151325
0.166744
0.182772
0.199484
0.216965
0.235309
0.254625
0.275033
0.296677
0.319716
0.344336
0.370755
0.399222
0.430033
0.463535
0.50014
0.540338
0.584723
0.634012
0.689085
0.751035
0.821228
0.901397
0.99377
1.10125
1.22769
1.37827
1.56008
1.78301
2.06101
2.4139
2.87
3.46958
4.26579
5.31298
6.6505
8.27725
9.82359
-14.6435
-9.90824
-6.77066
-4.92324
-3.69391
-2.85259
-2.27323
-1.8621
-1.55983
-1.33086
-1.15294
-1.01164
-0.897293
-0.803275
-0.724888
-0.658728
-0.60227
-0.553603
-0.511259
-0.474089
-0.441185
-0.41182
-0.385408
-0.36147
-0.339611
-0.319507
-0.300886
-0.283522
-0.267225
-0.251835
-0.237214
-0.223249
-0.209839
-0.1969
-0.184359
-0.172153
-0.160228
-0.148537
-0.137039
-0.125699
-0.114484
-0.103365
-0.0923164
-0.081315
-0.0703397
-0.0593713
-0.0483915
-0.0373821
-0.026325
-0.0152016
-0.0039932
0.00731882
0.0187536
0.0303318
0.0420757
0.0540092
0.0661588
0.0785531
0.0912231
0.104202
0.117528
0.131243
0.145391
0.160028
0.17521
0.191005
0.207487
0.224742
0.242864
0.261963
0.282164
0.30361
0.326467
0.350926
0.377211
0.405583
0.436349
0.469876
0.506597
0.547039
0.591836
0.641772
0.697814
0.761183
0.833429
0.916559
1.01322
1.12695
1.26263
1.42713
1.63039
1.88726
2.22055
2.66664
3.28605
4.17503
5.46387
7.38467
10.6122
15.4586
-23.9265
-12.1114
-6.49448
-4.20958
-2.99844
-2.26385
-1.79726
-1.48093
-1.25238
-1.07959
-0.94469
-0.836764
-0.748736
-0.675801
-0.614562
-0.562538
-0.517873
-0.47915
-0.445269
-0.415362
-0.388737
-0.364836
-0.343206
-0.323476
-0.305338
-0.288537
-0.27286
-0.25813
-0.244196
-0.230933
-0.218234
-0.206008
-0.194177
-0.182676
-0.171448
-0.160444
-0.149624
-0.138951
-0.128394
-0.117927
-0.107525
-0.0971679
-0.0868355
-0.0765112
-0.06618
-0.0558281
-0.0454421
-0.0350088
-0.0245144
-0.013945
-0.00328677
0.00747473
0.0183545
0.0293686
0.040535
0.051873
0.063404
0.0751511
0.0871396
0.0993971
0.111954
0.124846
0.13811
0.151791
0.165938
0.180607
0.19586
0.211767
0.22841
0.245878
0.264276
0.283723
0.304355
0.32633
0.349832
0.375074
0.402307
0.431824
0.463977
0.499183
0.537947
0.580883
0.628744
0.682474
0.743259
0.812619
0.89254
0.985661
1.09559
1.2274
1.38851
1.5903
1.85127
2.20418
2.71251
3.49715
4.7763
7.15719
12.8916
24.8301
)
;

boundaryField
{
    movingWall
    {
        type            zeroGradient;
    }
    fixedWalls
    {
        type            zeroGradient;
    }
    frontAndBack
    {
        type            empty;
    }
}


// ************************************************************************* //
