/*--------------------------------*- C++ -*----------------------------------*\
| =========                 |                                                 |
| \\      /  F ield         | OpenFOAM: The Open Source CFD Toolbox           |
|  \\    /   O peration     | Version:  2212                                  |
|   \\  /    A nd           | Website:  www.openfoam.com                      |
|    \\/     M anipulation  |                                                 |
\*---------------------------------------------------------------------------*/
FoamFile
{
    version     2.0;
    format      ascii;
    arch        "LSB;label=32;scalar=64";
    class       volScalarField;
    location    "0.0125";
    object      p;
}
// * * * * * * * * * * * * * * * * * * * * * * * * * * * * * * * * * * * * * //

dimensions      [0 2 -2 0 0 0 0];

internalField   nonuniform List<scalar> 
10000
(
9.02696e-08
-0.00117269
-0.00310704
-0.00514053
-0.00699987
-0.00876711
-0.0104526
-0.0120506
-0.0135506
-0.0149414
-0.016211
-0.0173483
-0.0183449
-0.0191952
-0.0198943
-0.0204368
-0.0208187
-0.0210385
-0.0210963
-0.0209931
-0.0207299
-0.0203087
-0.0197321
-0.0190029
-0.0181232
-0.0170957
-0.0159239
-0.0146118
-0.0131642
-0.0115859
-0.00988164
-0.00805621
-0.00611442
-0.00406128
-0.00190232
0.000356448
0.00270877
0.00514829
0.00766875
0.0102643
0.0129294
0.0156581
0.018444
0.021281
0.0241629
0.0270838
0.0300377
0.0330188
0.0360213
0.0390391
0.0420658
0.0450947
0.0481197
0.051135
0.0541345
0.0571118
0.0600601
0.0629728
0.0658438
0.0686674
0.0714375
0.0741472
0.0767897
0.0793582
0.0818461
0.0842473
0.0865557
0.088765
0.0908688
0.0928611
0.0947366
0.0964905
0.0981187
0.0996168
0.10098
0.102205
0.103286
0.104222
0.105011
0.105651
0.106142
0.106484
0.106677
0.106721
0.106621
0.106379
0.106004
0.105503
0.104886
0.104166
0.103359
0.102484
0.101565
0.100633
0.0997214
0.0988748
0.0981447
0.0975921
0.0972875
0.09725
-0.00110087
-0.00218669
-0.00373116
-0.00537681
-0.00697599
-0.00852031
-0.010004
-0.0114178
-0.0127503
-0.0139895
-0.0151243
-0.0161427
-0.0170344
-0.0177922
-0.0184109
-0.0188858
-0.0192129
-0.0193896
-0.0194154
-0.0192905
-0.0190152
-0.0185906
-0.0180181
-0.0172997
-0.0164381
-0.0154359
-0.0142956
-0.0130208
-0.0116152
-0.010083
-0.00842881
-0.00665737
-0.00477308
-0.0027807
-0.000685835
0.00150584
0.00378885
0.00615735
0.00860513
0.0111262
0.0137151
0.016366
0.0190731
0.0218304
0.0246321
0.0274722
0.0303443
0.0332427
0.0361619
0.0390963
0.0420397
0.0449854
0.0479269
0.0508583
0.0537739
0.0566678
0.0595335
0.0623646
0.0651549
0.0678984
0.0705891
0.0732206
0.0757866
0.0782807
0.0806965
0.0830281
0.0852693
0.0874142
0.0894572
0.0913927
0.0932157
0.0949215
0.0965061
0.0979654
0.0992955
0.100493
0.101554
0.102477
0.103261
0.103904
0.104407
0.104769
0.104992
0.105077
0.105028
0.104851
0.10455
0.104137
0.10362
0.103014
0.102332
0.101593
0.100819
0.100037
0.099277
0.0985755
0.0979719
0.0975104
0.0972463
0.0972091
-0.00243644
-0.00321251
-0.00433309
-0.00564326
-0.00700246
-0.00835485
-0.00967355
-0.0109405
-0.01214
-0.0132588
-0.0142852
-0.0152079
-0.0160156
-0.0166991
-0.0172526
-0.0176719
-0.017953
-0.0180929
-0.0180904
-0.0179454
-0.0176579
-0.0172283
-0.0166573
-0.0159461
-0.015097
-0.0141129
-0.0129962
-0.0117495
-0.0103764
-0.00888052
-0.00726592
-0.005537
-0.00369809
-0.00175387
0.000290196
0.00242859
0.00465612
0.00696743
0.00935668
0.0118181
0.0143459
0.0169344
0.0195779
0.022271
0.025008
0.0277829
0.0305893
0.0334212
0.0362733
0.0391403
0.0420164
0.0448948
0.0477692
0.0506333
0.0534815
0.056308
0.0591071
0.0618723
0.0645977
0.0672768
0.0699038
0.0724726
0.0749772
0.0774116
0.0797697
0.0820456
0.0842333
0.0863272
0.0883219
0.0902124
0.091994
0.0936623
0.0952132
0.0966427
0.0979472
0.0991237
0.10017
0.101084
0.101865
0.102512
0.103025
0.103405
0.103652
0.103769
0.10376
0.103631
0.103388
0.103041
0.102598
0.102074
0.101481
0.100838
0.100162
0.0994783
0.098813
0.0981961
0.0976598
0.0972382
0.0969745
0.096898
-0.00338153
-0.00395043
-0.00481449
-0.00588259
-0.00704648
-0.00823944
-0.00942233
-0.01057
-0.0116628
-0.0126842
-0.0136215
-0.014464
-0.015201
-0.0158226
-0.0163219
-0.016694
-0.0169355
-0.0170433
-0.0170155
-0.0168515
-0.0165513
-0.0161152
-0.0155433
-0.0148365
-0.0139966
-0.0130257
-0.0119264
-0.0107014
-0.00935381
-0.00788691
-0.0063045
-0.00461054
-0.00280893
-0.00090422
0.00109813
0.00319269
0.00537448
0.00763834
0.0099787
0.0123901
0.0148672
0.0174043
0.0199954
0.0226351
0.025318
0.0280385
0.0307903
0.0335672
0.0363639
0.039175
0.0419949
0.0448171
0.0476352
0.0504434
0.0532358
0.0560067
0.0587502
0.0614605
0.0641312
0.0667566
0.0693307
0.0718475
0.0743011
0.0766857
0.0789956
0.0812252
0.0833688
0.085421
0.0873764
0.0892302
0.0909782
0.0926161
0.09414
0.0955461
0.096831
0.0979919
0.0990267
0.0999344
0.100714
0.101365
0.101888
0.102282
0.102548
0.102691
0.102714
0.102623
0.102424
0.102126
0.101738
0.101273
0.100742
0.100163
0.0995514
0.098928
0.0983156
0.0977396
0.0972266
0.0968047
0.096502
0.0963365
-0.00379888
-0.00435922
-0.00511796
-0.00603944
-0.00706198
-0.00812859
-0.00919845
-0.0102442
-0.0112452
-0.0121832
-0.0130434
-0.0138147
-0.0144874
-0.0150525
-0.0155023
-0.0158312
-0.0160358
-0.0161134
-0.0160619
-0.0158798
-0.0155667
-0.0151228
-0.0145484
-0.0138442
-0.0130114
-0.0120518
-0.0109674
-0.00976086
-0.00843541
-0.00699399
-0.00543993
-0.00377694
-0.00200884
-0.000139985
0.00182449
0.00387951
0.00602024
0.00824145
0.0105376
0.0129036
0.0153345
0.017825
0.020369
0.0229608
0.0255951
0.0282663
0.0309684
0.0336955
0.0364422
0.0392032
0.0419725
0.0447437
0.0475107
0.0502679
0.0530098
0.0557306
0.0584243
0.0610847
0.0637058
0.0662821
0.0688081
0.0712778
0.0736855
0.0760252
0.0782913
0.0804789
0.0825826
0.0845973
0.0865178
0.0883393
0.0900574
0.0916682
0.0931683
0.0945539
0.0958219
0.0969698
0.0979957
0.0988984
0.0996775
0.100332
0.100863
0.10127
0.101554
0.101719
0.101769
0.101709
0.101547
0.101289
0.100946
0.100526
0.100044
0.099511
0.0989438
0.0983595
0.0977771
0.0972172
0.0967024
0.0962553
0.0958857
0.0955962
-0.00388645
-0.00451366
-0.00525249
-0.00610027
-0.00703424
-0.00801136
-0.00899499
-0.00995857
-0.0108829
-0.0117505
-0.0125458
-0.0132565
-0.0138732
-0.0143881
-0.0147934
-0.0150836
-0.0152548
-0.0153044
-0.0152305
-0.0150314
-0.014706
-0.0142542
-0.0136763
-0.012973
-0.0121453
-0.0111947
-0.0101228
-0.00893238
-0.00762617
-0.00620685
-0.00467743
-0.00304151
-0.00130288
0.000534207
0.00246491
0.00448454
0.00658858
0.00877193
0.011029
0.0133548
0.0157446
0.0181934
0.0206954
0.0232447
0.025836
0.0284635
0.0311214
0.0338041
0.0365064
0.0392229
0.0419474
0.0446736
0.0473952
0.050107
0.0528038
0.0554801
0.0581294
0.0607455
0.0633225
0.0658551
0.0683381
0.070766
0.0731328
0.0754327
0.0776602
0.0798105
0.0818788
0.0838603
0.0857499
0.087543
0.0892352
0.0908227
0.0923021
0.09367
0.0949236
0.0960605
0.0970791
0.0979782
0.0987572
0.0994155
0.0999532
0.100371
0.10067
0.100854
0.100926
0.100893
0.10076
0.100534
0.100225
0.0998407
0.0993923
0.0988917
0.0983523
0.0977889
0.0972174
0.0966541
0.0961177
0.0956263
0.0951712
0.0947385
-0.00375453
-0.00448341
-0.00525064
-0.00607526
-0.00696365
-0.00788504
-0.00880951
-0.00971284
-0.010577
-0.011387
-0.0121286
-0.0127891
-0.0133589
-0.0138305
-0.0141972
-0.0144535
-0.0145954
-0.01462
-0.0145255
-0.0143103
-0.0139732
-0.0135137
-0.012932
-0.0122284
-0.011404
-0.0104601
-0.00939853
-0.00822148
-0.00693152
-0.00553099
-0.00402271
-0.00241015
-0.000696955
0.00111277
0.00301434
0.00500323
0.0070752
0.00922543
0.0114485
0.0137395
0.0160939
0.0185066
0.0209718
0.023484
0.0260378
0.0286275
0.0312474
0.0338918
0.0365554
0.0392331
0.0419186
0.0446057
0.0472882
0.0499609
0.0526188
0.0552561
0.0578665
0.060444
0.0629827
0.0654777
0.0679237
0.0703153
0.0726465
0.0749119
0.0771061
0.0792245
0.0812623
0.0832151
0.085078
0.0868465
0.0885164
0.0900842
0.0915464
0.0928996
0.0941413
0.0952691
0.0962816
0.0971777
0.0979567
0.0986181
0.0991619
0.0995888
0.0999006
0.1001
0.100191
0.100179
0.100069
0.0998676
0.0995828
0.099223
0.0987973
0.0983159
0.0977901
0.0972325
0.0966559
0.0960732
0.0955
0.0949505
0.0943981
0.0938142
-0.00348223
-0.00432854
-0.005151
-0.00598559
-0.00686031
-0.00775294
-0.00864097
-0.00950394
-0.0103248
-0.0110903
-0.0117887
-0.0124084
-0.0129397
-0.013375
-0.0137087
-0.013936
-0.0140526
-0.0140555
-0.0139427
-0.0137126
-0.0133644
-0.0128973
-0.0123113
-0.0116066
-0.0107841
-0.00984531
-0.00879175
-0.0076255
-0.00634876
-0.00496371
-0.00347312
-0.00188038
-0.000188887
0.00159758
0.00347453
0.00543749
0.00748221
0.00960404
0.011798
0.0140593
0.0163837
0.0187658
0.0211998
0.0236801
0.0262016
0.0287591
0.0313467
0.0339587
0.0365895
0.039234
0.0418862
0.0445398
0.0471891
0.0498286
0.0524533
0.0550574
0.0576345
0.0601788
0.0626849
0.0651479
0.0675627
0.0699236
0.0722249
0.0744609
0.0766268
0.0787181
0.0807303
0.0826589
0.0844992
0.086247
0.0878982
0.0894495
0.0908973
0.0922385
0.0934704
0.0945909
0.0955984
0.096492
0.0972709
0.0979349
0.098484
0.0989189
0.0992412
0.0994536
0.0995597
0.0995637
0.0994707
0.0992868
0.0990191
0.0986748
0.098262
0.0977892
0.0972657
0.0967018
0.0961077
0.0954937
0.0948726
0.0942557
0.0936002
0.092864
-0.00312831
-0.00409793
-0.00498984
-0.00585526
-0.00673968
-0.00762491
-0.00849431
-0.00933277
-0.0101252
-0.0108591
-0.0115246
-0.012112
-0.0126125
-0.0130186
-0.013325
-0.0135277
-0.0136226
-0.0136068
-0.0134779
-0.0132347
-0.0128761
-0.0124015
-0.0118108
-0.0111041
-0.0102823
-0.00934687
-0.00829927
-0.00714129
-0.00587489
-0.00450214
-0.0030258
-0.00144921
0.000224488
0.00199179
0.00384839
0.00578991
0.00781218
0.00991066
0.0120805
0.0143173
0.0166166
0.0189733
0.0213813
0.0238352
0.0263299
0.0288605
0.0314212
0.034006
0.0366096
0.0392265
0.0418509
0.0444767
0.0470981
0.0497099
0.0523068
0.0548831
0.0574324
0.0599491
0.062428
0.0648644
0.0672534
0.0695891
0.0718656
0.0740776
0.0762202
0.0782891
0.0802801
0.0821888
0.0840107
0.0857415
0.0873775
0.0889151
0.0903511
0.0916825
0.0929065
0.0940211
0.0950247
0.0959162
0.0966952
0.0973614
0.097915
0.0983566
0.0986875
0.0989101
0.0990273
0.0990433
0.0989625
0.0987905
0.0985334
0.0981975
0.0977894
0.0973162
0.0967857
0.0962061
0.0955854
0.0949313
0.0942547
0.0935649
0.0928044
0.0919194
-0.00273708
-0.00383061
-0.00479933
-0.00570774
-0.00661772
-0.00751246
-0.00837799
-0.00920469
-0.00998061
-0.0106943
-0.0113367
-0.0118999
-0.0123764
-0.0127596
-0.0130446
-0.013227
-0.0133036
-0.0132716
-0.0131289
-0.012874
-0.0125059
-0.0120238
-0.0114278
-0.0107182
-0.00989587
-0.00896215
-0.0079183
-0.00676597
-0.0055071
-0.00414364
-0.00267819
-0.00111394
0.000546094
0.0022985
0.00413903
0.00606349
0.00806797
0.0101481
0.0122991
0.0145165
0.0167958
0.019132
0.021519
0.0239517
0.0264252
0.0289343
0.0314732
0.034036
0.0366174
0.0392121
0.041814
0.0444174
0.0470162
0.0496054
0.0521797
0.0547333
0.0572601
0.0597546
0.0622117
0.064627
0.0669952
0.0693108
0.0715677
0.0737605
0.0758847
0.077936
0.0799103
0.0818033
0.0836106
0.0853281
0.086952
0.0884788
0.0899055
0.091229
0.0924468
0.0935568
0.0945574
0.0954476
0.0962269
0.0968952
0.0974525
0.0978995
0.0982371
0.0984673
0.0985928
0.0986169
0.098544
0.0983788
0.0981267
0.0977928
0.0973825
0.0969017
0.0963566
0.0957538
0.0950995
0.094399
0.0936622
0.0928966
0.092032
0.0910046
-0.00234192
-0.0035581
-0.00460755
-0.00556559
-0.00651051
-0.00742708
-0.00830122
-0.00912687
-0.00989588
-0.0105987
-0.0112267
-0.0117731
-0.0122321
-0.0125982
-0.0128664
-0.0130328
-0.0130943
-0.0130487
-0.012894
-0.0126286
-0.0122514
-0.0117619
-0.0111602
-0.0104468
-0.00962262
-0.00868873
-0.00764631
-0.00649701
-0.00524277
-0.00388547
-0.0024275
-0.000871816
0.000778637
0.00252042
0.00434932
0.00626127
0.00825267
0.0103194
0.0124565
0.0146595
0.0169239
0.0192446
0.0216158
0.0240324
0.0264897
0.0289825
0.0315048
0.0340508
0.036615
0.0391923
0.0417769
0.044363
0.0469445
0.0495162
0.0520729
0.0546088
0.0571183
0.0595958
0.0620365
0.0644357
0.0667883
0.0690886
0.0713307
0.0735092
0.0756197
0.077658
0.07962
0.0815015
0.0832981
0.0850056
0.0866204
0.0881391
0.0895588
0.0908765
0.0920898
0.0931966
0.0941953
0.095085
0.095865
0.0965352
0.0970956
0.0975466
0.0978891
0.0981247
0.0982555
0.0982846
0.0982157
0.0980529
0.0978007
0.0974632
0.0970448
0.0965501
0.0959842
0.0953524
0.0946592
0.0939082
0.0931084
0.0922662
0.0913003
0.0901383
-0.00196933
-0.00330468
-0.0044371
-0.00544953
-0.00643461
-0.00738057
-0.00827304
-0.00910694
-0.00987711
-0.0105763
-0.0111973
-0.011734
-0.0121815
-0.0125352
-0.0127908
-0.0129447
-0.0129943
-0.0129374
-0.0127722
-0.012497
-0.0121111
-0.0116141
-0.0110063
-0.0102881
-0.00946048
-0.00852449
-0.00748124
-0.0063324
-0.00507987
-0.0037254
-0.00227129
-0.000720429
0.000924324
0.00265963
0.00448131
0.00638542
0.00836852
0.0104265
0.0125546
0.0147481
0.0170025
0.0193128
0.0216733
0.0240789
0.026525
0.0290064
0.0315172
0.0340513
0.0366033
0.0391683
0.0417406
0.0443143
0.0468834
0.0494427
0.0519868
0.0545104
0.0570078
0.0594735
0.0619029
0.0642911
0.066633
0.0689228
0.0711548
0.0733238
0.0754252
0.077455
0.0794091
0.0812832
0.0830728
0.0847737
0.0863822
0.0878954
0.0893103
0.0906243
0.0918349
0.0929401
0.0939382
0.094828
0.0956091
0.0962812
0.0968441
0.0972981
0.0976438
0.0978825
0.0980162
0.0980474
0.0979789
0.0978144
0.0975573
0.0972112
0.0967794
0.0962656
0.095674
0.0950086
0.0942727
0.0934687
0.0926047
0.091687
0.0906242
0.0893361
-0.00164178
-0.00309013
-0.00430568
-0.00537635
-0.00640547
-0.00738527
-0.00830263
-0.00915234
-0.00993058
-0.0106324
-0.0112524
-0.0117853
-0.0122266
-0.0125722
-0.0128188
-0.0129635
-0.0130037
-0.0129374
-0.0127628
-0.0124786
-0.0120842
-0.0115795
-0.0109649
-0.0102408
-0.0094081
-0.00846804
-0.00742176
-0.00627086
-0.00501709
-0.00366213
-0.00220828
-0.000658475
0.000984429
0.00271723
0.00453595
0.00643677
0.00841626
0.0104703
0.012594
0.0147826
0.0170319
0.0193367
0.0216915
0.0240911
0.026531
0.029006
0.0315101
0.0340371
0.0365819
0.0391396
0.0417047
0.0442711
0.0468328
0.0493847
0.0519215
0.054438
0.0569286
0.0593879
0.0618109
0.0641931
0.0665291
0.0688134
0.0710401
0.0732042
0.0753011
0.0773267
0.0792771
0.0811477
0.082934
0.0846315
0.0862368
0.087747
0.0891596
0.0904721
0.0916821
0.0927873
0.0937861
0.094677
0.0954596
0.0961335
0.0966984
0.0971545
0.0975021
0.0977422
0.0978764
0.0979067
0.0978354
0.0976652
0.0973991
0.0970399
0.0965902
0.0960531
0.0954318
0.0947296
0.0939485
0.0930901
0.0921624
0.0911713
0.0900166
0.0886114
-0.00137881
-0.00293197
-0.00422791
-0.00535921
-0.00643616
-0.0074531
-0.00839925
-0.00927026
-0.0100625
-0.0107726
-0.0113967
-0.0119305
-0.0123697
-0.0127112
-0.0129522
-0.0130904
-0.0131234
-0.0130491
-0.012866
-0.0125733
-0.0121707
-0.011658
-0.0110358
-0.0103045
-0.00946514
-0.00851909
-0.00746751
-0.00631193
-0.00505402
-0.00369538
-0.00223837
-0.000686026
0.000958845
0.00269315
0.00451307
0.00641488
0.0083952
0.0104498
0.0125736
0.0147621
0.0170109
0.019315
0.021669
0.0240676
0.0265062
0.0289797
0.0314818
0.0340067
0.0365492
0.0391046
0.0416676
0.0442318
0.0467913
0.0493409
0.0518757
0.0543906
0.0568798
0.0593379
0.0617598
0.0641409
0.066476
0.0687596
0.0709859
0.0731497
0.0752465
0.0772724
0.0792231
0.0810941
0.0828806
0.0845781
0.0861833
0.0876935
0.0891065
0.09042
0.0916315
0.0927386
0.0937394
0.0946325
0.0954172
0.0960931
0.0966599
0.0971174
0.0974658
0.0977058
0.0978385
0.0978652
0.0977878
0.0976086
0.0973298
0.0969536
0.0964824
0.0959186
0.0952648
0.0945234
0.0936958
0.0927828
0.0917925
0.0907309
0.0894897
0.0879757
-0.00119563
-0.00284555
-0.00421738
-0.00540949
-0.00653711
-0.00759426
-0.00857201
-0.00946799
-0.0102791
-0.0110024
-0.0116348
-0.0121731
-0.0126139
-0.0129547
-0.0131932
-0.0133271
-0.0133543
-0.0132731
-0.0130825
-0.0127819
-0.012371
-0.01185
-0.0112192
-0.0104795
-0.00963207
-0.0086782
-0.00761906
-0.00645613
-0.00519115
-0.0038258
-0.00236245
-0.000804137
0.000846397
0.00258618
0.00441141
0.00631839
0.00830372
0.0103631
0.0124916
0.0146844
0.0169374
0.0192457
0.0216035
0.0240059
0.026448
0.0289247
0.0314298
0.0339575
0.0365028
0.0390611
0.0416269
0.0441941
0.0467567
0.0493094
0.0518477
0.0543664
0.0568596
0.0593218
0.0617479
0.0641332
0.0664725
0.0687603
0.0709908
0.0731589
0.0752603
0.0772907
0.0792459
0.0811211
0.0829115
0.0846126
0.0862211
0.0877347
0.0891512
0.0904683
0.0916836
0.0927946
0.0937991
0.0946956
0.0954834
0.0961619
0.0967307
0.0971893
0.0975377
0.0977762
0.0979054
0.0979262
0.0978401
0.0976488
0.0973542
0.0969583
0.0964628
0.0958697
0.0951812
0.0943992
0.0935246
0.0925576
0.0915065
0.0903774
0.0890547
0.0874391
-0.00110185
-0.00284297
-0.00428665
-0.00553774
-0.00671706
-0.00781704
-0.00882921
-0.00975295
-0.0105864
-0.0113265
-0.0119708
-0.0125169
-0.0129626
-0.0133056
-0.0135438
-0.0136751
-0.0136979
-0.0136111
-0.0134137
-0.0131055
-0.0126863
-0.0121562
-0.0115161
-0.0107669
-0.00990991
-0.00894638
-0.00787742
-0.00670458
-0.00542974
-0.00405471
-0.00258192
-0.0010143
0.000645523
0.00239462
0.00422918
0.00614541
0.00813987
0.0102083
0.0123457
0.0145474
0.0168092
0.0191262
0.0214927
0.0239035
0.0263539
0.0288387
0.0313517
0.0338873
0.0364405
0.0390068
0.0415808
0.0441563
0.0467272
0.0492886
0.0518359
0.0543638
0.0568665
0.0593382
0.0617738
0.0641685
0.0665172
0.0688142
0.0710538
0.0732309
0.0753411
0.0773804
0.0793443
0.0812279
0.083026
0.0847345
0.0863501
0.0878706
0.0892939
0.0906178
0.0918395
0.0929565
0.0939665
0.094868
0.0956601
0.0963421
0.0969134
0.097373
0.0977208
0.0979566
0.0980808
0.0980938
0.0979968
0.0977911
0.0974785
0.0970605
0.0965386
0.0959145
0.0951899
0.0943667
0.0934451
0.0924249
0.0913147
0.0901208
0.0887207
0.0870097
-0.00110322
-0.00293257
-0.00444566
-0.00575358
-0.00698421
-0.00812869
-0.00917786
-0.0101319
-0.0109899
-0.0117497
-0.012409
-0.0129659
-0.0134191
-0.0137664
-0.0140061
-0.0141363
-0.0141561
-0.0140645
-0.0138611
-0.0135454
-0.0131176
-0.012578
-0.0119278
-0.0111679
-0.0102998
-0.00932465
-0.00824364
-0.00705846
-0.00577115
-0.00438357
-0.00289818
-0.00131787
0.000354829
0.00211702
0.00396478
0.00589425
0.00790195
0.00998364
0.0121343
0.0143493
0.0166245
0.0189549
0.0213348
0.0237588
0.0262223
0.02872
0.031246
0.0337947
0.0363611
0.0389408
0.0415282
0.0441173
0.046702
0.0492776
0.0518393
0.054382
0.0568996
0.0593863
0.0618366
0.064246
0.0666092
0.0689204
0.071174
0.0733648
0.0754885
0.077541
0.0795178
0.0814139
0.083224
0.084944
0.0865707
0.0881019
0.0895355
0.0908691
0.0920999
0.0932254
0.0942431
0.0951514
0.0959493
0.0966358
0.09721
0.0976708
0.0980175
0.0982499
0.0983679
0.0983718
0.0982623
0.0980406
0.0977083
0.0972665
0.0967167
0.0960604
0.0952991
0.0944341
0.0934656
0.0923932
0.0912252
0.0899686
0.0884942
0.0866927
-0.00120456
-0.00312002
-0.00470155
-0.00606516
-0.0073462
-0.00853594
-0.00962392
-0.0106103
-0.011495
-0.0122766
-0.0129533
-0.0135236
-0.0139862
-0.0143395
-0.0145821
-0.0147127
-0.0147305
-0.0146351
-0.0144259
-0.0141027
-0.0136659
-0.0131164
-0.0124552
-0.0116835
-0.0108025
-0.00981379
-0.00871853
-0.00751864
-0.0062163
-0.00481335
-0.00331219
-0.00171571
-2.64904e-05
0.00175251
0.0036173
0.00556398
0.00758907
0.00968832
0.0118567
0.0140895
0.0163827
0.0187312
0.0211292
0.0235713
0.0260527
0.0285685
0.0311128
0.0336798
0.0362648
0.0388632
0.0414695
0.0440776
0.0466817
0.0492769
0.0518586
0.0544214
0.0569593
0.0594662
0.0619366
0.0643658
0.0667485
0.069079
0.0713513
0.0735605
0.0757023
0.0777725
0.0797665
0.0816793
0.0835057
0.0852414
0.0868833
0.088429
0.0898764
0.0912229
0.0924657
0.0936021
0.0946298
0.095547
0.0963521
0.0970442
0.0976219
0.098084
0.0984296
0.0986581
0.0987692
0.0987631
0.0986401
0.0984014
0.0980481
0.0975815
0.0970028
0.0963134
0.0955147
0.0946078
0.0935925
0.0924681
0.0912434
0.0899253
0.0883792
0.0864911
-0.00141148
-0.00341027
-0.00505941
-0.00647876
-0.00780985
-0.00904481
-0.0101726
-0.011193
-0.0121062
-0.0129114
-0.0136075
-0.0141929
-0.0146665
-0.0150272
-0.015274
-0.0154061
-0.015423
-0.015324
-0.0151091
-0.0147783
-0.0143323
-0.0137722
-0.013099
-0.012314
-0.0114186
-0.0104142
-0.00930253
-0.00808559
-0.00676558
-0.00534431
-0.00382415
-0.00220804
-0.000498665
0.0013009
0.00318661
0.00515452
0.00720119
0.00932237
0.0115129
0.0137682
0.016084
0.0184554
0.0208763
0.0233414
0.025846
0.0283852
0.0309531
0.033544
0.036153
0.0387756
0.0414063
0.0440389
0.0466678
0.0492881
0.0518951
0.0544833
0.0570467
0.0595789
0.0620746
0.0645286
0.0669357
0.0692902
0.0715862
0.0738186
0.075983
0.0780753
0.080091
0.0820249
0.0838718
0.0856273
0.0872883
0.0888523
0.0903169
0.0916796
0.0929373
0.0940874
0.0951274
0.0960552
0.0968693
0.0975679
0.0981499
0.0986136
0.0989582
0.0991829
0.099287
0.0992703
0.0991332
0.0988765
0.0985015
0.0980093
0.097401
0.096678
0.0958413
0.094892
0.0938296
0.0926533
0.0913722
0.0899937
0.0883777
0.0864064
-0.00172985
-0.00380849
-0.00552369
-0.00699894
-0.00838057
-0.00966068
-0.0108288
-0.0118845
-0.0128277
-0.0136581
-0.0143748
-0.0149767
-0.0154626
-0.0158318
-0.016084
-0.0162185
-0.0162348
-0.0161325
-0.0159119
-0.0155733
-0.0151177
-0.0145461
-0.0138597
-0.0130598
-0.012148
-0.0111261
-0.00999592
-0.00875948
-0.00741901
-0.00597635
-0.00443389
-0.00279469
-0.00106157
0.000762323
0.00267289
0.00466618
0.00673871
0.00888622
0.0111035
0.0133859
0.0157291
0.0181281
0.0205769
0.0230701
0.0256032
0.0281712
0.0307683
0.0333886
0.0360272
0.0386794
0.04134
0.0440027
0.046662
0.0493127
0.0519503
0.0545692
0.057163
0.0597257
0.0622514
0.0647352
0.0671717
0.069555
0.0718795
0.0741398
0.0763316
0.0784506
0.0804922
0.0824514
0.084323
0.0861025
0.0877865
0.0893723
0.0908576
0.0922396
0.0935153
0.0946818
0.0957363
0.0966766
0.0975009
0.0982074
0.0987944
0.0992606
0.0996047
0.0998258
0.0999229
0.0998956
0.0997439
0.0994688
0.0990715
0.0985532
0.0979148
0.0971574
0.0962822
0.0952898
0.0941797
0.0929512
0.0916138
0.0901756
0.0884915
0.0864399
-0.00216425
-0.00431968
-0.00609901
-0.00762971
-0.00906237
-0.0103882
-0.0115969
-0.0126886
-0.0136632
-0.01452
-0.0152583
-0.0158775
-0.0163769
-0.0167559
-0.0170142
-0.0171515
-0.0171675
-0.017062
-0.0168356
-0.0164889
-0.0160229
-0.0154387
-0.0147377
-0.0139213
-0.0129914
-0.0119501
-0.0107991
-0.00954056
-0.00817674
-0.00670952
-0.00514145
-0.00347573
-0.00171529
0.000136695
0.00207611
0.00409894
0.00620166
0.00837995
0.0106286
0.0129427
0.0153181
0.0177497
0.0202314
0.022758
0.025325
0.0279273
0.0305591
0.0332143
0.0358879
0.0385754
0.0412714
0.0439699
0.046665
0.0493516
0.052025
0.0546797
0.0573092
0.0599072
0.0624679
0.0649863
0.067457
0.0698743
0.0722322
0.0745253
0.0767491
0.0788993
0.0809713
0.0829601
0.0848605
0.0866678
0.0883786
0.0899899
0.0914993
0.0929038
0.0942004
0.0953859
0.0964572
0.0974118
0.0982477
0.0989632
0.0995566
0.100026
0.100371
0.100589
0.100679
0.100641
0.100474
0.100181
0.0997608
0.0992158
0.0985467
0.0977543
0.0968397
0.0958035
0.0946452
0.0933642
0.0919707
0.0904735
0.0887231
0.0865937
-0.00271734
-0.00494777
-0.00678977
-0.00837508
-0.00985882
-0.0112311
-0.0124811
-0.0136095
-0.0146162
-0.0155003
-0.0162612
-0.0168987
-0.0174124
-0.0178019
-0.018067
-0.0182074
-0.0182231
-0.0181145
-0.017882
-0.0175266
-0.0170493
-0.0164513
-0.0157342
-0.0148997
-0.01395
-0.0128871
-0.011713
-0.0104297
-0.00903958
-0.00754468
-0.00594773
-0.00425209
-0.00246074
-0.000576862
0.0013954
0.00345194
0.00558917
0.00780269
0.0100872
0.0124378
0.0148502
0.0173193
0.0198391
0.0224044
0.0250107
0.0276528
0.0303248
0.0330204
0.0357346
0.0384629
0.0412001
0.0439399
0.0466763
0.0494042
0.0521189
0.0548146
0.0574848
0.0601232
0.0627239
0.065282
0.0677921
0.0702484
0.0726448
0.0749758
0.0772364
0.0794225
0.0815293
0.083552
0.0854853
0.0873245
0.0890658
0.0907063
0.0922431
0.0936733
0.0949936
0.0962005
0.0972907
0.0982615
0.0991108
0.0998369
0.100438
0.100912
0.101258
0.101473
0.101557
0.101508
0.101327
0.101015
0.100572
0.0999998
0.0992993
0.0984713
0.0975166
0.0964359
0.0952291
0.0938957
0.0924466
0.0908915
0.0890762
0.0868711
-0.00339051
-0.00569558
-0.00759973
-0.00923905
-0.0107737
-0.0121932
-0.0134854
-0.014651
-0.0156903
-0.0166025
-0.017387
-0.0180437
-0.0185724
-0.018973
-0.0192452
-0.0193888
-0.0194044
-0.0192925
-0.0190536
-0.0186888
-0.018199
-0.0175859
-0.0168513
-0.0159972
-0.0150258
-0.0139393
-0.0127396
-0.0114288
-0.0100094
-0.00848374
-0.00685471
-0.00512573
-0.00329984
-0.00138026
0.00062884
0.00272327
0.00489932
0.00715252
0.00947749
0.0118693
0.0143235
0.0168351
0.0193983
0.0220077
0.0246586
0.027346
0.0300635
0.032805
0.0355654
0.0383402
0.041124
0.0439107
0.0466941
0.0494689
0.0522301
0.0549722
0.0576885
0.0603724
0.0630184
0.0656214
0.0681763
0.0706771
0.0731174
0.0754913
0.0777938
0.0800205
0.0821669
0.0842279
0.0861983
0.0880733
0.0898491
0.0915224
0.0930902
0.0945493
0.0958961
0.0971269
0.0982383
0.0992275
0.100092
0.100831
0.101441
0.101921
0.102269
0.102483
0.102561
0.102501
0.102306
0.101974
0.101508
0.100909
0.100176
0.099312
0.0983168
0.0971916
0.0959363
0.0945507
0.0930468
0.0914346
0.0895553
0.0872754
-0.0041853
-0.00656536
-0.0085322
-0.0102257
-0.0118113
-0.0132783
-0.0146136
-0.0158172
-0.0168897
-0.0178308
-0.0186398
-0.0193165
-0.0198608
-0.0202728
-0.0205523
-0.0206995
-0.020715
-0.0205994
-0.0203535
-0.0199782
-0.0194749
-0.0188455
-0.0180922
-0.0172169
-0.0162219
-0.0151095
-0.0138815
-0.0125404
-0.0110889
-0.00952946
-0.00786511
-0.00609933
-0.00423522
-0.00227605
-0.000226079
0.00191043
0.00412965
0.00642701
0.00879706
0.0112348
0.0137357
0.0162951
0.0189069
0.0215657
0.0242667
0.0270046
0.0297731
0.0325659
0.035378
0.0382048
0.0410409
0.0438801
0.0467161
0.0495432
0.0523566
0.0551504
0.0579182
0.0606532
0.06335
0.0660037
0.068609
0.0711598
0.0736493
0.0760715
0.0784209
0.0806933
0.0828841
0.0849881
0.0870002
0.0889153
0.0907295
0.0924393
0.0940417
0.0955329
0.0969092
0.0981667
0.0993018
0.100312
0.101194
0.101947
0.102569
0.103056
0.103408
0.10362
0.103693
0.103623
0.103413
0.103063
0.102574
0.101946
0.101182
0.100281
0.0992456
0.098076
0.0967725
0.0953353
0.0937768
0.0921078
0.0901647
0.0878095
-0.00510434
-0.00755981
-0.00959025
-0.0113389
-0.0129761
-0.0144909
-0.0158698
-0.0171124
-0.0182191
-0.0191899
-0.0200241
-0.0207215
-0.0212819
-0.0217056
-0.0219927
-0.0221436
-0.0221588
-0.0220391
-0.0217852
-0.0213986
-0.0208808
-0.020234
-0.0194604
-0.0185621
-0.0175414
-0.0164006
-0.0151418
-0.0137677
-0.0122811
-0.0106848
-0.00898179
-0.00717562
-0.00526949
-0.00326677
-0.00117178
0.00101111
0.00327794
0.00562405
0.0080439
0.0105325
0.0130854
0.0156976
0.0183633
0.0210769
0.0238332
0.026627
0.0294518
0.0323015
0.0351709
0.0380552
0.0409492
0.0438465
0.0467405
0.0496257
0.0524967
0.0553479
0.0581727
0.0609646
0.063718
0.0664281
0.0690895
0.0716958
0.0742402
0.076716
0.0791177
0.081441
0.0836811
0.0858331
0.0878915
0.0898512
0.0917079
0.0934583
0.0950987
0.0966255
0.0980345
0.0993217
0.100483
0.101517
0.10242
0.103189
0.103824
0.104321
0.104676
0.104889
0.104956
0.104878
0.104654
0.104285
0.103772
0.103117
0.102321
0.101384
0.100308
0.0990945
0.0977431
0.0962543
0.094641
0.0929145
0.0909061
0.088474
-0.00615111
-0.00868266
-0.0107775
-0.0125827
-0.0142727
-0.0158359
-0.0172592
-0.0185418
-0.0196839
-0.0206851
-0.0215452
-0.0222637
-0.0228407
-0.0232764
-0.0235712
-0.0237256
-0.0237402
-0.0236156
-0.023353
-0.0229541
-0.0224208
-0.0217552
-0.0209597
-0.0200364
-0.0189877
-0.017816
-0.0165236
-0.0151136
-0.0135889
-0.0119524
-0.0102071
-0.00835677
-0.00640466
-0.00435424
-0.00220993
2.37948e-05
0.00234283
0.00474242
0.00721702
0.00976157
0.0123716
0.0150422
0.0177671
0.0205407
0.0233577
0.0262128
0.0290995
0.0320115
0.0349437
0.0378912
0.0408486
0.0438095
0.0467672
0.049716
0.0526504
0.0555646
0.0584522
0.0613068
0.0641229
0.0668952
0.0696184
0.0722858
0.0748904
0.0774252
0.0798847
0.0822642
0.084559
0.0867639
0.0888734
0.0908822
0.0927859
0.0945808
0.0962631
0.097829
0.0992742
0.100594
0.101786
0.102846
0.103771
0.10456
0.10521
0.105717
0.106078
0.106292
0.106355
0.106268
0.10603
0.105643
0.105108
0.104425
0.103597
0.102625
0.101509
0.100251
0.0988516
0.0973104
0.0956409
0.093855
0.0917791
0.0892678
-0.00732917
-0.00993827
-0.0120984
-0.0139614
-0.0157056
-0.0173188
-0.0187873
-0.0201109
-0.0212894
-0.022322
-0.0232084
-0.0239486
-0.0245425
-0.0249905
-0.025293
-0.0254505
-0.0254636
-0.0253335
-0.0250613
-0.0246491
-0.0240989
-0.0234129
-0.0225934
-0.0216428
-0.0205635
-0.0193582
-0.0180295
-0.0165805
-0.0150143
-0.013334
-0.0115427
-0.0096442
-0.00764194
-0.00553949
-0.00334138
-0.0010522
0.00132382
0.00378185
0.00631635
0.00892219
0.0115948
0.014329
0.0171186
0.0199576
0.0228407
0.0257626
0.0287167
0.0316968
0.0346973
0.0377136
0.0407401
0.0437703
0.0467974
0.0498154
0.052819
0.0558021
0.0587586
0.0616819
0.0645664
0.0674069
0.0701975
0.0729315
0.0756017
0.078201
0.0807237
0.0831648
0.0855195
0.0877824
0.0899479
0.0920105
0.0939655
0.0958091
0.0975373
0.0991461
0.100631
0.101988
0.103213
0.104302
0.105253
0.106063
0.106729
0.107248
0.107616
0.107832
0.107893
0.107798
0.107547
0.107142
0.106584
0.105875
0.105015
0.104007
0.102851
0.101548
0.100099
0.0985039
0.096776
0.0949282
0.0927822
0.090189
-0.00864162
-0.0113309
-0.0135582
-0.0154798
-0.0172801
-0.0189449
-0.0204602
-0.0218258
-0.0230415
-0.0241062
-0.0250196
-0.0257818
-0.0263929
-0.0268532
-0.027163
-0.027323
-0.027334
-0.0271974
-0.0269147
-0.0264878
-0.025919
-0.0252106
-0.0243649
-0.0233843
-0.0222718
-0.02103
-0.0196619
-0.0181706
-0.0165594
-0.0148314
-0.01299
-0.0110392
-0.00898243
-0.00682347
-0.00456691
-0.00221748
0.000220488
0.00274212
0.00534182
0.00801432
0.0107549
0.0135581
0.0164177
0.0193277
0.0222826
0.025277
0.0283042
0.031358
0.0344327
0.0375236
0.040625
0.0437302
0.0468325
0.0499257
0.0530043
0.0560626
0.059094
0.0620922
0.0650513
0.0679656
0.0708293
0.0736355
0.0763768
0.0790461
0.0816373
0.0841454
0.0865653
0.0888913
0.0911177
0.0932388
0.0952498
0.0971465
0.0989248
0.100581
0.102109
0.103506
0.104767
0.105889
0.106867
0.1077
0.108385
0.108918
0.109295
0.109514
0.109573
0.109471
0.109208
0.108786
0.108206
0.107469
0.106578
0.105534
0.104336
0.102988
0.101487
0.0998348
0.0980458
0.0961333
0.0939149
0.0912374
-0.0100914
-0.0128644
-0.0151615
-0.0171438
-0.0190014
-0.0207199
-0.0222835
-0.0236922
-0.0249459
-0.0260435
-0.0269846
-0.0277692
-0.0283975
-0.0288698
-0.0291865
-0.0293484
-0.0293566
-0.0292125
-0.0289179
-0.0284748
-0.0278854
-0.0271521
-0.0262777
-0.0252646
-0.0241159
-0.0228347
-0.0214238
-0.0198865
-0.0182264
-0.0164468
-0.0145512
-0.0125437
-0.010428
-0.00820788
-0.00588813
-0.00347352
-0.000968495
0.00162199
0.00429224
0.00703679
0.00985067
0.0127284
0.0156635
0.01865
0.0216824
0.024755
0.0278612
0.0309946
0.0341494
0.0373208
0.040503
0.0436894
0.0468729
0.0500475
0.0532075
0.0563472
0.0594601
0.0625395
0.0655792
0.0685734
0.071516
0.0744
0.077218
0.0799628
0.0826282
0.0852088
0.0876992
0.0900935
0.0923858
0.0945703
0.096642
0.0985964
0.100429
0.102136
0.103712
0.105153
0.106454
0.10761
0.108619
0.109478
0.110183
0.110731
0.111119
0.111343
0.111401
0.111293
0.111018
0.110579
0.109978
0.109215
0.108291
0.107209
0.105969
0.104571
0.103016
0.101305
0.0994517
0.0974725
0.0951795
0.0924154
-0.011682
-0.0145428
-0.0169131
-0.0189586
-0.0208754
-0.022649
-0.0242627
-0.0257157
-0.0270083
-0.0281397
-0.0291091
-0.0299165
-0.030562
-0.0310461
-0.0313692
-0.0315324
-0.0315368
-0.0313841
-0.031076
-0.0306147
-0.0300025
-0.0292421
-0.0283362
-0.0272879
-0.0261001
-0.024776
-0.0233188
-0.0217319
-0.020019
-0.0181836
-0.0162295
-0.0141609
-0.0119817
-0.00969574
-0.00730794
-0.0048231
-0.00224584
0.000418755
0.00316486
0.00598678
0.00887932
0.0118369
0.0148531
0.0179219
0.0210374
0.0241941
0.0273852
0.0306042
0.0338452
0.0371031
0.0403723
0.0436461
0.0469172
0.0501796
0.0534275
0.0566553
0.0598563
0.0630234
0.0661501
0.0692303
0.0722578
0.0752257
0.0781264
0.0809526
0.0836978
0.0863564
0.0889228
0.0913909
0.0937544
0.0960076
0.0981449
0.100162
0.102054
0.103816
0.105444
0.106932
0.108275
0.10947
0.110513
0.111399
0.112127
0.112693
0.113092
0.113323
0.113382
0.113269
0.112984
0.112529
0.111906
0.111115
0.110159
0.109037
0.107752
0.106303
0.104691
0.102918
0.100999
0.0989508
0.0965813
0.0937277
-0.0134179
-0.0163704
-0.0188174
-0.020929
-0.0229074
-0.0247377
-0.026403
-0.027902
-0.0292348
-0.0304008
-0.0313991
-0.0322296
-0.0328924
-0.033388
-0.0337172
-0.033881
-0.0338807
-0.033718
-0.0333948
-0.0329132
-0.0322759
-0.0314858
-0.030546
-0.0294595
-0.0282294
-0.0268591
-0.0253519
-0.0237115
-0.0219417
-0.0200464
-0.0180295
-0.0158953
-0.0136478
-0.0112913
-0.00883039
-0.00627017
-0.00361542
-0.000871469
0.00195575
0.00486035
0.00783695
0.0108799
0.0139829
0.0171395
0.0203441
0.0235907
0.0268727
0.0301833
0.0335167
0.0368675
0.0402301
0.0435975
0.0469628
0.0503197
0.0536623
0.0569849
0.0602806
0.0635421
0.0667623
0.0699349
0.0730538
0.0761118
0.0791015
0.0820152
0.0848462
0.0875886
0.0902367
0.0927843
0.0952249
0.0975522
0.0997605
0.101845
0.103801
0.105623
0.107307
0.108846
0.110237
0.111473
0.112552
0.11347
0.114224
0.114809
0.115222
0.115461
0.115523
0.115406
0.115112
0.114642
0.113996
0.113178
0.112186
0.111024
0.109691
0.108189
0.106518
0.10468
0.102694
0.100575
0.0981266
0.0951793
-0.0153036
-0.0183515
-0.0208786
-0.0230596
-0.0251021
-0.0269913
-0.0287099
-0.0302567
-0.0316313
-0.0328328
-0.0338608
-0.0347149
-0.0353952
-0.0359024
-0.0362373
-0.036401
-0.0363949
-0.0362207
-0.0358804
-0.0353765
-0.0347119
-0.0338897
-0.0329131
-0.0317853
-0.0305097
-0.0290896
-0.0275287
-0.0258307
-0.0239999
-0.0220403
-0.0199562
-0.0177517
-0.0154312
-0.0129989
-0.0104598
-0.00781885
-0.0050813
-0.00225265
0.000661034
0.00365378
0.00672001
0.00985399
0.0130494
0.0162999
0.0195994
0.022942
0.0263209
0.0297295
0.0331616
0.0366117
0.040074
0.0435417
0.0470078
0.0504659
0.0539101
0.0573342
0.0607313
0.0640937
0.0674141
0.0706858
0.0739025
0.0770572
0.0801423
0.0831499
0.086073
0.0889056
0.0916416
0.0942747
0.0967983
0.0992056
0.101491
0.103648
0.105673
0.10756
0.109304
0.1109
0.112341
0.113624
0.114743
0.115695
0.116477
0.117085
0.117515
0.117764
0.11783
0.117712
0.117409
0.116923
0.116256
0.115408
0.114381
0.113176
0.111794
0.110237
0.108505
0.106601
0.104544
0.102353
0.0998204
0.0967739
-0.0173433
-0.0204909
-0.0231014
-0.0253548
-0.0274648
-0.0294156
-0.0311897
-0.0327861
-0.034204
-0.0354424
-0.0365008
-0.0373791
-0.0380773
-0.0385962
-0.0389364
-0.0390993
-0.0390861
-0.0388988
-0.0385395
-0.0380112
-0.037317
-0.0364601
-0.0354438
-0.0342715
-0.0329467
-0.0314731
-0.0298544
-0.0280948
-0.0261986
-0.0241703
-0.022014
-0.0197344
-0.0173356
-0.0148224
-0.0121995
-0.00947245
-0.00664659
-0.00372773
-0.000721974
0.00236463
0.00552632
0.00875724
0.0120511
0.0154014
0.0188021
0.0222468
0.0257289
0.0292418
0.0327791
0.036335
0.0399037
0.0434784
0.0470521
0.0506182
0.0541706
0.057703
0.061208
0.0646779
0.0681051
0.0714827
0.0748041
0.0780622
0.0812492
0.0843573
0.0873792
0.0903085
0.093139
0.0958641
0.0984769
0.10097
0.103338
0.105574
0.107673
0.10963
0.11144
0.113097
0.114594
0.115927
0.11709
0.11808
0.118894
0.119527
0.119977
0.120239
0.120311
0.120192
0.119882
0.11938
0.11869
0.117812
0.116748
0.115499
0.114067
0.112453
0.110658
0.108686
0.106556
0.104287
0.101666
0.098513
-0.0195401
-0.0227931
-0.0254909
-0.02782
-0.030001
-0.0320165
-0.0338487
-0.0354966
-0.0369596
-0.0382363
-0.0393264
-0.0402297
-0.0409463
-0.0414768
-0.041822
-0.041983
-0.0419613
-0.0417592
-0.0413791
-0.0408242
-0.0400978
-0.0392032
-0.038144
-0.0369237
-0.035546
-0.0340147
-0.032334
-0.0305083
-0.0285422
-0.0264402
-0.0242069
-0.0218467
-0.0193643
-0.0167644
-0.0140523
-0.0112333
-0.00831343
-0.00529857
-0.00219485
0.000991618
0.00425489
0.00758894
0.0109874
0.0144439
0.017952
0.0215054
0.0250973
0.028721
0.0323701
0.0360386
0.0397205
0.0434089
0.047097
0.050778
0.0544454
0.0580927
0.0617123
0.0652963
0.0688371
0.0723273
0.0757602
0.0791284
0.0824243
0.0856397
0.0887672
0.0918001
0.0947319
0.0975557
0.100264
0.10285
0.105306
0.107627
0.109806
0.111839
0.11372
0.115443
0.117001
0.118388
0.1196
0.120632
0.121481
0.122143
0.122615
0.122893
0.122973
0.122854
0.122535
0.122019
0.121306
0.120398
0.119296
0.118001
0.116517
0.114844
0.112984
0.11094
0.108732
0.10638
0.103663
0.100397
-0.0218976
-0.0252624
-0.0280527
-0.0304614
-0.0327167
-0.0348005
-0.0366936
-0.0383953
-0.0399053
-0.0412222
-0.0423453
-0.0432744
-0.0440098
-0.0445518
-0.0449013
-0.0450593
-0.0450277
-0.0448091
-0.0444061
-0.0438221
-0.0430606
-0.0421252
-0.0410195
-0.0397473
-0.0383125
-0.0367193
-0.0349721
-0.0330756
-0.0310345
-0.0288538
-0.026538
-0.0240918
-0.02152
-0.0188277
-0.0160204
-0.0131038
-0.0100839
-0.00696698
-0.00375914
-0.000466549
0.00290463
0.00634821
0.00985783
0.0134269
0.0170491
0.0207178
0.0244263
0.0281676
0.0319354
0.0357233
0.0395253
0.0433347
0.0471441
0.0509468
0.054736
0.0585049
0.0622459
0.0659509
0.069612
0.0732217
0.076773
0.0802585
0.0836701
0.0869999
0.0902401
0.0933836
0.0964236
0.0993528
0.102164
0.104848
0.107399
0.109811
0.112077
0.114192
0.116149
0.117943
0.119567
0.121013
0.122278
0.123357
0.124245
0.12494
0.125436
0.125731
0.12582
0.125702
0.125377
0.124846
0.12411
0.123171
0.12203
0.120689
0.11915
0.117416
0.115487
0.113366
0.111075
0.108633
0.105815
0.102429
-0.0244201
-0.0279039
-0.0307925
-0.0332852
-0.0356186
-0.037774
-0.0397313
-0.0414896
-0.0430489
-0.0444077
-0.0455653
-0.0465212
-0.0472756
-0.0478288
-0.0481817
-0.0483356
-0.0482927
-0.0480556
-0.0476274
-0.0470115
-0.0462118
-0.0452319
-0.0440758
-0.0427476
-0.0412514
-0.0395917
-0.0377733
-0.035801
-0.0336799
-0.031415
-0.0290112
-0.0264732
-0.0238062
-0.0210156
-0.0181072
-0.0150869
-0.011961
-0.00873581
-0.00541751
-0.0020124
0.00147313
0.00503278
0.00866014
0.0123486
0.0160916
0.0198824
0.0237142
0.0275802
0.0314735
0.0353881
0.0393174
0.0432547
0.0471927
0.0511241
0.0550421
0.0589395
0.0628088
0.0666418
0.0704303
0.0741666
0.0778435
0.0814533
0.0849881
0.0884396
0.0917997
0.0950612
0.0982165
0.101258
0.104178
0.106968
0.109621
0.11213
0.114489
0.116692
0.118733
0.120604
0.122298
0.123809
0.125132
0.126261
0.127193
0.127923
0.128447
0.12876
0.128861
0.128746
0.128415
0.12787
0.127111
0.12614
0.12496
0.123571
0.121975
0.120175
0.118172
0.115969
0.113588
0.111052
0.108126
0.104614
-0.0271129
-0.030723
-0.0337162
-0.0362979
-0.0387137
-0.0409444
-0.0429695
-0.0447876
-0.0463986
-0.0478013
-0.0489946
-0.049978
-0.0507515
-0.0513156
-0.0516711
-0.0518197
-0.0517638
-0.0515061
-0.0510501
-0.0503993
-0.0495579
-0.0485298
-0.0473193
-0.0459308
-0.0443687
-0.0426378
-0.0407431
-0.03869
-0.0364834
-0.0341287
-0.0316311
-0.0289956
-0.0262275
-0.0233329
-0.0203174
-0.0171873
-0.0139491
-0.0106093
-0.00717411
-0.00364999
-4.35643e-05
0.00363875
0.00739056
0.0112052
0.0150757
0.0189955
0.0229575
0.0269551
0.0309812
0.0350294
0.0390933
0.0431658
0.0472395
0.0513068
0.0553606
0.0593937
0.0633986
0.067367
0.0712902
0.0751605
0.0789702
0.0827119
0.0863775
0.0899583
0.0934461
0.0968329
0.100111
0.103272
0.106308
0.109212
0.111974
0.114588
0.117047
0.119345
0.121475
0.123429
0.1252
0.126781
0.128167
0.129351
0.130331
0.131099
0.131654
0.131989
0.132103
0.131992
0.131658
0.131099
0.130318
0.129315
0.128093
0.126654
0.124998
0.123128
0.121046
0.118755
0.11628
0.113645
0.110606
0.106961
-0.0299819
-0.0337259
-0.0368299
-0.0395063
-0.0420094
-0.0443198
-0.0464163
-0.0482975
-0.0499629
-0.0514113
-0.0526416
-0.0536532
-0.0544459
-0.0550204
-0.0553778
-0.0555199
-0.0554491
-0.0551685
-0.0546819
-0.053993
-0.0531063
-0.0520261
-0.050757
-0.0493037
-0.047671
-0.045864
-0.0438881
-0.0417486
-0.0394511
-0.037001
-0.0344038
-0.0316649
-0.0287899
-0.025785
-0.0226564
-0.0194102
-0.0160533
-0.0125924
-0.00903383
-0.00538407
-0.00165006
0.00216166
0.00604471
0.00999232
0.0139974
0.0180529
0.0221521
0.0262883
0.0304543
0.0346435
0.038849
0.0430639
0.0472804
0.0514909
0.0556879
0.0598641
0.064012
0.0681231
0.0721887
0.0762006
0.0801511
0.0840326
0.0878367
0.0915549
0.0951781
0.098698
0.102106
0.105395
0.108556
0.11158
0.11446
0.117186
0.119754
0.122154
0.12438
0.126424
0.128278
0.129936
0.131389
0.132634
0.133665
0.134477
0.135065
0.135426
0.135555
0.135452
0.135115
0.134544
0.13374
0.132705
0.13144
0.129947
0.128227
0.126283
0.124117
0.121735
0.119161
0.116421
0.113264
0.109476
-0.0330332
-0.036919
-0.0401405
-0.0429175
-0.0455135
-0.0479083
-0.0500802
-0.0520278
-0.0537503
-0.0552464
-0.0565149
-0.0575553
-0.0583676
-0.0589522
-0.0593107
-0.0594447
-0.0593572
-0.0590514
-0.0585311
-0.0578008
-0.0568651
-0.0557288
-0.0543968
-0.0528741
-0.051166
-0.0492778
-0.0472152
-0.0449838
-0.0425895
-0.0400381
-0.0373355
-0.034487
-0.031499
-0.0283777
-0.0251294
-0.0217605
-0.0182784
-0.0146897
-0.0110009
-0.00721864
-0.0033501
0.000597961
0.00461921
0.0087068
0.0128533
0.0170517
0.0212952
0.0255771
0.0298904
0.0342277
0.0385821
0.0429464
0.0473131
0.0516741
0.0560217
0.0603486
0.0646469
0.0689085
0.0731243
0.0772858
0.0813852
0.0854144
0.0893653
0.0932287
0.0969955
0.100657
0.104204
0.107628
0.110922
0.114075
0.117081
0.119929
0.122612
0.125122
0.127452
0.129593
0.131538
0.133277
0.134805
0.136116
0.137203
0.138063
0.138689
0.139079
0.139228
0.139134
0.138796
0.138214
0.137388
0.136319
0.135009
0.133459
0.131672
0.12965
0.127397
0.124918
0.122241
0.119392
0.116107
0.112167
-0.0362729
-0.0403097
-0.0436559
-0.0465396
-0.0492344
-0.0517189
-0.0539704
-0.0559878
-0.0577702
-0.059316
-0.0606242
-0.0616943
-0.0625262
-0.0631207
-0.0634792
-0.0636038
-0.0634974
-0.0631637
-0.0626068
-0.0618315
-0.0608429
-0.0596462
-0.0582467
-0.0566498
-0.0548611
-0.0528861
-0.0507311
-0.048402
-0.0459048
-0.043246
-0.0404317
-0.0374674
-0.0343596
-0.0311152
-0.0277405
-0.0242421
-0.0206276
-0.0169042
-0.0130782
-0.00915624
-0.00514597
-0.00105435
0.00311227
0.00734701
0.0116423
0.0159908
0.0203859
0.024821
0.0292887
0.0337815
0.0382922
0.0428133
0.0473374
0.0518564
0.0563623
0.0608474
0.0653041
0.0697238
0.0740978
0.0784171
0.0826734
0.0868588
0.0909645
0.0949815
0.0989
0.102711
0.106405
0.109974
0.113409
0.116701
0.119841
0.122818
0.125626
0.128255
0.130696
0.132942
0.134984
0.136813
0.138422
0.139804
0.140954
0.141866
0.142535
0.142958
0.14313
0.143048
0.142712
0.142119
0.14127
0.140166
0.138809
0.1372
0.135342
0.133239
0.130895
0.128316
0.125529
0.122562
0.119142
0.115036
-0.039708
-0.0439059
-0.0473849
-0.0503819
-0.0531815
-0.0557611
-0.0580969
-0.0601877
-0.0620329
-0.0636308
-0.0649802
-0.0660807
-0.0669325
-0.0675364
-0.0678938
-0.0680071
-0.0678794
-0.0675148
-0.0669178
-0.0660938
-0.0650481
-0.0637865
-0.0623146
-0.0606383
-0.0587633
-0.0566957
-0.0544421
-0.052009
-0.0494026
-0.0466298
-0.043697
-0.0406101
-0.0373757
-0.0340011
-0.0304928
-0.0268577
-0.0231037
-0.0192382
-0.0152676
-0.0111987
-0.0070393
-0.00279676
0.00152255
0.0059118
0.0103633
0.0148694
0.0194237
0.0240193
0.028649
0.0333048
0.0379791
0.0426646
0.0473537
0.0520383
0.0567103
0.0613616
0.0659846
0.0705706
0.0751108
0.0795961
0.0840179
0.0883678
0.0926368
0.0968157
0.100895
0.104864
0.108714
0.112437
0.116022
0.119462
0.122744
0.125861
0.128801
0.131557
0.134119
0.136478
0.138624
0.14055
0.142246
0.143706
0.144925
0.145895
0.146613
0.147074
0.147272
0.147205
0.146871
0.146268
0.145396
0.144256
0.14285
0.141179
0.139248
0.137061
0.134621
0.131936
0.129033
0.125939
0.122371
0.118089
-0.0433459
-0.0477162
-0.0513368
-0.0544544
-0.0573651
-0.0600455
-0.0624705
-0.0646388
-0.06655
-0.0682023
-0.0695946
-0.0707264
-0.071598
-0.0722104
-0.0725652
-0.072665
-0.0725133
-0.0721145
-0.0714739
-0.0705969
-0.0694896
-0.0681581
-0.0666084
-0.0648467
-0.0628794
-0.060713
-0.0583544
-0.0558105
-0.0530881
-0.0501945
-0.0471362
-0.0439194
-0.0405511
-0.037039
-0.0333897
-0.0296105
-0.0257096
-0.0216946
-0.0175719
-0.0133486
-0.00903275
-0.00463191
-0.000152497
0.00439868
0.0090138
0.0136852
0.0184061
0.0231699
0.0279691
0.0327954
0.037641
0.0424985
0.0473604
0.0522186
0.0570645
0.0618902
0.0666876
0.0714483
0.0761632
0.0808232
0.085419
0.089942
0.0943831
0.0987328
0.102981
0.107118
0.111134
0.115019
0.118765
0.122361
0.125796
0.12906
0.132143
0.135034
0.137725
0.140205
0.142465
0.144495
0.146286
0.147832
0.149126
0.150162
0.150933
0.151436
0.151664
0.151615
0.151285
0.150673
0.149777
0.1486
0.147143
0.145409
0.143402
0.141127
0.138587
0.135787
0.132758
0.129529
0.125803
0.121332
-0.0471954
-0.0517497
-0.0555217
-0.0587678
-0.0617965
-0.0645837
-0.0671032
-0.0693536
-0.0713341
-0.0730432
-0.0744799
-0.0756436
-0.0765348
-0.0771546
-0.0775049
-0.0775887
-0.0774099
-0.0769734
-0.0762849
-0.0753504
-0.0741764
-0.0727695
-0.0711361
-0.0692831
-0.067217
-0.064945
-0.0624746
-0.0598131
-0.0569676
-0.0539458
-0.0507546
-0.0474004
-0.0438907
-0.0402334
-0.0364357
-0.0325049
-0.0284495
-0.0242774
-0.0199953
-0.0156102
-0.0111306
-0.00656406
-0.00191711
0.00280344
0.0075897
0.0124338
0.017329
0.0222684
0.0272445
0.0322488
0.0372734
0.0423108
0.0473535
0.0523931
0.0574212
0.0624295
0.0674098
0.0723538
0.0772522
0.0820956
0.0868744
0.0915796
0.096202
0.100732
0.105159
0.109473
0.113664
0.117723
0.121638
0.1254
0.128998
0.132419
0.135654
0.138691
0.14152
0.14413
0.146511
0.148654
0.150549
0.152189
0.153566
0.154673
0.155505
0.156054
0.156317
0.156288
0.155964
0.155344
0.154426
0.153212
0.151704
0.149905
0.147819
0.14545
0.142802
0.13988
0.136716
0.133341
0.129448
0.124776
-0.0512664
-0.0560172
-0.0599506
-0.0633337
-0.0664881
-0.0693887
-0.0720085
-0.0743454
-0.0763988
-0.0781672
-0.0796496
-0.0808456
-0.0817558
-0.0823816
-0.0827253
-0.0827902
-0.0825809
-0.0821026
-0.0813617
-0.0803646
-0.0791185
-0.0776303
-0.075907
-0.0739559
-0.0717844
-0.0693999
-0.0668106
-0.0640241
-0.061048
-0.0578903
-0.0545584
-0.0510591
-0.0474001
-0.0435899
-0.039636
-0.0355459
-0.0313285
-0.0269918
-0.0225426
-0.0179884
-0.0133376
-0.0085979
-0.0037759
0.00112157
0.00608644
0.0111107
0.0161875
0.0213102
0.0264708
0.0316608
0.036872
0.042097
0.0473284
0.0525577
0.0577761
0.0629753
0.0681471
0.0732831
0.0783739
0.0834097
0.0883807
0.0932775
0.0980909
0.102811
0.107427
0.111929
0.116306
0.120547
0.124643
0.128582
0.132352
0.135941
0.139337
0.142529
0.145507
0.148257
0.15077
0.153036
0.155044
0.156786
0.158254
0.15944
0.160338
0.16094
0.161241
0.161237
0.160922
0.160296
0.159357
0.158107
0.156547
0.15468
0.152511
0.150042
0.147279
0.144226
0.140919
0.137391
0.133319
0.128432
-0.0555699
-0.0605304
-0.0646359
-0.0681652
-0.0714538
-0.074475
-0.0772007
-0.0796289
-0.0817588
-0.0835888
-0.0851181
-0.0863466
-0.087275
-0.0879051
-0.0882397
-0.0882826
-0.0880389
-0.0875145
-0.0867161
-0.085651
-0.0843266
-0.0827507
-0.0809308
-0.0788749
-0.0765908
-0.0740865
-0.0713706
-0.0684513
-0.0653366
-0.0620349
-0.0585542
-0.0549015
-0.0510852
-0.0471141
-0.0429958
-0.0387385
-0.0343511
-0.029842
-0.0252182
-0.0204871
-0.0156574
-0.0107369
-0.00573214
-0.00065005
0.00450107
0.00971308
0.0149791
0.0202925
0.0256453
0.0310287
0.0364343
0.0418549
0.0472829
0.0527099
0.058127
0.0635255
0.0688973
0.0742341
0.0795262
0.0847636
0.0899362
0.0950345
0.100049
0.104969
0.109785
0.114486
0.119059
0.123494
0.127781
0.131907
0.13586
0.139627
0.143197
0.146555
0.149691
0.152593
0.155249
0.157647
0.159778
0.161631
0.163199
0.164472
0.165443
0.166104
0.16645
0.166474
0.166173
0.165544
0.164586
0.1633
0.161687
0.15975
0.157492
0.154917
0.152031
0.148841
0.145383
0.141692
0.13743
0.132312
-0.0601174
-0.0653023
-0.0695916
-0.0732768
-0.0767082
-0.0798576
-0.0826952
-0.0852194
-0.0874293
-0.0893234
-0.0909008
-0.0921617
-0.0931073
-0.0937398
-0.0940626
-0.0940799
-0.0937975
-0.0932219
-0.0923606
-0.0912213
-0.0898122
-0.0881419
-0.0862183
-0.0840502
-0.0816459
-0.0790138
-0.0761632
-0.0731027
-0.0698409
-0.0663866
-0.0627484
-0.0589338
-0.0549515
-0.0508108
-0.0465198
-0.0420868
-0.0375214
-0.0328318
-0.0280252
-0.0231091
-0.0180924
-0.0129831
-0.00778767
-0.00251309
0.00283213
0.00823966
0.0137027
0.0192146
0.0247674
0.0303521
0.0359602
0.0415842
0.0472169
0.0528498
0.0584739
0.0640804
0.0696609
0.0752071
0.0807095
0.0861578
0.0915417
0.0968512
0.102077
0.107208
0.112235
0.117144
0.121925
0.126565
0.131054
0.135378
0.139526
0.143484
0.147237
0.150774
0.154081
0.157145
0.159954
0.162496
0.164761
0.166736
0.168412
0.169781
0.170833
0.17156
0.171956
0.172015
0.171732
0.171104
0.170129
0.168807
0.167139
0.165128
0.162776
0.16009
0.157075
0.15374
0.150123
0.146258
0.141791
0.136423
-0.0649215
-0.0703467
-0.0748325
-0.0786837
-0.0822669
-0.0855522
-0.0885082
-0.0911334
-0.0934269
-0.0953873
-0.0970138
-0.0983071
-0.0992687
-0.0999014
-0.100209
-0.100197
-0.0998709
-0.0992387
-0.0983082
-0.0970881
-0.0955874
-0.0938152
-0.0917804
-0.0894921
-0.0869592
-0.0841908
-0.0811966
-0.077986
-0.0745679
-0.070952
-0.0671471
-0.0631613
-0.059004
-0.0546849
-0.0502124
-0.0455952
-0.0408431
-0.0359646
-0.0309667
-0.0258573
-0.0206453
-0.0153389
-0.00994458
-0.0044695
0.00107779
0.00668882
0.0123567
0.0180751
0.0238359
0.0296299
0.0354484
0.0412841
0.0471298
0.052977
0.0588167
0.0646397
0.0704377
0.0762023
0.0819241
0.0875928
0.0931977
0.0987287
0.104176
0.109529
0.114777
0.119907
0.124906
0.129763
0.134466
0.139001
0.143355
0.147515
0.151465
0.155192
0.158681
0.16192
0.164895
0.167593
0.170002
0.172109
0.173905
0.175379
0.176521
0.177323
0.177776
0.177876
0.177616
0.176992
0.176002
0.174644
0.17292
0.170831
0.168382
0.165579
0.162429
0.158941
0.155153
0.151102
0.146414
0.140777
-0.0699958
-0.0756786
-0.0803745
-0.0844025
-0.0881468
-0.0915761
-0.0946573
-0.0973885
-0.0997693
-0.101798
-0.103475
-0.1048
-0.105776
-0.106406
-0.106695
-0.106649
-0.106274
-0.105579
-0.104572
-0.103264
-0.101664
-0.0997825
-0.097628
-0.0952106
-0.0925401
-0.089626
-0.0864788
-0.0831085
-0.0795246
-0.0757374
-0.0717563
-0.0675899
-0.0632483
-0.0587415
-0.0540785
-0.0492683
-0.0443207
-0.0392446
-0.0340469
-0.0287356
-0.0233197
-0.0178078
-0.0122066
-0.00652298
-0.000765686
0.00505681
0.0109376
0.0168703
0.0228469
0.0288582
0.0348953
0.040951
0.047018
0.053088
0.0591518
0.0652002
0.0712247
0.0772169
0.0831676
0.0890662
0.0949021
0.100665
0.106345
0.111931
0.117411
0.122773
0.128003
0.133088
0.138017
0.142775
0.147349
0.151723
0.155883
0.159813
0.163499
0.166926
0.170079
0.172946
0.175511
0.177763
0.179689
0.181278
0.18252
0.183406
0.183926
0.184073
0.183841
0.183225
0.182222
0.180829
0.179046
0.176878
0.174328
0.171404
0.168113
0.164462
0.160491
0.156238
0.151312
0.145386
-0.0753559
-0.0813145
-0.0862349
-0.0904514
-0.0943668
-0.0979486
-0.101162
-0.104004
-0.106476
-0.108575
-0.110303
-0.111659
-0.112648
-0.113272
-0.113538
-0.113452
-0.113022
-0.112257
-0.111168
-0.109764
-0.108056
-0.106055
-0.103772
-0.101216
-0.098398
-0.0953283
-0.092018
-0.0884778
-0.084718
-0.0807495
-0.0765823
-0.0722256
-0.06769
-0.0629863
-0.0581236
-0.0531113
-0.0479593
-0.0426766
-0.0372703
-0.0317485
-0.0261205
-0.0203948
-0.0145784
-0.00867828
-0.00270309
0.00333875
0.00944034
0.0155952
0.0217954
0.0280318
0.0342955
0.0405793
0.0468761
0.0531774
0.059474
0.0657566
0.0720167
0.078246
0.0844351
0.0905736
0.0966507
0.102656
0.108579
0.114409
0.120133
0.125739
0.131212
0.136539
0.141706
0.146701
0.151507
0.15611
0.160494
0.164642
0.168538
0.172167
0.175513
0.178561
0.181297
0.183706
0.185775
0.187493
0.188846
0.189825
0.190421
0.190624
0.190427
0.189823
0.188808
0.187381
0.185541
0.183292
0.180639
0.177588
0.174147
0.170321
0.166154
0.161686
0.156505
0.150268
-0.081019
-0.0872726
-0.092433
-0.0968504
-0.100948
-0.104691
-0.108043
-0.111002
-0.113568
-0.11574
-0.117518
-0.118904
-0.119903
-0.120517
-0.120755
-0.120623
-0.120131
-0.11929
-0.118109
-0.1166
-0.114776
-0.112647
-0.110224
-0.107519
-0.104543
-0.101307
-0.0978225
-0.0941018
-0.0901555
-0.0859952
-0.0816315
-0.0770745
-0.0723352
-0.0674248
-0.0623529
-0.057129
-0.0517633
-0.0462649
-0.0406411
-0.0349001
-0.0290514
-0.0231036
-0.0170637
-0.010939
-0.00473796
0.00153108
0.00786129
0.0142462
0.0206778
0.0271471
0.0336453
0.0401654
0.0467002
0.0532414
0.0597795
0.0663051
0.0728098
0.0792855
0.0857228
0.0921113
0.09844
0.104698
0.110875
0.11696
0.122941
0.128802
0.134531
0.140112
0.145533
0.150777
0.155831
0.160678
0.1653
0.169681
0.173802
0.177648
0.181202
0.184448
0.187369
0.18995
0.192177
0.194035
0.195513
0.196598
0.197279
0.197546
0.19739
0.196804
0.195783
0.194324
0.192428
0.190098
0.187337
0.184154
0.180552
0.176541
0.172164
0.167465
0.162012
0.155442
-0.0870039
-0.0935733
-0.0989898
-0.103622
-0.107912
-0.111826
-0.115325
-0.118406
-0.121069
-0.123315
-0.125143
-0.126557
-0.127562
-0.128162
-0.128366
-0.128182
-0.127621
-0.126693
-0.125412
-0.123789
-0.121837
-0.119569
-0.116996
-0.11413
-0.110984
-0.10757
-0.103901
-0.0999884
-0.0958444
-0.0914812
-0.0869104
-0.0821424
-0.077189
-0.0720618
-0.0667706
-0.0613253
-0.0557362
-0.0500125
-0.0441619
-0.0381928
-0.0321146
-0.0259362
-0.0196644
-0.0133067
-0.00687158
-0.00036733
0.00619938
0.0128222
0.0194931
0.0262032
0.0329439
0.0397083
0.0464894
0.0532788
0.060067
0.0668445
0.073603
0.0803344
0.0870297
0.0936782
0.100269
0.106791
0.113233
0.119585
0.125833
0.131964
0.137961
0.14381
0.149497
0.155007
0.160323
0.165429
0.170305
0.174935
0.179298
0.183378
0.187156
0.190615
0.193738
0.196507
0.198907
0.200922
0.202538
0.20374
0.204518
0.204859
0.204753
0.204191
0.203169
0.201683
0.199733
0.19732
0.194448
0.191125
0.187353
0.183144
0.178545
0.173602
0.167857
0.160927
-0.0933309
-0.100239
-0.105929
-0.110789
-0.115285
-0.119379
-0.123031
-0.126239
-0.129003
-0.131323
-0.133201
-0.134641
-0.135648
-0.136228
-0.136392
-0.136148
-0.135509
-0.134487
-0.133095
-0.131347
-0.129256
-0.126836
-0.1241
-0.121062
-0.117734
-0.11413
-0.110262
-0.106146
-0.101792
-0.0972142
-0.0924247
-0.0874347
-0.0822561
-0.0769011
-0.07138
-0.0657029
-0.0598804
-0.0539217
-0.0478347
-0.0416282
-0.0353116
-0.0288937
-0.0223815
-0.0157823
-0.00910482
-0.00235722
0.00445397
0.0113225
0.0182407
0.0251996
0.0321908
0.0392076
0.046243
0.0532889
0.0603357
0.0673739
0.0743953
0.0813919
0.0883547
0.0952733
0.102136
0.108933
0.115652
0.122282
0.128811
0.135222
0.141502
0.147634
0.153602
0.159392
0.164986
0.170367
0.175514
0.180409
0.185031
0.189362
0.193382
0.197073
0.200415
0.20339
0.20598
0.208167
0.209936
0.211271
0.212158
0.212583
0.212537
0.212009
0.210992
0.209484
0.20748
0.204984
0.201997
0.198526
0.194576
0.190158
0.185323
0.180119
0.17406
0.166742
-0.100022
-0.107293
-0.113276
-0.118379
-0.123093
-0.127377
-0.13119
-0.13453
-0.137397
-0.139793
-0.141719
-0.143181
-0.144185
-0.14474
-0.144855
-0.144543
-0.143817
-0.142689
-0.141175
-0.139289
-0.137046
-0.134462
-0.13155
-0.128325
-0.124802
-0.120994
-0.116916
-0.112582
-0.108005
-0.103201
-0.0981801
-0.092956
-0.0875407
-0.0819465
-0.0761843
-0.0702647
-0.0641984
-0.0579948
-0.051662
-0.0452087
-0.0386447
-0.0319786
-0.0252174
-0.0183684
-0.0114404
-0.00444145
0.00262213
0.00974424
0.0169174
0.0241328
0.0313823
0.0386593
0.045957
0.0532673
0.060581
0.0678886
0.075182
0.0824533
0.0896935
0.0968922
0.104038
0.11112
0.118128
0.125049
0.13187
0.138576
0.145152
0.15158
0.157846
0.163932
0.16982
0.175493
0.180928
0.186106
0.191006
0.195608
0.19989
0.203832
0.207412
0.210612
0.21341
0.215787
0.217726
0.219208
0.220218
0.220742
0.220767
0.220283
0.21928
0.217753
0.2157
0.213118
0.210012
0.206387
0.202251
0.197614
0.192529
0.187044
0.180646
0.17291
-0.107102
-0.114762
-0.121058
-0.12642
-0.131364
-0.13585
-0.139831
-0.143308
-0.146281
-0.148752
-0.150724
-0.152204
-0.1532
-0.153722
-0.153781
-0.153391
-0.152565
-0.15132
-0.14967
-0.147633
-0.145225
-0.142461
-0.139359
-0.135933
-0.132199
-0.128173
-0.123869
-0.119304
-0.114492
-0.109447
-0.104182
-0.0987115
-0.0930472
-0.087202
-0.0811874
-0.0750144
-0.068694
-0.0622355
-0.0556472
-0.048938
-0.0421176
-0.0351946
-0.028176
-0.0210692
-0.0138828
-0.00662455
0.000699159
0.00808243
0.015518
0.0229973
0.0305126
0.0380573
0.0456249
0.0532075
0.0607961
0.0683815
0.0759558
0.0835111
0.0910385
0.0985276
0.105967
0.113346
0.120653
0.127877
0.135005
0.142019
0.148905
0.155646
0.162225
0.168623
0.174824
0.180806
0.186548
0.19203
0.197227
0.20212
0.206684
0.210898
0.214739
0.218184
0.22121
0.223797
0.225924
0.227572
0.228723
0.22936
0.229471
0.229041
0.228061
0.226522
0.22442
0.221754
0.218526
0.214743
0.210413
0.205545
0.200192
0.194407
0.187646
0.179459
-0.114599
-0.122676
-0.129307
-0.134943
-0.140132
-0.144829
-0.148987
-0.152605
-0.155685
-0.158231
-0.160247
-0.16174
-0.162721
-0.163201
-0.163193
-0.162713
-0.161776
-0.160399
-0.1586
-0.156397
-0.153807
-0.150849
-0.14754
-0.143897
-0.139937
-0.135677
-0.131133
-0.126321
-0.121258
-0.115959
-0.110437
-0.104706
-0.0987801
-0.0926719
-0.0863933
-0.0799558
-0.0733705
-0.0666469
-0.0597934
-0.0528189
-0.0457331
-0.0385445
-0.0312603
-0.0238877
-0.016435
-0.00890976
-0.00131827
0.00633367
0.0140389
0.0217894
0.0295775
0.0373971
0.045242
0.0531044
0.0609758
0.0688472
0.0767109
0.0845593
0.0923835
0.100173
0.107917
0.115604
0.123223
0.130763
0.138209
0.145547
0.152758
0.159827
0.166735
0.173463
0.179994
0.186305
0.192375
0.198181
0.203698
0.208903
0.213773
0.218281
0.222405
0.226117
0.229395
0.232213
0.23455
0.236383
0.237694
0.238463
0.238674
0.238312
0.237364
0.235821
0.233676
0.230927
0.227577
0.223632
0.219099
0.213985
0.208347
0.202241
0.195091
0.18642
-0.122541
-0.131066
-0.138055
-0.143984
-0.149431
-0.15435
-0.158692
-0.162456
-0.165645
-0.168264
-0.170319
-0.17182
-0.172777
-0.173205
-0.173119
-0.172535
-0.171472
-0.169948
-0.167983
-0.165597
-0.162809
-0.159639
-0.156107
-0.15223
-0.148026
-0.143515
-0.138714
-0.133641
-0.128312
-0.122743
-0.116949
-0.110945
-0.104743
-0.0983595
-0.0918048
-0.0850911
-0.0782298
-0.0712306
-0.0641018
-0.0568524
-0.0494921
-0.0420292
-0.0344708
-0.0268242
-0.0190973
-0.0112974
-0.00343056
0.0044975
0.0124798
0.0205084
0.0285764
0.0366779
0.0448071
0.0529567
0.0611185
0.0692838
0.0774453
0.0855955
0.0937257
0.101826
0.109884
0.11789
0.125833
0.133701
0.14148
0.149155
0.156707
0.16412
0.171374
0.178451
0.185331
0.191992
0.19841
0.204562
0.210421
0.215963
0.221162
0.22599
0.230421
0.234426
0.237979
0.241053
0.243623
0.245665
0.247157
0.248078
0.248407
0.248127
0.247224
0.245685
0.243503
0.240676
0.237204
0.233093
0.228347
0.222973
0.217032
0.210584
0.203018
0.193827
-0.130963
-0.139968
-0.147338
-0.153578
-0.159299
-0.164451
-0.168984
-0.172898
-0.176198
-0.178888
-0.180977
-0.182476
-0.1834
-0.183763
-0.183585
-0.182883
-0.181677
-0.179989
-0.17784
-0.175253
-0.172248
-0.168847
-0.165072
-0.160942
-0.156477
-0.151698
-0.146622
-0.14127
-0.135658
-0.129804
-0.123723
-0.11743
-0.11094
-0.104266
-0.097423
-0.0904212
-0.0832725
-0.0759865
-0.068572
-0.061038
-0.0533939
-0.0456478
-0.0378068
-0.0298779
-0.0218689
-0.0137868
-0.00563728
0.00257405
0.0108403
0.0191541
0.0275087
0.0358988
0.0443192
0.0527631
0.0612226
0.0696896
0.0781569
0.0866172
0.0950623
0.103482
0.111865
0.120202
0.12848
0.136689
0.144814
0.15284
0.160748
0.168521
0.176139
0.183583
0.190833
0.197864
0.204654
0.211175
0.217402
0.223305
0.228859
0.234033
0.238797
0.243122
0.246978
0.250335
0.253165
0.255442
0.257139
0.258233
0.2587
0.25852
0.257676
0.256153
0.253944
0.251044
0.247451
0.243168
0.238199
0.232551
0.226291
0.21948
0.211467
0.201716
-0.139902
-0.14942
-0.157198
-0.163768
-0.169778
-0.175175
-0.179907
-0.183974
-0.187382
-0.19014
-0.192256
-0.193744
-0.194622
-0.194908
-0.194621
-0.193782
-0.192416
-0.190544
-0.188192
-0.185382
-0.18214
-0.178488
-0.17445
-0.170046
-0.1653
-0.160232
-0.154863
-0.149213
-0.143301
-0.137145
-0.13076
-0.124163
-0.11737
-0.110394
-0.103248
-0.095946
-0.088498
-0.0809142
-0.0732035
-0.065375
-0.0574379
-0.0494
-0.041268
-0.033049
-0.0247503
-0.0163787
-0.00793962
0.000561569
0.00911829
0.0177235
0.0263712
0.0350565
0.0437746
0.0525194
0.0612834
0.0700592
0.0788398
0.0876184
0.0963869
0.105136
0.113854
0.122531
0.131156
0.139718
0.148203
0.156594
0.164874
0.173024
0.181024
0.188855
0.196495
0.20392
0.211104
0.21802
0.224639
0.230932
0.236868
0.242416
0.247544
0.252219
0.256407
0.260077
0.263197
0.265737
0.267666
0.268957
0.269585
0.269525
0.268759
0.267268
0.265043
0.262076
0.258362
0.253903
0.248703
0.242769
0.236172
0.228974
0.220483
0.210129
-0.149398
-0.159468
-0.167681
-0.174601
-0.180915
-0.186568
-0.191505
-0.195727
-0.199244
-0.202062
-0.204197
-0.205663
-0.206481
-0.206672
-0.206258
-0.205264
-0.203716
-0.201639
-0.19906
-0.196006
-0.192503
-0.188576
-0.184252
-0.179553
-0.174503
-0.169126
-0.163443
-0.157476
-0.151245
-0.144768
-0.138064
-0.131147
-0.124035
-0.116741
-0.109281
-0.101665
-0.0939057
-0.086013
-0.0779956
-0.0698627
-0.0616234
-0.0532851
-0.0448543
-0.0363377
-0.0277422
-0.0190744
-0.0103393
-0.00154226
0.00731078
0.0162134
0.02516
0.0341465
0.0431684
0.0522201
0.0612949
0.0703861
0.0794871
0.0885915
0.0976915
0.106778
0.11584
0.124868
0.133852
0.14278
0.151637
0.160408
0.169075
0.177619
0.186021
0.194259
0.202312
0.210154
0.217757
0.225093
0.232132
0.238843
0.245191
0.251145
0.256669
0.261726
0.266281
0.270297
0.273739
0.276573
0.278765
0.280283
0.281098
0.281183
0.280516
0.279075
0.276847
0.27382
0.269988
0.265352
0.259913
0.253682
0.246729
0.23912
0.230117
0.219114
-0.159499
-0.170159
-0.178836
-0.186128
-0.192763
-0.198682
-0.20383
-0.208208
-0.211829
-0.214702
-0.216844
-0.218274
-0.219015
-0.219092
-0.21853
-0.217358
-0.215604
-0.213297
-0.210467
-0.207142
-0.203353
-0.199127
-0.194491
-0.189472
-0.184095
-0.178386
-0.172367
-0.166062
-0.159492
-0.152677
-0.145634
-0.138381
-0.130934
-0.123309
-0.115518
-0.107576
-0.0994935
-0.0912806
-0.082946
-0.074499
-0.0659483
-0.0573012
-0.0485638
-0.0397423
-0.0308433
-0.021873
-0.012836
-0.00373739
0.00541746
0.0146228
0.0238739
0.033167
0.0424983
0.0518626
0.0612541
0.0706666
0.0800944
0.0895315
0.0989707
0.108403
0.117819
0.127208
0.136561
0.145865
0.155109
0.164275
0.173345
0.182301
0.191123
0.199789
0.208277
0.216559
0.224608
0.232393
0.239881
0.247039
0.253834
0.260227
0.266181
0.271657
0.276614
0.281013
0.284813
0.287976
0.290465
0.292243
0.293277
0.293536
0.292992
0.291622
0.289406
0.28633
0.282385
0.277572
0.271891
0.26535
0.258021
0.249975
0.240425
0.228726
-0.170255
-0.181548
-0.190721
-0.198406
-0.205377
-0.211573
-0.216936
-0.221471
-0.225191
-0.228109
-0.230245
-0.231623
-0.232267
-0.232208
-0.231474
-0.230098
-0.228111
-0.225546
-0.222436
-0.218812
-0.214708
-0.210153
-0.205179
-0.199814
-0.194084
-0.188018
-0.18164
-0.174975
-0.168045
-0.16087
-0.153471
-0.145864
-0.138066
-0.130093
-0.121958
-0.113676
-0.105258
-0.096713
-0.0880507
-0.0792797
-0.0704085
-0.0614441
-0.0523923
-0.043259
-0.0340503
-0.0247715
-0.0154272
-0.00602165
0.00344016
0.0129533
0.0225138
0.0321184
0.041764
0.0514461
0.0611596
0.070899
0.0806594
0.0904356
0.100221
0.110007
0.119784
0.129544
0.139276
0.14897
0.158612
0.168187
0.177676
0.187062
0.196324
0.205439
0.214385
0.223133
0.231654
0.239915
0.247884
0.255524
0.262798
0.269667
0.276089
0.282022
0.287422
0.292243
0.296442
0.299974
0.302798
0.304874
0.306162
0.306627
0.306236
0.30496
0.302775
0.299664
0.295616
0.290629
0.284701
0.277837
0.270112
0.261602
0.251468
0.239023
-0.181725
-0.193696
-0.203396
-0.211496
-0.218819
-0.225303
-0.230885
-0.235574
-0.239386
-0.242337
-0.244452
-0.245756
-0.246281
-0.24606
-0.245127
-0.243517
-0.241267
-0.238412
-0.234989
-0.231035
-0.226584
-0.221671
-0.216328
-0.210586
-0.204477
-0.198027
-0.191264
-0.184215
-0.176902
-0.169348
-0.161572
-0.153592
-0.145425
-0.137089
-0.128595
-0.11996
-0.111193
-0.102305
-0.0933038
-0.0841992
-0.0749986
-0.0657087
-0.0563352
-0.0468836
-0.0373594
-0.027767
-0.0181104
-0.00839335
0.00137993
0.0112052
0.0210793
0.0309997
0.0409638
0.050968
0.0610079
0.0710791
0.0811774
0.0912983
0.101436
0.111582
0.121729
0.131868
0.14199
0.152084
0.162138
0.172135
0.18206
0.191893
0.201614
0.211201
0.220628
0.229867
0.238888
0.247657
0.256138
0.264294
0.272085
0.279469
0.286401
0.292834
0.298718
0.304005
0.308646
0.312593
0.315797
0.318212
0.319796
0.320504
0.320298
0.319145
0.317014
0.313887
0.309748
0.304592
0.298413
0.291213
0.283074
0.274074
0.263316
0.25007
-0.19397
-0.206667
-0.216929
-0.225468
-0.23316
-0.23994
-0.245744
-0.250583
-0.254477
-0.257446
-0.259519
-0.260727
-0.261106
-0.260693
-0.259528
-0.257651
-0.255102
-0.251922
-0.248151
-0.24383
-0.238998
-0.233691
-0.227947
-0.221798
-0.215278
-0.208416
-0.201242
-0.193783
-0.186063
-0.178106
-0.169932
-0.16156
-0.153007
-0.14429
-0.135423
-0.12642
-0.117292
-0.108049
-0.098699
-0.0892512
-0.0797128
-0.07009
-0.0603881
-0.0506122
-0.0407671
-0.0308565
-0.0208834
-0.010851
-0.000762576
0.00937841
0.0195695
0.0298089
0.0400948
0.0504244
0.0607943
0.0712012
0.0816418
0.0921122
0.102607
0.113121
0.123644
0.134171
0.144691
0.155197
0.165674
0.176109
0.186485
0.196783
0.206983
0.217062
0.226994
0.236752
0.246302
0.255609
0.264638
0.273347
0.281695
0.289636
0.297121
0.304098
0.310515
0.316317
0.321451
0.325861
0.329494
0.332298
0.334222
0.335215
0.335233
0.334236
0.33219
0.32907
0.324856
0.319538
0.313105
0.30556
0.296988
0.28747
0.276049
0.261944
-0.207061
-0.220536
-0.231396
-0.240398
-0.248474
-0.255559
-0.261586
-0.266569
-0.270532
-0.2735
-0.275507
-0.27659
-0.27679
-0.276151
-0.274717
-0.272534
-0.269647
-0.266101
-0.261943
-0.257216
-0.251963
-0.246227
-0.240045
-0.233455
-0.226491
-0.219186
-0.211571
-0.203675
-0.195523
-0.18714
-0.178547
-0.169762
-0.160804
-0.15169
-0.142433
-0.133049
-0.123547
-0.113937
-0.104228
-0.0944278
-0.0845434
-0.0745806
-0.0645441
-0.0544384
-0.0442675
-0.0340344
-0.0237411
-0.0133901
-0.00298369
0.00747562
0.0179862
0.0285471
0.0391572
0.0498146
0.0605173
0.0712628
0.0820488
0.0928727
0.10373
0.114615
0.125522
0.136443
0.147371
0.158298
0.169211
0.180097
0.190939
0.201719
0.212417
0.22301
0.233473
0.243776
0.253885
0.263765
0.273377
0.282679
0.291625
0.300167
0.308252
0.315824
0.322826
0.329197
0.334877
0.339807
0.343925
0.347171
0.349486
0.350813
0.351101
0.350301
0.348375
0.34529
0.34102
0.335549
0.328865
0.320967
0.311944
0.301882
0.289754
0.274729
-0.221077
-0.235384
-0.246881
-0.256371
-0.264848
-0.272245
-0.278492
-0.283609
-0.287624
-0.290569
-0.292481
-0.293405
-0.293389
-0.292483
-0.290737
-0.288203
-0.284933
-0.280977
-0.276385
-0.271209
-0.265494
-0.259286
-0.252628
-0.24556
-0.238117
-0.230337
-0.22225
-0.213887
-0.205276
-0.196442
-0.187405
-0.178187
-0.168805
-0.159276
-0.149615
-0.139834
-0.129946
-0.119958
-0.10988
-0.0997182
-0.0894798
-0.0791701
-0.0687932
-0.0583528
-0.0478517
-0.0372922
-0.0266755
-0.0160031
-0.00527658
0.00550287
0.0163346
0.0272185
0.0381543
0.0491412
0.0601782
0.0712642
0.082398
0.0935779
0.104801
0.116063
0.127357
0.13868
0.150024
0.161381
0.17274
0.184089
0.195412
0.206691
0.217906
0.229036
0.240053
0.250929
0.261628
0.272115
0.282348
0.292283
0.301872
0.311063
0.319799
0.32802
0.335662
0.342661
0.34895
0.354461
0.359125
0.362873
0.365639
0.367356
0.367966
0.367412
0.365647
0.36263
0.358328
0.35272
0.34579
0.337534
0.328044
0.317407
0.304529
0.28852
-0.236107
-0.251305
-0.263479
-0.273482
-0.282376
-0.29009
-0.296554
-0.301791
-0.305836
-0.308727
-0.31051
-0.311236
-0.31096
-0.309739
-0.307632
-0.304697
-0.300991
-0.296574
-0.2915
-0.285826
-0.279602
-0.272879
-0.265702
-0.258114
-0.250155
-0.241862
-0.23327
-0.224411
-0.215312
-0.205999
-0.196496
-0.186823
-0.176996
-0.167035
-0.156952
-0.146762
-0.136475
-0.126098
-0.115641
-0.105109
-0.0945092
-0.0838463
-0.0731237
-0.0623441
-0.0515093
-0.0406204
-0.029678
-0.0186825
-0.0076345
0.00346597
0.0146194
0.0258268
0.0370886
0.0484054
0.0597773
0.0712045
0.082687
0.0942246
0.105816
0.117457
0.129144
0.140873
0.152639
0.164434
0.17625
0.188074
0.199891
0.211685
0.223436
0.235124
0.246721
0.258197
0.269518
0.280646
0.291539
0.302151
0.312429
0.32232
0.331762
0.34069
0.349035
0.356727
0.363691
0.369851
0.375129
0.379449
0.382732
0.384906
0.385899
0.385647
0.384091
0.381181
0.376878
0.371154
0.363989
0.355372
0.345398
0.334159
0.320483
0.303423
-0.252249
-0.268403
-0.281296
-0.291839
-0.301163
-0.309197
-0.315869
-0.321209
-0.325257
-0.328059
-0.32967
-0.33015
-0.329562
-0.327972
-0.325446
-0.322052
-0.317855
-0.312919
-0.307307
-0.301081
-0.294296
-0.287008
-0.279265
-0.271114
-0.262598
-0.253755
-0.244622
-0.235232
-0.225615
-0.215798
-0.205803
-0.195651
-0.185361
-0.174949
-0.164429
-0.153815
-0.143116
-0.13234
-0.121494
-0.110585
-0.0996172
-0.0885957
-0.0775229
-0.0664004
-0.0552292
-0.0440091
-0.0327397
-0.0214205
-0.0100509
0.00137042
0.0128451
0.024375
0.0359619
0.0476076
0.0593135
0.0710814
0.0829127
0.0948084
0.106768
0.118791
0.130873
0.143013
0.155206
0.167447
0.179727
0.192036
0.204361
0.216685
0.228991
0.241257
0.253458
0.265563
0.277538
0.289344
0.300937
0.31227
0.323287
0.333932
0.344138
0.353836
0.362952
0.371407
0.37912
0.386005
0.391975
0.396943
0.400821
0.403525
0.404973
0.405087
0.403797
0.401043
0.396778
0.390967
0.383581
0.374603
0.364131
0.352263
0.337742
0.319557
-0.269615
-0.286792
-0.30045
-0.311559
-0.321327
-0.329681
-0.336549
-0.341966
-0.345983
-0.348654
-0.350043
-0.35022
-0.34926
-0.347237
-0.344228
-0.340309
-0.335554
-0.330035
-0.323824
-0.316986
-0.309583
-0.301675
-0.293316
-0.284554
-0.275435
-0.266001
-0.256289
-0.246335
-0.236169
-0.225817
-0.215305
-0.204652
-0.193878
-0.182997
-0.172025
-0.160972
-0.14985
-0.138664
-0.127421
-0.116127
-0.104787
-0.093402
-0.0819753
-0.0705073
-0.0589978
-0.0474455
-0.035849
-0.0242066
-0.0125162
-0.000775388
0.0110188
0.0228693
0.0347792
0.0467516
0.0587896
0.0708965
0.0830751
0.095328
0.107657
0.120061
0.13254
0.145092
0.157717
0.170408
0.183161
0.195964
0.208808
0.221677
0.234554
0.24742
0.260249
0.273011
0.285672
0.298192
0.310527
0.322626
0.334435
0.34589
0.356924
0.36746
0.377419
0.386715
0.395257
0.40295
0.409699
0.415403
0.419964
0.423283
0.425266
0.42582
0.424864
0.422327
0.418149
0.412286
0.404698
0.395363
0.384383
0.371858
0.356443
0.337055
-0.288329
-0.306603
-0.321075
-0.332776
-0.342999
-0.351669
-0.358714
-0.364178
-0.368122
-0.370609
-0.371716
-0.371525
-0.370121
-0.367592
-0.364024
-0.359505
-0.354119
-0.347946
-0.341065
-0.333548
-0.325464
-0.316877
-0.307845
-0.298421
-0.288652
-0.278582
-0.268252
-0.257697
-0.246948
-0.236034
-0.224978
-0.213801
-0.202521
-0.191154
-0.179714
-0.16821
-0.156653
-0.145048
-0.133401
-0.121716
-0.109997
-0.0982455
-0.0864625
-0.0746474
-0.0627988
-0.0509145
-0.0389917
-0.0270275
-0.0150184
-0.00296059
0.00915023
0.0213182
0.0335478
0.0458436
0.0582104
0.0706532
0.0831765
0.0957844
0.10848
0.121265
0.13414
0.147107
0.160164
0.173311
0.186541
0.199847
0.213219
0.226646
0.240111
0.253595
0.267075
0.280522
0.293901
0.307172
0.32029
0.333205
0.345859
0.358185
0.370113
0.38156
0.39244
0.40266
0.412119
0.420715
0.428338
0.434877
0.440219
0.444251
0.446861
0.447943
0.447402
0.445152
0.441121
0.435249
0.427486
0.417805
0.406309
0.393102
0.376738
0.356065
-0.308531
-0.327983
-0.343319
-0.355638
-0.366325
-0.375303
-0.382501
-0.387972
-0.391789
-0.394031
-0.394784
-0.394147
-0.392217
-0.389096
-0.384884
-0.37968
-0.373578
-0.366669
-0.35904
-0.350771
-0.341936
-0.332605
-0.32284
-0.312697
-0.302227
-0.291476
-0.280484
-0.26929
-0.257926
-0.246418
-0.234792
-0.223068
-0.211263
-0.199392
-0.187468
-0.175501
-0.163498
-0.151465
-0.139407
-0.127326
-0.115225
-0.103105
-0.0909641
-0.0788018
-0.0666149
-0.0543999
-0.042153
-0.0298698
-0.0175455
-0.0051746
0.00724847
0.0197293
0.0322739
0.0448884
0.0575797
0.0703541
0.0832179
0.0961769
0.109236
0.122399
0.135669
0.149049
0.162541
0.176144
0.189856
0.20367
0.21758
0.231575
0.245642
0.259764
0.273917
0.288075
0.302203
0.316262
0.330207
0.343987
0.357541
0.370802
0.383693
0.396128
0.408013
0.419248
0.429723
0.439324
0.447929
0.455413
0.461647
0.466501
0.469846
0.47156
0.47153
0.469652
0.465836
0.460009
0.452109
0.4421
0.430084
0.416168
0.398802
0.376756
-0.330376
-0.351094
-0.36735
-0.380314
-0.39147
-0.400741
-0.408059
-0.413487
-0.417114
-0.419033
-0.419348
-0.418172
-0.41562
-0.41181
-0.406855
-0.400868
-0.393956
-0.38622
-0.377755
-0.368651
-0.358989
-0.348843
-0.338279
-0.327358
-0.316132
-0.30465
-0.292954
-0.281082
-0.269066
-0.256935
-0.244713
-0.232418
-0.220068
-0.207676
-0.195254
-0.182811
-0.170354
-0.157887
-0.145412
-0.132931
-0.120446
-0.107956
-0.0954579
-0.0829498
-0.0704268
-0.0578842
-0.0453167
-0.0327189
-0.0200842
-0.00740571
0.00532379
0.0181115
0.0309649
0.0438922
0.0569018
0.070002
0.0832007
0.0965053
0.109923
0.12346
0.137121
0.150912
0.164837
0.178897
0.193093
0.20742
0.221874
0.236448
0.25113
0.265905
0.280752
0.295646
0.310554
0.325438
0.340254
0.354948
0.369461
0.383722
0.39765
0.411154
0.424135
0.436483
0.44808
0.458799
0.468506
0.477058
0.484309
0.490111
0.494317
0.496783
0.497375
0.495968
0.492452
0.486739
0.478751
0.468438
0.455903
0.441255
0.42283
0.399316
-0.354042
-0.376123
-0.393357
-0.406992
-0.418619
-0.428162
-0.435555
-0.440879
-0.444237
-0.445742
-0.445517
-0.443694
-0.440407
-0.435793
-0.429982
-0.423101
-0.41527
-0.406604
-0.397208
-0.387179
-0.376605
-0.365566
-0.354134
-0.34237
-0.330332
-0.318068
-0.305621
-0.293031
-0.280329
-0.267544
-0.254699
-0.241811
-0.228897
-0.215968
-0.203036
-0.190107
-0.177188
-0.164279
-0.151384
-0.138502
-0.125632
-0.112772
-0.0999187
-0.0870674
-0.074212
-0.0613462
-0.0484635
-0.0355569
-0.0226183
-0.00963897
0.00338984
0.016477
0.0296319
0.0428645
0.0561851
0.0696035
0.0831297
0.096773
0.110543
0.124447
0.138495
0.152692
0.167047
0.181563
0.196242
0.211084
0.226087
0.241247
0.256554
0.271997
0.287558
0.303212
0.31893
0.334675
0.350403
0.366063
0.381594
0.396922
0.411963
0.426624
0.440797
0.454365
0.467199
0.479161
0.490101
0.499858
0.50827
0.515164
0.520374
0.523731
0.525076
0.524258
0.521147
0.515632
0.507617
0.497035
0.483988
0.468585
0.449042
0.423956
-0.379729
-0.403281
-0.421557
-0.435888
-0.447981
-0.457765
-0.465178
-0.470319
-0.473312
-0.474291
-0.473405
-0.470807
-0.466654
-0.461103
-0.454305
-0.446403
-0.437534
-0.427823
-0.417388
-0.406334
-0.394757
-0.382743
-0.370366
-0.357693
-0.344782
-0.331682
-0.318438
-0.305089
-0.291667
-0.278198
-0.264704
-0.251202
-0.237706
-0.224226
-0.210771
-0.197348
-0.183959
-0.170606
-0.157288
-0.144004
-0.13075
-0.117523
-0.104318
-0.0911283
-0.0779458
-0.064763
-0.051572
-0.0383643
-0.0251298
-0.0118582
0.00146128
0.0148392
0.0282867
0.0418155
0.0554377
0.0691652
0.0830097
0.0969829
0.111096
0.125361
0.139787
0.154385
0.169164
0.184132
0.199292
0.214649
0.230203
0.245954
0.261895
0.278019
0.294309
0.310746
0.327301
0.343942
0.360626
0.377302
0.393909
0.410374
0.426609
0.442517
0.457984
0.472886
0.487084
0.500425
0.512743
0.523861
0.533592
0.541745
0.548124
0.552533
0.554783
0.554696
0.552115
0.546902
0.538937
0.528133
0.514589
0.498413
0.477688
0.450917
-0.407662
-0.432806
-0.452194
-0.467245
-0.479795
-0.489777
-0.497137
-0.501996
-0.504506
-0.504827
-0.503134
-0.499609
-0.494436
-0.487796
-0.479861
-0.470794
-0.460749
-0.449866
-0.438272
-0.426085
-0.413406
-0.400327
-0.386927
-0.373273
-0.359426
-0.345436
-0.331348
-0.317199
-0.303022
-0.28884
-0.274673
-0.260537
-0.246442
-0.232398
-0.218413
-0.204488
-0.190627
-0.176827
-0.163086
-0.149401
-0.135767
-0.122178
-0.108627
-0.0951045
-0.0816021
-0.0681104
-0.0546201
-0.0411207
-0.0276003
-0.0140465
-0.000446634
0.0132115
0.0269409
0.0407549
0.0546678
0.0686933
0.0828453
0.0971376
0.111584
0.126199
0.140995
0.155985
0.171181
0.186593
0.202231
0.218099
0.234204
0.250548
0.26713
0.283943
0.300978
0.318217
0.335636
0.353205
0.370885
0.388628
0.406371
0.424043
0.441555
0.458805
0.475676
0.492034
0.50773
0.522598
0.536456
0.549106
0.56034
0.569939
0.577676
0.583323
0.586659
0.587473
0.585573
0.580788
0.572969
0.562006
0.547989
0.531027
0.509053
0.48047
-0.4381
-0.464976
-0.485551
-0.501342
-0.51433
-0.524452
-0.531666
-0.536123
-0.538004
-0.537503
-0.53483
-0.5302
-0.523827
-0.51592
-0.506676
-0.496282
-0.484907
-0.472709
-0.459827
-0.446387
-0.4325
-0.418261
-0.403752
-0.389044
-0.374197
-0.359262
-0.344282
-0.329295
-0.314329
-0.299406
-0.284544
-0.269755
-0.255049
-0.240432
-0.225908
-0.211478
-0.197143
-0.182897
-0.168736
-0.154655
-0.140646
-0.126701
-0.112811
-0.098965
-0.0851523
-0.0713621
-0.0575832
-0.0438033
-0.0300085
-0.0161841
-0.0023159
0.0116102
0.0256088
0.0396954
0.0538861
0.0681968
0.0826433
0.0972421
0.11201
0.126963
0.142117
0.157488
0.173091
0.18894
0.205046
0.221421
0.238074
0.255011
0.272235
0.289745
0.307535
0.325593
0.343899
0.362427
0.381143
0.4
0.418939
0.437889
0.456762
0.475453
0.49384
0.511784
0.529125
0.545682
0.561257
0.575633
0.588574
0.59983
0.609142
0.616247
0.620883
0.622798
0.62176
0.617558
0.610006
0.598965
0.584514
0.566755
0.54346
0.512925
-0.47134
-0.500105
-0.521952
-0.538502
-0.551895
-0.56208
-0.569031
-0.572932
-0.574006
-0.572488
-0.568627
-0.56268
-0.554896
-0.545516
-0.534768
-0.52286
-0.509985
-0.496314
-0.482001
-0.46718
-0.45197
-0.43647
-0.420765
-0.404927
-0.389015
-0.37308
-0.357163
-0.341298
-0.325512
-0.309823
-0.294247
-0.278791
-0.263463
-0.248265
-0.2332
-0.218265
-0.203457
-0.188769
-0.174194
-0.159723
-0.145347
-0.131055
-0.116836
-0.102678
-0.0885666
-0.0744903
-0.0604356
-0.0463883
-0.0323321
-0.0182507
-0.00412785
0.0100521
0.0243055
0.03865
0.0531038
0.0676849
0.0824115
0.0973022
0.112377
0.127653
0.143152
0.158891
0.174888
0.191162
0.207728
0.2246
0.241794
0.25932
0.277186
0.295396
0.313949
0.332839
0.352052
0.371567
0.391354
0.411371
0.431565
0.451864
0.472183
0.492416
0.512439
0.532105
0.551246
0.569668
0.587156
0.60347
0.618346
0.631501
0.64264
0.651456
0.657642
0.660899
0.66094
0.657511
0.650379
0.639365
0.624533
0.605973
0.581281
0.548636
-0.507725
-0.538562
-0.561774
-0.579097
-0.592847
-0.602991
-0.609526
-0.612682
-0.612729
-0.609956
-0.604661
-0.597145
-0.587704
-0.576615
-0.564138
-0.550509
-0.535941
-0.520624
-0.504724
-0.488385
-0.47173
-0.454864
-0.437873
-0.420827
-0.403786
-0.386797
-0.369898
-0.35312
-0.336486
-0.32001
-0.303704
-0.287571
-0.271614
-0.255834
-0.240227
-0.22479
-0.209516
-0.194393
-0.179412
-0.164562
-0.149829
-0.135203
-0.120668
-0.106211
-0.0918152
-0.0774673
-0.0631518
-0.0488519
-0.0345496
-0.0202265
-0.00586473
0.00855302
0.023045
0.037631
0.0523313
0.0671663
0.0821563
0.0973226
0.112687
0.128272
0.144099
0.160189
0.176566
0.19325
0.210262
0.227621
0.245346
0.263453
0.281956
0.300865
0.320185
0.339916
0.360051
0.380576
0.401467
0.422688
0.444191
0.465908
0.487758
0.509637
0.531417
0.55295
0.574057
0.594534
0.614148
0.632635
0.649703
0.665032
0.678285
0.689108
0.697141
0.702022
0.703409
0.700986
0.694464
0.683613
0.668473
0.649117
0.622946
0.588009
-0.547653
-0.580778
-0.605458
-0.623558
-0.637597
-0.647564
-0.653489
-0.65566
-0.654412
-0.650095
-0.643067
-0.633688
-0.622302
-0.60923
-0.594769
-0.579184
-0.562711
-0.545558
-0.527903
-0.509899
-0.491674
-0.473333
-0.454963
-0.436633
-0.4184
-0.400306
-0.382385
-0.364663
-0.347157
-0.329878
-0.31283
-0.296014
-0.279428
-0.263067
-0.246926
-0.230994
-0.215262
-0.199716
-0.184342
-0.169125
-0.154051
-0.139105
-0.124271
-0.10953
-0.0948674
-0.0802647
-0.0657051
-0.0511696
-0.0366383
-0.0220908
-0.0075079
0.00712971
0.0218422
0.0366514
0.0515801
0.0666506
0.0818858
0.0973094
0.112946
0.12882
0.144956
0.16138
0.178118
0.195196
0.212637
0.230467
0.24871
0.267387
0.286519
0.306121
0.326207
0.346783
0.367851
0.389404
0.411427
0.43389
0.456752
0.479955
0.50342
0.527046
0.55071
0.574257
0.597506
0.620242
0.642213
0.663133
0.682678
0.700493
0.716192
0.729367
0.739592
0.746439
0.749492
0.748363
0.742689
0.732177
0.716827
0.696695
0.668954
0.631516
-0.591595
-0.627259
-0.653524
-0.672394
-0.686623
-0.696232
-0.7013
-0.702188
-0.699311
-0.693097
-0.683981
-0.672389
-0.658722
-0.643354
-0.626619
-0.608816
-0.590205
-0.571009
-0.55142
-0.531596
-0.511669
-0.491744
-0.471905
-0.452217
-0.432732
-0.413486
-0.394508
-0.375816
-0.357422
-0.339328
-0.321535
-0.304036
-0.286825
-0.269892
-0.253226
-0.236813
-0.220638
-0.204684
-0.188933
-0.173367
-0.15797
-0.142723
-0.127607
-0.112604
-0.0976922
-0.0828539
-0.0680692
-0.0533172
-0.038576
-0.0238237
-0.00903914
0.00579854
0.0207117
0.0357243
0.0508613
0.0661475
0.0816078
0.0972682
0.113156
0.129298
0.145723
0.16246
0.179539
0.19699
0.214842
0.233124
0.251867
0.271098
0.290845
0.31113
0.331975
0.353396
0.375401
0.397994
0.421169
0.444907
0.469175
0.493925
0.519084
0.544561
0.570232
0.595949
0.621523
0.646732
0.67131
0.694948
0.717291
0.737943
0.756468
0.772394
0.785222
0.794443
0.799553
0.800071
0.795544
0.785595
0.770174
0.7493
0.719892
0.679708
-0.640105
-0.678611
-0.706591
-0.726206
-0.740485
-0.749497
-0.753388
-0.752616
-0.747699
-0.739161
-0.72753
-0.71331
-0.696974
-0.678948
-0.659613
-0.639301
-0.618295
-0.596836
-0.575124
-0.553321
-0.531559
-0.50994
-0.488545
-0.46743
-0.44664
-0.426204
-0.40614
-0.386461
-0.367168
-0.348257
-0.329722
-0.311548
-0.293724
-0.276232
-0.259058
-0.242182
-0.225583
-0.209242
-0.193135
-0.177242
-0.161543
-0.146017
-0.130643
-0.115398
-0.10026
-0.0852076
-0.0702192
-0.055272
-0.0403423
-0.0254066
-0.0104421
0.00457411
0.0196663
0.0348608
0.0501848
0.065665
0.0813284
0.0972033
0.113319
0.129707
0.146398
0.163424
0.180821
0.198622
0.216861
0.235574
0.254795
0.27456
0.294903
0.315856
0.337448
0.359704
0.382644
0.406282
0.430623
0.45566
0.481374
0.507725
0.534654
0.562077
0.589882
0.617922
0.646011
0.67392
0.701373
0.728039
0.753535
0.777422
0.799207
0.818347
0.834263
0.846348
0.853991
0.856595
0.853593
0.844498
0.829191
0.807633
0.776452
0.733233
-0.693851
-0.735562
-0.765401
-0.785711
-0.799842
-0.80794
-0.810242
-0.807335
-0.799865
-0.788482
-0.773823
-0.756489
-0.73703
-0.715936
-0.693636
-0.670494
-0.646818
-0.622861
-0.598829
-0.574884
-0.551156
-0.52774
-0.504707
-0.482105
-0.459966
-0.438309
-0.417142
-0.396467
-0.376275
-0.356555
-0.337288
-0.318456
-0.300037
-0.282009
-0.264349
-0.247034
-0.230037
-0.213333
-0.196897
-0.180703
-0.164728
-0.14895
-0.133342
-0.117881
-0.102541
-0.087299
-0.0721308
-0.0570122
-0.0419177
-0.0268222
-0.011701
0.0034704
0.0187186
0.034072
0.0495597
0.0652104
0.0810531
0.0971181
0.113438
0.130046
0.146977
0.164268
0.181956
0.200081
0.218681
0.237797
0.257471
0.277744
0.29866
0.320258
0.342577
0.365653
0.389518
0.414197
0.439709
0.466061
0.493248
0.521247
0.550012
0.579473
0.609531
0.640048
0.670844
0.70169
0.732302
0.762334
0.791374
0.81894
0.84448
0.867376
0.886952
0.90249
0.913246
0.918483
0.917484
0.909623
0.894678
0.872532
0.839462
0.792862
-0.753641
-0.798999
-0.830856
-0.851767
-0.865476
-0.872235
-0.872414
-0.866766
-0.856108
-0.841244
-0.822943
-0.801921
-0.778818
-0.754192
-0.72852
-0.7022
-0.675559
-0.648859
-0.622307
-0.596062
-0.570243
-0.544934
-0.520192
-0.496052
-0.472533
-0.449638
-0.427363
-0.405695
-0.384617
-0.364103
-0.344128
-0.324662
-0.305676
-0.287141
-0.269027
-0.251303
-0.23394
-0.216905
-0.200169
-0.183705
-0.167486
-0.151484
-0.135673
-0.120023
-0.104509
-0.0891035
-0.073782
-0.058518
-0.0432845
-0.0280546
-0.0128021
0.00249969
0.0178792
0.0333669
0.0489936
0.0647895
0.0807855
0.0970143
0.113511
0.130312
0.147456
0.164983
0.182935
0.201354
0.220285
0.239773
0.259868
0.28062
0.302078
0.324293
0.347312
0.371184
0.395953
0.421659
0.448336
0.476008
0.504686
0.534366
0.565022
0.596602
0.629024
0.662166
0.69586
0.729885
0.763956
0.797715
0.830726
0.862467
0.892326
0.919604
0.943519
0.963216
0.977796
0.986348
0.987966
0.981836
0.967591
0.945
0.909921
0.859522
-0.820469
-0.870014
-0.904061
-0.925417
-0.938315
-0.943165
-0.940522
-0.931365
-0.916727
-0.897604
-0.874929
-0.849548
-0.822202
-0.793522
-0.764032
-0.734159
-0.704245
-0.674553
-0.645285
-0.616588
-0.588564
-0.56128
-0.534775
-0.509065
-0.484149
-0.460015
-0.436641
-0.414
-0.392059
-0.370782
-0.350132
-0.330068
-0.310553
-0.291548
-0.273018
-0.254925
-0.237232
-0.219904
-0.202906
-0.186207
-0.169777
-0.153586
-0.137603
-0.121797
-0.106138
-0.0905991
-0.0751532
-0.0597722
-0.0444277
-0.0290909
-0.0137338
0.001672
0.0171567
0.0327524
0.0484913
0.0644053
0.0805269
0.0968912
0.113536
0.130502
0.14783
0.165562
0.183744
0.202425
0.221652
0.241478
0.261959
0.283153
0.305117
0.327912
0.351596
0.37623
0.401873
0.42858
0.456403
0.485385
0.515558
0.546938
0.579524
0.613288
0.648172
0.684078
0.720857
0.758303
0.796139
0.834007
0.871452
0.907918
0.942736
0.97512
1.00417
1.02888
1.04816
1.06088
1.0659
1.06216
1.04908
1.02626
0.989048
0.93434
-0.895572
-0.949973
-0.986386
-1.00793
-1.01947
-1.02164
-1.01526
-1.00161
-0.982003
-0.957675
-0.929753
-0.899234
-0.866965
-0.833651
-0.79986
-0.766042
-0.73254
-0.699611
-0.66744
-0.636154
-0.60583
-0.576511
-0.548209
-0.520916
-0.494608
-0.469253
-0.444808
-0.421228
-0.398466
-0.37647
-0.355191
-0.334577
-0.31458
-0.295154
-0.276255
-0.257837
-0.23986
-0.222281
-0.205062
-0.18817
-0.171568
-0.155225
-0.139105
-0.123177
-0.107407
-0.0917669
-0.076228
-0.0607608
-0.045335
-0.0299202
-0.0144869
0.0009951
0.0165573
0.0322329
0.0480555
0.0640585
0.0802763
0.0967466
0.11351
0.130609
0.148088
0.165991
0.18437
0.203274
0.22276
0.242885
0.263711
0.285305
0.307732
0.331061
0.355365
0.380718
0.407192
0.434863
0.463799
0.494064
0.525716
0.558796
0.593332
0.629326
0.666752
0.705542
0.745579
0.786681
0.828593
0.870965
0.913339
0.955134
0.995628
1.03395
1.06907
1.09982
1.12488
1.14286
1.1523
1.15181
1.14053
1.11782
1.07835
1.01871
-0.980516
-1.0406
-1.07955
-1.10088
-1.11027
-1.10871
-1.09738
-1.07798
-1.05218
-1.0215
-0.987294
-0.950736
-0.91278
-0.8742
-0.835598
-0.79743
-0.76003
-0.723633
-0.688394
-0.654408
-0.621716
-0.590328
-0.560223
-0.531361
-0.503692
-0.477155
-0.451688
-0.427225
-0.403699
-0.381045
-0.359197
-0.338093
-0.317674
-0.297884
-0.278671
-0.259983
-0.241772
-0.223992
-0.206601
-0.189559
-0.172829
-0.156374
-0.140158
-0.124144
-0.108299
-0.0925924
-0.0769942
-0.0614733
-0.0459977
-0.0305355
-0.0150556
0.00047321
0.0160834
0.0318091
0.0476853
0.0637468
0.0800301
0.0965753
0.113425
0.130625
0.148219
0.166257
0.184793
0.203882
0.223584
0.243963
0.265089
0.287033
0.30987
0.333682
0.358551
0.384567
0.411818
0.440398
0.470396
0.5019
0.534993
0.569751
0.606232
0.644477
0.684498
0.726268
0.769712
0.814689
0.860978
0.908257
0.956079
1.00385
1.05082
1.09603
1.13833
1.17634
1.20851
1.23311
1.2483
1.25223
1.24366
1.22155
1.17973
1.11437
-1.07732
-1.14413
-1.18574
-1.20622
-1.21232
-1.20558
-1.18772
-1.16095
-1.12741
-1.08899
-1.04729
-1.00367
-0.959185
-0.914663
-0.870722
-0.827806
-0.786218
-0.746151
-0.707714
-0.670952
-0.635863
-0.602408
-0.570527
-0.540143
-0.511171
-0.483522
-0.457106
-0.431836
-0.407625
-0.384389
-0.362049
-0.340528
-0.319758
-0.299672
-0.280209
-0.261312
-0.242926
-0.225001
-0.207489
-0.190348
-0.173536
-0.157014
-0.140742
-0.124683
-0.108802
-0.093066
-0.0774441
-0.0619037
-0.0464111
-0.0309332
-0.0154378
0.000106872
0.0157339
0.0314786
0.0473767
0.0634651
0.0797821
0.0963694
0.113272
0.130535
0.148208
0.166341
0.184992
0.204222
0.224094
0.244679
0.266051
0.288289
0.311478
0.335709
0.361079
0.38769
0.415649
0.445067
0.476056
0.508731
0.543206
0.57959
0.617981
0.658464
0.701097
0.745908
0.792875
0.841916
0.892863
0.94544
0.99924
1.05368
1.108
1.16117
1.21192
1.25868
1.2996
1.33256
1.35521
1.36515
1.36055
1.3398
1.2956
1.22354
-1.18862
-1.26348
-1.30777
-1.32636
-1.32754
-1.31363
-1.28711
-1.25091
-1.20774
-1.1599
-1.10931
-1.05747
-1.00554
-0.954377
-0.904578
-0.856543
-0.810515
-0.766624
-0.724908
-0.685348
-0.647878
-0.612405
-0.578818
-0.546996
-0.516814
-0.488151
-0.460888
-0.434911
-0.410113
-0.386391
-0.36365
-0.341801
-0.320761
-0.300456
-0.280818
-0.261781
-0.243286
-0.225277
-0.207703
-0.190516
-0.173673
-0.157131
-0.140848
-0.124787
-0.10891
-0.0931834
-0.0775748
-0.0620502
-0.0465746
-0.0311139
-0.0156355
-0.000107401
0.0155041
0.031235
0.0471228
0.0632055
0.0795229
0.0961181
0.113037
0.130326
0.148037
0.166223
0.184946
0.204268
0.224261
0.244996
0.266555
0.289024
0.312497
0.337076
0.362869
0.389995
0.418575
0.44874
0.480629
0.514383
0.55015
0.588076
0.628305
0.670971
0.71619
0.764054
0.814613
0.867859
0.923701
0.981941
1.04224
1.10406
1.16666
1.22898
1.28966
1.34692
1.39861
1.44214
1.47454
1.49264
1.4938
1.47559
1.42909
1.3491
-1.31797
-1.40252
-1.44932
-1.46438
-1.45823
-1.43438
-1.39637
-1.34809
-1.29294
-1.23372
-1.17262
-1.11131
-1.05099
-0.992495
-0.936356
-0.882887
-0.832237
-0.784436
-0.739431
-0.697114
-0.657344
-0.619958
-0.584784
-0.551652
-0.520394
-0.490849
-0.462869
-0.436311
-0.411046
-0.386953
-0.363919
-0.341841
-0.320627
-0.300192
-0.28046
-0.26136
-0.242827
-0.224801
-0.207225
-0.19005
-0.173229
-0.156718
-0.140473
-0.124453
-0.108623
-0.0929461
-0.0773891
-0.0619166
-0.0464929
-0.0310834
-0.0156558
-0.000177811
0.0153847
0.0310688
0.0469131
0.0629568
0.0792402
0.095807
0.112704
0.129979
0.147685
0.16588
0.184626
0.203991
0.224048
0.244873
0.266554
0.289183
0.312864
0.337709
0.363837
0.39138
0.420478
0.451281
0.483954
0.518667
0.555604
0.594951
0.6369
0.681644
0.729367
0.780236
0.834389
0.891912
0.952822
1.01703
1.0843
1.15421
1.22606
1.29883
1.3711
1.44094
1.50586
1.56276
1.60791
1.63713
1.64667
1.63281
1.58436
1.49489
-1.47025
-1.56656
-1.61521
-1.62412
-1.60707
-1.56942
-1.51618
-1.45245
-1.38249
-1.30958
-1.23619
-1.16408
-1.09443
-1.02795
-0.965074
-0.905954
-0.850599
-0.798902
-0.750688
-0.705742
-0.663825
-0.624696
-0.588114
-0.553851
-0.521691
-0.491434
-0.462897
-0.435911
-0.410323
-0.385991
-0.362787
-0.340595
-0.319311
-0.298843
-0.279108
-0.260029
-0.241536
-0.223563
-0.206052
-0.188949
-0.172207
-0.155778
-0.139619
-0.123688
-0.107948
-0.092362
-0.0768953
-0.0615117
-0.0461755
-0.0308524
-0.0155103
-0.000116744
0.0153629
0.0309668
0.0467341
0.0627043
0.0789178
0.0954183
0.112253
0.129472
0.14713
0.165286
0.184006
0.203358
0.223418
0.244268
0.265999
0.288712
0.312516
0.337533
0.363894
0.391743
0.421236
0.452547
0.485862
0.521385
0.559331
0.599933
0.643436
0.690095
0.74017
0.793918
0.851578
0.913359
0.979411
1.0498
1.12444
1.20307
1.28513
1.36972
1.45544
1.54025
1.62138
1.69518
1.75704
1.80149
1.82321
1.81656
1.767
1.66611
-1.65239
-1.76295
-1.81191
-1.8104
-1.77718
-1.72032
-1.64689
-1.56348
-1.47529
-1.38609
-1.29851
-1.21427
-1.13441
-1.05944
-0.989568
-0.924726
-0.864724
-0.809275
-0.75805
-0.710702
-0.666881
-0.626255
-0.588507
-0.553345
-0.520505
-0.489743
-0.460842
-0.433606
-0.407859
-0.383439
-0.360203
-0.338023
-0.316786
-0.296392
-0.276751
-0.257782
-0.23941
-0.221565
-0.204186
-0.187219
-0.170613
-0.154321
-0.138299
-0.122504
-0.106898
-0.0914445
-0.076107
-0.0608497
-0.0456374
-0.0304364
-0.0152148
5.98128e-05
0.0154229
0.0309129
0.0465692
0.0624304
0.0785366
0.0949315
0.111663
0.128784
0.146347
0.164416
0.183054
0.202334
0.222333
0.243136
0.264841
0.287553
0.311387
0.336473
0.36295
0.390977
0.420726
0.452391
0.486181
0.522327
0.561084
0.602728
0.64756
0.695903
0.748098
0.804502
0.865474
0.931367
1.0025
1.07913
1.16139
1.24926
1.34243
1.4402
1.54132
1.64381
1.7447
1.83985
1.92362
1.98898
2.02847
2.03362
1.98475
1.87013
-1.87456
-2.00219
-2.04811
-2.02919
-1.9719
-1.88832
-1.78819
-1.67987
-1.5695
-1.46117
-1.35748
-1.25991
-1.16916
-1.0854
-1.00849
-0.938061
-0.873656
-0.814764
-0.760867
-0.711464
-0.666083
-0.624289
-0.585685
-0.549915
-0.516661
-0.48564
-0.4566
-0.429318
-0.403596
-0.379255
-0.356139
-0.334109
-0.313043
-0.292836
-0.273393
-0.254627
-0.23646
-0.21882
-0.201645
-0.184877
-0.168466
-0.152366
-0.136532
-0.120921
-0.105493
-0.0902127
-0.0750433
-0.0599499
-0.0448982
-0.0298551
-0.014789
0.000332719
0.0155458
0.0308883
0.0463985
0.0621142
0.0780748
0.0943242
0.110911
0.127889
0.145311
0.163239
0.181739
0.200884
0.220754
0.241436
0.263032
0.285651
0.309412
0.33445
0.360916
0.388979
0.418827
0.450668
0.484735
0.521286
0.560611
0.603033
0.648907
0.698624
0.752613
0.811338
0.875294
0.944998
1.02097
1.1037
1.19363
1.29105
1.39601
1.50819
1.62671
1.74981
1.87457
1.9965
2.10899
2.20313
2.26868
2.29303
2.24857
2.11765
-2.15246
-2.29955
-2.33551
-2.2877
-2.19454
-2.07383
-1.93862
-1.79913
-1.66218
-1.53184
-1.41029
-1.29848
-1.1965
-1.10399
-1.02032
-0.944715
-0.876389
-0.81456
-0.758494
-0.707519
-0.661031
-0.618487
-0.57941
-0.543379
-0.510025
-0.479026
-0.4501
-0.422999
-0.397504
-0.373424
-0.350591
-0.328856
-0.308094
-0.288192
-0.269053
-0.250586
-0.23271
-0.215354
-0.198452
-0.181949
-0.165794
-0.149941
-0.134346
-0.118964
-0.103758
-0.0886912
-0.0737284
-0.0588364
-0.0439816
-0.0291318
-0.0142553
0.000680383
0.0157102
0.0308711
0.0461997
0.0617327
0.0775091
0.0935732
0.109974
0.126763
0.143994
0.161727
0.18003
0.198974
0.218643
0.239126
0.260525
0.28295
0.306526
0.331393
0.357709
0.385652
0.41542
0.447237
0.481355
0.518058
0.557668
0.600549
0.647108
0.697807
0.75316
0.813744
0.880198
0.953218
1.03355
1.12199
1.21931
1.32623
1.44334
1.57088
1.70858
1.85528
2.00848
2.1637
2.31362
2.44739
2.55133
2.60693
2.57435
2.42511
-2.51142
-2.67778
-2.68976
-2.59411
-2.44756
-2.27557
-2.0948
-1.91696
-1.74889
-1.59394
-1.4533
-1.32688
-1.21388
-1.11315
-1.02341
-0.943391
-0.87191
-0.807879
-0.75033
-0.698412
-0.651382
-0.608596
-0.569498
-0.533607
-0.500509
-0.469847
-0.441312
-0.414637
-0.389587
-0.36596
-0.34358
-0.322294
-0.30197
-0.282495
-0.263767
-0.245696
-0.228199
-0.211203
-0.194646
-0.178472
-0.162632
-0.14708
-0.131772
-0.116666
-0.101723
-0.0869091
-0.0721912
-0.0575372
-0.0429147
-0.028292
-0.0136378
0.00107933
0.0158929
0.0308377
0.045949
0.0612624
0.0768167
0.0926558
0.108827
0.125381
0.14237
0.159852
0.177895
0.196574
0.215968
0.236168
0.257276
0.279402
0.302675
0.327238
0.353253
0.380905
0.410399
0.441971
0.475888
0.512456
0.552024
0.594991
0.641812
0.693012
0.749189
0.81103
0.879317
0.954935
1.03888
1.13227
1.23629
1.35221
1.48127
1.62454
1.78272
1.95571
2.14205
2.33802
2.53625
2.72435
2.88488
2.99145
2.98559
2.81888
-2.99494
-3.17129
-3.13105
-2.95649
-2.73097
-2.48901
-2.25022
-2.02647
-1.82323
-1.64193
-1.48191
-1.34144
-1.21841
-1.11063
-1.01605
-0.9328
-0.859256
-0.794009
-0.735854
-0.683765
-0.636872
-0.594436
-0.555832
-0.52053
-0.488079
-0.458095
-0.430249
-0.40426
-0.379882
-0.356908
-0.335156
-0.314473
-0.294725
-0.275798
-0.257589
-0.240009
-0.222975
-0.206417
-0.190273
-0.174491
-0.159022
-0.143823
-0.128849
-0.114061
-0.0994224
-0.0848998
-0.0704635
-0.0560827
-0.041726
-0.0273624
-0.012962
0.00150475
0.0160691
0.0307638
0.0456228
0.0606808
0.0759758
0.09155
0.107449
0.12372
0.140414
0.157589
0.175312
0.193655
0.212698
0.232529
0.253247
0.274966
0.297812
0.321931
0.347487
0.374664
0.403675
0.434762
0.468204
0.504319
0.543478
0.586107
0.6327
0.683836
0.740186
0.802535
0.871799
0.94905
1.03554
1.1327
1.24222
1.36596
1.50598
1.66445
1.84344
2.04454
2.26823
2.51277
2.77221
3.034
3.2776
3.46734
3.51773
3.34411
-3.68183
-3.83234
-3.68308
-3.37924
-3.03863
-2.7035
-2.39332
-2.11703
-1.8762
-1.66861
-1.49053
-1.33792
-1.20694
-1.09413
-0.996555
-0.911722
-0.837557
-0.77234
-0.714648
-0.663302
-0.617325
-0.575905
-0.538365
-0.504141
-0.472756
-0.44381
-0.416963
-0.391927
-0.368455
-0.346336
-0.32539
-0.305464
-0.286428
-0.268167
-0.250582
-0.233584
-0.217096
-0.201049
-0.185385
-0.170054
-0.155011
-0.140213
-0.125619
-0.11119
-0.0968927
-0.0826983
-0.0685783
-0.0545035
-0.0404439
-0.0263698
-0.0122538
0.0019313
0.0162141
0.0306257
0.0451986
0.0599665
0.0749652
0.0902345
0.105817
0.121757
0.138105
0.154917
0.172257
0.190195
0.208807
0.228179
0.248409
0.269607
0.2919
0.315428
0.340356
0.366867
0.395174
0.425522
0.458192
0.493511
0.531859
0.573681
0.619498
0.669924
0.725687
0.78765
0.856843
0.934498
1.02209
1.12141
1.23456
1.3641
1.51303
1.68479
1.88327
2.11248
2.37605
2.67603
3.01051
3.36997
3.73397
4.05878
4.22429
4.08215
-4.71537
-4.73654
-4.36837
-3.85701
-3.35329
-2.89895
-2.50569
-2.17353
-1.89616
-1.66531
-1.4729
-1.31188
-1.17634
-1.06148
-0.963458
-0.879176
-0.806172
-0.742469
-0.686474
-0.636899
-0.592699
-0.553016
-0.517147
-0.484512
-0.454628
-0.427089
-0.401556
-0.377743
-0.355407
-0.334343
-0.314376
-0.295358
-0.277164
-0.259683
-0.242822
-0.226495
-0.210629
-0.195163
-0.180042
-0.165218
-0.150651
-0.136298
-0.122123
-0.108092
-0.0941728
-0.0803405
-0.0665688
-0.0528303
-0.0390966
-0.025341
-0.0115387
0.00233451
0.016305
0.0304023
0.0446572
0.0591011
0.073767
0.0886912
0.103913
0.119476
0.135427
0.151819
0.168714
0.186176
0.204278
0.223102
0.242743
0.263308
0.284915
0.307705
0.331833
0.357481
0.384856
0.4142
0.445789
0.479949
0.51706
0.557572
0.602016
0.651022
0.705349
0.765907
0.833804
0.910388
0.997317
1.09664
1.21089
1.34325
1.49765
1.67897
1.8932
2.14748
2.44994
2.80886
3.23046
3.71446
4.24836
4.78858
5.18205
5.17973
-6.35406
-5.98335
-5.19921
-4.36966
-3.64458
-3.04591
-2.56354
-2.17849
-1.87098
-1.62397
-1.42386
-1.26012
-1.12476
-1.0117
-0.916318
-0.835074
-0.765231
-0.704653
-0.651662
-0.604923
-0.563371
-0.526143
-0.492541
-0.461991
-0.434021
-0.408237
-0.384311
-0.36197
-0.340983
-0.321155
-0.302322
-0.284346
-0.267108
-0.250508
-0.234455
-0.218874
-0.203699
-0.188872
-0.174345
-0.160075
-0.146024
-0.132154
-0.118433
-0.10483
-0.0913197
-0.0778774
-0.06448
-0.0511023
-0.0377192
-0.0243067
-0.0108434
0.00269233
0.0163247
0.030081
0.0439899
0.0580795
0.0723795
0.0869229
0.101747
0.11689
0.132398
0.148319
0.164709
0.18163
0.199149
0.217343
0.236302
0.256125
0.276926
0.298835
0.322002
0.346599
0.372824
0.400907
0.431116
0.463763
0.499219
0.537922
0.580393
0.627257
0.679271
0.737356
0.802643
0.876533
0.960782
1.05761
1.16984
1.30113
1.45622
1.64133
1.86463
2.13683
2.47175
2.8867
3.40172
4.03616
4.79987
5.66873
6.49103
6.89887
-9.1747
-7.69589
-6.12762
-4.84408
-3.84625
-3.09309
-2.53129
-2.10895
-1.78654
-1.53627
-1.3387
-1.18018
-1.05107
-0.94443
-0.85524
-0.779767
-0.715208
-0.659423
-0.610753
-0.567904
-0.529847
-0.495763
-0.464989
-0.436985
-0.411309
-0.387596
-0.365543
-0.344895
-0.325444
-0.30701
-0.289446
-0.272625
-0.256442
-0.240804
-0.225632
-0.21086
-0.196429
-0.18229
-0.168398
-0.154718
-0.141215
-0.127857
-0.114617
-0.101469
-0.0883889
-0.075358
-0.0623549
-0.049358
-0.036345
-0.0232959
-0.0101921
0.00298531
0.0162582
0.0296513
0.04319
0.0568991
0.0708045
0.0849362
0.0993277
0.114015
0.129038
0.144442
0.160275
0.176596
0.193466
0.210955
0.229146
0.24813
0.26801
0.288909
0.310965
0.334336
0.359206
0.385789
0.414333
0.445131
0.478531
0.514943
0.554858
0.598871
0.647702
0.702233
0.76356
0.833056
0.912457
1.004
1.11059
1.2361
1.3857
1.56652
1.78843
2.06541
2.4173
2.87244
3.47111
4.26649
5.31295
6.64987
8.27617
9.82221
-14.6807
-9.94537
-6.80803
-4.96112
-3.73254
-2.89214
-2.31382
-1.90379
-1.60264
-1.37475
-1.19786
-1.05749
-0.943967
-0.850637
-0.772794
-0.707025
-0.6508
-0.602206
-0.559773
-0.522359
-0.48906
-0.459159
-0.432076
-0.407342
-0.384571
-0.363446
-0.343706
-0.325131
-0.30754
-0.290783
-0.274732
-0.25928
-0.244336
-0.229825
-0.21568
-0.201845
-0.188273
-0.174922
-0.161758
-0.148751
-0.135872
-0.123096
-0.110402
-0.0977679
-0.0851763
-0.0726107
-0.0600541
-0.0474884
-0.0348958
-0.0222599
-0.0095656
0.00320296
0.0160648
0.0290413
0.0421536
0.0554225
0.0688701
0.0825228
0.09641
0.110563
0.125015
0.139806
0.15498
0.170586
0.186679
0.20332
0.220583
0.238547
0.257304
0.276962
0.297644
0.319488
0.342657
0.36734
0.393758
0.422169
0.45288
0.486254
0.522727
0.562823
0.607181
0.656584
0.712005
0.774666
0.846124
0.928391
1.02412
1.13686
1.2715
1.43491
1.63706
1.89281
2.22498
2.66998
3.28835
4.17636
5.46436
7.38449
10.6116
15.4578
-23.9636
-12.1485
-6.5318
-4.24747
-3.03721
-2.30369
-1.83831
-1.52328
-1.29604
-1.12452
-0.990824
-0.883992
-0.796929
-0.724809
-0.664223
-0.612681
-0.568323
-0.529728
-0.495798
-0.46567
-0.43866
-0.414219
-0.391902
-0.371347
-0.352258
-0.334388
-0.317534
-0.30153
-0.286235
-0.271533
-0.257327
-0.243536
-0.230091
-0.216935
-0.204021
-0.191306
-0.178757
-0.166344
-0.154041
-0.141829
-0.129686
-0.117597
-0.105545
-0.0935167
-0.0814989
-0.0694803
-0.0574488
-0.0453912
-0.0332944
-0.0211465
-0.00893644
0.00334802
0.015722
0.0282023
0.0408056
0.0535478
0.0664467
0.0795236
0.0928026
0.106309
0.120069
0.134115
0.148484
0.163217
0.178357
0.193956
0.210072
0.226773
0.244135
0.262246
0.281205
0.301129
0.322149
0.34442
0.368122
0.393465
0.420697
0.45011
0.482053
0.516945
0.555288
0.597701
0.644939
0.697947
0.757916
0.826372
0.905306
0.997367
1.10617
1.23679
1.39666
1.59719
1.85689
2.20853
2.71563
3.49912
4.77724
7.1573
12.8912
24.8294
)
;

boundaryField
{
    movingWall
    {
        type            zeroGradient;
    }
    fixedWalls
    {
        type            zeroGradient;
    }
    frontAndBack
    {
        type            empty;
    }
}


// ************************************************************************* //
