/*--------------------------------*- C++ -*----------------------------------*\
| =========                 |                                                 |
| \\      /  F ield         | OpenFOAM: The Open Source CFD Toolbox           |
|  \\    /   O peration     | Version:  2212                                  |
|   \\  /    A nd           | Website:  www.openfoam.com                      |
|    \\/     M anipulation  |                                                 |
\*---------------------------------------------------------------------------*/
FoamFile
{
    version     2.0;
    format      ascii;
    arch        "LSB;label=32;scalar=64";
    class       volScalarField;
    location    "0.0135";
    object      p;
}
// * * * * * * * * * * * * * * * * * * * * * * * * * * * * * * * * * * * * * //

dimensions      [0 2 -2 0 0 0 0];

internalField   nonuniform List<scalar> 
10000
(
7.94069e-08
-1.97534e-05
-0.000313184
-0.000878271
-0.00163718
-0.00251795
-0.00346399
-0.00442982
-0.00538042
-0.00628755
-0.00712809
-0.00788273
-0.00853548
-0.00907355
-0.00948731
-0.00976932
-0.0099135
-0.00991556
-0.00977251
-0.00948283
-0.00904663
-0.00846459
-0.00773682
-0.00686363
-0.00584613
-0.00468703
-0.00339063
-0.00196193
-0.000405562
0.0012745
0.00307435
0.00498962
0.00701512
0.00914543
0.011375
0.0136981
0.0161094
0.0186035
0.021175
0.0238187
0.0265296
0.0293024
0.0321319
0.0350122
0.0379374
0.0409013
0.0438974
0.0469194
0.0499611
0.0530162
0.056078
0.0591399
0.0621952
0.0652376
0.0682605
0.0712574
0.0742214
0.0771458
0.0800242
0.0828501
0.0856166
0.0883174
0.0909464
0.0934978
0.0959663
0.0983462
0.100632
0.102817
0.104897
0.106867
0.10872
0.110452
0.112055
0.113525
0.114857
0.116047
0.117092
0.117991
0.118741
0.11934
0.119789
0.120087
0.120234
0.120232
0.120086
0.1198
0.119382
0.118841
0.118189
0.117437
0.116602
0.115702
0.114763
0.113816
0.112896
0.112049
0.111325
0.110784
0.110493
0.110465
3.85706e-05
-3.87892e-06
-0.000273251
-0.000755788
-0.00138831
-0.0021198
-0.00290827
-0.00371822
-0.00451966
-0.00528738
-0.00599988
-0.00663895
-0.00718876
-0.00763656
-0.00797215
-0.00818735
-0.00827638
-0.00823472
-0.0080587
-0.0077462
-0.00729609
-0.00670815
-0.00598296
-0.00512096
-0.0041227
-0.00298967
-0.00172473
-0.00033188
0.0011843
0.00281938
0.00456919
0.00642967
0.00839646
0.0104647
0.0126294
0.0148851
0.0172265
0.0196481
0.0221449
0.0247119
0.0273445
0.0300377
0.0327865
0.035585
0.0384272
0.0413069
0.044218
0.0471544
0.0501103
0.0530793
0.0560548
0.05903
0.0619986
0.0649542
0.0678905
0.0708009
0.0736787
0.0765177
0.0793117
0.0820541
0.0847386
0.087359
0.0899096
0.0923849
0.0947798
0.0970889
0.0993066
0.101427
0.103447
0.105359
0.107159
0.108842
0.110402
0.111834
0.113135
0.1143
0.115328
0.116216
0.116963
0.117568
0.118031
0.118352
0.118533
0.118577
0.118486
0.118269
0.117931
0.117483
0.116934
0.116298
0.11559
0.114829
0.114036
0.113241
0.112473
0.11177
0.11117
0.110717
0.110463
0.110436
0.00032995
0.00023598
-4.44218e-05
-0.000493458
-0.00105836
-0.00170046
-0.00238839
-0.00309417
-0.0037926
-0.00446136
-0.00508096
-0.00563433
-0.00610689
-0.00648607
-0.00676135
-0.00692474
-0.00697026
-0.00689344
-0.0066911
-0.00636037
-0.00589917
-0.00530637
-0.00458205
-0.00372701
-0.00274213
-0.00162844
-0.000387901
0.000976379
0.00246034
0.00405962
0.00576993
0.00758721
0.00950757
0.0115266
0.0136396
0.0158414
0.0181266
0.0204901
0.0229269
0.0254324
0.0280021
0.0306314
0.033315
0.0360474
0.0388225
0.0416342
0.0444764
0.0473437
0.0502302
0.0531297
0.0560354
0.0589409
0.0618395
0.0647251
0.0675913
0.0704316
0.0732396
0.0760093
0.0787347
0.0814095
0.0840274
0.0865831
0.0890709
0.0914855
0.0938217
0.0960745
0.0982382
0.100308
0.102278
0.104145
0.105904
0.107548
0.109074
0.110477
0.111754
0.112901
0.113916
0.114796
0.115541
0.116151
0.116626
0.116966
0.117175
0.117255
0.117209
0.117045
0.116769
0.11639
0.115919
0.115368
0.11475
0.114085
0.113393
0.112698
0.112026
0.111408
0.110874
0.110459
0.110206
0.110141
0.000844702
0.000659763
0.000335946
-0.000111921
-0.000648838
-0.00124394
-0.00187297
-0.00251294
-0.00314306
-0.00374371
-0.00429697
-0.00478752
-0.00520193
-0.00552831
-0.005757
-0.00587998
-0.00589101
-0.00578588
-0.00556156
-0.00521543
-0.00474517
-0.00414882
-0.00342537
-0.00257528
-0.00159969
-0.000499991
0.000721751
0.00206286
0.00352009
0.00508957
0.00676734
0.00854945
0.010432
0.012411
0.0144814
0.0166384
0.0188771
0.0211922
0.0235793
0.0260339
0.0285514
0.0311275
0.0337569
0.0364338
0.0391525
0.0419072
0.044692
0.0475015
0.0503302
0.0531716
0.056019
0.058866
0.0617063
0.0645333
0.0673406
0.0701219
0.0728712
0.0755824
0.07825
0.0808679
0.0834303
0.0859318
0.0883677
0.0907324
0.0930205
0.0952269
0.0973462
0.0993735
0.101304
0.103134
0.104858
0.106472
0.107971
0.109352
0.11061
0.111743
0.112748
0.113623
0.114367
0.114981
0.115466
0.115823
0.116054
0.116164
0.116154
0.116032
0.115804
0.115477
0.115063
0.114572
0.114019
0.11342
0.112794
0.112161
0.111543
0.110966
0.110456
0.110041
0.109748
0.109597
0.00152849
0.00122382
0.000835381
0.000367358
-0.000165008
-0.000738346
-0.00133266
-0.00192956
-0.00251155
-0.00306172
-0.00356437
-0.00400547
-0.00437267
-0.00465534
-0.00484464
-0.00493331
-0.00491536
-0.00478627
-0.00454265
-0.0041823
-0.00370307
-0.00310296
-0.00238054
-0.00153542
-0.00056824
0.000519423
0.00172516
0.00304625
0.00447985
0.00602258
0.00767095
0.00942145
0.0112702
0.0132129
0.0152452
0.0173618
0.0195582
0.0218295
0.0241714
0.0265798
0.0290502
0.0315779
0.0341578
0.0367842
0.0394514
0.0421539
0.0448867
0.0476439
0.0504198
0.0532083
0.0560027
0.0587965
0.0615835
0.064357
0.0671105
0.0698378
0.0725331
0.0751912
0.0778062
0.0803723
0.0828841
0.085337
0.087726
0.0900456
0.0922902
0.0944551
0.0965348
0.0985244
0.100419
0.102216
0.10391
0.105496
0.106972
0.108333
0.109576
0.110696
0.111692
0.112563
0.113307
0.113925
0.114419
0.114791
0.115043
0.115178
0.1152
0.115113
0.114924
0.11464
0.114271
0.113828
0.113324
0.112775
0.112195
0.111602
0.111015
0.110455
0.109943
0.109503
0.109144
0.108871
0.00233784
0.00189624
0.00142701
0.000920768
0.000372483
-0.000199833
-0.000780122
-0.00135314
-0.00190445
-0.00241991
-0.00288578
-0.00328968
-0.00362053
-0.00386859
-0.00402591
-0.00408617
-0.00404415
-0.00389545
-0.00363628
-0.00326395
-0.0027765
-0.00217223
-0.0014499
-0.000608822
0.000350683
0.00142731
0.00261888
0.00392262
0.00533567
0.00685505
0.00847757
0.0102
0.0120186
0.0139291
0.0159272
0.0180078
0.0201663
0.0223984
0.0247
0.027067
0.0294951
0.0319796
0.034515
0.0370959
0.0397169
0.0423729
0.0450588
0.0477691
0.0504979
0.0532388
0.0559854
0.0587316
0.0614706
0.0641957
0.0669005
0.0695795
0.0722269
0.074837
0.0774049
0.079925
0.082392
0.0848015
0.0871486
0.0894279
0.0916339
0.0937619
0.0958066
0.0977631
0.0996272
0.101395
0.103062
0.104625
0.10608
0.107424
0.108652
0.109762
0.11075
0.111617
0.112361
0.112984
0.113487
0.113872
0.114142
0.114298
0.114344
0.114285
0.114127
0.113876
0.113542
0.113136
0.112669
0.112153
0.111603
0.111032
0.110456
0.109893
0.10936
0.108876
0.108432
0.108017
0.00322916
0.00264311
0.00208183
0.00152216
0.000941176
0.000352432
-0.00023066
-0.000796132
-0.00133212
-0.00182662
-0.00226812
-0.00264579
-0.00295004
-0.00317237
-0.00330538
-0.00334333
-0.00328189
-0.00311713
-0.00284552
-0.00246386
-0.00196992
-0.00136208
-0.000639242
0.000199057
0.00115238
0.00221948
0.00339857
0.00468716
0.00608242
0.0075817
0.00918202
0.0108802
0.0126726
0.014555
0.0165228
0.0185718
0.0206972
0.0228948
0.0251611
0.027492
0.0298828
0.0323291
0.0348255
0.0373665
0.0399469
0.0425623
0.0452073
0.0478761
0.0505631
0.0532624
0.0559671
0.0586709
0.0613674
0.0640497
0.066712
0.0693485
0.0719537
0.0745224
0.0770493
0.0795291
0.081957
0.0843287
0.0866393
0.0888831
0.0910552
0.0931511
0.0951658
0.0970942
0.098932
0.100675
0.10232
0.103863
0.1053
0.106628
0.107843
0.108943
0.109925
0.110789
0.111534
0.112161
0.112672
0.113068
0.113351
0.113524
0.113589
0.113551
0.113416
0.113191
0.112883
0.112502
0.112059
0.111563
0.111027
0.110462
0.109882
0.1093
0.108731
0.108189
0.107649
0.107083
0.00416241
0.00343003
0.00277038
0.00214716
0.00152078
0.00090248
0.000303362
-0.000267552
-0.000800562
-0.00128588
-0.00171361
-0.00207451
-0.0023606
-0.00256466
-0.00268018
-0.00270193
-0.00262585
-0.00244841
-0.00216654
-0.00177736
-0.00127839
-0.000667819
5.53938e-05
0.000891456
0.0018398
0.00289909
0.00406759
0.00534315
0.00672321
0.00820529
0.00978674
0.0114641
0.013234
0.0150922
0.017034
0.0190553
0.021152
0.02332
0.0255557
0.0278553
0.0302143
0.0326274
0.0350898
0.0375965
0.0401423
0.0427225
0.045332
0.0479651
0.050616
0.0532786
0.0559467
0.0586138
0.0612732
0.0639183
0.0665437
0.0691439
0.0717132
0.0742463
0.0767382
0.0791837
0.0815782
0.0839172
0.0861961
0.0884095
0.0905527
0.0926214
0.0946109
0.0965159
0.0983319
0.100055
0.101681
0.103207
0.104628
0.105943
0.107146
0.108237
0.109214
0.110077
0.110824
0.111455
0.111971
0.112375
0.112668
0.112853
0.112932
0.112909
0.112791
0.112584
0.112294
0.111929
0.111498
0.111011
0.110477
0.109906
0.109309
0.108696
0.108079
0.10747
0.106827
0.10611
0.00510289
0.00422639
0.00346577
0.00277255
0.0020924
0.00143498
0.000809783
0.000223528
-0.000316402
-0.000801905
-0.00122483
-0.00157748
-0.00185286
-0.00204503
-0.00214883
-0.00215959
-0.00207329
-0.00188678
-0.00159711
-0.00120181
-0.000698611
-8.57927e-05
0.000637661
0.00147177
0.0024159
0.00346879
0.00462854
0.00589323
0.00726071
0.00872849
0.010294
0.0119541
0.0137049
0.0155423
0.0174622
0.01946
0.0215321
0.0236752
0.0258853
0.0281583
0.0304899
0.0328752
0.0353091
0.0377866
0.0403032
0.0428539
0.0454333
0.0480357
0.0506557
0.0532873
0.0559241
0.0585595
0.0611872
0.0638009
0.0663953
0.0689651
0.0715043
0.0740078
0.0764707
0.0788878
0.0812542
0.0835659
0.0858181
0.0880061
0.0901254
0.092172
0.0941409
0.0960269
0.0978255
0.0995325
0.101144
0.102655
0.104063
0.105366
0.10656
0.107644
0.108618
0.109479
0.110227
0.110861
0.111382
0.111791
0.112091
0.112284
0.112373
0.112361
0.112255
0.112059
0.111779
0.111421
0.110994
0.110505
0.109963
0.109376
0.108752
0.108099
0.107428
0.106746
0.105997
0.105132
0.006023
0.00500665
0.00414499
0.00337836
0.00263926
0.00193596
0.00127728
0.000667801
0.000113254
-0.000379928
-0.00080549
-0.00115697
-0.00142834
-0.00161473
-0.00171186
-0.00171582
-0.00162306
-0.00143056
-0.00113562
-0.000735826
-0.000229198
0.000385629
0.00110938
0.00194197
0.00288267
0.00393034
0.00508313
0.00633907
0.00769647
0.00915294
0.0107055
0.0123513
0.0140865
0.0159068
0.0178081
0.0197868
0.0218391
0.0239613
0.0261503
0.0284017
0.0307109
0.0330731
0.0354836
0.0379376
0.0404301
0.0429562
0.0455106
0.0480878
0.0506823
0.0532881
0.0558987
0.0585078
0.0611093
0.0636973
0.0662665
0.0688116
0.0713267
0.0738063
0.0762459
0.0786402
0.0809842
0.0832737
0.0855046
0.0876723
0.0897727
0.0918019
0.0937548
0.095626
0.0974109
0.0991053
0.100705
0.102205
0.103603
0.104897
0.106084
0.107163
0.108134
0.108994
0.109743
0.110378
0.110901
0.111314
0.111619
0.111817
0.111912
0.111907
0.111807
0.111616
0.111339
0.110981
0.11055
0.110052
0.109495
0.108884
0.108226
0.107527
0.106795
0.106037
0.105185
0.104177
0.00690061
0.00575019
0.00478897
0.0039478
0.00314669
0.00239321
0.00169563
0.00105702
0.000481547
-2.57877e-05
-0.000459948
-0.000815978
-0.00108912
-0.00127514
-0.00137027
-0.00137123
-0.0012752
-0.00107922
-0.000780948
-0.000378169
0.00013097
0.00074745
0.00147156
0.00230321
0.0032415
0.00428512
0.00543266
0.00668222
0.00803187
0.00947963
0.0110225
0.012657
0.0143797
0.0161866
0.0180734
0.0200368
0.0220734
0.0241797
0.0263521
0.0285863
0.0308778
0.0332221
0.0356144
0.0380498
0.0405233
0.04303
0.0455646
0.0481217
0.0506959
0.0532811
0.0558708
0.058459
0.0610399
0.0636078
0.0661574
0.0686833
0.0711795
0.0736409
0.0760627
0.0784396
0.0807665
0.0830394
0.0852542
0.0874068
0.0894931
0.0915092
0.0934501
0.0953101
0.0970849
0.0987702
0.100361
0.101853
0.103244
0.104532
0.105714
0.10679
0.107759
0.108618
0.109365
0.110001
0.110525
0.11094
0.111248
0.11145
0.111548
0.111546
0.111447
0.111255
0.110975
0.110611
0.11017
0.109658
0.109079
0.108439
0.107741
0.10699
0.106195
0.105361
0.104408
0.103265
0.00771792
0.00644009
0.00538224
0.00446643
0.00360189
0.00279557
0.00205547
0.00138341
0.000781941
0.000255115
-0.00019292
-0.000558534
-0.000838121
-0.0010281
-0.00112529
-0.00112681
-0.00103019
-0.000832991
-0.000532909
-0.000128189
0.000382621
0.00100036
0.00172498
0.00255614
0.00349305
0.00453416
0.00567806
0.00692341
0.00826807
0.00970957
0.0112453
0.0128719
0.0145855
0.0163822
0.0182585
0.020211
0.0222363
0.0243311
0.0264914
0.0287131
0.030992
0.0333232
0.0357023
0.0381241
0.0405836
0.043076
0.0455959
0.0481382
0.0506972
0.053267
0.0558412
0.058414
0.0609798
0.0635329
0.066068
0.0685798
0.0710625
0.0735109
0.0759201
0.0782848
0.0805999
0.0828613
0.0850654
0.0872077
0.0892844
0.0912914
0.0932237
0.0950761
0.0968441
0.0985234
0.100109
0.101597
0.102984
0.104268
0.105448
0.106522
0.107488
0.108345
0.109092
0.109727
0.110252
0.110668
0.110978
0.111181
0.111279
0.111276
0.111174
0.110977
0.110689
0.110315
0.10986
0.109328
0.108723
0.108048
0.107307
0.106503
0.105643
0.104734
0.103682
0.102411
0.0084607
0.00706274
0.00591169
0.00492221
0.00399396
0.0031332
0.00234795
0.00163907
0.00100797
0.000457487
-9.1235e-06
-0.000388787
-0.00067875
-0.000876279
-0.000978767
-0.000983779
-0.000888915
-0.000692301
-0.000391816
1.3988e-05
0.000525888
0.00114454
0.00186998
0.00270128
0.00363752
0.00467768
0.00582012
0.00706317
0.00840503
0.00984319
0.0113747
0.0129961
0.0147039
0.0164944
0.0183642
0.02031
0.0223285
0.0244161
0.026569
0.028783
0.031054
0.0333772
0.035748
0.0381611
0.0406116
0.0430946
0.0456052
0.0481379
0.050687
0.0532468
0.0558108
0.0583736
0.0609296
0.0634731
0.0659988
0.0685014
0.0709756
0.073416
0.0758178
0.0781754
0.0804837
0.082739
0.0849372
0.087074
0.0891452
0.0911469
0.0930743
0.0949224
0.0966869
0.0983636
0.0999476
0.101434
0.10282
0.104104
0.105283
0.106356
0.107321
0.108177
0.108923
0.109558
0.110083
0.1105
0.11081
0.111013
0.111108
0.1111
0.110992
0.110787
0.110489
0.110101
0.109627
0.109071
0.108435
0.107723
0.106936
0.106077
0.105152
0.104168
0.103022
0.101631
0.00911768
0.00760652
0.00636622
0.0053049
0.00431327
0.00339732
0.00256493
0.00181655
0.00115288
0.000575475
8.67094e-05
-0.000310689
-0.000614469
-0.000822616
-0.000933039
-0.000943732
-0.000852573
-0.000657831
-0.000358163
4.77267e-05
0.000560466
0.00118003
0.00190628
0.0027385
0.00367539
0.00471586
0.0058586
0.0071017
0.00844305
0.00988024
0.0114102
0.0130297
0.0147351
0.0165231
0.0183906
0.020334
0.02235
0.0244349
0.0265849
0.0287961
0.0310641
0.0333841
0.0357513
0.0381606
0.0406071
0.0430861
0.0455926
0.0481208
0.0506654
0.0532205
0.05578
0.0583383
0.0608898
0.0634287
0.06595
0.0684487
0.0709193
0.0733569
0.0757562
0.0781118
0.0804185
0.0826725
0.0848697
0.0870054
0.0890754
0.0910757
0.0930019
0.0948493
0.096614
0.0982917
0.0998773
0.101366
0.102754
0.10404
0.10522
0.106294
0.107259
0.108115
0.108861
0.109496
0.110022
0.11044
0.110748
0.110948
0.111038
0.111024
0.110907
0.110692
0.110381
0.109976
0.10948
0.108896
0.108226
0.107473
0.106638
0.105723
0.104735
0.103676
0.102441
0.100937
0.00967959
0.00806186
0.00673652
0.0056051
0.00455082
0.00357954
0.00269887
0.00190889
0.00120994
0.000602971
8.95091e-05
-0.000328384
-0.000648779
-0.000870067
-0.000990553
-0.00100853
-0.00092256
-0.000730914
-0.000432752
-2.74851e-05
0.000485566
0.00110629
0.00183386
0.00266752
0.00360632
0.00464888
0.00579364
0.00703871
0.00838189
0.00982063
0.0113519
0.0129724
0.014679
0.0164685
0.0183376
0.0202827
0.0223004
0.024387
0.0265388
0.0287518
0.0310215
0.033343
0.0357115
0.0381219
0.0405696
0.0430497
0.0455572
0.0480864
0.0506319
0.0531879
0.0557483
0.0583075
0.0608597
0.0633994
0.0659216
0.0684216
0.070894
0.0733338
0.0757357
0.0780943
0.0804044
0.082662
0.0848628
0.0870019
0.0890749
0.091078
0.0930071
0.0948578
0.0966264
0.0983085
0.0998987
0.101392
0.102785
0.104074
0.105258
0.106334
0.107302
0.108159
0.108907
0.109543
0.11007
0.110486
0.110792
0.110987
0.111071
0.111049
0.110923
0.110696
0.110369
0.109943
0.109421
0.108807
0.108102
0.107307
0.106423
0.105452
0.104399
0.103269
0.101948
0.100338
0.0101389
0.00842091
0.00701419
0.00581453
0.00469835
0.00367173
0.00274223
0.00190917
0.00117287
0.00053424
-5.97629e-06
-0.000446417
-0.000785369
-0.00102157
-0.0011538
-0.00118046
-0.00110047
-0.000913007
-0.000617181
-0.00021262
0.000300686
0.000922478
0.00165198
0.00248823
0.0034302
0.0044764
0.00562501
0.00687407
0.00822135
0.00966412
0.0111994
0.0128243
0.0145357
0.0163304
0.0182049
0.0201557
0.0221792
0.0242719
0.0264299
0.0286492
0.0309251
0.0332527
0.0356273
0.038044
0.0404979
0.0429843
0.045498
0.0480334
0.0505852
0.0531476
0.0557145
0.0582799
0.0608383
0.0633842
0.0659129
0.0684196
0.0708992
0.0733464
0.0757559
0.0781224
0.0804407
0.0827066
0.0849156
0.0870626
0.0891431
0.0911535
0.0930899
0.094948
0.096724
0.0984134
0.100011
0.101511
0.10291
0.104206
0.105396
0.106477
0.107449
0.108311
0.109061
0.109699
0.110225
0.110639
0.110941
0.11113
0.111208
0.111178
0.111042
0.110801
0.110455
0.110006
0.109457
0.10881
0.108068
0.107229
0.106296
0.105268
0.104151
0.102953
0.10155
0.099839
0.0104893
0.00867615
0.00719154
0.00592574
0.00474832
0.00366625
0.00268756
0.0018108
0.00103588
0.000363874
-0.000204657
-0.000669083
-0.00102813
-0.00128049
-0.00142529
-0.00146177
-0.00138878
-0.00120592
-0.000912825
-0.000509253
4.47089e-06
0.000627777
0.00135998
0.00220004
0.00314658
0.00419797
0.0053523
0.00660746
0.00796104
0.00941041
0.0109528
0.0125854
0.0143051
0.0161086
0.0179923
0.0199526
0.021986
0.0240891
0.0262577
0.0284876
0.0307742
0.0331126
0.0354981
0.037926
0.0403912
0.0428889
0.045414
0.0479608
0.0505242
0.0530984
0.055677
0.0582541
0.0608241
0.0633818
0.0659226
0.0684418
0.0709338
0.0733934
0.0758156
0.0781948
0.0805259
0.0828047
0.0850264
0.0871859
0.0892787
0.0913012
0.0932494
0.0951189
0.0969056
0.0986049
0.100212
0.101721
0.10313
0.104435
0.105633
0.106722
0.107701
0.108568
0.109322
0.109962
0.110487
0.110899
0.111197
0.111382
0.111453
0.111415
0.111266
0.111009
0.110642
0.110168
0.10959
0.10891
0.108129
0.107246
0.106263
0.105177
0.103999
0.102733
0.101252
0.0994461
0.0107252
0.00882102
0.00726143
0.00593122
0.00469368
0.00355631
0.00252808
0.0016074
0.000793428
8.69835e-05
-0.000511154
-0.00100052
-0.00138048
-0.00165002
-0.00180829
-0.00185503
-0.00178973
-0.00161193
-0.00132162
-0.000919072
-0.000404661
0.000220967
0.000956951
0.00180205
0.00275463
0.00381291
0.00497488
0.00623823
0.00760051
0.00905926
0.0106119
0.0122556
0.0139871
0.0158029
0.0176995
0.0196734
0.021721
0.0238385
0.0260219
0.0282667
0.0305685
0.0329225
0.0353239
0.0377679
0.0402493
0.0427632
0.0453046
0.0478681
0.0504483
0.0530392
0.0556347
0.0582288
0.0608161
0.0633913
0.0659499
0.0684869
0.0709966
0.0734739
0.0759136
0.0783104
0.0806592
0.0829555
0.0851946
0.0873714
0.0894816
0.0915211
0.0934855
0.0953702
0.0971709
0.0988833
0.100502
0.102024
0.103445
0.104761
0.105971
0.107071
0.108058
0.108932
0.109691
0.110333
0.110859
0.11127
0.111565
0.111745
0.11181
0.111761
0.111599
0.111323
0.110935
0.110435
0.109828
0.109114
0.108292
0.107364
0.106329
0.105188
0.103949
0.102617
0.10106
0.0991638
0.0108417
0.00885009
0.00721739
0.00582426
0.00452793
0.00333584
0.0022581
0.00129328
0.000440052
-0.000301092
-0.000929489
-0.00144464
-0.00184605
-0.00213323
-0.00230579
-0.00236333
-0.0023059
-0.00213334
-0.0018459
-0.00144409
-0.000928378
-0.000299457
0.000441494
0.00129294
0.00225314
0.00332015
0.00449173
0.00576548
0.00713909
0.00861028
0.0101765
0.0118346
0.0135814
0.0154132
0.0173266
0.0193181
0.0213839
0.0235202
0.0257225
0.0279867
0.0303084
0.0326827
0.0351049
0.0375698
0.0400722
0.0426073
0.0451701
0.0477551
0.050357
0.0529699
0.0555874
0.058204
0.0608141
0.0634125
0.0659944
0.0685547
0.0710876
0.0735877
0.0760502
0.0784697
0.0808409
0.0831596
0.0854211
0.0876204
0.089753
0.0918143
0.0937993
0.0957031
0.0975214
0.0992504
0.100885
0.102422
0.103858
0.105189
0.106413
0.107525
0.108523
0.109405
0.11017
0.110816
0.111345
0.111755
0.112049
0.112224
0.112281
0.112221
0.112043
0.111749
0.111338
0.110813
0.110175
0.109424
0.108562
0.107587
0.106502
0.105304
0.104005
0.102609
0.100979
0.0989958
0.0108348
0.00875858
0.00705438
0.00559934
0.00424543
0.00299964
0.00187264
0.000863672
-2.88759e-05
-0.000804891
-0.00146376
-0.00200505
-0.00242845
-0.00273377
-0.00292088
-0.00298967
-0.00294022
-0.00277292
-0.0024882
-0.00208656
-0.00156863
-0.000935387
-0.000188274
0.000670981
0.00164048
0.00271806
0.00390134
0.00518798
0.00657584
0.00806265
0.0096456
0.0113215
0.013087
0.0149387
0.016873
0.0188863
0.0209744
0.0231335
0.0253592
0.0276474
0.0299938
0.0323933
0.034841
0.0373316
0.0398599
0.0424212
0.0450103
0.0476219
0.0502506
0.0528905
0.0555355
0.0581801
0.0608187
0.0634458
0.0660565
0.0686455
0.071207
0.0737357
0.0762263
0.0786736
0.0810726
0.0834189
0.0857081
0.087935
0.0900947
0.0921823
0.0941921
0.0961191
0.0979593
0.099709
0.101364
0.10292
0.104374
0.105722
0.10696
0.108086
0.109097
0.109989
0.110762
0.111414
0.111946
0.112358
0.11265
0.11282
0.112868
0.112795
0.112602
0.112289
0.111856
0.111303
0.110632
0.109845
0.10894
0.107919
0.106782
0.105529
0.10417
0.102712
0.101011
0.0989436
0.0107007
0.00854243
0.00676856
0.00525217
0.00384134
0.00254305
0.00136739
0.000314245
-0.000617628
-0.00142852
-0.00211802
-0.00268572
-0.00313149
-0.00345533
-0.00365715
-0.00373728
-0.00369596
-0.00353377
-0.00325124
-0.00284897
-0.00232786
-0.00168921
-0.000934622
-6.59901e-05
0.000914543
0.00200462
0.00320189
0.00450417
0.00590932
0.00741482
0.00901766
0.0107147
0.0125027
0.0143782
0.0163375
0.0183765
0.0204911
0.0226773
0.0249309
0.0272479
0.0296237
0.0320532
0.0345312
0.0370525
0.0396118
0.0422043
0.0448249
0.0474682
0.0501289
0.0528012
0.0554793
0.0581574
0.06083
0.0634913
0.0661363
0.0687596
0.0713554
0.0739182
0.0764426
0.0789233
0.0813554
0.0837348
0.0860568
0.0883162
0.0905077
0.0926257
0.0946646
0.0966193
0.0984859
0.100261
0.101939
0.103518
0.104992
0.10636
0.107616
0.108757
0.109781
0.110685
0.111468
0.112128
0.112665
0.113079
0.113369
0.113533
0.113573
0.113488
0.113279
0.112946
0.112489
0.111907
0.111203
0.110378
0.10943
0.108362
0.107173
0.105865
0.104447
0.102928
0.101157
0.0990089
0.0104365
0.00819818
0.00635633
0.00477956
0.00331204
0.00196173
0.000738162
-0.000358997
-0.00133033
-0.00217617
-0.00289645
-0.00349088
-0.00395929
-0.00430173
-0.00451846
-0.00460992
-0.00457661
-0.00441908
-0.00413799
-0.00373423
-0.00320897
-0.00256368
-0.00180016
-0.00092054
7.28132e-05
0.00117753
0.00239138
0.00371217
0.0051375
0.00666461
0.00829052
0.0100122
0.0118266
0.0137299
0.0157181
0.0177869
0.0199321
0.0221499
0.0244361
0.0267866
0.0291966
0.0316608
0.0341741
0.0367311
0.0393266
0.0419555
0.0446128
0.0472931
0.0499912
0.0527016
0.0554183
0.0581355
0.0608475
0.0635484
0.0662331
0.0688963
0.0715321
0.0741347
0.0766987
0.0792186
0.0816895
0.0841073
0.0864672
0.0887637
0.0909912
0.0931441
0.0952165
0.0972037
0.0991016
0.100906
0.102613
0.104217
0.105715
0.107104
0.108379
0.109538
0.110578
0.111497
0.112292
0.112961
0.113504
0.113921
0.114209
0.114368
0.114399
0.114302
0.114078
0.113725
0.113242
0.112631
0.111892
0.111028
0.110037
0.108921
0.107681
0.106317
0.104841
0.103261
0.101422
0.0991939
0.0100409
0.00772317
0.00581453
0.00417854
0.0026545
0.00125198
-1.91925e-05
-0.00116011
-0.00217116
-0.00305229
-0.00380359
-0.00442492
-0.00491613
-0.00527728
-0.00550897
-0.00561163
-0.00558585
-0.00543228
-0.00515183
-0.00474567
-0.00421514
-0.00356186
-0.00278789
-0.00189561
-0.000887411
0.000234415
0.00146759
0.00280965
0.00425791
0.00580963
0.00746203
0.00921219
0.0110567
0.0129917
0.0150126
0.0171152
0.0192955
0.0215496
0.0238731
0.0262617
0.0287106
0.0312144
0.033768
0.0363659
0.0390027
0.0416733
0.0443725
0.0470954
0.0498367
0.0525908
0.0553516
0.0581133
0.06087
0.0636159
0.0663459
0.0690546
0.0717361
0.0743843
0.0769938
0.0795586
0.082074
0.0845356
0.0869384
0.0892767
0.0915449
0.0937372
0.095848
0.0978726
0.0998068
0.101646
0.103384
0.105018
0.106542
0.107955
0.109253
0.110433
0.111492
0.112427
0.113236
0.113916
0.114466
0.114885
0.115173
0.115328
0.115352
0.115243
0.115003
0.114628
0.114119
0.113477
0.112705
0.111801
0.110766
0.109602
0.10831
0.106891
0.105357
0.103716
0.101809
0.0995013
0.00951348
0.00711576
0.00514047
0.00344595
0.0018656
0.000410435
-0.000908737
-0.00209353
-0.00314459
-0.0040615
-0.00484416
-0.00549254
-0.00600664
-0.00638665
-0.00663309
-0.00674654
-0.00672766
-0.00657731
-0.00629666
-0.00588704
-0.00534994
-0.00468725
-0.00390125
-0.00299436
-0.00196892
-0.000827304
0.000427895
0.00179388
0.00326795
0.0048476
0.00653017
0.00831258
0.0101911
0.0121614
0.0142191
0.0163599
0.0185799
0.0208748
0.0232402
0.0256716
0.0281642
0.0307127
0.0333117
0.0359556
0.0386389
0.0413565
0.0441034
0.0468744
0.0496646
0.052468
0.0552786
0.0580902
0.060897
0.0636934
0.0664744
0.0692343
0.071967
0.0746667
0.0773273
0.0799429
0.0825085
0.0850192
0.08747
0.0898551
0.0921687
0.0944055
0.0965598
0.0986268
0.100602
0.102479
0.104254
0.10592
0.107475
0.108916
0.11024
0.111444
0.112525
0.113479
0.114302
0.114994
0.115552
0.115975
0.116264
0.116417
0.116433
0.116313
0.116055
0.115659
0.115123
0.114451
0.113643
0.1127
0.111621
0.110409
0.109065
0.10759
0.105997
0.104295
0.10232
0.0999321
0.00885388
0.00637474
0.00433176
0.00257858
0.000941955
-0.000566493
-0.00193462
-0.00316395
-0.00425543
-0.00520854
-0.00602295
-0.0066987
-0.00723578
-0.00763455
-0.00789537
-0.00801905
-0.00800642
-0.00785853
-0.0075767
-0.00716242
-0.00661741
-0.00594377
-0.00514385
-0.00422002
-0.00317473
-0.00201068
-0.000730844
0.000661917
0.0021651
0.00377635
0.00549289
0.00731125
0.00922742
0.0112371
0.0133359
0.0155196
0.0177838
0.0201241
0.0225362
0.0250152
0.0275566
0.0301549
0.0328044
0.0354996
0.0382348
0.0410049
0.043805
0.0466301
0.0494749
0.0523333
0.0551992
0.0580665
0.0609291
0.0637817
0.0666192
0.069436
0.0722258
0.0749824
0.0776999
0.080372
0.0829933
0.0855586
0.0880627
0.0904997
0.0928642
0.0951506
0.0973534
0.0994673
0.101487
0.103408
0.105222
0.106926
0.108516
0.109989
0.111343
0.112575
0.113679
0.114653
0.115493
0.116197
0.116765
0.117195
0.117487
0.117638
0.117647
0.117514
0.117239
0.11682
0.116258
0.115555
0.114712
0.113728
0.112604
0.111343
0.109947
0.108416
0.106764
0.105
0.102955
0.100488
0.0080604
0.00549854
0.00338619
0.00157318
-0.000120343
-0.00168291
-0.00310111
-0.00437599
-0.00550854
-0.00649833
-0.00734493
-0.00804828
-0.00860843
-0.00902563
-0.00930045
-0.00943382
-0.00942675
-0.00928046
-0.00899637
-0.0085762
-0.00802186
-0.00733548
-0.00651938
-0.00557607
-0.00450834
-0.00331929
-0.00201202
-0.000589208
0.00094678
0.00259345
0.00434768
0.00620574
0.00816358
0.0102169
0.0123615
0.0145926
0.0169056
0.0192962
0.0217596
0.0242915
0.0268868
0.0295401
0.0322455
0.0349974
0.03779
0.0406185
0.0434778
0.0463627
0.0492679
0.0521871
0.0551142
0.0580429
0.0609674
0.063882
0.0667818
0.0696611
0.0725136
0.0753329
0.0781127
0.0808468
0.0835293
0.0861549
0.0887178
0.0912124
0.093633
0.0959742
0.0982303
0.100396
0.102465
0.104432
0.106291
0.108037
0.109666
0.111177
0.112565
0.113826
0.114957
0.115953
0.116812
0.117531
0.118111
0.11855
0.118845
0.118994
0.118996
0.118851
0.118558
0.118118
0.11753
0.116795
0.115915
0.11489
0.113721
0.112411
0.110961
0.109374
0.107661
0.105835
0.10372
0.10117
0.00713019
0.00448465
0.00230125
0.000426307
-0.00132558
-0.00294328
-0.00441267
-0.00573418
-0.00690867
-0.00793577
-0.00881498
-0.00954606
-0.0101292
-0.0105646
-0.0108531
-0.0109956
-0.0109933
-0.0108477
-0.0105602
-0.0101329
-0.00956756
-0.00886632
-0.00803162
-0.00706635
-0.00597369
-0.00475692
-0.00341899
-0.00196249
-0.000389894
0.00129592
0.00309156
0.00499329
0.00699713
0.0090988
0.0112936
0.0135768
0.0159434
0.018389
0.020909
0.023499
0.0261536
0.0288673
0.0316342
0.0344483
0.0373043
0.0401969
0.0431213
0.046072
0.0490435
0.0520295
0.0550238
0.0580202
0.0610126
0.0639953
0.0669633
0.0699109
0.0728316
0.075719
0.0785667
0.0813683
0.0841177
0.0868092
0.0894368
0.0919945
0.0944768
0.0968779
0.099192
0.101413
0.103536
0.105555
0.107463
0.109256
0.11093
0.112482
0.113907
0.115202
0.116361
0.117382
0.118262
0.119001
0.119595
0.120044
0.120343
0.120491
0.120486
0.120329
0.12002
0.119559
0.118944
0.118177
0.11726
0.116193
0.114978
0.113617
0.112114
0.110468
0.108694
0.106803
0.104616
0.101983
0.00605982
0.00332954
0.00107354
-0.000865706
-0.00267805
-0.00435221
-0.00587393
-0.00724319
-0.00846057
-0.00952559
-0.0104377
-0.0111968
-0.0118028
-0.0122562
-0.012558
-0.0127091
-0.0127109
-0.0125649
-0.012273
-0.0118369
-0.0112586
-0.0105402
-0.00968458
-0.008695
-0.00757481
-0.00632719
-0.00495504
-0.00346109
-0.00184823
-0.000119592
0.00172138
0.00367107
0.00572549
0.00788007
0.0101298
0.0124696
0.0148947
0.0174005
0.0199825
0.0226358
0.0253552
0.0281348
0.0309687
0.0338511
0.0367763
0.0397391
0.0427344
0.0457568
0.0488006
0.0518595
0.0549273
0.0579977
0.0610643
0.0641214
0.0671636
0.0701853
0.0731799
0.0761411
0.0790622
0.0819368
0.0847587
0.0875219
0.09022
0.0928467
0.095396
0.0978621
0.100239
0.102521
0.104703
0.106778
0.10874
0.110585
0.112308
0.113905
0.115371
0.116702
0.117894
0.118944
0.119849
0.120609
0.12122
0.121679
0.121984
0.122131
0.122121
0.121955
0.12163
0.121147
0.120505
0.119705
0.11875
0.117641
0.116379
0.114967
0.113408
0.111703
0.109865
0.107909
0.105648
0.102926
0.00484619
0.00202911
-0.000301232
-0.00230683
-0.00418192
-0.00591433
-0.00748968
-0.0089078
-0.0101689
-0.0112725
-0.012218
-0.0130052
-0.0136341
-0.0141055
-0.0144201
-0.0145792
-0.0145842
-0.0144369
-0.014139
-0.0136923
-0.0130989
-0.0123612
-0.0114825
-0.0104661
-0.00931538
-0.00803346
-0.00662342
-0.00508844
-0.0034317
-0.00165638
0.000234188
0.00223638
0.00434595
0.00655798
0.00886722
0.0112685
0.0137571
0.0163284
0.0189776
0.0216998
0.0244894
0.0273406
0.0302474
0.0332038
0.0362042
0.0392431
0.0423152
0.0454153
0.0485375
0.0516757
0.0548233
0.0579739
0.0611211
0.0642588
0.0673814
0.0704831
0.0735575
0.0765982
0.0795985
0.0825519
0.0854521
0.0882927
0.091067
0.0937683
0.0963902
0.0989266
0.101372
0.10372
0.105965
0.108102
0.110124
0.112026
0.113802
0.115448
0.116959
0.11833
0.119558
0.120641
0.121575
0.122358
0.122987
0.123459
0.12377
0.123919
0.123907
0.123731
0.123392
0.122887
0.122217
0.121384
0.120391
0.119238
0.117928
0.116464
0.114847
0.11308
0.111177
0.109152
0.106814
0.104002
0.0034869
0.000579487
-0.00182762
-0.00390153
-0.00584154
-0.00763421
-0.00926467
-0.0107328
-0.0120387
-0.0131816
-0.014161
-0.0149766
-0.0156286
-0.0161177
-0.0164447
-0.0166112
-0.0166186
-0.0164686
-0.0161629
-0.0157036
-0.015093
-0.0143339
-0.0134296
-0.0123835
-0.0111988
-0.00987903
-0.00842758
-0.00684801
-0.00514358
-0.00331737
-0.00137268
0.00068659
0.00285583
0.00512986
0.00750336
0.00997118
0.0125285
0.0151705
0.0178923
0.0206886
0.023554
0.0264825
0.029468
0.0325045
0.035586
0.0387068
0.0418617
0.0450455
0.0482524
0.0514759
0.0547096
0.0579468
0.0611808
0.0644054
0.0676147
0.0708027
0.0739631
0.0770893
0.0801748
0.0832129
0.0861972
0.089121
0.0919772
0.0947588
0.0974589
0.100071
0.10259
0.10501
0.107325
0.109529
0.111616
0.113578
0.115412
0.117111
0.118671
0.120088
0.121358
0.122477
0.123443
0.124252
0.124901
0.125387
0.125707
0.125861
0.125848
0.125664
0.12531
0.124783
0.124086
0.12322
0.122188
0.120991
0.119631
0.118112
0.116436
0.114605
0.112634
0.110538
0.108118
0.105211
0.00197987
-0.00102267
-0.00350989
-0.0056544
-0.00766145
-0.00951644
-0.0112037
-0.0127233
-0.0140751
-0.0152583
-0.0162723
-0.0171168
-0.0177921
-0.0182987
-0.0186377
-0.0188107
-0.0188192
-0.0186648
-0.0183496
-0.0178757
-0.0172458
-0.0164628
-0.0155301
-0.0144509
-0.0132288
-0.0118676
-0.0103712
-0.00874327
-0.00698693
-0.0051053
-0.00310189
-0.000980994
0.0012525
0.00359332
0.00603612
0.00857569
0.011207
0.013925
0.0167245
0.0196005
0.0225474
0.025559
0.0286291
0.0317514
0.0349198
0.0381285
0.0413723
0.044646
0.0479436
0.0512588
0.0545847
0.0579146
0.0612416
0.0645594
0.067862
0.0711429
0.0743958
0.0776139
0.0807908
0.0839197
0.0869941
0.090007
0.092951
0.0958188
0.0986033
0.101298
0.103897
0.106395
0.108786
0.111062
0.113218
0.115247
0.117142
0.1189
0.120514
0.121981
0.123297
0.124456
0.125457
0.126294
0.126966
0.12747
0.127803
0.127964
0.12795
0.127759
0.127391
0.126843
0.126119
0.12522
0.124148
0.122905
0.121494
0.119918
0.11818
0.116282
0.11424
0.112068
0.109565
0.106557
0.000322506
-0.00278058
-0.00535196
-0.00756984
-0.00964631
-0.0115659
-0.0133121
-0.0148849
-0.0162842
-0.0175089
-0.0185583
-0.0194323
-0.0201309
-0.0206549
-0.0210054
-0.0211838
-0.0211919
-0.0210314
-0.0207047
-0.0202142
-0.0195627
-0.018753
-0.0177885
-0.0166727
-0.0154097
-0.0140036
-0.0124584
-0.0107779
-0.00896506
-0.00702335
-0.00495663
-0.00276946
-0.00046685
0.00194589
0.00446331
0.00707994
0.0097905
0.0125898
0.0154727
0.0184339
0.021468
0.0245685
0.027729
0.030943
0.0342043
0.0375072
0.0408461
0.0442158
0.0476103
0.0510231
0.0544473
0.057876
0.0613024
0.06472
0.0681225
0.0715033
0.0748554
0.0781722
0.081447
0.0846731
0.0878438
0.090952
0.09399
0.0969502
0.0998255
0.102609
0.105295
0.107877
0.110349
0.112703
0.114934
0.117033
0.118996
0.120818
0.122492
0.124014
0.12538
0.126583
0.127621
0.12849
0.129189
0.129714
0.130062
0.130231
0.130218
0.130022
0.12964
0.129073
0.128322
0.127389
0.126277
0.124987
0.123522
0.121888
0.120085
0.118116
0.115999
0.113749
0.111157
0.108045
-0.00148869
-0.00469778
-0.00735771
-0.00965232
-0.0118011
-0.0137881
-0.0155958
-0.0172239
-0.0186724
-0.01994
-0.0210259
-0.0219299
-0.022652
-0.023193
-0.023554
-0.0237367
-0.0237429
-0.0235746
-0.0232346
-0.0227253
-0.0220494
-0.0212098
-0.02021
-0.0190542
-0.0177467
-0.0162919
-0.0146937
-0.012956
-0.0110821
-0.00907562
-0.00694087
-0.00468248
-0.00230554
0.000184543
0.00278204
0.00548116
0.00827642
0.0111626
0.0141345
0.0171869
0.020314
0.0235093
0.0267661
0.0300779
0.0334383
0.0368416
0.0402821
0.0437543
0.0472518
0.0507683
0.0542969
0.0578308
0.061363
0.064887
0.0683962
0.0718837
0.0753421
0.0787644
0.0821438
0.0854737
0.0887473
0.0919572
0.0950956
0.0981548
0.101127
0.104007
0.106785
0.109458
0.112017
0.114455
0.116765
0.118942
0.120978
0.122869
0.124609
0.12619
0.127609
0.128861
0.129941
0.130846
0.131575
0.132124
0.132489
0.132668
0.132658
0.132456
0.132063
0.131477
0.130699
0.129732
0.128578
0.12724
0.125721
0.124024
0.122154
0.120111
0.117915
0.115583
0.112898
0.109675
-0.00345788
-0.00677848
-0.00953157
-0.0119069
-0.0141316
-0.0161891
-0.0180611
-0.019747
-0.0212466
-0.0225586
-0.0236821
-0.0246165
-0.0253621
-0.0259197
-0.0262904
-0.0264761
-0.026479
-0.0263015
-0.025946
-0.0254153
-0.0247119
-0.0238391
-0.0228008
-0.0216015
-0.0202457
-0.0187379
-0.0170823
-0.0152827
-0.013343
-0.0112671
-0.00905934
-0.00672445
-0.00426766
-0.00169468
0.000988424
0.0037756
0.00666129
0.00964029
0.0127073
0.0158568
0.0190829
0.022379
0.0257382
0.029154
0.03262
0.0361303
0.039679
0.04326
0.046867
0.0504934
0.0541326
0.057778
0.0614227
0.0650598
0.0686825
0.0722835
0.0758552
0.07939
0.0828809
0.0863213
0.0897045
0.0930229
0.0962686
0.0994336
0.10251
0.105491
0.10837
0.111139
0.113791
0.116319
0.118716
0.120975
0.123091
0.125057
0.126867
0.128513
0.12999
0.131294
0.132421
0.133367
0.13413
0.134706
0.13509
0.135281
0.135275
0.135071
0.134668
0.134063
0.133259
0.132257
0.131061
0.129673
0.128096
0.126336
0.124394
0.122274
0.119996
0.117577
0.114793
0.111454
-0.00558971
-0.00902763
-0.0118789
-0.0143395
-0.0166441
-0.0187757
-0.0207151
-0.0224615
-0.0240143
-0.0253721
-0.026534
-0.0274993
-0.0282683
-0.0288418
-0.0292214
-0.0294092
-0.0294076
-0.0292189
-0.0288457
-0.0282907
-0.0275568
-0.0266475
-0.0255673
-0.0243208
-0.0229126
-0.0213475
-0.0196298
-0.0177638
-0.0157535
-0.0136032
-0.0113171
-0.0089002
-0.00635797
-0.00369653
-0.000922181
0.0019589
0.00494108
0.00801907
0.0111873
0.0144401
0.0177713
0.0211742
0.0246422
0.0281686
0.0317469
0.0353709
0.0390342
0.0427307
0.0464536
0.0501965
0.053953
0.0577165
0.0614802
0.0652371
0.06898
0.0727013
0.076393
0.0800473
0.0836569
0.087215
0.0907148
0.0941488
0.0975089
0.100787
0.103975
0.107065
0.110049
0.112922
0.115674
0.118299
0.120789
0.123137
0.125339
0.127385
0.12927
0.130986
0.132528
0.13389
0.135069
0.136061
0.136861
0.137466
0.137872
0.138077
0.138079
0.137874
0.137461
0.136838
0.136007
0.134971
0.133732
0.132293
0.130657
0.128829
0.126813
0.124612
0.122247
0.119737
0.116848
0.113384
-0.00788932
-0.011451
-0.0144059
-0.0169566
-0.0193457
-0.0215552
-0.0235653
-0.0253747
-0.0269827
-0.0283878
-0.0295889
-0.0305854
-0.0313776
-0.0319668
-0.0323547
-0.0325435
-0.0325358
-0.0323339
-0.0319404
-0.0313582
-0.0305906
-0.0296417
-0.028516
-0.0272182
-0.0257534
-0.0241264
-0.022342
-0.0204049
-0.0183192
-0.0160892
-0.0137192
-0.0112147
-0.00858149
-0.00582597
-0.00295453
2.65747e-05
0.00311156
0.00629486
0.00957067
0.012933
0.0163755
0.0198916
0.0234749
0.0271185
0.0308158
0.03456
0.0383446
0.0421632
0.046009
0.0498753
0.0537558
0.0576441
0.0615336
0.065417
0.0692868
0.0731352
0.0769538
0.0807347
0.0844704
0.0881537
0.0917778
0.0953349
0.0988167
0.102215
0.105521
0.108727
0.111825
0.114808
0.117667
0.120396
0.122986
0.125431
0.127724
0.129857
0.131823
0.133615
0.135227
0.136654
0.13789
0.138931
0.139773
0.140411
0.140842
0.141065
0.141076
0.140872
0.14045
0.13981
0.138953
0.137882
0.136599
0.135106
0.133408
0.13151
0.129416
0.12713
0.124673
0.122065
0.119065
0.115467
-0.0103623
-0.0140552
-0.0171197
-0.0197657
-0.022244
-0.0245354
-0.0266194
-0.0284945
-0.0301597
-0.0316134
-0.0328544
-0.0338825
-0.0346981
-0.0353026
-0.035698
-0.0358867
-0.035871
-0.0356535
-0.0352369
-0.0346246
-0.0338204
-0.0328283
-0.0316531
-0.0302999
-0.0287739
-0.0270805
-0.0252248
-0.0232115
-0.0210451
-0.0187298
-0.0162704
-0.0136727
-0.010943
-0.00808755
-0.00511295
-0.0020255
0.00116869
0.00446366
0.00785332
0.0113315
0.0148918
0.0185279
0.022233
0.0260004
0.0298231
0.0336942
0.0376069
0.0415546
0.0455302
0.0495271
0.0535389
0.0575591
0.0615812
0.0655979
0.0696016
0.0735839
0.0775366
0.0814514
0.0853207
0.089137
0.0928932
0.0965811
0.100192
0.103718
0.10715
0.11048
0.113699
0.1168
0.119775
0.122615
0.125312
0.12786
0.130251
0.132477
0.134531
0.136406
0.138094
0.139591
0.14089
0.141984
0.142871
0.143547
0.144008
0.144251
0.144273
0.144071
0.143641
0.142984
0.142102
0.140995
0.139667
0.13812
0.136357
0.134386
0.13221
0.129833
0.127279
0.124567
0.121447
0.117709
-0.0130147
-0.0168471
-0.0200279
-0.0227746
-0.0253469
-0.0277244
-0.0298856
-0.031829
-0.0335534
-0.0350571
-0.0363391
-0.0373993
-0.0382384
-0.038858
-0.03926
-0.0394469
-0.0394211
-0.0391853
-0.0387429
-0.0380975
-0.037253
-0.0362139
-0.034985
-0.033572
-0.0319803
-0.0302158
-0.0282837
-0.0261889
-0.023936
-0.0215297
-0.0189753
-0.0162788
-0.0134466
-0.0104853
-0.00740122
-0.00420104
-0.000891222
0.00252184
0.00603183
0.00963251
0.0133175
0.01708
0.0209136
0.0248113
0.0287661
0.0327709
0.0368186
0.0409024
0.0450152
0.0491502
0.0533006
0.0574601
0.0616219
0.0657791
0.0699236
0.0740472
0.0781413
0.0821975
0.086208
0.0901653
0.0940615
0.0978882
0.101637
0.105298
0.108864
0.112325
0.115674
0.118901
0.121998
0.124958
0.12777
0.130428
0.132923
0.13525
0.137399
0.139363
0.141135
0.142707
0.144073
0.145227
0.146165
0.146883
0.147377
0.147644
0.147679
0.14748
0.147044
0.146372
0.145464
0.144322
0.142946
0.141342
0.139512
0.137464
0.135202
0.13273
0.130071
0.127249
0.124002
0.120114
-0.015853
-0.0198342
-0.0231384
-0.0259914
-0.0286626
-0.0311306
-0.0333726
-0.035387
-0.0371728
-0.0387283
-0.0400525
-0.0411457
-0.0420085
-0.0426426
-0.0430499
-0.043233
-0.0431947
-0.0429382
-0.0424669
-0.0417849
-0.0408963
-0.0398059
-0.038519
-0.0370415
-0.0353793
-0.0335385
-0.0315244
-0.0293423
-0.0269971
-0.024494
-0.0218388
-0.0190375
-0.0160966
-0.0130229
-0.00982293
-0.00650356
-0.00307162
0.000466174
0.00410329
0.00783336
0.0116498
0.0155458
0.0195145
0.0235491
0.0276426
0.0317879
0.0359777
0.040205
0.0444625
0.048743
0.0530397
0.057346
0.0616552
0.0659601
0.070253
0.0745253
0.0787684
0.0829737
0.0871332
0.0912391
0.0952833
0.0992568
0.103151
0.106956
0.110663
0.114265
0.117751
0.121113
0.124342
0.127428
0.130362
0.133138
0.135747
0.138181
0.140433
0.142493
0.144354
0.146008
0.147447
0.148667
0.149662
0.150427
0.150958
0.151251
0.151302
0.151109
0.150669
0.149983
0.149049
0.147869
0.146446
0.144782
0.142883
0.140755
0.138402
0.135828
0.133059
0.130119
0.126738
0.122688
-0.0188842
-0.0230237
-0.0264592
-0.0294245
-0.0321998
-0.0347628
-0.0370895
-0.0391782
-0.0410281
-0.0426375
-0.0440055
-0.0451323
-0.0460188
-0.0466666
-0.0470777
-0.0472551
-0.0472019
-0.0469215
-0.046418
-0.0456956
-0.0447587
-0.0436126
-0.042263
-0.0407162
-0.0389783
-0.0370555
-0.0349535
-0.032678
-0.0302344
-0.0276284
-0.0248659
-0.0219534
-0.0188973
-0.0157045
-0.012382
-0.00893678
-0.00537597
-0.00170648
0.00206486
0.00593142
0.00988637
0.0139227
0.0180333
0.0222116
0.0264507
0.0307434
0.0350826
0.0394608
0.0438703
0.0483039
0.0527546
0.0572155
0.0616798
0.0661403
0.0705892
0.0750179
0.0794178
0.0837801
0.0880965
0.092359
0.096559
0.100687
0.104735
0.108692
0.112551
0.116301
0.119933
0.123439
0.126807
0.130028
0.133093
0.135995
0.138725
0.141276
0.143638
0.145801
0.147758
0.1495
0.151021
0.152312
0.15337
0.154187
0.154759
0.155081
0.155152
0.154967
0.154526
0.153825
0.152865
0.151647
0.150175
0.14845
0.146479
0.144266
0.141816
0.139135
0.136249
0.133184
0.12966
0.125438
-0.0221155
-0.0264236
-0.0299983
-0.0330826
-0.0359678
-0.0386309
-0.0410467
-0.0432134
-0.0451305
-0.0467961
-0.0482095
-0.0493707
-0.0502807
-0.0509411
-0.0513545
-0.051524
-0.0514532
-0.0511459
-0.0506064
-0.0498394
-0.0488499
-0.0476434
-0.0462263
-0.0446048
-0.0427854
-0.0407746
-0.0385784
-0.0362031
-0.0336547
-0.0309391
-0.0280627
-0.0250319
-0.0218535
-0.0185348
-0.0150828
-0.0115049
-0.00780812
-0.00399969
-8.67813e-05
0.0039235
0.00802405
0.0122077
0.0164674
0.0207964
0.0251881
0.0296355
0.0341312
0.0386674
0.0432364
0.0478306
0.0524429
0.0570663
0.0616938
0.066318
0.0709308
0.0755239
0.0800885
0.0846158
0.0890972
0.0935243
0.0978883
0.10218
0.10639
0.110508
0.114526
0.118434
0.122222
0.125879
0.129395
0.13276
0.135966
0.139003
0.141864
0.144539
0.147018
0.149293
0.151354
0.153192
0.154801
0.156171
0.157297
0.158171
0.158788
0.159145
0.159239
0.159066
0.158623
0.157908
0.156923
0.155667
0.154144
0.152357
0.150309
0.148007
0.145456
0.142661
0.139652
0.136454
0.132776
0.128371
-0.0255549
-0.0300422
-0.0337648
-0.0369753
-0.0399768
-0.0427455
-0.0452553
-0.0475044
-0.0494919
-0.0512162
-0.0526764
-0.0538725
-0.0548057
-0.0554778
-0.0558919
-0.0560513
-0.0559601
-0.0556223
-0.0550428
-0.0542269
-0.0531801
-0.0519084
-0.0504182
-0.0487162
-0.0468092
-0.044704
-0.0424072
-0.0399255
-0.0372654
-0.0344331
-0.0314353
-0.0282789
-0.0249711
-0.0215191
-0.0179305
-0.0142125
-0.0103725
-0.00641769
-0.00235582
0.00180552
0.00605891
0.0103971
0.0148131
0.0193003
0.0238519
0.028461
0.0331203
0.0378218
0.0425576
0.0473199
0.0521015
0.0568953
0.0616941
0.06649
0.0712751
0.0760407
0.0807781
0.0854786
0.0901333
0.0947335
0.09927
0.103734
0.108114
0.112403
0.11659
0.120664
0.124616
0.128434
0.132108
0.135628
0.138983
0.142166
0.145166
0.147974
0.15058
0.152974
0.155147
0.157091
0.158795
0.160252
0.161452
0.162388
0.163057
0.163454
0.163575
0.163417
0.162974
0.162247
0.161236
0.159942
0.158367
0.156514
0.154386
0.151991
0.149333
0.146418
0.143277
0.139938
0.136096
0.131493
-0.0292108
-0.0338889
-0.0377686
-0.0411131
-0.0442381
-0.0471186
-0.0497278
-0.0520635
-0.0541249
-0.0559102
-0.0574185
-0.0586501
-0.0596061
-0.060289
-0.060702
-0.0608489
-0.0607339
-0.0603619
-0.0597383
-0.0588689
-0.0577598
-0.0564174
-0.0548483
-0.0530596
-0.0510585
-0.0488523
-0.0464481
-0.043853
-0.0410738
-0.0381172
-0.0349905
-0.0317009
-0.028256
-0.0246634
-0.0209305
-0.0170648
-0.0130739
-0.00896526
-0.00474702
-0.000427184
0.0039865
0.00848674
0.0130666
0.0177195
0.0224385
0.0272166
0.0320465
0.0369205
0.0418304
0.0467683
0.0517269
0.0566989
0.061677
0.0666531
0.0716187
0.0765653
0.081484
0.0863661
0.0912027
0.0959848
0.100703
0.105348
0.109909
0.114377
0.118741
0.122991
0.127117
0.131106
0.134948
0.138632
0.142148
0.145486
0.148636
0.151586
0.154328
0.156852
0.159147
0.161204
0.163013
0.164562
0.165843
0.16685
0.167577
0.168019
0.168172
0.16803
0.167591
0.166854
0.165818
0.164486
0.162857
0.160934
0.158723
0.156229
0.153458
0.150417
0.147136
0.143645
0.139627
0.134812
-0.0330926
-0.0379742
-0.0420212
-0.0455081
-0.0487642
-0.0517633
-0.0544773
-0.0569041
-0.0590426
-0.060891
-0.0624488
-0.0637162
-0.0646949
-0.0653873
-0.0657971
-0.0659285
-0.0657864
-0.0653762
-0.064704
-0.0637763
-0.0625994
-0.0611801
-0.0595257
-0.0576437
-0.0555418
-0.0532277
-0.050709
-0.047993
-0.045087
-0.0419984
-0.0387348
-0.0353041
-0.0317143
-0.0279731
-0.024088
-0.0200667
-0.0159172
-0.0116472
-0.00726512
-0.00277919
0.00180254
0.00647263
0.0112242
0.0160504
0.0209444
0.025899
0.0309069
0.0359605
0.0410519
0.046173
0.0513164
0.0564745
0.0616398
0.0668041
0.0719588
0.077095
0.0822038
0.0872765
0.092304
0.0972773
0.102187
0.107022
0.111772
0.116429
0.12098
0.125416
0.129726
0.133897
0.137918
0.141777
0.145464
0.148967
0.152276
0.15538
0.158269
0.160932
0.16336
0.165539
0.16746
0.16911
0.170481
0.171566
0.172358
0.172852
0.17304
0.17292
0.172487
0.171742
0.170683
0.16931
0.167625
0.165632
0.163333
0.160736
0.157845
0.154668
0.151238
0.147586
0.143379
0.138337
-0.037211
-0.0423099
-0.0465351
-0.0501736
-0.0535689
-0.0566934
-0.0595178
-0.0620399
-0.0642588
-0.0661727
-0.0677811
-0.0690848
-0.0700854
-0.0707858
-0.0711901
-0.071303
-0.07113
-0.0706773
-0.0699516
-0.0689598
-0.0677089
-0.0662064
-0.0644599
-0.0624776
-0.0602678
-0.0578384
-0.0551974
-0.0523526
-0.0493118
-0.046083
-0.0426744
-0.0390945
-0.0353515
-0.0314534
-0.0274079
-0.0232231
-0.018907
-0.0144679
-0.00991431
-0.00525449
-0.000496723
0.00435125
0.00928236
0.0142898
0.0193665
0.0245053
0.029699
0.0349399
0.0402202
0.0455322
0.050868
0.05622
0.0615805
0.0669412
0.0722933
0.0776278
0.0829358
0.0882082
0.093436
0.0986099
0.10372
0.108755
0.113705
0.11856
0.123309
0.127941
0.132444
0.136808
0.141018
0.145063
0.148932
0.152611
0.156091
0.15936
0.162408
0.165222
0.167791
0.170102
0.172145
0.173906
0.175377
0.176548
0.177413
0.177963
0.178193
0.178099
0.177677
0.176926
0.175844
0.174431
0.17269
0.170622
0.168232
0.165526
0.162509
0.159187
0.155597
0.151773
0.147365
0.142081
-0.0415777
-0.046909
-0.0513245
-0.0551239
-0.0586668
-0.0619239
-0.0648644
-0.0674863
-0.0697889
-0.0717705
-0.0734308
-0.0747706
-0.0757922
-0.0764987
-0.0768946
-0.0769856
-0.0767777
-0.0762777
-0.0754928
-0.0744308
-0.0730992
-0.0715062
-0.0696604
-0.0675704
-0.0652448
-0.0626922
-0.0599207
-0.0569388
-0.0537548
-0.0503774
-0.0468154
-0.0430776
-0.0391727
-0.0351091
-0.0308949
-0.0265382
-0.0220475
-0.0174314
-0.0126982
-0.00785645
-0.00291456
0.00211945
0.00723821
0.0124348
0.0177023
0.0230334
0.0284208
0.0338568
0.0393339
0.0448444
0.0503804
0.0559342
0.0614978
0.0670628
0.0726206
0.078162
0.0836781
0.0891596
0.0945972
0.0999812
0.105301
0.110546
0.115706
0.120769
0.125726
0.130564
0.135273
0.13984
0.144251
0.148493
0.152554
0.156423
0.160086
0.163532
0.166749
0.169726
0.172447
0.174902
0.177076
0.17896
0.18054
0.181806
0.182751
0.183365
0.183644
0.183583
0.183176
0.182422
0.181319
0.179867
0.178067
0.175923
0.173437
0.170616
0.167464
0.16399
0.16023
0.156223
0.1516
0.146055
-0.0462057
-0.0517855
-0.0564041
-0.0603746
-0.0640737
-0.0674708
-0.0705335
-0.07326
-0.0756498
-0.0777013
-0.0794142
-0.08079
-0.081831
-0.0825413
-0.082926
-0.0829912
-0.0827436
-0.0821908
-0.0813405
-0.0802013
-0.0787817
-0.0770908
-0.0751377
-0.0729317
-0.0704819
-0.0677973
-0.0648866
-0.0617586
-0.0584225
-0.0548877
-0.0511633
-0.0472586
-0.0431829
-0.038945
-0.0345533
-0.0300164
-0.0253428
-0.0205411
-0.0156201
-0.0105883
-0.0054542
-0.000226031
0.00508858
0.0104826
0.015949
0.0214806
0.0270699
0.0327093
0.0383912
0.0441078
0.0498517
0.055615
0.0613897
0.0671673
0.0729389
0.0786957
0.0844286
0.0901283
0.0957851
0.101389
0.106929
0.112394
0.117773
0.123056
0.128231
0.133287
0.138213
0.142993
0.147616
0.152068
0.156334
0.160404
0.164263
0.167899
0.171299
0.174449
0.177335
0.179945
0.182264
0.184281
0.18598
0.187351
0.188384
0.189072
0.189408
0.189385
0.188999
0.188245
0.187123
0.185633
0.183775
0.181551
0.178965
0.176023
0.172729
0.169093
0.165154
0.16095
0.156098
0.150273
-0.0511092
-0.0569545
-0.0617895
-0.0659421
-0.0698067
-0.0733517
-0.0765434
-0.0793796
-0.08186
-0.0839832
-0.0857494
-0.0871604
-0.0882193
-0.0889308
-0.0893007
-0.0893356
-0.089043
-0.088431
-0.0875084
-0.0862846
-0.0847692
-0.082972
-0.0809029
-0.0785719
-0.0759886
-0.0731626
-0.0701031
-0.0668197
-0.0633221
-0.0596203
-0.055724
-0.0516431
-0.0473873
-0.0429659
-0.038388
-0.0336621
-0.0287969
-0.0238011
-0.0186838
-0.0134537
-0.00811929
-0.00268889
0.00282978
0.00842947
0.0141031
0.0198434
0.025643
0.031494
0.0373886
0.0433195
0.049279
0.0552597
0.0612534
0.0672515
0.0732453
0.0792258
0.0851841
0.0911109
0.0969963
0.102829
0.108599
0.114295
0.119904
0.125417
0.130823
0.136108
0.141262
0.146269
0.151116
0.155789
0.160274
0.164558
0.168627
0.172467
0.176062
0.179398
0.182463
0.185241
0.187718
0.189879
0.191708
0.193195
0.194327
0.195098
0.195499
0.195522
0.195162
0.194414
0.193277
0.19175
0.189833
0.187528
0.184837
0.181767
0.178324
0.174516
0.170387
0.165974
0.160875
0.154749
-0.0563034
-0.0624323
-0.0674981
-0.0718443
-0.0758848
-0.0795864
-0.0829138
-0.0858648
-0.0884392
-0.0906359
-0.0924558
-0.0939012
-0.094976
-0.0956856
-0.0960363
-0.0960357
-0.0956919
-0.0950137
-0.0940113
-0.0926948
-0.0910749
-0.0891623
-0.0869678
-0.084502
-0.0817751
-0.0787974
-0.075579
-0.07213
-0.0684608
-0.0645819
-0.0605038
-0.056237
-0.0517916
-0.0471775
-0.042404
-0.03748
-0.0324142
-0.0272156
-0.0218935
-0.0164567
-0.0109139
-0.00527323
0.000457659
0.00627133
0.0121605
0.0181177
0.0241356
0.0302062
0.0363219
0.0424751
0.0486584
0.0548643
0.061085
0.0673118
0.0735359
0.0797486
0.0859409
0.0921035
0.0982265
0.104299
0.110309
0.116245
0.122096
0.127851
0.133498
0.139025
0.144419
0.149665
0.154749
0.159658
0.164376
0.168889
0.173182
0.177238
0.181043
0.184581
0.187838
0.190799
0.193447
0.195765
0.197737
0.199351
0.200596
0.20146
0.201936
0.202012
0.201685
0.200949
0.199801
0.198239
0.196263
0.193874
0.191074
0.187871
0.184271
0.180282
0.175949
0.171314
0.16595
0.1595
-0.0618052
-0.068237
-0.0735489
-0.0781013
-0.0823286
-0.0861958
-0.0896659
-0.0927369
-0.0954085
-0.0976805
-0.0995542
-0.101033
-0.102121
-0.102825
-0.103151
-0.103109
-0.102707
-0.101955
-0.100864
-0.0994465
-0.0977127
-0.0956748
-0.0933445
-0.0907331
-0.0878518
-0.0847115
-0.0813232
-0.0776977
-0.0738461
-0.0697795
-0.0655093
-0.0610465
-0.0564017
-0.0515851
-0.0466064
-0.0414748
-0.0361993
-0.0307891
-0.0252535
-0.0196016
-0.0138422
-0.0079831
-0.00203192
0.00400385
0.0101167
0.0162989
0.022543
0.0288412
0.035186
0.0415697
0.047985
0.0544244
0.0608801
0.0673437
0.0738065
0.0802598
0.0866947
0.093102
0.0994717
0.105793
0.112053
0.118241
0.124345
0.130354
0.136255
0.142035
0.147682
0.153181
0.158518
0.163676
0.168642
0.173398
0.177929
0.182217
0.186248
0.190004
0.19347
0.196628
0.199461
0.20195
0.204079
0.205835
0.207204
0.208174
0.208733
0.208874
0.208588
0.20787
0.206716
0.205121
0.203086
0.200611
0.197699
0.194358
0.190592
0.186411
0.181861
0.176987
0.17134
0.164542
-0.0676333
-0.0743889
-0.0799633
-0.0847352
-0.0891606
-0.0932027
-0.0968227
-0.100019
-0.102791
-0.10514
-0.107067
-0.108577
-0.109675
-0.110369
-0.110665
-0.110574
-0.110106
-0.109272
-0.108084
-0.106554
-0.104696
-0.102522
-0.100045
-0.0972765
-0.0942291
-0.0909145
-0.0873446
-0.0835311
-0.0794857
-0.0752204
-0.0707473
-0.0660779
-0.0612234
-0.0561941
-0.0510002
-0.0456511
-0.0401565
-0.0345256
-0.0287678
-0.0228923
-0.0169077
-0.0108219
-0.00464245
0.0016233
0.00796761
0.0143827
0.0208609
0.0273946
0.0339763
0.0405987
0.0472544
0.0539357
0.0606347
0.0673433
0.074053
0.0807554
0.0874417
0.0941026
0.100728
0.107308
0.113829
0.120279
0.126648
0.132922
0.139089
0.145136
0.151051
0.156817
0.162419
0.167843
0.173071
0.178087
0.182872
0.187409
0.191682
0.195673
0.199364
0.202736
0.205769
0.208446
0.210748
0.21266
0.214167
0.215255
0.215911
0.216126
0.215892
0.215199
0.214043
0.21242
0.210326
0.207765
0.204738
0.201252
0.197312
0.192927
0.188147
0.183018
0.177066
0.169895
-0.0738086
-0.0809107
-0.0867651
-0.0917701
-0.0964053
-0.100632
-0.104409
-0.107735
-0.110611
-0.113037
-0.115018
-0.116557
-0.117661
-0.118338
-0.118598
-0.11845
-0.117907
-0.116981
-0.115685
-0.114034
-0.11204
-0.109718
-0.107081
-0.104143
-0.100917
-0.097416
-0.093652
-0.0896381
-0.0853871
-0.0809115
-0.0762241
-0.071337
-0.0662618
-0.0610092
-0.0555896
-0.0500131
-0.0442896
-0.0384287
-0.0324396
-0.0263316
-0.0201131
-0.0137923
-0.00737646
-0.000873036
0.00571037
0.0123659
0.0190859
0.0258629
0.0326895
0.0395586
0.0464627
0.0533941
0.060345
0.067307
0.0742721
0.0812321
0.0881785
0.0951023
0.101993
0.108841
0.115633
0.122357
0.129001
0.135552
0.141998
0.148326
0.154521
0.160569
0.166454
0.172158
0.177665
0.182956
0.188013
0.192818
0.197351
0.201595
0.205528
0.209131
0.212383
0.215265
0.217758
0.219843
0.221503
0.222723
0.22349
0.223793
0.223619
0.222961
0.221809
0.22016
0.218012
0.215364
0.212218
0.208581
0.204458
0.199858
0.194833
0.189432
0.183155
0.175583
-0.0803545
-0.0878273
-0.0939802
-0.0992325
-0.104089
-0.10851
-0.112451
-0.115912
-0.118895
-0.1214
-0.123432
-0.124996
-0.126101
-0.126756
-0.12697
-0.126757
-0.12613
-0.125101
-0.123685
-0.121899
-0.119757
-0.117274
-0.114465
-0.111345
-0.107927
-0.104225
-0.100254
-0.0960267
-0.0915575
-0.0868594
-0.0819457
-0.076829
-0.0715216
-0.0660346
-0.0603787
-0.0545644
-0.048602
-0.0425012
-0.0362714
-0.0299217
-0.0234605
-0.016896
-0.0102357
-0.00348691
0.00334302
0.0102465
0.0172158
0.0242436
0.0313228
0.0384462
0.0456066
0.0527963
0.0600072
0.0672312
0.0744603
0.0816865
0.0889019
0.0960976
0.103264
0.110389
0.117462
0.12447
0.1314
0.138241
0.144979
0.151602
0.158093
0.164438
0.170619
0.17662
0.182422
0.188007
0.193355
0.198445
0.203258
0.207773
0.211967
0.215821
0.219313
0.222421
0.225123
0.227398
0.229229
0.230598
0.231492
0.231895
0.231794
0.231179
0.23004
0.228372
0.226171
0.223437
0.22017
0.216376
0.212061
0.207233
0.201948
0.196259
0.189634
0.181632
-0.087297
-0.0951661
-0.101637
-0.107152
-0.112243
-0.116868
-0.120981
-0.124581
-0.127672
-0.130256
-0.132337
-0.133923
-0.135022
-0.135646
-0.135807
-0.135518
-0.134794
-0.13365
-0.132102
-0.130168
-0.127863
-0.125205
-0.122209
-0.118891
-0.115267
-0.111351
-0.107159
-0.102705
-0.0980038
-0.0930702
-0.0879174
-0.0825587
-0.0770069
-0.0712739
-0.0653708
-0.0593081
-0.0530962
-0.0467454
-0.040265
-0.0336642
-0.0269514
-0.0201347
-0.0132217
-0.00621963
0.000864335
0.00802296
0.0152489
0.022535
0.029874
0.0372592
0.0446832
0.0521387
0.0596176
0.0671118
0.0746134
0.0821146
0.0896078
0.0970844
0.104535
0.111948
0.119312
0.126615
0.133844
0.140986
0.148029
0.15496
0.161761
0.168418
0.174913
0.181227
0.187343
0.19324
0.198897
0.204293
0.209405
0.214212
0.21869
0.222817
0.22657
0.229924
0.232855
0.235341
0.237363
0.238901
0.239938
0.240457
0.240442
0.239882
0.238765
0.237085
0.234836
0.232016
0.228626
0.22467
0.220154
0.215088
0.209528
0.203531
0.196535
0.188071
-0.0946651
-0.102958
-0.109768
-0.115562
-0.1209
-0.125738
-0.13003
-0.133774
-0.136975
-0.139636
-0.141763
-0.143364
-0.144452
-0.145036
-0.145133
-0.144755
-0.143921
-0.142648
-0.140954
-0.138856
-0.136374
-0.133524
-0.130326
-0.126794
-0.122948
-0.118802
-0.114374
-0.109679
-0.104732
-0.0995493
-0.094144
-0.0885303
-0.0827217
-0.0767308
-0.0705689
-0.0642467
-0.0577747
-0.0511633
-0.0444222
-0.0375607
-0.0305873
-0.0235099
-0.0163359
-0.00907249
-0.00172676
0.00569436
0.0131839
0.0207351
0.0283409
0.0359947
0.0436894
0.0514178
0.0591721
0.0669444
0.0747266
0.0825114
0.0902911
0.0980576
0.105802
0.113512
0.121178
0.128786
0.136325
0.143782
0.151144
0.158396
0.165523
0.172507
0.179332
0.185978
0.192425
0.198654
0.204641
0.210363
0.215796
0.220917
0.225701
0.230125
0.234162
0.237785
0.240969
0.243689
0.245924
0.247652
0.248851
0.249503
0.249591
0.249099
0.248016
0.246332
0.244041
0.241137
0.237623
0.233501
0.228776
0.223459
0.21761
0.211286
0.203893
0.194933
-0.102491
-0.111237
-0.118408
-0.124497
-0.130095
-0.135157
-0.139634
-0.143525
-0.146837
-0.149574
-0.151743
-0.153354
-0.15442
-0.154954
-0.154974
-0.154495
-0.153537
-0.152119
-0.150261
-0.147983
-0.145305
-0.142247
-0.138828
-0.135066
-0.130981
-0.126589
-0.121909
-0.116957
-0.111749
-0.106302
-0.10063
-0.0947477
-0.0886695
-0.0824082
-0.0759755
-0.0693823
-0.0626392
-0.0557566
-0.0487447
-0.0416129
-0.0343697
-0.0270229
-0.0195797
-0.0120469
-0.00443154
0.00325944
0.0110195
0.0188422
0.0267212
0.0346501
0.0426222
0.0506303
0.058667
0.0667245
0.074795
0.0828714
0.0909463
0.0990117
0.107059
0.115077
0.123054
0.13098
0.13884
0.146624
0.154318
0.161906
0.169373
0.176701
0.183873
0.190869
0.197668
0.204249
0.210586
0.216656
0.222433
0.227893
0.233009
0.237754
0.2421
0.246018
0.24948
0.252461
0.254933
0.256873
0.258256
0.259061
0.25927
0.258863
0.257827
0.25615
0.253822
0.250839
0.2472
0.242908
0.237968
0.232389
0.226234
0.219563
0.211744
0.202252
-0.11081
-0.12004
-0.127596
-0.133996
-0.139869
-0.145164
-0.149832
-0.153875
-0.157298
-0.160107
-0.162312
-0.163925
-0.164959
-0.165431
-0.165359
-0.164763
-0.163665
-0.162084
-0.160044
-0.157567
-0.154674
-0.151388
-0.147729
-0.143719
-0.139376
-0.134721
-0.129772
-0.124546
-0.11906
-0.113333
-0.107379
-0.101214
-0.0948531
-0.0883084
-0.0815925
-0.0747165
-0.067691
-0.0605267
-0.0532339
-0.0458222
-0.0383002
-0.0306752
-0.0229542
-0.015144
-0.00725134
0.000716828
0.00875416
0.0168548
0.025013
0.0332231
0.0414788
0.0497731
0.0580986
0.066448
0.0748139
0.0831894
0.0915675
0.0999404
0.1083
0.116635
0.124935
0.133188
0.141383
0.149507
0.157546
0.165485
0.173308
0.180997
0.188534
0.195899
0.20307
0.210023
0.216733
0.223174
0.229321
0.235145
0.240619
0.245712
0.250394
0.254635
0.258405
0.261673
0.264409
0.266586
0.268178
0.269161
0.269511
0.269208
0.268234
0.266575
0.26422
0.261163
0.257402
0.252938
0.247774
0.241921
0.235442
0.228403
0.22013
0.210068
-0.119661
-0.129408
-0.137373
-0.144103
-0.150263
-0.155803
-0.160669
-0.164865
-0.168398
-0.171276
-0.173509
-0.175113
-0.176103
-0.176498
-0.176319
-0.175589
-0.174331
-0.172568
-0.170326
-0.167628
-0.164499
-0.160964
-0.157045
-0.152765
-0.148145
-0.143206
-0.137969
-0.132451
-0.12667
-0.120646
-0.114395
-0.107933
-0.101274
-0.0944328
-0.0874207
-0.0802495
-0.0729303
-0.0654738
-0.0578903
-0.0501893
-0.0423791
-0.0344671
-0.02646
-0.0183644
-0.0101871
-0.00193463
0.00638673
0.0147716
0.0232152
0.0317123
0.0402572
0.0488435
0.0574639
0.0661114
0.0747792
0.0834608
0.0921496
0.100838
0.109518
0.11818
0.126813
0.135406
0.143947
0.152423
0.160822
0.169126
0.177321
0.185389
0.19331
0.201063
0.208626
0.215973
0.22308
0.229919
0.236461
0.242677
0.248536
0.254007
0.259056
0.263651
0.267758
0.271343
0.274373
0.276817
0.278646
0.279831
0.280347
0.280169
0.279276
0.27765
0.27528
0.272157
0.268276
0.263638
0.258244
0.252103
0.245284
0.237853
0.229096
0.218423
-0.129085
-0.139384
-0.147784
-0.154863
-0.161326
-0.16712
-0.17219
-0.176541
-0.180182
-0.183123
-0.185375
-0.186957
-0.187888
-0.18819
-0.187886
-0.187002
-0.185562
-0.183595
-0.181127
-0.178185
-0.174797
-0.170989
-0.166787
-0.162215
-0.157297
-0.152054
-0.146507
-0.140677
-0.134583
-0.128245
-0.121679
-0.114904
-0.107933
-0.100781
-0.0934592
-0.0859805
-0.0783561
-0.0705968
-0.0627128
-0.0547131
-0.0466057
-0.0383979
-0.0300963
-0.0217077
-0.0132385
-0.0046951
0.00391684
0.0125924
0.0213273
0.0301171
0.0389566
0.04784
0.0567608
0.0657121
0.0746879
0.0836819
0.0926884
0.1017
0.11071
0.119708
0.128684
0.137627
0.146525
0.155367
0.164138
0.172823
0.181407
0.18987
0.198194
0.206356
0.214332
0.222098
0.229627
0.236889
0.243854
0.250491
0.256766
0.262645
0.268095
0.273077
0.277555
0.28149
0.284847
0.287591
0.289688
0.291106
0.291814
0.291785
0.290994
0.289421
0.28705
0.28387
0.279873
0.27506
0.26943
0.26299
0.255813
0.247968
0.238695
0.227366
-0.139129
-0.150018
-0.15888
-0.166329
-0.173109
-0.179168
-0.184448
-0.188954
-0.192699
-0.195693
-0.197954
-0.1995
-0.200355
-0.200543
-0.200092
-0.19903
-0.197386
-0.195189
-0.192469
-0.189258
-0.185585
-0.18148
-0.17697
-0.172082
-0.166841
-0.16127
-0.155392
-0.149229
-0.142802
-0.136131
-0.129234
-0.122128
-0.114829
-0.107351
-0.0997058
-0.0919069
-0.0839655
-0.0758927
-0.0676981
-0.0593902
-0.0509768
-0.0424647
-0.0338609
-0.0251718
-0.016404
-0.00756312
0.00134564
0.010318
0.0193501
0.0284379
0.0375772
0.0467626
0.0559884
0.0652487
0.0745379
0.0838505
0.0931809
0.102523
0.11187
0.121212
0.130539
0.139843
0.14911
0.158329
0.167487
0.176568
0.185557
0.194434
0.203179
0.21177
0.220183
0.228392
0.236369
0.244082
0.2515
0.258588
0.265312
0.271635
0.27752
0.282925
0.287809
0.292132
0.295853
0.298933
0.301333
0.303017
0.303949
0.304098
0.303434
0.301935
0.299581
0.296356
0.292251
0.287263
0.281391
0.274641
0.267088
0.258805
0.248983
0.236955
-0.149844
-0.161364
-0.170718
-0.178556
-0.185671
-0.192004
-0.197498
-0.202158
-0.206
-0.209039
-0.211292
-0.212785
-0.213543
-0.213595
-0.212973
-0.211707
-0.209829
-0.207374
-0.204376
-0.200867
-0.196882
-0.192451
-0.187606
-0.182375
-0.176785
-0.170861
-0.164628
-0.15811
-0.151329
-0.144305
-0.137057
-0.129603
-0.121959
-0.114138
-0.106156
-0.0980241
-0.0897539
-0.0813562
-0.0728406
-0.0642152
-0.055487
-0.0466629
-0.0377495
-0.0287531
-0.01968
-0.0105355
-0.0013241
0.00795058
0.0172851
0.0266761
0.0361198
0.0456117
0.055147
0.0647208
0.0743282
0.0839644
0.0936245
0.103303
0.112993
0.122687
0.132375
0.142048
0.151694
0.161303
0.170861
0.180353
0.189762
0.19907
0.208256
0.217298
0.226172
0.234849
0.243301
0.251495
0.259396
0.266969
0.274178
0.280982
0.287339
0.293206
0.298537
0.303288
0.307414
0.310871
0.313613
0.315601
0.316793
0.317152
0.316647
0.315247
0.31293
0.309675
0.305471
0.300312
0.294194
0.287123
0.279177
0.270433
0.260027
0.24725
-0.161289
-0.173482
-0.18336
-0.191609
-0.199073
-0.20569
-0.2114
-0.216212
-0.220144
-0.223212
-0.225442
-0.22686
-0.227497
-0.227387
-0.226564
-0.225063
-0.222922
-0.220178
-0.216868
-0.213031
-0.208702
-0.203916
-0.198706
-0.193102
-0.187135
-0.180832
-0.174219
-0.167322
-0.160164
-0.152765
-0.145146
-0.137325
-0.129317
-0.121139
-0.112805
-0.104326
-0.0957144
-0.0869805
-0.0781333
-0.0691806
-0.0601293
-0.0509858
-0.0417562
-0.0324463
-0.0230619
-0.0136079
-0.00408839
0.00549348
0.015135
0.0248333
0.0345855
0.0443881
0.054237
0.0641283
0.074058
0.0840221
0.0940165
0.104036
0.114076
0.124128
0.134184
0.144235
0.154271
0.16428
0.17425
0.184167
0.194012
0.203769
0.213417
0.222931
0.232289
0.241461
0.250416
0.25912
0.267539
0.275633
0.283364
0.290688
0.297559
0.30393
0.309752
0.314977
0.319554
0.323431
0.32656
0.328894
0.330387
0.330997
0.330683
0.329413
0.327157
0.323891
0.319601
0.314276
0.307912
0.300511
0.292155
0.282925
0.271898
0.258321
-0.17353
-0.186441
-0.196875
-0.205558
-0.213386
-0.220296
-0.226223
-0.231182
-0.235191
-0.238274
-0.240459
-0.241778
-0.242266
-0.241962
-0.240904
-0.239134
-0.236694
-0.233625
-0.22997
-0.225769
-0.221062
-0.215886
-0.210278
-0.20427
-0.197896
-0.191185
-0.184165
-0.176863
-0.169303
-0.161508
-0.153496
-0.145287
-0.136898
-0.128346
-0.119643
-0.110804
-0.101839
-0.0927566
-0.0835671
-0.0742779
-0.0648954
-0.0554254
-0.0458733
-0.0362442
-0.0265432
-0.0167746
-0.00694246
0.00295065
0.0129027
0.0229118
0.0329759
0.0430925
0.0532586
0.0634708
0.0737262
0.0840217
0.0943543
0.10472
0.115114
0.125531
0.135961
0.146398
0.156832
0.167252
0.177646
0.188001
0.198298
0.208522
0.218649
0.228659
0.238525
0.248218
0.257706
0.266954
0.275924
0.284577
0.29287
0.300755
0.308184
0.315107
0.321469
0.327217
0.332293
0.336641
0.340207
0.342937
0.344777
0.34568
0.345599
0.344494
0.342329
0.339076
0.334716
0.329235
0.322625
0.314887
0.306105
0.296362
0.284677
0.270245
-0.186637
-0.200317
-0.21134
-0.22048
-0.228687
-0.235895
-0.24204
-0.247137
-0.251211
-0.254289
-0.256404
-0.257593
-0.257899
-0.257365
-0.256035
-0.253958
-0.251178
-0.247745
-0.243704
-0.239099
-0.233975
-0.228373
-0.22233
-0.215884
-0.20907
-0.20192
-0.194465
-0.186731
-0.178743
-0.170525
-0.162099
-0.153482
-0.144694
-0.13575
-0.126664
-0.117449
-0.108116
-0.0986741
-0.0891321
-0.0794973
-0.0697757
-0.0599724
-0.0500919
-0.0401384
-0.0301161
-0.0200291
-0.00988076
0.000326742
0.0105921
0.0209146
0.0312933
0.0417265
0.0522122
0.062748
0.0733317
0.0839616
0.0946355
0.105351
0.116104
0.126889
0.137701
0.148531
0.15937
0.170211
0.18104
0.191845
0.20261
0.213316
0.223944
0.23447
0.244869
0.25511
0.265161
0.274986
0.284546
0.293797
0.302693
0.311185
0.319221
0.326745
0.3337
0.340024
0.345655
0.350531
0.354589
0.357769
0.360011
0.361257
0.361454
0.360555
0.358516
0.355306
0.350898
0.345274
0.338422
0.33034
0.321116
0.310836
0.298451
0.283108
-0.200692
-0.215192
-0.226841
-0.236461
-0.24506
-0.252574
-0.258932
-0.264157
-0.268277
-0.271325
-0.27334
-0.274366
-0.274451
-0.273645
-0.272001
-0.26957
-0.266407
-0.262563
-0.258091
-0.25304
-0.247456
-0.241385
-0.234869
-0.227947
-0.220658
-0.213036
-0.205113
-0.196917
-0.188475
-0.17981
-0.170945
-0.1619
-0.152692
-0.143339
-0.133854
-0.124249
-0.114535
-0.104721
-0.0948166
-0.0848275
-0.0747593
-0.0646161
-0.0544014
-0.0441187
-0.0337715
-0.0233633
-0.0128964
-0.00237242
0.00820837
0.0188462
0.0295411
0.0402924
0.051099
0.0619598
0.0728736
0.0838398
0.0948577
0.105926
0.117041
0.1282
0.139396
0.150625
0.161878
0.173148
0.184423
0.19569
0.206936
0.218142
0.229289
0.240354
0.25131
0.262127
0.272773
0.28321
0.293396
0.303286
0.31283
0.321978
0.330672
0.338853
0.346457
0.353416
0.359663
0.365128
0.369742
0.373434
0.376137
0.377783
0.378312
0.377667
0.375798
0.372665
0.368236
0.362487
0.3554
0.34697
0.337289
0.326446
0.313321
0.297005
-0.215784
-0.231159
-0.243473
-0.253595
-0.262601
-0.270422
-0.276988
-0.282326
-0.286469
-0.289458
-0.291338
-0.29216
-0.291979
-0.290854
-0.288845
-0.28601
-0.282412
-0.278107
-0.273154
-0.267606
-0.261515
-0.25493
-0.247897
-0.240459
-0.232657
-0.224526
-0.216102
-0.207413
-0.198487
-0.189349
-0.180021
-0.170526
-0.16088
-0.1511
-0.141199
-0.131189
-0.121081
-0.110884
-0.100607
-0.0902554
-0.0798334
-0.0693439
-0.0587898
-0.0481739
-0.0374989
-0.0267673
-0.0159807
-0.00513914
0.00575806
0.0167121
0.0277238
0.0387935
0.0499213
0.0611073
0.0723518
0.0836556
0.0950188
0.106441
0.117921
0.129456
0.141042
0.152674
0.164348
0.176054
0.187784
0.199526
0.211266
0.222988
0.234672
0.246297
0.257835
0.269257
0.280529
0.291613
0.302464
0.313036
0.323277
0.333131
0.342539
0.351435
0.359749
0.367408
0.374339
0.380463
0.385701
0.389975
0.393206
0.395318
0.396241
0.395907
0.394259
0.391246
0.386828
0.380976
0.373666
0.364887
0.354735
0.343303
0.329394
0.312041
-0.23201
-0.248321
-0.261339
-0.271987
-0.281411
-0.289541
-0.296305
-0.301736
-0.305875
-0.308769
-0.310471
-0.311041
-0.310543
-0.309044
-0.306612
-0.303316
-0.299224
-0.294401
-0.28891
-0.282811
-0.27616
-0.269011
-0.261415
-0.253416
-0.245059
-0.236382
-0.227419
-0.218204
-0.208764
-0.199125
-0.189312
-0.179344
-0.169239
-0.159014
-0.148681
-0.138251
-0.127737
-0.117147
-0.106488
-0.0957651
-0.0849822
-0.074141
-0.0632432
-0.0522908
-0.0412859
-0.0302298
-0.0191226
-0.00796324
0.00325021
0.0145199
0.0258476
0.0372349
0.048683
0.0601935
0.0717683
0.0834093
0.0951179
0.106895
0.118741
0.130654
0.142632
0.154673
0.166771
0.17892
0.191113
0.20334
0.215588
0.227841
0.240081
0.252286
0.264431
0.276485
0.288416
0.300182
0.311739
0.323038
0.334025
0.344641
0.35482
0.364493
0.373585
0.382017
0.389706
0.396564
0.402504
0.407437
0.411274
0.413927
0.415314
0.415358
0.413989
0.411147
0.406781
0.400855
0.393338
0.384213
0.373579
0.361533
0.346796
0.328338
-0.24948
-0.266792
-0.280556
-0.291754
-0.301606
-0.310043
-0.316991
-0.32249
-0.32659
-0.329345
-0.330819
-0.33108
-0.330204
-0.328268
-0.325349
-0.321526
-0.316874
-0.311468
-0.305376
-0.298665
-0.291396
-0.283629
-0.275417
-0.26681
-0.257853
-0.248587
-0.239048
-0.229271
-0.219286
-0.209119
-0.198794
-0.188331
-0.177747
-0.167058
-0.156277
-0.145415
-0.134483
-0.123489
-0.112439
-0.101338
-0.0901877
-0.0789897
-0.0677449
-0.0564541
-0.045118
-0.0337367
-0.0223088
-0.0108322
0.000696206
0.0122796
0.0239211
0.0356236
0.0473899
0.0592231
0.0711264
0.0831029
0.0951553
0.107286
0.119497
0.131789
0.144161
0.156612
0.169139
0.181738
0.194401
0.207122
0.219888
0.232686
0.245499
0.258306
0.271081
0.283797
0.296417
0.308902
0.321207
0.33328
0.345065
0.356499
0.367512
0.378031
0.387974
0.397255
0.405782
0.413459
0.420188
0.425867
0.430397
0.433677
0.435611
0.43611
0.435089
0.432477
0.428213
0.42225
0.414547
0.405083
0.393959
0.381274
0.365663
0.346026
-0.268316
-0.286699
-0.301254
-0.313025
-0.323315
-0.332053
-0.339167
-0.344702
-0.348718
-0.351282
-0.352466
-0.352353
-0.351028
-0.34858
-0.3451
-0.340674
-0.335389
-0.329327
-0.322563
-0.315173
-0.307224
-0.298778
-0.289895
-0.280627
-0.271021
-0.261122
-0.250967
-0.240592
-0.230029
-0.219304
-0.208441
-0.197459
-0.186376
-0.175206
-0.163962
-0.152655
-0.141294
-0.129887
-0.118438
-0.106951
-0.0954286
-0.0838702
-0.0722761
-0.0606458
-0.0489783
-0.0372719
-0.0255242
-0.0137319
-0.00189091
0.0100031
0.0219549
0.033969
0.0460501
0.0582026
0.0704309
0.0827394
0.0951325
0.107615
0.120189
0.132859
0.145625
0.158487
0.171445
0.184496
0.197636
0.210859
0.224154
0.237511
0.250912
0.264339
0.277769
0.291172
0.304514
0.317756
0.330851
0.343746
0.356382
0.368694
0.380608
0.392045
0.402918
0.413132
0.422587
0.431176
0.438789
0.445314
0.450635
0.45464
0.457216
0.458257
0.457667
0.455357
0.451254
0.445299
0.437441
0.427651
0.416031
0.402684
0.386149
0.365256
-0.288654
-0.308183
-0.323579
-0.335948
-0.346683
-0.355712
-0.362964
-0.368495
-0.372375
-0.374682
-0.375505
-0.374938
-0.373081
-0.370038
-0.36591
-0.360797
-0.354794
-0.347993
-0.34048
-0.332336
-0.323635
-0.314447
-0.304832
-0.294846
-0.28454
-0.273961
-0.263148
-0.252138
-0.240963
-0.229649
-0.218221
-0.206697
-0.195094
-0.183426
-0.171705
-0.159941
-0.148141
-0.136312
-0.124458
-0.112581
-0.100682
-0.0887603
-0.0768156
-0.0648454
-0.0528468
-0.0408168
-0.0287515
-0.0166466
-0.00449688
0.00770363
0.0199613
0.0322826
0.0446735
0.0571399
0.0696878
0.0823231
0.0950522
0.107881
0.120816
0.13386
0.147018
0.160291
0.17368
0.187186
0.200807
0.214537
0.228371
0.242297
0.256302
0.270369
0.284474
0.298592
0.312688
0.326723
0.34065
0.354416
0.36796
0.381212
0.394098
0.406531
0.418418
0.429656
0.440135
0.449739
0.458345
0.465825
0.47205
0.47689
0.480216
0.481904
0.48184
0.479918
0.476048
0.470157
0.462183
0.452086
0.439968
0.425937
0.408427
0.386194
-0.310646
-0.331408
-0.347696
-0.360688
-0.371872
-0.381177
-0.388533
-0.394007
-0.397685
-0.399659
-0.400033
-0.39892
-0.396436
-0.392698
-0.387824
-0.381924
-0.375108
-0.367477
-0.359127
-0.350147
-0.340619
-0.330616
-0.320203
-0.30944
-0.29838
-0.287072
-0.275557
-0.263872
-0.25205
-0.240117
-0.228097
-0.216007
-0.203865
-0.191683
-0.179472
-0.167239
-0.154991
-0.142733
-0.130468
-0.118197
-0.10592
-0.0936348
-0.0813396
-0.0690302
-0.0567023
-0.0443513
-0.0319722
-0.0195595
-0.0071061
0.00539561
0.0179537
0.0305762
0.0432704
0.0560439
0.0689043
0.0818597
0.0949184
0.108089
0.121378
0.134793
0.148338
0.162018
0.175838
0.189799
0.203902
0.218145
0.232524
0.247029
0.261651
0.276373
0.291176
0.306033
0.320914
0.335779
0.350582
0.365269
0.379778
0.394037
0.407968
0.421478
0.434469
0.44683
0.45844
0.469172
0.478889
0.487449
0.494704
0.500507
0.504707
0.507162
0.507736
0.506302
0.502752
0.496997
0.488956
0.478578
0.465967
0.45123
0.432692
0.409028
-0.334467
-0.356556
-0.373793
-0.387432
-0.399066
-0.408623
-0.416038
-0.421391
-0.424786
-0.426334
-0.426157
-0.424389
-0.421164
-0.416618
-0.410882
-0.404085
-0.396347
-0.387784
-0.3785
-0.368595
-0.358155
-0.347259
-0.335978
-0.324374
-0.312502
-0.300414
-0.288151
-0.275752
-0.263248
-0.250665
-0.238025
-0.225348
-0.212648
-0.199936
-0.187222
-0.174511
-0.161808
-0.149115
-0.136435
-0.123768
-0.111113
-0.0984657
-0.0858217
-0.0731755
-0.0605215
-0.047854
-0.0351666
-0.022452
-0.00970131
0.00309497
0.0159465
0.0288625
0.041852
0.0549242
0.0680888
0.0813562
0.0947369
0.108241
0.121877
0.135655
0.149582
0.163665
0.177912
0.192327
0.206912
0.22167
0.236597
0.25169
0.266939
0.282332
0.29785
0.313472
0.329167
0.344898
0.36062
0.376278
0.391811
0.407145
0.422197
0.436872
0.451063
0.464653
0.47751
0.489494
0.500455
0.510232
0.518661
0.52557
0.530789
0.53415
0.535493
0.534668
0.531543
0.526007
0.517963
0.507341
0.494246
0.478784
0.459161
0.433966
-0.360312
-0.383833
-0.402082
-0.416392
-0.42847
-0.438248
-0.445664
-0.450816
-0.45383
-0.45484
-0.453991
-0.451439
-0.447341
-0.441852
-0.435124
-0.427301
-0.418521
-0.40891
-0.398586
-0.387655
-0.376212
-0.364341
-0.352116
-0.339603
-0.32686
-0.313938
-0.300882
-0.287727
-0.274505
-0.261241
-0.247957
-0.234671
-0.221396
-0.208141
-0.194913
-0.181715
-0.16855
-0.15542
-0.142324
-0.129262
-0.116229
-0.103222
-0.0902327
-0.0772543
-0.0642799
-0.0513025
-0.0383138
-0.0253045
-0.0122641
0.000818644
0.0139547
0.0271548
0.0404297
0.0537909
0.0672504
0.0808206
0.0945136
0.108341
0.122316
0.136448
0.150749
0.165229
0.179897
0.194761
0.209827
0.225098
0.240577
0.256262
0.272147
0.288223
0.304475
0.320883
0.33742
0.354052
0.370734
0.387415
0.404031
0.420509
0.436762
0.452692
0.468187
0.483119
0.497349
0.510722
0.523072
0.534222
0.543984
0.552164
0.558566
0.562995
0.565261
0.565187
0.562613
0.557402
0.549432
0.538616
0.525053
0.508851
0.488082
0.461246
-0.388403
-0.413477
-0.432805
-0.447809
-0.46032
-0.470274
-0.477617
-0.48247
-0.484984
-0.485321
-0.483654
-0.480166
-0.475039
-0.468454
-0.460583
-0.45159
-0.44163
-0.430844
-0.419361
-0.407296
-0.39475
-0.381813
-0.368564
-0.355072
-0.341396
-0.327587
-0.313689
-0.299738
-0.285764
-0.271791
-0.257839
-0.243924
-0.230058
-0.216247
-0.202496
-0.188805
-0.175175
-0.161605
-0.148095
-0.13464
-0.121234
-0.107871
-0.0945418
-0.0812382
-0.0679516
-0.0546727
-0.0413914
-0.0280963
-0.0147753
-0.00141615
0.0119937
0.0254667
0.0390161
0.0526555
0.0663991
0.0802609
0.0942549
0.108395
0.122697
0.137173
0.151839
0.166707
0.181789
0.197095
0.212636
0.228419
0.244449
0.260729
0.277256
0.294024
0.311023
0.328237
0.345642
0.363207
0.380891
0.398644
0.416403
0.434095
0.451632
0.468913
0.485818
0.502215
0.517953
0.532864
0.546765
0.559459
0.570736
0.580374
0.588149
0.593833
0.597204
0.59805
0.596178
0.591418
0.583621
0.572675
0.55867
0.541714
0.519736
0.491136
-0.418995
-0.445757
-0.466241
-0.481958
-0.494882
-0.504953
-0.512129
-0.51656
-0.518429
-0.51793
-0.515271
-0.510667
-0.50433
-0.49647
-0.487283
-0.476958
-0.465665
-0.453562
-0.440789
-0.42747
-0.413714
-0.399617
-0.38526
-0.370714
-0.356041
-0.34129
-0.326504
-0.311717
-0.296958
-0.282249
-0.267608
-0.253048
-0.238577
-0.2242
-0.209918
-0.19573
-0.181635
-0.167628
-0.153706
-0.139863
-0.12609
-0.112377
-0.0987165
-0.085097
-0.071508
-0.0579381
-0.0443747
-0.0308048
-0.0172149
-0.00359151
0.0100797
0.0238134
0.037625
0.0515304
0.0655453
0.0796855
0.0939672
0.108407
0.123024
0.137833
0.152852
0.168097
0.183582
0.199322
0.215331
0.23162
0.248198
0.265072
0.282242
0.29971
0.317468
0.335504
0.353801
0.372329
0.391053
0.409926
0.428888
0.447865
0.46677
0.485499
0.503929
0.52192
0.539311
0.555922
0.571551
0.585981
0.598975
0.610285
0.61965
0.626808
0.631497
0.633464
0.632475
0.628323
0.62082
0.609825
0.595418
0.577699
0.554442
0.523941
-0.452379
-0.480987
-0.502709
-0.519158
-0.532462
-0.542572
-0.549462
-0.553319
-0.554364
-0.552833
-0.548974
-0.543041
-0.535282
-0.52594
-0.515242
-0.503398
-0.490601
-0.477022
-0.462816
-0.448114
-0.433035
-0.417676
-0.402124
-0.38645
-0.370714
-0.354966
-0.339247
-0.323587
-0.308012
-0.292543
-0.277194
-0.261975
-0.246889
-0.231939
-0.217124
-0.202439
-0.18788
-0.17344
-0.159113
-0.144888
-0.130755
-0.116704
-0.102722
-0.0887985
-0.0749189
-0.0610699
-0.0472369
-0.0334056
-0.0195611
-0.0056878
0.00823059
0.0222112
0.0362713
0.0504284
0.0646998
0.0791035
0.0936584
0.108384
0.123302
0.13843
0.153789
0.169397
0.185273
0.201435
0.217902
0.234688
0.251808
0.269271
0.287085
0.305255
0.323779
0.342651
0.361858
0.381377
0.401177
0.421216
0.441437
0.46177
0.482128
0.502406
0.52248
0.542202
0.561402
0.579888
0.597439
0.613817
0.628758
0.64198
0.653186
0.662071
0.668327
0.671654
0.671768
0.668413
0.661357
0.650419
0.635663
0.617179
0.592568
0.560011
-0.488891
-0.519529
-0.542582
-0.559775
-0.573411
-0.583457
-0.589911
-0.593003
-0.593005
-0.590204
-0.584896
-0.577382
-0.567955
-0.556894
-0.544459
-0.530888
-0.516394
-0.501166
-0.48537
-0.469148
-0.452623
-0.435899
-0.419061
-0.402182
-0.38532
-0.368522
-0.351825
-0.335257
-0.318841
-0.302592
-0.28652
-0.27063
-0.254924
-0.239399
-0.224051
-0.208873
-0.193856
-0.17899
-0.164265
-0.149669
-0.135188
-0.120811
-0.106523
-0.0923082
-0.078152
-0.0640382
-0.0499509
-0.035874
-0.0217908
-0.00768367
0.00646621
0.0206779
0.0349703
0.0493625
0.0638737
0.0785246
0.0933368
0.108333
0.123535
0.138966
0.154649
0.170604
0.186857
0.203428
0.220339
0.237611
0.255261
0.273305
0.291758
0.310629
0.329923
0.34964
0.369772
0.390305
0.411214
0.432461
0.453996
0.475754
0.49765
0.51958
0.541419
0.563015
0.584191
0.604739
0.624426
0.642987
0.66013
0.675538
0.688873
0.69978
0.707898
0.712869
0.71435
0.712025
0.705605
0.694861
0.67983
0.660587
0.63454
0.599746
-0.528927
-0.561808
-0.586297
-0.604239
-0.618138
-0.627984
-0.633808
-0.635897
-0.634587
-0.630226
-0.623172
-0.613781
-0.602397
-0.589344
-0.574917
-0.559383
-0.54298
-0.525912
-0.508357
-0.490468
-0.472371
-0.454173
-0.43596
-0.4178
-0.399749
-0.381849
-0.364135
-0.34663
-0.32935
-0.312305
-0.2955
-0.278934
-0.262606
-0.246508
-0.230634
-0.21497
-0.199505
-0.184225
-0.169114
-0.15416
-0.139347
-0.124659
-0.110079
-0.0955905
-0.0811743
-0.0668129
-0.052489
-0.0381846
-0.0238807
-0.00955718
0.00480655
0.0192312
0.0337373
0.0483458
0.0630786
0.0779588
0.0930106
0.108259
0.123728
0.139443
0.15543
0.171716
0.188327
0.20529
0.222629
0.24037
0.258537
0.277152
0.296235
0.315802
0.335864
0.356428
0.377496
0.399061
0.421105
0.4436
0.4665
0.489749
0.513266
0.536952
0.560681
0.5843
0.607624
0.630439
0.652491
0.673494
0.693126
0.711031
0.726824
0.740096
0.750423
0.757378
0.760546
0.759537
0.753991
0.743615
0.728408
0.708425
0.680852
0.643613
-0.572947
-0.608327
-0.634368
-0.653054
-0.667118
-0.676584
-0.681531
-0.68232
-0.679365
-0.673092
-0.663934
-0.652316
-0.63864
-0.62328
-0.606571
-0.588812
-0.570263
-0.551148
-0.531656
-0.511946
-0.492147
-0.472366
-0.452686
-0.433172
-0.413873
-0.394827
-0.376062
-0.357595
-0.339434
-0.321584
-0.304041
-0.286801
-0.269856
-0.253194
-0.236803
-0.220666
-0.204767
-0.189087
-0.173608
-0.158314
-0.143186
-0.128207
-0.113355
-0.09861
-0.0839531
-0.0693643
-0.0548241
-0.0403121
-0.025807
-0.0112868
0.00327071
0.0178878
0.032587
0.0473916
0.0623262
0.0774161
0.0926873
0.108166
0.123881
0.13986
0.156132
0.172728
0.189678
0.207011
0.224758
0.242949
0.261616
0.280786
0.300486
0.320737
0.341559
0.36297
0.384979
0.407588
0.430788
0.454562
0.478874
0.503675
0.528894
0.554436
0.580181
0.605975
0.631632
0.656928
0.681595
0.705325
0.727765
0.748517
0.767147
0.783182
0.796127
0.805474
0.810717
0.811377
0.807003
0.797219
0.781973
0.761283
0.732087
0.692158
-0.621502
-0.659685
-0.687409
-0.706817
-0.720908
-0.729757
-0.733509
-0.732621
-0.727609
-0.718997
-0.707308
-0.693049
-0.676691
-0.658662
-0.639344
-0.619068
-0.598118
-0.576734
-0.555116
-0.533426
-0.511793
-0.490321
-0.469087
-0.448149
-0.427551
-0.40732
-0.387478
-0.36803
-0.34898
-0.330322
-0.312045
-0.294139
-0.276589
-0.259378
-0.242487
-0.225895
-0.20958
-0.19352
-0.177695
-0.162083
-0.146664
-0.131414
-0.116311
-0.101333
-0.0864576
-0.0716638
-0.0569294
-0.0422315
-0.027547
-0.0128522
0.00187658
0.0166637
0.0315339
0.0465132
0.061628
0.0769053
0.092373
0.10806
0.123998
0.140218
0.156753
0.173635
0.190899
0.208578
0.22671
0.24533
0.264475
0.284179
0.304475
0.325394
0.346965
0.369214
0.392161
0.415818
0.440189
0.465267
0.49103
0.517438
0.544433
0.57193
0.599814
0.627939
0.656118
0.684122
0.711672
0.738439
0.76404
0.788036
0.809935
0.829197
0.845244
0.857469
0.865262
0.868028
0.865202
0.856299
0.841198
0.819859
0.788931
0.746022
-0.675253
-0.716605
-0.746161
-0.766241
-0.780166
-0.788082
-0.790228
-0.787187
-0.779607
-0.768133
-0.753402
-0.736014
-0.71652
-0.695413
-0.673119
-0.650005
-0.626378
-0.602491
-0.57855
-0.554719
-0.531122
-0.507855
-0.484986
-0.462565
-0.440623
-0.419179
-0.398241
-0.377807
-0.357867
-0.338408
-0.31941
-0.300854
-0.282719
-0.26498
-0.247611
-0.230588
-0.213882
-0.197469
-0.181324
-0.165421
-0.149735
-0.13424
-0.118912
-0.103727
-0.0886587
-0.0736846
-0.05878
-0.0439202
-0.0290804
-0.0142355
0.000640369
0.0155736
0.0305916
0.045722
0.0609929
0.076433
0.0920726
0.107944
0.12408
0.140516
0.157287
0.174429
0.19198
0.209979
0.228469
0.247491
0.267088
0.287299
0.308167
0.329732
0.352033
0.375104
0.398978
0.423679
0.449225
0.475624
0.502866
0.530928
0.559766
0.589308
0.619453
0.650062
0.680955
0.711903
0.74262
0.772761
0.801913
0.829596
0.85526
0.878289
0.898007
0.913697
0.924618
0.930035
0.929234
0.92159
0.906879
0.884984
0.852209
0.805971
-0.735004
-0.779972
-0.811523
-0.832184
-0.84567
-0.852231
-0.852237
-0.84644
-0.835655
-0.820684
-0.802296
-0.781206
-0.758055
-0.733403
-0.707727
-0.681427
-0.654828
-0.628195
-0.601733
-0.5756
-0.549914
-0.524757
-0.500184
-0.47623
-0.452915
-0.430241
-0.408203
-0.386786
-0.365969
-0.345725
-0.326029
-0.306849
-0.288156
-0.269918
-0.252103
-0.234679
-0.217615
-0.200881
-0.184447
-0.168283
-0.15236
-0.136651
-0.121128
-0.105763
-0.0905302
-0.0754028
-0.0603545
-0.0453592
-0.0303906
-0.0154216
-0.00042419
0.0146303
0.0297708
0.0450268
0.0604277
0.0760044
0.0917896
0.107818
0.124126
0.14075
0.157728
0.1751
0.192909
0.2112
0.230017
0.24941
0.269425
0.290113
0.311523
0.333705
0.356707
0.380577
0.405357
0.431089
0.457805
0.485528
0.514267
0.544018
0.574754
0.606422
0.638939
0.672181
0.705981
0.740115
0.774297
0.808172
0.841303
0.873169
0.903161
0.93058
0.954645
0.974505
0.989264
0.998011
0.999846
0.993954
0.97997
0.95766
0.922913
0.872925
-0.801745
-0.850876
-0.884597
-0.905689
-0.918349
-0.922987
-0.920156
-0.910834
-0.896052
-0.876806
-0.854028
-0.828566
-0.801159
-0.77244
-0.742937
-0.713076
-0.683199
-0.65357
-0.624391
-0.595806
-0.567917
-0.540789
-0.514457
-0.48894
-0.464235
-0.44033
-0.417202
-0.394821
-0.373151
-0.352155
-0.331793
-0.312025
-0.292811
-0.274113
-0.25589
-0.238105
-0.220721
-0.203704
-0.187017
-0.170628
-0.154504
-0.138614
-0.122928
-0.107416
-0.0920489
-0.0767981
-0.0616355
-0.0465336
-0.0314644
-0.0163987
-0.00130649
0.0138425
0.0290788
0.0444329
0.0599363
0.075622
0.0915252
0.107683
0.124132
0.140913
0.158068
0.175639
0.193674
0.212222
0.231332
0.251059
0.271458
0.292585
0.3145
0.337262
0.36093
0.385564
0.411221
0.437958
0.465824
0.494862
0.525102
0.55656
0.589234
0.623095
0.658082
0.694096
0.730988
0.768551
0.806507
0.844497
0.88207
0.918668
0.953626
0.986157
1.01536
1.04024
1.05971
1.07265
1.0779
1.07441
1.06162
1.03911
1.00226
0.948008
-0.876712
-0.93068
-0.966755
-0.988027
-0.999313
-1.00126
-0.994674
-0.980845
-0.961079
-0.936611
-0.908572
-0.877955
-0.845613
-0.812249
-0.778436
-0.744622
-0.711153
-0.678285
-0.646203
-0.61503
-0.584843
-0.555682
-0.52756
-0.500467
-0.474379
-0.449261
-0.425071
-0.401761
-0.37928
-0.357575
-0.336594
-0.316285
-0.296599
-0.277487
-0.258904
-0.240805
-0.223147
-0.205889
-0.188992
-0.172418
-0.156132
-0.1401
-0.124288
-0.108664
-0.0931958
-0.0778541
-0.0626092
-0.0474316
-0.0322915
-0.0171579
-0.00199928
0.0132159
0.0285192
0.0439428
0.0595201
0.0752861
0.0912777
0.107533
0.124093
0.140999
0.158297
0.176033
0.194259
0.213025
0.23239
0.252411
0.273151
0.294675
0.317051
0.340348
0.364637
0.38999
0.416482
0.444185
0.473167
0.503494
0.53522
0.568386
0.603018
0.639117
0.676655
0.715561
0.755719
0.796946
0.838986
0.881489
0.923997
0.965931
1.00657
1.04505
1.08033
1.11125
1.13651
1.15471
1.16439
1.16418
1.15321
1.13082
1.09175
1.0326
-0.961469
-1.02111
-1.05972
-1.08077
-1.08989
-1.08809
-1.07655
-1.05696
-1.03098
-1.00014
-0.965804
-0.929134
-0.891092
-0.852453
-0.813819
-0.77565
-0.738279
-0.701942
-0.666792
-0.63292
-0.600369
-0.569144
-0.539224
-0.510569
-0.483128
-0.456839
-0.431637
-0.407453
-0.384218
-0.361864
-0.340324
-0.319535
-0.299436
-0.27997
-0.261083
-0.242723
-0.224843
-0.207394
-0.190334
-0.173622
-0.157218
-0.141085
-0.125187
-0.109488
-0.0939565
-0.0785593
-0.0632658
-0.0480451
-0.0328653
-0.0176943
-0.00249937
0.0127519
0.0280924
0.0435558
0.0591773
0.0749932
0.0910417
0.107363
0.124
0.140997
0.158402
0.176267
0.194643
0.213588
0.233163
0.253434
0.274468
0.29634
0.319125
0.342903
0.367757
0.393774
0.421044
0.449658
0.479706
0.511277
0.544452
0.579302
0.615888
0.654246
0.694386
0.736283
0.779857
0.824967
0.871393
0.91881
0.966773
1.01469
1.06181
1.10718
1.14964
1.18784
1.22021
1.24504
1.26047
1.26469
1.25644
1.23468
1.19328
1.12845
-1.05803
-1.1244
-1.16567
-1.18585
-1.19169
-1.18471
-1.16662
-1.13964
-1.10591
-1.06731
-1.02547
-0.98172
-0.937136
-0.892545
-0.848566
-0.805644
-0.764083
-0.724075
-0.685727
-0.649083
-0.614137
-0.580851
-0.549162
-0.518993
-0.490258
-0.462866
-0.436724
-0.411743
-0.387832
-0.364906
-0.342883
-0.321687
-0.301246
-0.281494
-0.262369
-0.243811
-0.225767
-0.208184
-0.191015
-0.174214
-0.15774
-0.141551
-0.12561
-0.109878
-0.0943215
-0.0789064
-0.0636002
-0.0483704
-0.0331838
-0.0180075
-0.00280805
0.012448
0.0277949
0.0432675
0.058902
0.0747356
0.0908079
0.107161
0.12384
0.140892
0.158368
0.17632
0.194805
0.213884
0.233623
0.254092
0.275368
0.297531
0.320665
0.34486
0.370214
0.396826
0.424804
0.454257
0.485301
0.518047
0.552609
0.589093
0.627596
0.668199
0.710962
0.755908
0.803015
0.852198
0.90329
0.956014
1.00996
1.06456
1.11903
1.17236
1.22328
1.27023
1.31135
1.34454
1.36745
1.37768
1.37341
1.35302
1.30926
1.23776
-1.16904
-1.24346
-1.28742
-1.30572
-1.30663
-1.29247
-1.2657
-1.22928
-1.1859
-1.13788
-1.08712
-1.03514
-0.983108
-0.931867
-0.882024
-0.83398
-0.787978
-0.744145
-0.702521
-0.663081
-0.625759
-0.590461
-0.557073
-0.525475
-0.495539
-0.467142
-0.440162
-0.414483
-0.389994
-0.366592
-0.344178
-0.322663
-0.301963
-0.282004
-0.262714
-0.244029
-0.225886
-0.208231
-0.19101
-0.174176
-0.157683
-0.141487
-0.125548
-0.109827
-0.0942869
-0.0788931
-0.0636115
-0.0484081
-0.0332493
-0.0181015
-0.00293045
0.0122983
0.0276197
0.0430695
0.0586842
0.074502
0.0905639
0.106914
0.123599
0.140668
0.158173
0.176171
0.194719
0.213884
0.233735
0.254348
0.275806
0.298196
0.32161
0.34615
0.371925
0.399049
0.427648
0.457851
0.489797
0.523626
0.559485
0.597517
0.637864
0.680658
0.726016
0.774025
0.824733
0.87813
0.934127
0.992523
1.05298
1.11496
1.17772
1.24021
1.30106
1.35851
1.4104
1.45416
1.48682
1.50522
1.50671
1.48887
1.44283
1.36341
-1.29805
-1.38218
-1.42864
-1.44342
-1.437
-1.41289
-1.37464
-1.32612
-1.27076
-1.21134
-1.15006
-1.0886
-1.02816
-0.969574
-0.913386
-0.859906
-0.809283
-0.761542
-0.71663
-0.674437
-0.63482
-0.597614
-0.562649
-0.529749
-0.498745
-0.469475
-0.441786
-0.415535
-0.390589
-0.366824
-0.344127
-0.322393
-0.301531
-0.281453
-0.262082
-0.243346
-0.225177
-0.207516
-0.190307
-0.173498
-0.15704
-0.140888
-0.125
-0.109334
-0.0938538
-0.0785218
-0.063303
-0.0481632
-0.0330682
-0.0179838
-0.00287492
0.0122933
0.0275563
0.0429497
0.0585105
0.0742781
0.0902946
0.106605
0.123258
0.140304
0.157796
0.175793
0.194356
0.213555
0.233462
0.254159
0.275733
0.298278
0.321896
0.346697
0.372803
0.400342
0.429457
0.460299
0.49303
0.527821
0.564852
0.604309
0.646384
0.691264
0.739133
0.790155
0.844466
0.902152
0.963227
1.0276
1.09504
1.16511
1.23713
1.31008
1.38252
1.45255
1.51767
1.5748
1.62021
1.64972
1.6596
1.64611
1.59811
1.50922
-1.44994
-1.54584
-1.59418
-1.60281
-1.5855
-1.54759
-1.4941
-1.43012
-1.35992
-1.28681
-1.21323
-1.14096
-1.07117
-1.00461
-0.941675
-0.882545
-0.827216
-0.775582
-0.727464
-0.682645
-0.640887
-0.601945
-0.565579
-0.531556
-0.499659
-0.469685
-0.441448
-0.414777
-0.389515
-0.36552
-0.342663
-0.320826
-0.299907
-0.279809
-0.260448
-0.241744
-0.223626
-0.206031
-0.1889
-0.172177
-0.155812
-0.139757
-0.123969
-0.108406
-0.093029
-0.0778001
-0.0626839
-0.0476458
-0.0326514
-0.0176657
-0.00265346
0.0124202
0.0275903
0.0428927
0.058365
0.0740471
0.0899819
0.106216
0.122797
0.139777
0.157211
0.175159
0.193686
0.212862
0.232765
0.25348
0.275098
0.297719
0.321454
0.346422
0.372755
0.400597
0.430107
0.461454
0.494827
0.530426
0.568469
0.609185
0.652818
0.69962
0.749849
0.803757
0.861585
0.923539
0.989767
1.06033
1.13515
1.21395
1.2962
1.38097
1.46686
1.55186
1.63319
1.70722
1.76933
1.81407
1.83612
1.82984
1.78073
1.68042
-1.63163
-1.74184
-1.79049
-1.78872
-1.75524
-1.69812
-1.62443
-1.54077
-1.45233
-1.36291
-1.27513
-1.19073
-1.11073
-1.03567
-0.965735
-0.900882
-0.840907
-0.785523
-0.734397
-0.68718
-0.643524
-0.603091
-0.565565
-0.530651
-0.498081
-0.46761
-0.439018
-0.412105
-0.386692
-0.362618
-0.339738
-0.317926
-0.297066
-0.277055
-0.257799
-0.239217
-0.221234
-0.203781
-0.186796
-0.170222
-0.154009
-0.138106
-0.122469
-0.107056
-0.0918258
-0.0767421
-0.0617687
-0.0468709
-0.0320139
-0.0171625
-0.00228214
0.0126619
0.0277041
0.0428806
0.0582289
0.0737895
0.0896056
0.105723
0.122191
0.139061
0.156391
0.17424
0.192675
0.21177
0.231603
0.252264
0.273847
0.296459
0.320215
0.345245
0.37169
0.399706
0.429467
0.461165
0.495009
0.531231
0.570084
0.611845
0.656809
0.705299
0.757654
0.814227
0.875377
0.941452
1.01277
1.08959
1.17205
1.2601
1.35346
1.45142
1.55273
1.6554
1.7565
1.85186
1.93588
2.00152
2.04133
2.04684
1.99841
1.88434
-1.85334
-1.98065
-2.02629
-2.00713
-1.94958
-1.86574
-1.76534
-1.65677
-1.54614
-1.43759
-1.33369
-1.23594
-1.14504
-1.06119
-0.984221
-0.913781
-0.849403
-0.790576
-0.736781
-0.687515
-0.642303
-0.600709
-0.562333
-0.526817
-0.493841
-0.463119
-0.434394
-0.407443
-0.382062
-0.358076
-0.335328
-0.313677
-0.293001
-0.273189
-0.254143
-0.235777
-0.218013
-0.200779
-0.184011
-0.167653
-0.15165
-0.135954
-0.120519
-0.105302
-0.0902643
-0.075368
-0.0605775
-0.0458581
-0.0311751
-0.016494
-0.00178085
0.0129982
0.0278775
0.0428927
0.0580816
0.0734843
0.0891434
0.105104
0.121416
0.138131
0.155306
0.173004
0.19129
0.21024
0.229935
0.250465
0.271929
0.294437
0.318112
0.343087
0.369514
0.39756
0.427413
0.459281
0.493397
0.530022
0.569443
0.611979
0.657987
0.707854
0.762007
0.820909
0.88505
0.954947
1.03112
1.11405
1.20419
1.3018
1.40696
1.51935
1.63805
1.76135
1.88632
2.00846
2.12119
2.2156
2.28146
2.30615
2.26211
2.13173
-2.13075
-2.27757
-2.31329
-2.26524
-2.17183
-2.05086
-1.91538
-1.77563
-1.63842
-1.50784
-1.38608
-1.27408
-1.17196
-1.07935
-0.995619
-0.920003
-0.851704
-0.78994
-0.733977
-0.683143
-0.636827
-0.594488
-0.555644
-0.519874
-0.486805
-0.456111
-0.427507
-0.400742
-0.375598
-0.351882
-0.329427
-0.308085
-0.287724
-0.26823
-0.249501
-0.231448
-0.213989
-0.197053
-0.180574
-0.164495
-0.148763
-0.133328
-0.118145
-0.103173
-0.0883708
-0.0737033
-0.0591349
-0.0446312
-0.0301584
-0.0156831
-0.0011724
0.0134068
0.0280882
0.0429073
0.0579012
0.0731087
0.0885716
0.104335
0.120447
0.13696
0.153931
0.171421
0.189499
0.208239
0.227721
0.248039
0.269294
0.291599
0.315078
0.339873
0.366141
0.394058
0.423823
0.45566
0.489821
0.526592
0.566293
0.609286
0.655978
0.706827
0.762348
0.823114
0.889759
0.962982
1.04353
1.13218
1.22971
1.33686
1.45418
1.58193
1.71984
1.86674
2.02015
2.17559
2.32574
2.45977
2.564
2.61992
2.58773
2.43898
-2.48921
-2.65536
-2.66713
-2.57127
-2.42447
-2.25222
-2.07118
-1.89307
-1.72474
-1.56954
-1.42868
-1.30208
-1.18893
-1.08809
-0.998286
-0.918253
-0.846797
-0.782831
-0.725385
-0.673607
-0.626753
-0.584175
-0.545315
-0.50969
-0.476883
-0.446532
-0.418325
-0.391993
-0.367303
-0.344051
-0.322061
-0.301178
-0.281269
-0.262214
-0.243911
-0.226267
-0.209201
-0.192641
-0.176522
-0.160788
-0.145384
-0.130264
-0.115383
-0.1007
-0.086177
-0.0717783
-0.0574697
-0.0432179
-0.0289906
-0.014756
-0.000482199
0.0138631
0.0283129
0.0429014
0.0576642
0.0726391
0.0878666
0.103391
0.119258
0.135522
0.152237
0.169465
0.187271
0.205731
0.224925
0.244947
0.265898
0.287892
0.311058
0.335537
0.361493
0.389108
0.418588
0.45017
0.484123
0.520751
0.560402
0.603476
0.650427
0.701777
0.758122
0.820148
0.888633
0.964461
1.04863
1.14224
1.2465
1.36265
1.49194
1.63544
1.79384
1.96705
2.15362
2.3498
2.54826
2.73661
2.89741
3.00428
2.99877
2.83251
-2.97225
-3.14845
-3.10803
-2.93327
-2.70751
-2.4653
-2.22624
-2.00221
-1.7987
-1.61715
-1.4569
-1.31624
-1.19306
-1.08517
-0.990518
-0.907245
-0.833721
-0.768535
-0.710482
-0.658533
-0.611816
-0.569591
-0.531229
-0.496198
-0.464042
-0.434374
-0.406862
-0.381223
-0.357215
-0.334626
-0.313277
-0.293011
-0.27369
-0.255196
-0.237426
-0.220287
-0.2037
-0.187593
-0.171904
-0.156575
-0.141558
-0.126804
-0.112272
-0.0979224
-0.0837189
-0.069627
-0.0556142
-0.0416492
-0.0277017
-0.0137411
0.000263135
0.014342
0.0285269
0.0428506
0.0573472
0.0720526
0.0870054
0.102248
0.117828
0.133794
0.150201
0.167108
0.18458
0.202689
0.221517
0.241154
0.261703
0.283276
0.306001
0.330024
0.355505
0.382633
0.411618
0.442704
0.47617
0.512335
0.551568
0.594297
0.641015
0.692298
0.748814
0.811348
0.880815
0.958282
1.045
1.14241
1.25217
1.37615
1.51643
1.67515
1.85438
2.05571
2.27964
2.52441
2.78409
3.04611
3.28997
3.47997
3.53068
3.35744
-3.6587
-3.8091
-3.65971
-3.35568
-3.01485
-2.67946
-2.369
-2.09243
-1.85133
-1.64347
-1.46516
-1.31235
-1.1812
-1.06827
-0.970622
-0.885757
-0.811604
-0.746442
-0.688847
-0.637638
-0.591837
-0.550629
-0.513335
-0.479384
-0.448298
-0.419673
-0.393167
-0.368491
-0.345398
-0.323677
-0.303146
-0.283651
-0.265055
-0.247242
-0.23011
-0.21357
-0.197544
-0.181965
-0.166771
-0.151908
-0.13733
-0.122992
-0.108855
-0.0948801
-0.0810342
-0.0672851
-0.0536026
-0.0399577
-0.026322
-0.0126669
0.00103643
0.0148172
0.0287054
0.0427314
0.0569269
0.0713259
0.0859658
0.100887
0.116134
0.131755
0.147801
0.164329
0.181401
0.199088
0.217469
0.236632
0.256677
0.277714
0.29987
0.323286
0.348125
0.374572
0.402839
0.433172
0.465852
0.501209
0.539621
0.581533
0.627467
0.678034
0.73396
0.796107
0.865504
0.943382
1.03122
1.13078
1.24419
1.374
1.52319
1.69523
1.89397
2.12345
2.38727
2.6875
3.02222
3.38192
3.74616
4.07121
4.23699
4.09516
-4.69185
-4.71296
-4.34468
-3.83315
-3.32921
-2.87461
-2.48108
-2.14862
-1.87097
-1.63984
-1.44719
-1.28595
-1.15023
-1.03524
-0.937127
-0.852801
-0.779798
-0.71614
-0.660235
-0.610795
-0.566769
-0.527298
-0.491676
-0.459317
-0.429735
-0.402523
-0.37734
-0.353898
-0.331953
-0.3113
-0.291762
-0.273189
-0.25545
-0.238432
-0.22204
-0.206187
-0.190802
-0.175819
-0.161182
-0.146842
-0.132754
-0.118878
-0.105176
-0.0916151
-0.0781627
-0.0647901
-0.0514699
-0.0381758
-0.0248821
-0.0115622
0.00181092
0.0152643
0.028825
0.0425211
0.056382
0.0704397
0.0847291
0.0992887
0.11416
0.129387
0.14502
0.16111
0.177719
0.194912
0.212766
0.231364
0.250803
0.271188
0.292642
0.315301
0.339324
0.36489
0.392209
0.421521
0.453106
0.487289
0.524452
0.565043
0.609593
0.658733
0.713218
0.773958
0.842059
0.918868
1.00604
1.10562
1.22015
1.35279
1.50748
1.68909
1.90361
2.15819
2.46093
2.82012
3.24198
3.72622
4.26035
4.80079
5.19449
5.19241
-6.33023
-5.9595
-5.17528
-4.34556
-3.62026
-3.02132
-2.53867
-2.15331
-1.8455
-1.5982
-1.39782
-1.23384
-1.09829
-0.985074
-0.889586
-0.808282
-0.738426
-0.677883
-0.624974
-0.578364
-0.536984
-0.499968
-0.466613
-0.436342
-0.408679
-0.383229
-0.359663
-0.337705
-0.317123
-0.29772
-0.279332
-0.261815
-0.245049
-0.228928
-0.213362
-0.198274
-0.183596
-0.169269
-0.155243
-0.141472
-0.127917
-0.11454
-0.101309
-0.0881927
-0.0751632
-0.0621947
-0.0492635
-0.0363463
-0.0234195
-0.0104591
0.00255907
0.0156594
0.0288664
0.042205
0.0557024
0.0693881
0.0832943
0.0974563
0.111912
0.126704
0.141875
0.157475
0.173561
0.190195
0.207447
0.225396
0.244133
0.263758
0.284386
0.306146
0.329188
0.353685
0.379835
0.40787
0.438057
0.470712
0.506205
0.544974
0.587541
0.63453
0.686695
0.744958
0.810447
0.884565
0.969062
1.06616
1.17867
1.31026
1.46566
1.65109
1.87471
2.14722
2.48246
2.8977
3.41301
4.04772
4.81167
5.68073
6.50322
6.91123
-9.15066
-7.67187
-6.10352
-4.81981
-3.82175
-3.06831
-2.50619
-2.08353
-1.76079
-1.5102
-1.31234
-1.15356
-1.02423
-0.917414
-0.828096
-0.752544
-0.687956
-0.632192
-0.583596
-0.54087
-0.502982
-0.469108
-0.438582
-0.410862
-0.385501
-0.362131
-0.340449
-0.320199
-0.301167
-0.283175
-0.266072
-0.249728
-0.234033
-0.218893
-0.204228
-0.189967
-0.176051
-0.162429
-0.149056
-0.135892
-0.122903
-0.110056
-0.0973224
-0.084676
-0.0720927
-0.0595509
-0.0470299
-0.0345096
-0.0219696
-0.00938862
0.00325468
0.0159812
0.0288124
0.0417708
0.0548804
0.0681678
0.0816626
0.0953961
0.109403
0.12372
0.138387
0.153451
0.168961
0.184975
0.201558
0.218783
0.236732
0.255497
0.275184
0.295913
0.317823
0.341074
0.365849
0.392364
0.42087
0.45166
0.485081
0.521545
0.561544
0.605672
0.654646
0.70935
0.770879
0.840602
0.920257
1.01207
1.11897
1.24478
1.39472
1.57587
1.79814
2.07546
2.4277
2.88317
3.48217
4.27783
5.32455
6.66169
8.28815
9.8343
-14.6565
-9.92127
-6.78384
-4.93676
-3.70792
-2.86721
-2.28854
-1.87814
-1.57662
-1.34837
-1.17115
-1.03048
-0.916703
-0.823165
-0.745166
-0.679294
-0.62302
-0.574434
-0.532066
-0.494768
-0.461636
-0.431946
-0.405116
-0.380672
-0.358226
-0.337459
-0.318106
-0.299946
-0.282795
-0.2665
-0.250931
-0.235976
-0.221543
-0.207552
-0.193935
-0.180634
-0.167598
-0.154786
-0.142161
-0.12969
-0.117346
-0.1051
-0.0929317
-0.0808179
-0.0687402
-0.0566812
-0.0446246
-0.0325537
-0.0204516
-0.0083008
0.0039163
0.0162171
0.0286194
0.0411423
0.0538067
0.0666357
0.0796545
0.0928905
0.106373
0.120135
0.134211
0.14864
0.163469
0.178746
0.19453
0.210884
0.227881
0.245603
0.264142
0.283607
0.304118
0.325819
0.348871
0.373465
0.399823
0.428206
0.458921
0.492331
0.528874
0.569074
0.613568
0.663138
0.718758
0.781649
0.853365
0.935918
1.03195
1.14503
1.28002
1.4438
1.64633
1.90247
2.23502
2.6804
3.29914
4.18749
5.47578
7.39615
10.6234
15.4697
-23.9395
-12.1244
-6.50762
-4.2231
-3.01253
-2.27865
-1.81286
-1.49739
-1.26971
-1.09777
-0.963683
-0.8565
-0.769134
-0.696766
-0.635989
-0.584315
-0.539887
-0.501285
-0.467408
-0.437392
-0.410547
-0.386321
-0.364264
-0.344012
-0.325264
-0.307771
-0.291327
-0.275762
-0.260932
-0.246719
-0.233022
-0.219756
-0.20685
-0.194243
-0.181885
-0.169731
-0.157745
-0.145897
-0.134158
-0.122507
-0.110923
-0.0993879
-0.0878842
-0.0763975
-0.0649147
-0.0534239
-0.0419133
-0.0303711
-0.0187846
-0.00714093
0.00457286
0.0163699
0.0282639
0.0402699
0.0524044
0.064686
0.0771349
0.0897731
0.102625
0.115716
0.129075
0.142735
0.156732
0.17111
0.185914
0.201197
0.21702
0.233451
0.250566
0.268453
0.287214
0.306965
0.327841
0.349997
0.373614
0.398906
0.42612
0.455551
0.487548
0.52253
0.561001
0.603575
0.65101
0.70425
0.764484
0.833238
0.912499
1.00491
1.11409
1.24512
1.40542
1.60638
1.86652
2.2186
2.72612
3.51002
4.7885
7.16885
12.903
24.8413
)
;

boundaryField
{
    movingWall
    {
        type            zeroGradient;
    }
    fixedWalls
    {
        type            zeroGradient;
    }
    frontAndBack
    {
        type            empty;
    }
}


// ************************************************************************* //
