/*--------------------------------*- C++ -*----------------------------------*\
| =========                 |                                                 |
| \\      /  F ield         | OpenFOAM: The Open Source CFD Toolbox           |
|  \\    /   O peration     | Version:  2212                                  |
|   \\  /    A nd           | Website:  www.openfoam.com                      |
|    \\/     M anipulation  |                                                 |
\*---------------------------------------------------------------------------*/
FoamFile
{
    version     2.0;
    format      ascii;
    arch        "LSB;label=32;scalar=64";
    class       volScalarField;
    location    "0.0075";
    object      p;
}
// * * * * * * * * * * * * * * * * * * * * * * * * * * * * * * * * * * * * * //

dimensions      [0 2 -2 0 0 0 0];

internalField   nonuniform List<scalar> 
10000
(
3.07718e-07
-7.37146e-05
-0.000329149
-0.000652253
-0.00105383
-0.00154629
-0.00209366
-0.00265247
-0.00318308
-0.00365273
-0.00403627
-0.00431441
-0.00447421
-0.00450645
-0.00440224
-0.00415596
-0.00376546
-0.00322733
-0.00253674
-0.00169124
-0.000690609
0.000462126
0.00176104
0.0032
0.00477523
0.00648364
0.00832036
0.0102795
0.0123567
0.0145483
0.0168497
0.0192557
0.0217607
0.0243589
0.0270446
0.0298129
0.032661
0.0355861
0.0385841
0.0416496
0.0447768
0.0479603
0.0511956
0.0544774
0.0578011
0.0611616
0.0645518
0.0679641
0.0713914
0.0748273
0.0782668
0.0817047
0.0851341
0.0885486
0.0919426
0.0953107
0.0986466
0.101944
0.105194
0.108392
0.111532
0.114609
0.117616
0.12055
0.123408
0.126188
0.128884
0.131493
0.13401
0.136431
0.138749
0.140961
0.143058
0.145034
0.146883
0.1486
0.15018
0.151621
0.152916
0.154059
0.155047
0.155874
0.156537
0.157038
0.157377
0.157556
0.15758
0.157453
0.157184
0.156779
0.156249
0.155607
0.154874
0.154079
0.153256
0.152448
0.151709
0.15111
0.150739
0.15065
0.000120237
0.000224648
0.000109468
-0.000110902
-0.000423056
-0.000820574
-0.00126369
-0.00171291
-0.00213512
-0.00250415
-0.0027964
-0.00299386
-0.00308488
-0.00305891
-0.00290782
-0.00262603
-0.00220852
-0.00165221
-0.000954898
-0.000113144
0.000875569
0.00201045
0.00328764
0.00470182
0.0062483
0.00792317
0.00972203
0.0116404
0.0136741
0.0158193
0.0180711
0.0204249
0.0228763
0.0254197
0.0280491
0.0307598
0.0335487
0.0364131
0.0393492
0.0423519
0.0454159
0.0485357
0.0517054
0.0549205
0.0581768
0.0614691
0.0647915
0.0681359
0.0714949
0.0748629
0.0782347
0.0816039
0.0849644
0.088311
0.0916376
0.0949384
0.0982075
0.101437
0.104621
0.107752
0.110826
0.113838
0.116782
0.119654
0.122452
0.125171
0.127809
0.130362
0.132824
0.135191
0.137458
0.139621
0.141673
0.143607
0.145416
0.147098
0.148648
0.150061
0.151333
0.152458
0.153434
0.154258
0.154928
0.155445
0.155812
0.15603
0.156104
0.15604
0.155847
0.155534
0.15511
0.154589
0.153992
0.153344
0.152677
0.152026
0.151435
0.150953
0.150646
0.15056
0.000600858
0.000732531
0.000656763
0.000469537
0.00019213
-0.000157394
-0.0005406
-0.000921381
-0.00127358
-0.00157391
-0.00180214
-0.00194326
-0.00198396
-0.00191527
-0.00173086
-0.00142287
-0.000985277
-0.000414729
0.000290917
0.00113387
0.00211584
0.00323812
0.00449873
0.00589331
0.00741714
0.00906555
0.0108343
0.0127201
0.0147198
0.0168286
0.0190418
0.0213548
0.0237633
0.0262623
0.0288462
0.0315111
0.0342536
0.0370703
0.0399574
0.04291
0.0459228
0.0489909
0.0521079
0.0552692
0.0584716
0.0617094
0.0649761
0.0682655
0.0715703
0.0748846
0.0782034
0.0815196
0.0848264
0.088119
0.0913927
0.0946407
0.0978559
0.101032
0.104162
0.10724
0.110262
0.113223
0.116118
0.118941
0.121692
0.124366
0.126959
0.129466
0.131884
0.134209
0.136436
0.138561
0.140577
0.142478
0.144258
0.145913
0.147439
0.148831
0.150085
0.151196
0.152163
0.152984
0.153661
0.154194
0.154584
0.154835
0.154949
0.154934
0.154799
0.154552
0.154204
0.153768
0.153264
0.152714
0.152145
0.151586
0.15107
0.150638
0.150331
0.150186
0.0014708
0.00148278
0.00134643
0.0011215
0.000827725
0.000484164
0.000124615
-0.0002238
-0.000536228
-0.000792838
-0.000979438
-0.00108082
-0.00108522
-0.000985673
-0.000775179
-0.000447355
3.85416e-06
0.000584221
0.00129698
0.00214328
0.0031237
0.00423849
0.00548658
0.00686539
0.00837072
0.00999753
0.0117419
0.0136013
0.0155727
0.0176517
0.0198338
0.0221143
0.0244882
0.0269504
0.0294965
0.0321235
0.0348284
0.0376067
0.0404541
0.0433657
0.0463358
0.0493595
0.0524322
0.055549
0.0587064
0.0618991
0.0651199
0.0683628
0.0716231
0.0748947
0.0781705
0.0814437
0.0847082
0.0879583
0.0911886
0.0943929
0.0975641
0.100695
0.103781
0.106817
0.109798
0.112719
0.115574
0.11836
0.121074
0.123712
0.126268
0.128739
0.131122
0.133413
0.135608
0.137703
0.139692
0.141567
0.143323
0.144957
0.146463
0.147838
0.149075
0.150175
0.151135
0.151958
0.152642
0.153189
0.153599
0.153877
0.154024
0.154047
0.153954
0.153756
0.153461
0.153083
0.152639
0.152149
0.151635
0.151119
0.150629
0.150195
0.14984
0.149579
0.00254758
0.00236401
0.00211359
0.00182018
0.00148716
0.0011307
0.000774715
0.000441595
0.000152522
-7.71455e-05
-0.000233679
-0.000305592
-0.000283915
-0.000160107
7.23342e-05
0.00041784
0.00088179
0.00147011
0.00218745
0.00303561
0.0040151
0.00512469
0.006363
0.00772822
0.00921678
0.0108245
0.0125481
0.0143845
0.0163306
0.0183826
0.0205368
0.0227884
0.0251315
0.0275612
0.0300742
0.0326675
0.0353382
0.0380821
0.040894
0.0437688
0.0467007
0.0496842
0.0527159
0.0557926
0.0589095
0.0620607
0.0652405
0.0684434
0.0716641
0.0748973
0.0781355
0.0813709
0.0845976
0.0878109
0.0910039
0.0941691
0.0973004
0.100393
0.103441
0.10644
0.109384
0.112269
0.115091
0.117845
0.120528
0.123134
0.125659
0.128098
0.13045
0.132712
0.134881
0.13695
0.138914
0.140766
0.142502
0.144116
0.145604
0.146962
0.148187
0.149277
0.150234
0.151058
0.151751
0.15231
0.152739
0.153038
0.153211
0.153265
0.153208
0.153048
0.152794
0.152459
0.152058
0.151607
0.151123
0.150623
0.150129
0.149666
0.149234
0.148828
0.00368455
0.00328526
0.00290189
0.00252633
0.00214131
0.00175598
0.00139048
0.0010607
0.000781115
0.000566841
0.000429576
0.000377171
0.000417331
0.000558107
0.000805938
0.00116575
0.00164186
0.00223858
0.00296023
0.00380944
0.00478701
0.00589202
0.00712263
0.00847627
0.00994993
0.0115409
0.0132466
0.0150636
0.0169882
0.0190174
0.0211472
0.0233727
0.0256886
0.0280904
0.0305752
0.0331399
0.0357807
0.0384939
0.0412745
0.0441163
0.047014
0.049963
0.0529594
0.0560003
0.0590813
0.0621962
0.0653397
0.0685082
0.0716959
0.0748955
0.0780998
0.0813024
0.0844971
0.0876777
0.0908377
0.0939697
0.0970674
0.100126
0.103142
0.106108
0.109021
0.111876
0.114669
0.117395
0.120051
0.122631
0.125129
0.127542
0.12987
0.132108
0.134253
0.136299
0.138241
0.140074
0.141791
0.143388
0.14486
0.146204
0.147419
0.148503
0.149458
0.150286
0.150985
0.151555
0.151997
0.152313
0.152508
0.152588
0.152559
0.152428
0.152205
0.1519
0.151526
0.151095
0.15062
0.150116
0.149599
0.14909
0.148565
0.148
0.00480814
0.0042012
0.00368218
0.0032197
0.00277196
0.00234643
0.00195944
0.00162053
0.00134053
0.00113148
0.00100269
0.000961467
0.0010141
0.00116616
0.00142381
0.00179304
0.00227812
0.0028825
0.00360882
0.00445947
0.00543529
0.00653603
0.00775978
0.00910354
0.0105649
0.0121417
0.0138319
0.0156321
0.0175393
0.01955
0.0216596
0.0238629
0.0261556
0.028534
0.0309951
0.0335359
0.0361521
0.0388391
0.0415925
0.0444061
0.0472741
0.0501937
0.0531615
0.0561727
0.0592226
0.062307
0.0654209
0.0685601
0.071719
0.0748902
0.0780658
0.0812398
0.0844067
0.08756
0.090692
0.0937955
0.0968653
0.0998967
0.102885
0.105825
0.108711
0.11154
0.114308
0.117011
0.119644
0.122202
0.124679
0.127072
0.12938
0.131599
0.133725
0.135752
0.137675
0.139489
0.141189
0.142772
0.144232
0.145566
0.146775
0.147856
0.148812
0.149642
0.150346
0.150923
0.151375
0.151705
0.151918
0.152018
0.152011
0.151902
0.151699
0.151411
0.151049
0.150623
0.150143
0.149619
0.149065
0.148496
0.147871
0.147148
0.00587507
0.00507877
0.00442988
0.00387725
0.00336281
0.0028904
0.00247143
0.00211408
0.00182571
0.00161312
0.00148426
0.00144662
0.00150531
0.0016644
0.00192899
0.00230454
0.00279542
0.00340507
0.00413543
0.00498763
0.00596229
0.00705914
0.00827632
0.00961149
0.0110629
0.0126284
0.0143056
0.0160921
0.0179852
0.0199809
0.0220742
0.0242597
0.0265337
0.0288935
0.0313354
0.033856
0.0364521
0.0391181
0.0418485
0.0446382
0.0474826
0.0503786
0.0533227
0.0563102
0.0593357
0.0623952
0.0654852
0.0686009
0.0717355
0.0748816
0.0780327
0.0811834
0.0843273
0.0874572
0.0905659
0.0936468
0.0966945
0.099704
0.10267
0.105587
0.108451
0.111258
0.114007
0.116691
0.119305
0.121846
0.124307
0.126686
0.12898
0.131184
0.133294
0.135305
0.137211
0.13901
0.140697
0.142268
0.14372
0.145049
0.146255
0.147337
0.148293
0.149125
0.149832
0.150414
0.150874
0.151216
0.151444
0.15156
0.151569
0.151474
0.151282
0.151
0.150639
0.150207
0.149709
0.149154
0.148554
0.147918
0.14719
0.146316
0.00685808
0.00589297
0.00512131
0.00448035
0.00389813
0.00337369
0.00291711
0.00253433
0.00222952
0.00200696
0.00187256
0.00183208
0.00189045
0.00205213
0.00232107
0.00270118
0.00319631
0.00380934
0.00454243
0.00539597
0.00636987
0.00746315
0.0086744
0.0100024
0.0114456
0.013002
0.0146693
0.0164456
0.0183281
0.0203118
0.0223918
0.024564
0.026824
0.0291691
0.0315962
0.0341015
0.0366809
0.0393297
0.0420421
0.0448129
0.0476393
0.0505179
0.0534441
0.0564125
0.0594193
0.0624609
0.0655328
0.0686294
0.0717439
0.0748698
0.0780012
0.0811327
0.0842581
0.0873697
0.0904604
0.0935244
0.0965555
0.0995482
0.102497
0.105396
0.108242
0.111034
0.113767
0.116436
0.119037
0.121565
0.124016
0.126385
0.128669
0.130862
0.13296
0.134957
0.136851
0.138639
0.140317
0.141881
0.143328
0.144656
0.145862
0.146944
0.147902
0.148735
0.149445
0.150032
0.1505
0.150852
0.151092
0.15122
0.151238
0.151149
0.150959
0.150676
0.150307
0.149859
0.149335
0.148741
0.148088
0.147382
0.146553
0.145538
0.00773714
0.00662213
0.00573874
0.00501368
0.00436183
0.00378413
0.00328702
0.00287278
0.00254493
0.00230723
0.00216278
0.00211517
0.00216919
0.00232941
0.00259948
0.00298233
0.00348059
0.00409629
0.00483113
0.0056855
0.00665854
0.00774884
0.00895558
0.010278
0.0117145
0.0132639
0.0149246
0.016694
0.0185688
0.0205438
0.0226142
0.0247763
0.0270267
0.0293614
0.0317774
0.0342715
0.0368387
0.0394736
0.042172
0.04493
0.047744
0.0506102
0.0535235
0.0564789
0.059473
0.0625022
0.0655612
0.0686435
0.0717429
0.0748537
0.0779704
0.0810877
0.0841993
0.0872975
0.0903759
0.0934286
0.0964487
0.0994297
0.102366
0.105253
0.108088
0.110868
0.11359
0.11625
0.118842
0.121362
0.123806
0.12617
0.128446
0.130632
0.132721
0.13471
0.136596
0.138377
0.140051
0.141612
0.143057
0.144385
0.145592
0.146675
0.147634
0.14847
0.149183
0.149776
0.150252
0.150612
0.15086
0.150993
0.151014
0.150925
0.150731
0.150441
0.150058
0.149587
0.149031
0.148394
0.147684
0.146908
0.145983
0.144838
0.00849681
0.00725027
0.00626652
0.00546124
0.00474206
0.0041103
0.0035702
0.00312154
0.00276677
0.00250874
0.00234962
0.0022921
0.00233958
0.00249576
0.00276434
0.00314799
0.00364807
0.00426603
0.00500239
0.00585701
0.00682894
0.00791716
0.00912094
0.0104395
0.0118716
0.0134165
0.0150734
0.0168389
0.0187084
0.0206777
0.0227425
0.0248984
0.027142
0.0294704
0.0318797
0.034366
0.0369245
0.0395502
0.0422396
0.0449896
0.0477963
0.0506549
0.0535603
0.0565083
0.0594954
0.0625174
0.0655682
0.0686412
0.0717307
0.074832
0.0779396
0.0810478
0.0841504
0.0872405
0.0903119
0.0933584
0.0963724
0.0993467
0.102276
0.105157
0.107986
0.11076
0.113477
0.116132
0.118718
0.121235
0.123676
0.126035
0.128308
0.130489
0.132574
0.134559
0.136443
0.138223
0.139895
0.141455
0.142901
0.144229
0.145437
0.146522
0.147484
0.148324
0.149042
0.149642
0.150123
0.150489
0.150739
0.150874
0.150892
0.150799
0.150598
0.150295
0.149893
0.149395
0.148802
0.148118
0.147352
0.146508
0.145493
0.144229
0.00912834
0.00776485
0.00668919
0.00581121
0.00502804
0.00434117
0.00375669
0.00327269
0.00288889
0.00260703
0.00242981
0.00235972
0.00239876
0.00254962
0.00281527
0.00319803
0.00369894
0.00431844
0.00505606
0.00591081
0.00688196
0.00796915
0.00917128
0.0104875
0.0119179
0.0134617
0.015117
0.0168807
0.0187481
0.0207148
0.022777
0.0249305
0.0271716
0.0294971
0.0319035
0.0343859
0.0369396
0.0395608
0.0422467
0.0449938
0.0477974
0.0506526
0.0535549
0.0565006
0.0594859
0.0625055
0.0655528
0.0686215
0.0717069
0.0748044
0.077908
0.081012
0.0841107
0.0871978
0.090267
0.0933119
0.0963242
0.0992966
0.102225
0.105105
0.107934
0.110709
0.113425
0.116078
0.118664
0.12118
0.12362
0.125978
0.12825
0.130431
0.132517
0.134504
0.13639
0.138172
0.139846
0.141407
0.142853
0.144182
0.145393
0.146482
0.147449
0.148294
0.149019
0.149624
0.15011
0.150478
0.150727
0.150858
0.150872
0.150771
0.15056
0.150241
0.149817
0.149288
0.148656
0.147924
0.147101
0.146193
0.145095
0.143724
0.00962535
0.00815579
0.0069968
0.0060522
0.00520845
0.00446816
0.00383892
0.00331831
0.00290437
0.00259779
0.00240072
0.00231571
0.00234463
0.00248915
0.00275104
0.00313195
0.00363294
0.00425304
0.00499125
0.00584652
0.00681793
0.00790491
0.0091068
0.0104231
0.0118542
0.0133995
0.0150559
0.0168199
0.0186878
0.0206554
0.0227183
0.0248728
0.0271155
0.0294425
0.0318496
0.0343319
0.0368856
0.0395077
0.0421953
0.044944
0.0477486
0.0506046
0.0535087
0.056457
0.0594448
0.0624662
0.0655147
0.0685848
0.071672
0.0747711
0.0778758
0.0809805
0.0840804
0.0871694
0.090241
0.0932884
0.0963032
0.099279
0.102212
0.105098
0.107933
0.110713
0.113433
0.11609
0.118678
0.121196
0.123639
0.126
0.128274
0.130459
0.132551
0.134546
0.136439
0.138226
0.139903
0.141466
0.142915
0.144249
0.145464
0.146559
0.147532
0.148384
0.149116
0.149726
0.150213
0.150579
0.150825
0.150952
0.15096
0.15085
0.150624
0.150286
0.149835
0.149273
0.148601
0.147822
0.146945
0.145975
0.1448
0.143332
0.00998121
0.00841746
0.00718176
0.00617357
0.00527407
0.00448386
0.00381036
0.00325222
0.00280774
0.00247645
0.00225914
0.00215817
0.00217566
0.00231268
0.00257015
0.0029488
0.00344879
0.00406875
0.00480717
0.00566324
0.00663597
0.00772394
0.00892711
0.0102462
0.0116808
0.0132291
0.0148887
0.016656
0.0185273
0.0204987
0.0225659
0.0247254
0.0269736
0.0293061
0.0317178
0.0342048
0.0367639
0.0393923
0.0420862
0.0448404
0.0476502
0.0505119
0.0534224
0.0563776
0.0593719
0.0623996
0.0654547
0.068532
0.0716267
0.0747329
0.0778439
0.0809547
0.0840611
0.0871571
0.0902356
0.0932898
0.0963121
0.0992968
0.10224
0.105138
0.107984
0.110774
0.113504
0.116168
0.118764
0.121288
0.123737
0.126104
0.128385
0.130579
0.132683
0.134688
0.13659
0.138385
0.140068
0.141637
0.143092
0.144432
0.145655
0.146758
0.147738
0.148597
0.149333
0.149945
0.150433
0.150796
0.151039
0.15116
0.15116
0.151038
0.150796
0.150436
0.149957
0.14936
0.148648
0.147823
0.146895
0.145866
0.14462
0.143064
0.0101909
0.00854409
0.00723741
0.00616975
0.00521764
0.00438051
0.00366501
0.00307009
0.00259488
0.00223872
0.0020015
0.00188457
0.00188983
0.00201839
0.00227074
0.00264655
0.00314442
0.00376366
0.00450277
0.00536001
0.0063343
0.00742499
0.00863214
0.00995605
0.0113958
0.0129494
0.0146143
0.0163875
0.0182652
0.0202435
0.0223187
0.0244873
0.0267447
0.029086
0.0315068
0.0340036
0.0365737
0.0392133
0.0419177
0.0446817
0.0475013
0.0503735
0.0532952
0.0562615
0.0592667
0.0623056
0.0653731
0.0684635
0.0715713
0.0746902
0.0778131
0.080936
0.0840548
0.087163
0.0902533
0.0933193
0.0963545
0.0993538
0.102313
0.105228
0.108089
0.110894
0.113638
0.116316
0.118924
0.121459
0.123918
0.126296
0.128589
0.130797
0.132914
0.134933
0.136846
0.138651
0.140343
0.141922
0.143386
0.144736
0.145968
0.147078
0.148064
0.148928
0.149668
0.150281
0.150768
0.151129
0.151367
0.151482
0.151472
0.151336
0.151075
0.150691
0.150184
0.149553
0.148803
0.147934
0.146956
0.145873
0.144563
0.142927
0.0102503
0.00852923
0.00715963
0.00603658
0.0050337
0.00415209
0.00339737
0.00276762
0.00226211
0.00188104
0.00162395
0.00149113
0.0014841
0.00160381
0.00184988
0.0022215
0.00271721
0.00333572
0.0040755
0.0049346
0.00591175
0.00700701
0.0082204
0.00955109
0.0109977
0.0125586
0.0142313
0.0160128
0.0178996
0.0198884
0.0219753
0.0241563
0.0264262
0.0287802
0.0312147
0.0337267
0.0363127
0.0389678
0.0416868
0.0444652
0.0472998
0.0501876
0.053125
0.0561068
0.0591278
0.0621837
0.0652695
0.0683787
0.071505
0.074642
0.0777832
0.0809245
0.0840617
0.0871876
0.0902951
0.0933787
0.0964325
0.0994519
0.102432
0.105367
0.108249
0.111073
0.113836
0.116532
0.119158
0.12171
0.124184
0.126578
0.128887
0.131112
0.133244
0.135277
0.137204
0.139021
0.140727
0.142319
0.143796
0.145157
0.146398
0.147515
0.148507
0.149374
0.150117
0.150731
0.151218
0.151577
0.15181
0.151917
0.151895
0.151743
0.151462
0.151055
0.150519
0.149857
0.14907
0.14816
0.147136
0.146003
0.144633
0.142924
0.0101567
0.0083695
0.00694365
0.00576969
0.00471898
0.00379455
0.00300253
0.00234007
0.00180551
0.00139955
0.00112242
0.000973827
0.000954315
0.00106445
0.00130349
0.00167009
0.0021635
0.0027817
0.00352249
0.00438433
0.00536645
0.00646854
0.00768977
0.00902878
0.0104843
0.0120547
0.0137377
0.0155303
0.0174294
0.019432
0.021534
0.0237303
0.026016
0.0283869
0.03084
0.0333719
0.0359779
0.0386524
0.0413906
0.0441887
0.0470436
0.049952
0.0529096
0.0559118
0.0589541
0.0620329
0.0651426
0.0682756
0.0714256
0.0745866
0.0777523
0.0809184
0.0840798
0.087229
0.0903595
0.0934666
0.0965447
0.0995888
0.102594
0.105553
0.108458
0.111306
0.114094
0.116815
0.119464
0.122038
0.124533
0.126947
0.129277
0.13152
0.13367
0.135719
0.137662
0.139496
0.141219
0.142828
0.14432
0.145693
0.146943
0.148067
0.149065
0.149937
0.150683
0.1513
0.151787
0.152143
0.152371
0.152468
0.152433
0.152264
0.151964
0.151533
0.150972
0.150279
0.149458
0.148509
0.147442
0.146261
0.144836
0.14306
0.00991222
0.00806367
0.00658529
0.00536508
0.00427026
0.00330493
0.00247654
0.00178251
0.0012204
0.000790118
0.000492581
0.000327926
0.000295561
0.000395195
0.000626576
0.000988543
0.0014796
0.0020976
0.00284049
0.00370697
0.00469619
0.00580688
0.00703739
0.00838654
0.00985322
0.0114357
0.0131316
0.0149385
0.0168536
0.0188736
0.0209935
0.0232081
0.0255133
0.0279056
0.0303821
0.0329379
0.0355676
0.0382657
0.0410281
0.0438514
0.0467319
0.0496655
0.0526483
0.0556763
0.0587459
0.0618528
0.064991
0.0681526
0.0713314
0.0745221
0.0777184
0.0809152
0.0841064
0.0872847
0.0904443
0.0935808
0.0966885
0.0997615
0.102795
0.105781
0.108715
0.111592
0.11441
0.117161
0.119839
0.122441
0.124964
0.127403
0.129756
0.132021
0.134192
0.136261
0.138224
0.140079
0.141823
0.143451
0.14496
0.146345
0.147605
0.148738
0.149743
0.150623
0.151375
0.151996
0.152482
0.152835
0.153055
0.153142
0.153093
0.152909
0.15259
0.152138
0.151551
0.15083
0.149976
0.148991
0.147882
0.146656
0.145179
0.143339
0.00951972
0.00761139
0.00608301
0.00481957
0.00368368
0.0026797
0.00181596
0.00109076
0.000501717
4.80029e-05
-0.000269875
-0.000451632
-0.000497742
-0.000408723
-0.000185026
0.000172459
0.000661457
0.00128011
0.00202686
0.00290011
0.00389806
0.00501866
0.0062603
0.00762195
0.00910234
0.0106996
0.0124118
0.0142368
0.0161718
0.0182122
0.020353
0.0225897
0.0249189
0.0273374
0.0298411
0.0324243
0.0350816
0.0378082
0.0406004
0.0434542
0.0463652
0.049329
0.0523423
0.0554022
0.0585044
0.0616443
0.0648154
0.0680102
0.0712233
0.0744494
0.0776819
0.0809146
0.0841412
0.0873545
0.0905491
0.0937206
0.0968626
0.0999686
0.103034
0.106052
0.109019
0.111931
0.114784
0.117571
0.120284
0.12292
0.125475
0.127944
0.130326
0.132617
0.134812
0.136906
0.138894
0.140774
0.142541
0.14419
0.145715
0.147115
0.148387
0.149532
0.150548
0.151438
0.152197
0.152821
0.153306
0.153655
0.153868
0.153945
0.153884
0.153685
0.153348
0.152874
0.152263
0.151515
0.15063
0.149609
0.148461
0.147192
0.145664
0.143766
0.00897832
0.00701322
0.00543658
0.00413075
0.00295555
0.001915
0.00101705
0.000260977
-0.000354952
-0.00083191
-0.00117021
-0.00136966
-0.00143005
-0.00135158
-0.00113514
-0.000782071
-0.000294172
0.000326977
0.0010795
0.00196099
0.00296885
0.004101
0.00535604
0.00673272
0.00822953
0.00984495
0.0115775
0.0134248
0.015383
0.0174471
0.0196126
0.0218759
0.0242339
0.0266827
0.0292172
0.0318316
0.0345211
0.0372817
0.0401091
0.0429983
0.0459448
0.0489444
0.0519946
0.0550922
0.0582324
0.06141
0.0646187
0.0678519
0.0711049
0.074372
0.0776456
0.0809192
0.0841866
0.0874407
0.0906761
0.0938877
0.0970684
0.100212
0.103314
0.10637
0.109375
0.112327
0.11522
0.118046
0.120799
0.123474
0.126067
0.128573
0.130988
0.13331
0.135535
0.137658
0.139675
0.141582
0.143373
0.145042
0.146586
0.148003
0.149291
0.15045
0.151481
0.152381
0.153148
0.153774
0.154259
0.154604
0.154812
0.154881
0.154808
0.154594
0.154238
0.153743
0.153108
0.152333
0.151418
0.150364
0.149178
0.147867
0.146292
0.144336
0.00828633
0.00626758
0.00464458
0.00329713
0.00208281
0.00100677
7.58616e-05
-0.000710723
-0.00135374
-0.00185443
-0.00221352
-0.00243051
-0.00250478
-0.0024367
-0.00222713
-0.00187751
-0.00138894
-0.000763369
-3.65559e-06
0.000887072
0.00190621
0.00305197
0.00432273
0.00571694
0.0072334
0.00887104
0.0106281
0.0125013
0.0144859
0.0165775
0.0187723
0.0210672
0.0234584
0.0259411
0.02851
0.0311601
0.0338872
0.0366872
0.0395548
0.0424846
0.0454722
0.048514
0.0516074
0.0547487
0.0579322
0.0611526
0.0644044
0.067682
0.0709806
0.0742937
0.0776132
0.0809325
0.0842458
0.0875462
0.0908275
0.0940838
0.0973078
0.100494
0.103638
0.106737
0.109786
0.112782
0.115718
0.118589
0.121386
0.124105
0.126741
0.129288
0.131742
0.134102
0.136362
0.138519
0.140566
0.142501
0.144317
0.146009
0.147573
0.14901
0.150318
0.151496
0.152542
0.153454
0.154228
0.154858
0.155344
0.155688
0.155892
0.155954
0.155869
0.155639
0.155265
0.154748
0.15409
0.153288
0.152344
0.151256
0.150033
0.148682
0.14706
0.14505
0.00744328
0.00537163
0.00370402
0.00231635
0.00106268
-4.90417e-05
-0.00101186
-0.0018283
-0.00249886
-0.00302384
-0.00340349
-0.00363737
-0.00372497
-0.00366658
-0.00346284
-0.00311466
-0.00262354
-0.00199232
-0.0012245
-0.00032326
0.000709008
0.00187041
0.00315908
0.0045737
0.00611358
0.00777745
0.0095625
0.0114645
0.013479
0.0156025
0.0178315
0.0201624
0.0225906
0.0251108
0.0277185
0.0304097
0.0331799
0.0360243
0.0389369
0.0419126
0.0449475
0.0480382
0.0511812
0.0543718
0.0576041
0.0608733
0.0641747
0.0675028
0.0708524
0.0742163
0.0775863
0.0809561
0.0843204
0.0876718
0.0910037
0.0943093
0.0975815
0.100815
0.104008
0.107156
0.110254
0.113297
0.116282
0.1192
0.122045
0.124812
0.127497
0.130091
0.13259
0.134992
0.137293
0.139486
0.141568
0.143532
0.145376
0.147093
0.148682
0.150143
0.151474
0.152672
0.153735
0.154659
0.155441
0.156077
0.156567
0.156914
0.157116
0.15717
0.157074
0.156827
0.156434
0.155896
0.155213
0.154385
0.15341
0.152288
0.151029
0.149638
0.147971
0.145908
0.00644899
0.00432363
0.00261145
0.00118475
-0.000107385
-0.00125525
-0.00225035
-0.00309644
-0.00379438
-0.00434327
-0.0047428
-0.00499284
-0.00509299
-0.00504278
-0.00484276
-0.00449403
-0.00399913
-0.00336141
-0.00258432
-0.00167089
-0.000623601
0.000555393
0.00186449
0.00330295
0.00486993
0.00656311
0.0083787
0.0103125
0.012361
0.014521
0.0167887
0.0191592
0.0216278
0.0241898
0.0268416
0.0295792
0.0323974
0.0352906
0.0382533
0.0412807
0.0443693
0.047515
0.0507134
0.0539589
0.0572461
0.0605708
0.0639285
0.0673131
0.0707189
0.0741383
0.0775634
0.0809888
0.0844088
0.0878159
0.0912028
0.0945627
0.0978891
0.101178
0.104426
0.107628
0.110779
0.113874
0.11691
0.11988
0.122778
0.125599
0.128336
0.130982
0.133532
0.135982
0.138326
0.14056
0.142678
0.144676
0.14655
0.148297
0.149916
0.151404
0.15276
0.15398
0.15506
0.155998
0.156791
0.157437
0.157936
0.158286
0.158487
0.158534
0.158425
0.158162
0.15775
0.157191
0.156484
0.155628
0.154622
0.153467
0.15217
0.150741
0.14903
0.146913
0.00530331
0.00312263
0.00136453
-0.000100852
-0.0014304
-0.00261482
-0.00364343
-0.00451921
-0.00524357
-0.00581546
-0.00623422
-0.00649947
-0.00661038
-0.00656632
-0.00636801
-0.00601752
-0.00551792
-0.00487249
-0.00408453
-0.00315717
-0.00209306
-0.000894094
0.000438684
0.00190443
0.00350128
0.00522592
0.00707459
0.00904393
0.0111308
0.0133315
0.0156412
0.0180548
0.0205679
0.0231769
0.0258781
0.0286667
0.0315371
0.0344837
0.0375017
0.0405867
0.0437348
0.046941
0.0502
0.0535063
0.056855
0.0602421
0.0636625
0.0671093
0.0705761
0.0740561
0.0775419
0.0810279
0.0845084
0.0879756
0.0914224
0.0948424
0.0982298
0.10158
0.10489
0.108152
0.11136
0.114512
0.117604
0.120631
0.123588
0.126467
0.129261
0.131963
0.134567
0.137069
0.139462
0.14174
0.143898
0.145934
0.147844
0.149626
0.151277
0.152795
0.154177
0.155419
0.156518
0.157473
0.158282
0.158942
0.15945
0.159805
0.160004
0.160044
0.159923
0.159645
0.159215
0.158634
0.157902
0.157018
0.155981
0.154791
0.153458
0.15199
0.150235
0.148065
0.00400536
0.00176811
-3.76808e-05
-0.00154318
-0.00291041
-0.00413143
-0.00519392
-0.00609931
-0.00684941
-0.00744359
-0.00788061
-0.00815938
-0.00827894
-0.00823936
-0.00804176
-0.00768874
-0.00718324
-0.00652846
-0.00572793
-0.00478485
-0.00370156
-0.00247944
-0.00111961
0.000376061
0.00200475
0.00376315
0.00564831
0.00765732
0.00978652
0.0120312
0.0143861
0.0168468
0.0194095
0.0220707
0.024826
0.0276699
0.0305967
0.0336017
0.0366805
0.0398287
0.0430414
0.0463128
0.0496377
0.0530111
0.056428
0.0598839
0.0633728
0.0668871
0.0704205
0.0739667
0.0775188
0.081071
0.0846168
0.0881489
0.091661
0.0951477
0.098603
0.102022
0.105399
0.108726
0.111999
0.115213
0.118368
0.121458
0.124477
0.127419
0.130275
0.133036
0.135698
0.138254
0.1407
0.143026
0.14523
0.147309
0.14926
0.15108
0.152767
0.154317
0.155726
0.156992
0.158114
0.15909
0.159918
0.160593
0.161111
0.16147
0.161667
0.161701
0.16157
0.161279
0.160831
0.160228
0.15947
0.158557
0.157488
0.156264
0.154894
0.153389
0.151588
0.149364
0.0025528
0.000258623
-0.00159642
-0.00314471
-0.00455096
-0.00580823
-0.00690424
-0.00783936
-0.00861503
-0.00923065
-0.00968448
-0.00997514
-0.0101022
-0.0100663
-0.00986891
-0.00951237
-0.00899954
-0.00833389
-0.00751898
-0.00655773
-0.00545207
-0.00420345
-0.00281398
-0.00128645
0.000376321
0.00217181
0.00409751
0.00615002
0.00832468
0.0106164
0.0130205
0.0155333
0.018151
0.0208693
0.0236831
0.0265867
0.0295748
0.0326437
0.0357889
0.0390052
0.042287
0.0456287
0.0490254
0.0524723
0.0559636
0.059494
0.0630565
0.0666438
0.0702497
0.0738682
0.0774925
0.0811163
0.0847327
0.0883351
0.0919188
0.0954788
0.0990086
0.102502
0.105952
0.109351
0.112695
0.115979
0.119204
0.122363
0.125451
0.128459
0.13138
0.134204
0.136927
0.139543
0.142044
0.144425
0.146679
0.148806
0.150802
0.152664
0.154389
0.155973
0.157413
0.158707
0.159856
0.160856
0.161705
0.162395
0.162923
0.163287
0.163485
0.163514
0.163376
0.163072
0.162607
0.161982
0.161197
0.160254
0.159152
0.157893
0.156487
0.154942
0.153095
0.150816
0.000942357
-0.00140905
-0.00331409
-0.00490711
-0.00635394
-0.00764777
-0.00877734
-0.00974243
-0.0105434
-0.0111793
-0.0116489
-0.0119509
-0.0120855
-0.012053
-0.0118551
-0.0114939
-0.0109724
-0.0102943
-0.00946262
-0.00848011
-0.00734883
-0.00607118
-0.00465014
-0.00308848
-0.00138828
0.000448354
0.00241838
0.00451745
0.00674061
0.00908332
0.0115417
0.014112
0.0167898
0.0195699
0.0224467
0.0254151
0.0284706
0.0316091
0.0348259
0.038115
0.041471
0.0448886
0.0483633
0.0518897
0.0554609
0.0590706
0.0627119
0.0663779
0.0700627
0.0737599
0.0774622
0.0811631
0.084856
0.0885352
0.092197
0.0958367
0.099447
0.10302
0.10655
0.110028
0.11345
0.116814
0.120116
0.123351
0.126512
0.129591
0.13258
0.135471
0.13826
0.14094
0.143503
0.145941
0.148251
0.150431
0.152476
0.154382
0.156148
0.15777
0.159245
0.160573
0.161752
0.162779
0.163649
0.164355
0.164894
0.165264
0.165464
0.165492
0.165347
0.165032
0.164549
0.163902
0.163091
0.162117
0.160983
0.159688
0.158243
0.156656
0.154761
0.152423
-0.00082803
-0.00323819
-0.00519358
-0.00683215
-0.00832133
-0.00965302
-0.0108165
-0.0118115
-0.0126373
-0.0132932
-0.0137785
-0.0140924
-0.0142345
-0.0142051
-0.0140059
-0.013639
-0.0131076
-0.0124147
-0.0115635
-0.0105568
-0.00939764
-0.00808911
-0.00663424
-0.0050351
-0.0032934
-0.00141184
0.000605585
0.00275422
0.00502971
0.0074284
0.00994654
0.0125796
0.0153223
0.0181688
0.0211141
0.0241535
0.0272825
0.0304964
0.0337899
0.0371572
0.0405933
0.0440931
0.0476517
0.0512629
0.0549187
0.0586125
0.062338
0.066089
0.0698593
0.0736414
0.0774277
0.0812117
0.0849875
0.0887505
0.0924971
0.0962223
0.0999185
0.103578
0.107193
0.110758
0.114267
0.117717
0.121104
0.124421
0.127661
0.130815
0.133878
0.136841
0.139701
0.142449
0.145078
0.147579
0.149949
0.152185
0.154282
0.156237
0.158048
0.159713
0.161229
0.162594
0.163806
0.16486
0.165751
0.166474
0.167026
0.167406
0.167611
0.167638
0.167487
0.16716
0.166661
0.165992
0.165154
0.16415
0.162981
0.161649
0.160164
0.158533
0.156587
0.154187
-0.00275836
-0.0052309
-0.00723819
-0.0089231
-0.0104563
-0.0118274
-0.0130252
-0.0140498
-0.0149009
-0.0155775
-0.0160792
-0.0164052
-0.0165547
-0.0165281
-0.0163267
-0.015953
-0.0154096
-0.0146996
-0.0138263
-0.0127935
-0.0116048
-0.0102632
-0.0087712
-0.00713053
-0.00534356
-0.00341398
-0.00134617
0.000855846
0.00318861
0.00564868
0.00823167
0.0109321
0.0137444
0.0166629
0.019683
0.0227998
0.0260083
0.0293031
0.0326788
0.0361305
0.0396533
0.0432416
0.0468898
0.0505905
0.0543357
0.0581189
0.0619345
0.0657767
0.0696388
0.073512
0.0773885
0.0812622
0.0851281
0.0889818
0.0928196
0.0966359
0.100423
0.104174
0.107882
0.111541
0.115144
0.118688
0.122166
0.125571
0.128895
0.132131
0.135273
0.138314
0.14125
0.144072
0.146771
0.149339
0.151772
0.154068
0.156222
0.158232
0.160093
0.161806
0.163366
0.164771
0.166017
0.1671
0.168015
0.168757
0.169325
0.169716
0.169926
0.169954
0.169797
0.169459
0.168944
0.168253
0.167389
0.166353
0.165149
0.163778
0.162249
0.160572
0.158571
0.156105
-0.00484899
-0.00738927
-0.00945175
-0.0111844
-0.0127628
-0.0141745
-0.0154073
-0.0164623
-0.0173396
-0.0180381
-0.0185568
-0.0188947
-0.0190512
-0.0190265
-0.0188218
-0.0184395
-0.017882
-0.0171528
-0.016256
-0.0151958
-0.0139755
-0.0125977
-0.0110645
-0.00937854
-0.0075432
-0.00556259
-0.00344056
-0.00118028
0.00121504
0.00374144
0.00639372
0.00916612
0.0120532
0.0150498
0.018151
0.0213512
0.0246448
0.0280262
0.0314907
0.0350335
0.0386497
0.0423327
0.0460754
0.0498705
0.0537103
0.057589
0.061501
0.0654405
0.0694001
0.0733707
0.077344
0.0813145
0.0852776
0.089229
0.0931641
0.0970771
0.100961
0.10481
0.108617
0.112377
0.116081
0.119724
0.123299
0.126798
0.130212
0.133537
0.136766
0.139892
0.142911
0.145811
0.148585
0.151224
0.153725
0.156087
0.158303
0.160372
0.16229
0.164054
0.165661
0.167107
0.16839
0.169505
0.170447
0.171212
0.171798
0.1722
0.172416
0.172444
0.172283
0.171935
0.171404
0.170692
0.1698
0.168731
0.16749
0.166077
0.164502
0.162775
0.160715
0.158179
-0.00710289
-0.00971644
-0.0118382
-0.0136204
-0.0152449
-0.0166986
-0.0179682
-0.0190553
-0.01996
-0.0206809
-0.0212165
-0.0215659
-0.0217286
-0.0217045
-0.0214948
-0.0211019
-0.0205287
-0.0197792
-0.0188578
-0.0177682
-0.0165133
-0.0150954
-0.0135175
-0.0117831
-0.00989625
-0.00786067
-0.0056795
-0.0033557
-0.000892957
0.00170405
0.00442994
0.00727927
0.010247
0.0133277
0.0165156
0.0198046
0.0231889
0.0266634
0.0302235
0.0338645
0.0375805
0.0413635
0.045206
0.0491008
0.0530413
0.0570217
0.0610365
0.0650791
0.0691421
0.0732162
0.0772935
0.0813684
0.0854359
0.0894915
0.0935305
0.0975467
0.101534
0.105488
0.109401
0.113268
0.117079
0.120827
0.124504
0.128103
0.131616
0.135038
0.138361
0.141579
0.144685
0.14767
0.150523
0.153239
0.155815
0.158247
0.160533
0.162666
0.164644
0.166463
0.168119
0.16961
0.170933
0.172083
0.173056
0.173846
0.17445
0.174864
0.175087
0.175116
0.174951
0.174595
0.174047
0.173312
0.172391
0.171289
0.170008
0.168551
0.166927
0.165146
0.163024
0.160413
-0.00952478
-0.0122161
-0.014401
-0.0162355
-0.0179079
-0.0194056
-0.0207146
-0.0218354
-0.0227682
-0.0235115
-0.0240637
-0.0244238
-0.0245913
-0.0245661
-0.0243497
-0.0239448
-0.023355
-0.0225844
-0.0216366
-0.0205149
-0.0192218
-0.0177603
-0.0161344
-0.0143485
-0.0124061
-0.0103105
-0.00806478
-0.00567255
-0.0031381
-0.000466198
0.00233819
0.00527003
0.00832408
0.0114943
0.0147742
0.0181572
0.0216382
0.0252126
0.0288754
0.032621
0.0364423
0.040331
0.0442791
0.0482799
0.0523274
0.056416
0.0605396
0.0646914
0.0688638
0.0730482
0.077237
0.0814239
0.0856032
0.0897701
0.0939202
0.0980475
0.102146
0.106212
0.110238
0.114217
0.11814
0.121998
0.125784
0.12949
0.13311
0.136636
0.140061
0.143377
0.146577
0.14965
0.152589
0.155389
0.158046
0.160556
0.162916
0.165117
0.167158
0.169035
0.170744
0.172284
0.17365
0.17484
0.175845
0.176661
0.177283
0.17771
0.17794
0.177972
0.177804
0.177437
0.176873
0.176114
0.175164
0.174027
0.172706
0.171202
0.169526
0.167688
0.165502
0.162813
-0.0121197
-0.0148924
-0.0171441
-0.0190347
-0.0207581
-0.0223026
-0.023653
-0.0248088
-0.0257703
-0.0265359
-0.0271041
-0.0274738
-0.0276444
-0.0276167
-0.0273925
-0.0269751
-0.0263679
-0.0255745
-0.0245977
-0.0234405
-0.022106
-0.020598
-0.0189212
-0.0170795
-0.0150764
-0.0129152
-0.0105999
-0.00813479
-0.00552418
-0.00277236
0.000116192
0.0031363
0.00628205
0.00954677
0.0129236
0.0164066
0.0199907
0.0236717
0.0274436
0.0312996
0.0352319
0.0392321
0.0432925
0.0474064
0.0515677
0.0557709
0.0600095
0.0642768
0.0685655
0.0728674
0.0771752
0.0814818
0.0857807
0.0900667
0.0943358
0.0985826
0.102801
0.106987
0.111131
0.115228
0.119268
0.123243
0.127144
0.130965
0.134698
0.138335
0.141868
0.145287
0.148585
0.151754
0.154786
0.157676
0.160421
0.163016
0.165453
0.167727
0.169835
0.171773
0.17354
0.175134
0.176549
0.177779
0.178817
0.179658
0.1803
0.180741
0.180981
0.181016
0.180845
0.180467
0.179885
0.179102
0.178122
0.17695
0.175587
0.174034
0.172304
0.170408
0.168153
0.165382
-0.0148925
-0.0177505
-0.0200728
-0.0220237
-0.0238022
-0.0253958
-0.0267892
-0.0279815
-0.0289723
-0.0297601
-0.0303437
-0.0307218
-0.0308946
-0.0308636
-0.0306314
-0.0302008
-0.0295749
-0.0287562
-0.0277475
-0.026552
-0.0251735
-0.0236161
-0.0218842
-0.0199817
-0.0179122
-0.0156803
-0.0132908
-0.010748
-0.00805592
-0.00521821
-0.00223945
0.00087451
0.00411702
0.0074813
0.0109609
0.0145502
0.0182442
0.022038
0.025925
0.0298971
0.0339465
0.038065
0.042245
0.0464794
0.0507616
0.0550858
0.059446
0.0638358
0.0682481
0.0726749
0.0771088
0.0815424
0.0859686
0.0903821
0.0947787
0.0991533
0.1035
0.107812
0.112081
0.116301
0.120464
0.124562
0.128586
0.132528
0.13638
0.140134
0.143778
0.147306
0.15071
0.153981
0.157114
0.160102
0.162942
0.165626
0.168146
0.170498
0.172678
0.174684
0.176516
0.178167
0.179633
0.180906
0.181978
0.182847
0.183511
0.18397
0.18422
0.184258
0.184081
0.183691
0.183092
0.182286
0.181277
0.180068
0.178661
0.177058
0.175272
0.173314
0.170987
0.168129
-0.0178486
-0.0207964
-0.0231933
-0.0252083
-0.0270454
-0.028691
-0.0301294
-0.0313596
-0.0323806
-0.0331907
-0.0337891
-0.0341753
-0.0343504
-0.0343162
-0.0340755
-0.0336305
-0.0329836
-0.0321371
-0.0310941
-0.0298581
-0.0284328
-0.0268221
-0.0250301
-0.0230612
-0.0209204
-0.0186132
-0.0161445
-0.0135185
-0.0107385
-0.00780843
-0.00473349
-0.00152018
0.00182454
0.00529429
0.00888323
0.0125856
0.0163959
0.0203085
0.0243162
0.0284109
0.0325842
0.0368282
0.0411353
0.0454976
0.0499078
0.0543598
0.0588485
0.0633684
0.0679119
0.0724709
0.0770376
0.0816049
0.086166
0.0907151
0.0952478
0.0997581
0.104239
0.108685
0.113086
0.117436
0.121729
0.125956
0.130109
0.134179
0.138156
0.142031
0.145793
0.149436
0.152953
0.156336
0.159577
0.16267
0.16561
0.168388
0.170998
0.173434
0.175694
0.177776
0.179676
0.18139
0.182908
0.184225
0.185335
0.186236
0.186926
0.187404
0.187664
0.187704
0.187522
0.187122
0.186506
0.185677
0.184637
0.18339
0.181939
0.180284
0.178438
0.176416
0.174011
0.171059
-0.0209931
-0.0240365
-0.0265119
-0.0285944
-0.0304936
-0.0321943
-0.0336801
-0.0349498
-0.0360018
-0.0368348
-0.0374485
-0.0378435
-0.0380214
-0.0379839
-0.0377335
-0.0372722
-0.0366021
-0.0357258
-0.0346463
-0.033367
-0.0318911
-0.0302222
-0.0283649
-0.0263249
-0.0241083
-0.0217209
-0.0191674
-0.0164515
-0.0135769
-0.0105482
-0.00737121
-0.00405266
-0.000599297
0.00298282
0.00668806
0.0105102
0.0144431
0.0184802
0.0226147
0.0268387
0.0311434
0.0355204
0.0399616
0.0444587
0.0490041
0.0535915
0.0582164
0.0628737
0.0675559
0.0722542
0.0769605
0.0816684
0.0863716
0.0910644
0.0957412
0.100395
0.105018
0.109603
0.114143
0.118632
0.123062
0.127427
0.131716
0.135919
0.140027
0.144028
0.147915
0.151681
0.155319
0.15882
0.162176
0.165381
0.168426
0.171305
0.174011
0.176539
0.178887
0.181051
0.183026
0.184803
0.186378
0.187743
0.188895
0.189831
0.19055
0.191047
0.191318
0.19136
0.191175
0.190765
0.190133
0.189281
0.188209
0.186923
0.185425
0.183714
0.181806
0.179713
0.177227
0.174173
-0.0243313
-0.0274766
-0.0300353
-0.0321888
-0.0341538
-0.035913
-0.0374486
-0.0387593
-0.039844
-0.0407013
-0.0413316
-0.0417364
-0.0419171
-0.0418755
-0.0416137
-0.041134
-0.0404389
-0.0395306
-0.0384119
-0.0370854
-0.035554
-0.0338218
-0.0318947
-0.0297794
-0.0274823
-0.025009
-0.0223641
-0.0195516
-0.0165759
-0.0134425
-0.0101573
-0.00672677
-0.00315745
0.00054445
0.00437287
0.00832116
0.0123825
0.0165504
0.0208182
0.0251785
0.029622
0.0341392
0.0387212
0.04336
0.048048
0.0527789
0.057548
0.0623505
0.0671787
0.0720234
0.0768768
0.0817326
0.0865853
0.0914293
0.0962576
0.101062
0.105834
0.110567
0.115254
0.11989
0.124466
0.128976
0.133407
0.137749
0.141993
0.146129
0.150148
0.154045
0.157812
0.161438
0.164915
0.168236
0.171393
0.17438
0.17719
0.179819
0.182262
0.184514
0.186565
0.188411
0.190045
0.191464
0.192664
0.19364
0.194388
0.194905
0.195187
0.195234
0.195047
0.194629
0.193981
0.193104
0.192
0.190672
0.189122
0.187352
0.185377
0.18321
0.180635
0.177474
-0.0278694
-0.0311235
-0.0337712
-0.0360001
-0.0380343
-0.0398553
-0.0414434
-0.0427973
-0.0439165
-0.0448001
-0.0454486
-0.0458635
-0.0460464
-0.0459992
-0.0457245
-0.0452249
-0.0445025
-0.0435592
-0.0423969
-0.0410181
-0.0394262
-0.0376263
-0.0356253
-0.0334302
-0.0310471
-0.0284816
-0.0257386
-0.0228231
-0.0197402
-0.0164957
-0.0130954
-0.00954549
-0.00585257
-0.00202365
0.00193445
0.00601494
0.0102111
0.0145166
0.0189248
0.0234282
0.0280173
0.0326814
0.037411
0.0421986
0.0470371
0.05192
0.056842
0.0617975
0.066779
0.0717777
0.0767859
0.0817976
0.0868075
0.0918098
0.0967967
0.101759
0.106688
0.111577
0.116419
0.12121
0.125941
0.130602
0.135182
0.139671
0.144059
0.148337
0.152498
0.156534
0.160435
0.164193
0.167796
0.17124
0.174516
0.17762
0.180543
0.18328
0.185824
0.188166
0.190299
0.192219
0.193921
0.1954
0.196651
0.197669
0.198449
0.198988
0.199285
0.19934
0.199153
0.198727
0.198061
0.197158
0.196018
0.194645
0.193041
0.191206
0.189157
0.186911
0.184242
0.180968
-0.0316159
-0.0349861
-0.0377289
-0.040038
-0.042145
-0.0440307
-0.0456742
-0.0470741
-0.0482301
-0.0491418
-0.0498093
-0.0502341
-0.0504184
-0.0503648
-0.0500759
-0.0495542
-0.0488012
-0.0478181
-0.0466069
-0.0451707
-0.0435136
-0.0416419
-0.0395624
-0.0372819
-0.0348067
-0.0321425
-0.0292954
-0.026271
-0.0230746
-0.019712
-0.0161891
-0.0125121
-0.00868821
-0.00472543
-0.000631186
0.00358797
0.00792597
0.0123764
0.0169322
0.0215856
0.0263265
0.031144
0.0360286
0.0409726
0.0459697
0.0510131
0.0560964
0.0612132
0.0663558
0.0715162
0.0766874
0.0818634
0.0870384
0.0922061
0.0973584
0.102486
0.10758
0.112633
0.11764
0.122594
0.127487
0.132307
0.137044
0.141687
0.146227
0.150657
0.154967
0.15915
0.163194
0.167089
0.170825
0.174399
0.177803
0.181032
0.184076
0.186926
0.189574
0.192013
0.194235
0.196236
0.198012
0.199556
0.200862
0.201924
0.202739
0.203305
0.20362
0.203685
0.2035
0.203066
0.202382
0.201451
0.200273
0.19885
0.197187
0.195283
0.193156
0.190825
0.188057
0.184662
-0.0355808
-0.0390742
-0.0419182
-0.0443122
-0.0464959
-0.0484497
-0.050152
-0.0516008
-0.0527958
-0.0537364
-0.0544234
-0.0548583
-0.055044
-0.0549832
-0.0546783
-0.054131
-0.0533426
-0.0523145
-0.0510492
-0.0495508
-0.0478243
-0.0458759
-0.0437122
-0.0413402
-0.0387663
-0.0359975
-0.0330404
-0.0299011
-0.0265845
-0.0230962
-0.0194427
-0.0156311
-0.0116694
-0.00756587
-0.00332837
0.00103685
0.00552426
0.0101273
0.0148381
0.0196479
0.0245471
0.0295251
0.0345722
0.0396811
0.044845
0.0500569
0.0553096
0.0605958
0.0659078
0.0712382
0.0765807
0.0819292
0.0872772
0.0926178
0.0979428
0.103243
0.10851
0.113736
0.118915
0.12404
0.129102
0.13409
0.138992
0.143798
0.1485
0.153091
0.15756
0.161897
0.16609
0.170129
0.174008
0.17772
0.181261
0.184621
0.187791
0.19076
0.193519
0.19606
0.198378
0.200468
0.202324
0.203937
0.205301
0.206411
0.207266
0.207863
0.208201
0.208278
0.208094
0.207652
0.206951
0.205989
0.204769
0.203294
0.201566
0.199588
0.197379
0.194958
0.192087
0.188564
-0.0397739
-0.0433978
-0.0463488
-0.048833
-0.0510979
-0.0531236
-0.0548878
-0.056388
-0.0576237
-0.0585947
-0.0593021
-0.0597482
-0.0599352
-0.0598658
-0.0595417
-0.0589646
-0.0581358
-0.0570578
-0.055734
-0.054169
-0.052368
-0.0503369
-0.0480825
-0.0456123
-0.0429338
-0.0400545
-0.0369813
-0.0337201
-0.0302756
-0.0266538
-0.0228621
-0.0189087
-0.014802
-0.0105504
-0.00616146
-0.00164179
0.00300307
0.00776629
0.0126393
0.0176128
0.0226773
0.0278232
0.0330411
0.0383232
0.0436618
0.0490497
0.0544796
0.0599437
0.0654337
0.0709428
0.0764648
0.0819937
0.0875225
0.0930437
0.098549
0.10403
0.109478
0.114885
0.120244
0.125547
0.130785
0.135948
0.141024
0.146003
0.150878
0.155638
0.160273
0.164772
0.169124
0.173318
0.177347
0.181208
0.184894
0.188393
0.191694
0.194787
0.197664
0.200316
0.202738
0.204924
0.206863
0.20855
0.209977
0.211142
0.212042
0.212674
0.213037
0.213127
0.212947
0.212498
0.211777
0.210783
0.209519
0.207986
0.206191
0.204134
0.201839
0.199324
0.196341
0.192683
-0.0442042
-0.0479665
-0.0510307
-0.0536104
-0.0559616
-0.0580629
-0.0598918
-0.061446
-0.0627248
-0.0637283
-0.064458
-0.0649158
-0.0651035
-0.0650229
-0.0646761
-0.0640649
-0.0631917
-0.0620597
-0.0606731
-0.0590364
-0.0571547
-0.0550341
-0.0526822
-0.0501076
-0.0473184
-0.0443222
-0.0411256
-0.0377345
-0.0341542
-0.0303913
-0.026454
-0.0223515
-0.0180922
-0.0136842
-0.00913506
-0.0044521
0.000358389
0.00528934
0.010332
0.015477
0.020715
0.0260369
0.0314339
0.0368972
0.0424186
0.0479901
0.0536048
0.0592548
0.0649319
0.0706283
0.076338
0.0820548
0.087772
0.0934817
0.0991755
0.104845
0.110481
0.116076
0.121622
0.127111
0.132534
0.13788
0.143139
0.148301
0.153357
0.158296
0.163107
0.167777
0.172297
0.176657
0.180849
0.184869
0.188706
0.19235
0.19579
0.199015
0.202019
0.204791
0.207325
0.209611
0.211641
0.213407
0.214904
0.21613
0.21708
0.217752
0.218141
0.218248
0.218073
0.217616
0.216875
0.215847
0.214535
0.212943
0.211076
0.208937
0.206549
0.203935
0.200831
0.197028
-0.0488796
-0.0527895
-0.0559736
-0.0586541
-0.0610964
-0.0632775
-0.0651746
-0.066786
-0.0681112
-0.0691498
-0.0699031
-0.0703722
-0.0705587
-0.0704642
-0.0700913
-0.0694429
-0.0685222
-0.0673324
-0.065878
-0.0641635
-0.0621943
-0.0599774
-0.0575216
-0.054836
-0.0519291
-0.0488083
-0.0454801
-0.0419508
-0.0382269
-0.0343156
-0.0302255
-0.0259659
-0.0215456
-0.0169725
-0.0122545
-0.00739962
-0.00241532
0.00269121
0.00791167
0.0132369
0.0186573
0.0241638
0.0297477
0.0354002
0.0411121
0.0468753
0.0526827
0.0585269
0.0643993
0.0702917
0.0761972
0.0821097
0.0880229
0.0939293
0.0998201
0.105686
0.111519
0.117309
0.12305
0.128733
0.134349
0.139887
0.145338
0.150692
0.155938
0.161065
0.166061
0.170915
0.175614
0.180151
0.184516
0.188703
0.1927
0.196498
0.200085
0.203453
0.206592
0.209493
0.212145
0.214538
0.216664
0.218518
0.220093
0.221385
0.22239
0.223103
0.223523
0.223649
0.223481
0.223017
0.222254
0.221191
0.219829
0.218174
0.216232
0.214007
0.21152
0.208797
0.205565
0.201605
-0.0538082
-0.0578755
-0.061187
-0.0639735
-0.0665119
-0.0687781
-0.0707481
-0.0724207
-0.0737954
-0.0748711
-0.0756479
-0.076127
-0.07631
-0.0761993
-0.0757982
-0.0751102
-0.0741385
-0.0728865
-0.0713586
-0.0695597
-0.0674963
-0.0651766
-0.0626099
-0.059806
-0.0567732
-0.0535192
-0.0500509
-0.0463756
-0.0425007
-0.0384336
-0.0341828
-0.0297578
-0.0251676
-0.0204208
-0.0155257
-0.0104909
-0.00532447
-3.38819e-05
0.00537314
0.0108877
0.0164998
0.0221995
0.0279782
0.0338274
0.0397379
0.0457013
0.0517101
0.0577567
0.0638325
0.069929
0.0760386
0.0821552
0.0882729
0.0943845
0.100481
0.106553
0.11259
0.118584
0.124528
0.130413
0.136232
0.141972
0.147624
0.153178
0.158623
0.163947
0.169139
0.174187
0.179078
0.183802
0.18835
0.192712
0.196879
0.20084
0.204585
0.208105
0.211389
0.214425
0.217202
0.219711
0.221944
0.223893
0.225553
0.226917
0.22798
0.228739
0.229193
0.229341
0.229181
0.228709
0.227924
0.226824
0.225411
0.223691
0.22167
0.219351
0.216759
0.213918
0.210549
0.206422
-0.0589977
-0.063233
-0.0666801
-0.0695793
-0.07222
-0.0745773
-0.0766257
-0.0783634
-0.0797896
-0.0809026
-0.0817021
-0.0821897
-0.0823677
-0.0822392
-0.0818079
-0.0810772
-0.0800504
-0.0787309
-0.0771234
-0.075234
-0.0730699
-0.0706405
-0.0679555
-0.0650247
-0.061857
-0.058461
-0.0548446
-0.0510156
-0.0469818
-0.0427509
-0.0383311
-0.0337319
-0.0289633
-0.0240347
-0.0189548
-0.0137321
-0.00837493
-0.0028911
0.00271169
0.00842463
0.0142373
0.0201389
0.0261206
0.0321743
0.0382917
0.0444642
0.0506834
0.0569409
0.063228
0.0695364
0.0758587
0.0821884
0.0885196
0.0948452
0.101156
0.107443
0.113694
0.119901
0.126057
0.132154
0.138184
0.144136
0.149999
0.155762
0.161414
0.166945
0.172343
0.177596
0.18269
0.187612
0.192352
0.1969
0.201247
0.205383
0.209297
0.212979
0.216416
0.219597
0.222509
0.225144
0.227493
0.229546
0.231296
0.232737
0.233864
0.234676
0.235168
0.23534
0.235187
0.234709
0.2339
0.232762
0.231297
0.229509
0.227403
0.224984
0.222277
0.219311
0.215795
0.211491
-0.0644573
-0.0688718
-0.0724641
-0.0754844
-0.0782347
-0.0806893
-0.0828209
-0.0846267
-0.0861054
-0.0872555
-0.088077
-0.0885722
-0.088744
-0.0885958
-0.0881314
-0.0873541
-0.0862672
-0.0848746
-0.0831817
-0.0811955
-0.0789242
-0.0763774
-0.0735654
-0.0704988
-0.0671873
-0.0636408
-0.0598681
-0.0558772
-0.0516757
-0.0472719
-0.0426743
-0.0378925
-0.0329373
-0.027819
-0.0225464
-0.0171276
-0.0115705
-0.00588378
-7.58562e-05
0.00584414
0.0118657
0.0179778
0.0241712
0.0304383
0.0367713
0.0431617
0.0496002
0.0560771
0.0625835
0.0691116
0.0756549
0.0822068
0.0887608
0.0953093
0.101843
0.108353
0.114827
0.121257
0.127636
0.133955
0.140207
0.146379
0.152462
0.158443
0.164314
0.170062
0.175677
0.181146
0.186451
0.191581
0.196524
0.20127
0.20581
0.210132
0.214226
0.21808
0.221681
0.225016
0.228075
0.230847
0.233321
0.235486
0.237333
0.238858
0.240057
0.240926
0.241461
0.241658
0.241514
0.241029
0.240198
0.239022
0.237501
0.23564
0.233444
0.230917
0.228089
0.22499
0.221319
0.216825
-0.0701982
-0.074804
-0.0785523
-0.0817031
-0.0845707
-0.0871284
-0.0893471
-0.0912234
-0.0927559
-0.0939435
-0.0947871
-0.0952891
-0.0954529
-0.0952822
-0.0947806
-0.0939519
-0.0927996
-0.0913283
-0.0895442
-0.0874547
-0.0850684
-0.0823956
-0.0794477
-0.0762363
-0.0727724
-0.0690668
-0.0651288
-0.0609664
-0.0565874
-0.0520007
-0.047216
-0.0422433
-0.0370935
-0.031777
-0.026303
-0.0206788
-0.0149125
-0.00901318
-0.00299086
0.00314471
0.00938333
0.0157146
0.0221291
0.0286192
0.0351769
0.0417936
0.0484596
0.0551643
0.0618983
0.0686543
0.0754265
0.0822091
0.0889948
0.095775
0.102541
0.109282
0.115988
0.122652
0.129264
0.135816
0.142299
0.148702
0.155014
0.161224
0.167323
0.1733
0.179142
0.184835
0.190363
0.195712
0.20087
0.205826
0.21057
0.215091
0.219375
0.223411
0.227187
0.23069
0.233908
0.236827
0.239434
0.241719
0.243672
0.24529
0.246568
0.2475
0.24808
0.248305
0.248173
0.247683
0.24683
0.245614
0.244035
0.242096
0.239804
0.237163
0.234207
0.230968
0.227132
0.222436
-0.0762333
-0.0810437
-0.084959
-0.0882496
-0.0912422
-0.0939086
-0.0962186
-0.0981687
-0.0997573
-0.100984
-0.101849
-0.102357
-0.10251
-0.102313
-0.10177
-0.100884
-0.0996612
-0.0981052
-0.0962229
-0.0940223
-0.0915126
-0.0887049
-0.0856121
-0.0822472
-0.0786221
-0.0747476
-0.0706338
-0.066289
-0.0617217
-0.0569419
-0.0519605
-0.046788
-0.0414347
-0.0359107
-0.0302251
-0.0243857
-0.0184005
-0.0122796
-0.00603395
0.000325934
0.00679023
0.0133494
0.0199946
0.0267172
0.0335087
0.04036
0.0472612
0.0542016
0.0611718
0.0681644
0.075174
0.0821951
0.0892203
0.0962404
0.103246
0.110227
0.117176
0.124082
0.130937
0.137733
0.144459
0.151103
0.157655
0.164105
0.170444
0.176659
0.182739
0.188667
0.194427
0.200006
0.205392
0.210572
0.215533
0.220263
0.22475
0.228982
0.232946
0.236629
0.240017
0.243094
0.245844
0.248258
0.250328
0.252049
0.253414
0.254413
0.255043
0.2553
0.255182
0.254688
0.253813
0.252554
0.250913
0.248893
0.246499
0.243739
0.240649
0.237261
0.233248
0.228336
-0.0825752
-0.0876047
-0.0916981
-0.0951377
-0.0982634
-0.101045
-0.103452
-0.10548
-0.107128
-0.108395
-0.109282
-0.109793
-0.109933
-0.109705
-0.109115
-0.108168
-0.106867
-0.105219
-0.103231
-0.10091
-0.098268
-0.0953168
-0.0920705
-0.088543
-0.0847465
-0.080692
-0.0763904
-0.0718516
-0.067085
-0.0621017
-0.0569134
-0.0515309
-0.0459639
-0.0402217
-0.0343138
-0.0282489
-0.0220357
-0.0156845
-0.00920681
-0.00261351
0.00408572
0.0108821
0.017767
0.0247312
0.0317652
0.0388592
0.0460033
0.0531874
0.0604022
0.0676404
0.074896
0.0821634
0.0894354
0.0967031
0.103957
0.111188
0.118387
0.125545
0.132655
0.139704
0.146683
0.15358
0.160384
0.167086
0.173675
0.180141
0.186469
0.192643
0.198649
0.204472
0.210098
0.215513
0.220704
0.225657
0.23036
0.234802
0.238969
0.242846
0.246414
0.249658
0.252563
0.255119
0.257318
0.259152
0.260609
0.261682
0.262367
0.262661
0.262561
0.262064
0.261165
0.259862
0.258156
0.256049
0.25355
0.250665
0.247431
0.243885
0.239681
0.234535
-0.0892357
-0.0944999
-0.0987837
-0.102382
-0.10565
-0.108556
-0.111066
-0.113177
-0.114887
-0.116196
-0.117104
-0.117617
-0.11774
-0.117477
-0.116835
-0.115819
-0.114434
-0.112685
-0.110581
-0.108131
-0.105348
-0.102244
-0.0988351
-0.0951347
-0.0911553
-0.0869088
-0.0824071
-0.0776624
-0.0726855
-0.0674879
-0.0620816
-0.0564776
-0.0506853
-0.0447137
-0.0385726
-0.032272
-0.0258216
-0.0192316
-0.0125131
-0.00567688
0.00126703
0.00830985
0.0154429
0.0226569
0.0299414
0.0372863
0.0446816
0.0521176
0.0595855
0.0670779
0.0745882
0.0821102
0.0896365
0.0971592
0.10467
0.112159
0.119619
0.12704
0.134412
0.141726
0.14897
0.156132
0.1632
0.170166
0.177017
0.183744
0.190333
0.196767
0.203032
0.209111
0.21499
0.220654
0.226088
0.231279
0.236214
0.240882
0.245265
0.249346
0.253106
0.25653
0.259604
0.262316
0.264655
0.266609
0.268167
0.269323
0.27007
0.270406
0.270326
0.269827
0.268904
0.267555
0.26578
0.263584
0.260973
0.257956
0.254568
0.250851
0.246443
0.241045
-0.0962264
-0.101743
-0.106231
-0.109999
-0.11342
-0.116459
-0.11908
-0.121279
-0.123054
-0.124405
-0.125335
-0.125848
-0.125951
-0.125649
-0.124948
-0.123855
-0.122376
-0.120516
-0.118287
-0.115699
-0.112766
-0.1095
-0.105918
-0.102032
-0.0978578
-0.0934069
-0.0886934
-0.0837311
-0.0785326
-0.0731092
-0.0674727
-0.0616346
-0.0556047
-0.0493923
-0.0430077
-0.0364614
-0.0297641
-0.022926
-0.0159573
-0.00886858
-0.00167026
0.00562807
0.0130174
0.0204885
0.0280312
0.0356352
0.0432904
0.0509871
0.0587167
0.0664716
0.074245
0.0820301
0.0898193
0.0976053
0.105381
0.113138
0.120868
0.128561
0.136207
0.143795
0.151315
0.158753
0.166099
0.17334
0.180467
0.187468
0.19433
0.201038
0.207574
0.213924
0.220071
0.225997
0.23169
0.237135
0.242319
0.247226
0.251838
0.256137
0.260104
0.263724
0.266982
0.269862
0.272351
0.274436
0.276106
0.277353
0.27817
0.278553
0.278497
0.277997
0.27705
0.275653
0.273808
0.271518
0.268788
0.265628
0.262077
0.258175
0.253546
0.247877
-0.103561
-0.10935
-0.114058
-0.118009
-0.121593
-0.124774
-0.127512
-0.129803
-0.131647
-0.133043
-0.133995
-0.134507
-0.134586
-0.134238
-0.133472
-0.132293
-0.130709
-0.12873
-0.126366
-0.12363
-0.120536
-0.117097
-0.113329
-0.109246
-0.104863
-0.100196
-0.0952591
-0.0900676
-0.084635
-0.0789731
-0.0730935
-0.0670082
-0.0607283
-0.054264
-0.0476255
-0.0408235
-0.0338689
-0.026772
-0.019543
-0.012192
-0.00472997
0.0028327
0.0104864
0.0182223
0.0260309
0.0339024
0.0418264
0.0497928
0.0577927
0.0658183
0.0738631
0.0819199
0.0899814
0.0980403
0.10609
0.114123
0.122132
0.130107
0.138037
0.145911
0.153717
0.161443
0.169077
0.176608
0.184023
0.191312
0.198461
0.205455
0.212278
0.218912
0.22534
0.231547
0.237516
0.243232
0.248679
0.253841
0.258697
0.26323
0.267422
0.271255
0.274711
0.277773
0.280424
0.282652
0.284446
0.285794
0.28669
0.287126
0.287098
0.2866
0.28563
0.284185
0.282265
0.279874
0.277017
0.273703
0.269975
0.265875
0.261009
0.255048
-0.111257
-0.117339
-0.122284
-0.126432
-0.130191
-0.133521
-0.136383
-0.138773
-0.140689
-0.142132
-0.143104
-0.143613
-0.143664
-0.143264
-0.142423
-0.141149
-0.139452
-0.137343
-0.134835
-0.131939
-0.128672
-0.125046
-0.121078
-0.116784
-0.112181
-0.107285
-0.102113
-0.0966797
-0.0909996
-0.0850854
-0.0789493
-0.072604
-0.0660618
-0.0593341
-0.0524309
-0.0453622
-0.0381387
-0.0307716
-0.0232713
-0.0156483
-0.00791359
-7.78978e-05
0.0078488
0.0158577
0.0239405
0.0320879
0.0402894
0.0485344
0.0568131
0.0651178
0.0734423
0.0817798
0.0901231
0.0984651
0.106799
0.115118
0.123414
0.13168
0.139903
0.148073
0.156176
0.164201
0.172136
0.179967
0.187685
0.195275
0.202726
0.21002
0.217142
0.224075
0.230802
0.237306
0.243568
0.249573
0.2553
0.260732
0.26585
0.270635
0.27507
0.279133
0.282803
0.28606
0.288888
0.291274
0.293205
0.294666
0.295649
0.296145
0.296151
0.29566
0.294668
0.293174
0.291175
0.288676
0.285682
0.282203
0.278284
0.273973
0.268852
0.262574
-0.119334
-0.125732
-0.130933
-0.13529
-0.139235
-0.142725
-0.145719
-0.148212
-0.150204
-0.151695
-0.152687
-0.153189
-0.153206
-0.152747
-0.151823
-0.150446
-0.148626
-0.146376
-0.14371
-0.140641
-0.137185
-0.133358
-0.129176
-0.124657
-0.11982
-0.114683
-0.109262
-0.103572
-0.0976302
-0.0914495
-0.0850436
-0.0784257
-0.0716091
-0.0646058
-0.0574257
-0.0500783
-0.042574
-0.0349245
-0.0271418
-0.0192369
-0.0112206
-0.00310319
0.00510556
0.0133968
0.0217626
0.0301941
0.0386811
0.0472124
0.0557782
0.0643706
0.0729836
0.0816109
0.0902455
0.0988803
0.107508
0.116122
0.124715
0.13328
0.141806
0.150281
0.158692
0.167028
0.175274
0.183419
0.19145
0.199356
0.207121
0.21473
0.222167
0.229416
0.236458
0.243276
0.24985
0.256159
0.262184
0.267905
0.273305
0.278364
0.283061
0.28737
0.29127
0.294739
0.297762
0.300322
0.302402
0.303988
0.305069
0.305636
0.305683
0.305204
0.304193
0.302647
0.300566
0.297951
0.29481
0.291155
0.287033
0.282493
0.277096
0.270476
-0.127812
-0.134551
-0.140027
-0.14461
-0.148753
-0.152413
-0.155547
-0.158149
-0.16022
-0.161758
-0.162769
-0.163259
-0.163236
-0.162711
-0.161697
-0.160206
-0.158252
-0.155848
-0.15301
-0.149752
-0.146092
-0.142046
-0.137635
-0.132876
-0.127791
-0.122397
-0.116711
-0.11075
-0.104531
-0.0980688
-0.0913795
-0.0844764
-0.0773727
-0.0700805
-0.0626102
-0.0549713
-0.0471741
-0.0392309
-0.0311547
-0.0229577
-0.0146504
-0.00624232
0.00225769
0.0108408
0.0194985
0.028222
0.0370015
0.0458262
0.0546865
0.0635751
0.0724857
0.0814122
0.0903473
0.0992838
0.108215
0.117133
0.126033
0.134906
0.143743
0.152532
0.161262
0.169919
0.178489
0.186959
0.195317
0.20355
0.211644
0.219583
0.227352
0.234934
0.24231
0.24946
0.256362
0.262994
0.269335
0.275368
0.281073
0.286426
0.291404
0.295978
0.300127
0.303829
0.307065
0.309815
0.31206
0.313785
0.314978
0.315627
0.315725
0.315263
0.314235
0.312637
0.310467
0.307731
0.304435
0.300591
0.29625
0.291463
0.285765
0.278772
-0.136715
-0.143824
-0.149596
-0.154422
-0.158778
-0.162619
-0.1659
-0.168617
-0.170768
-0.172354
-0.17338
-0.173854
-0.173786
-0.173187
-0.172072
-0.170456
-0.168354
-0.165781
-0.162754
-0.15929
-0.155407
-0.151126
-0.146469
-0.141454
-0.136102
-0.130433
-0.124466
-0.118217
-0.111705
-0.104948
-0.0979607
-0.0907587
-0.0833543
-0.0757594
-0.0679849
-0.0600412
-0.0519393
-0.0436916
-0.0353118
-0.0268123
-0.018204
-0.00949546
-0.000695037
0.00818874
0.0171469
0.02617
0.0352487
0.0443732
0.0535351
0.0627278
0.071945
0.0811798
0.0904244
0.0996713
0.108914
0.118146
0.127361
0.136552
0.14571
0.154825
0.163883
0.172871
0.181777
0.190585
0.199283
0.207857
0.216294
0.224579
0.232697
0.24063
0.248358
0.255858
0.263106
0.270081
0.276762
0.28313
0.289161
0.29483
0.300108
0.30497
0.30939
0.313346
0.316814
0.319772
0.322201
0.324083
0.325402
0.326147
0.326306
0.325867
0.324825
0.323173
0.320913
0.318049
0.314589
0.310543
0.305966
0.30091
0.294884
0.287484
-0.146068
-0.153579
-0.159672
-0.164759
-0.169344
-0.173379
-0.176816
-0.179651
-0.181885
-0.183518
-0.184556
-0.185008
-0.184887
-0.184205
-0.182978
-0.181224
-0.178958
-0.176199
-0.172964
-0.169275
-0.165151
-0.160617
-0.155693
-0.150402
-0.144765
-0.138803
-0.132535
-0.125981
-0.119161
-0.112092
-0.104792
-0.0972756
-0.0895558
-0.0816439
-0.0735515
-0.06529
-0.0568715
-0.0483089
-0.0396154
-0.0308031
-0.0218829
-0.0128637
-0.00375362
0.00543892
0.014705
0.024035
0.0334199
0.0428511
0.0523217
0.0618259
0.0713576
0.0809091
0.0904717
0.100037
0.1096
0.119154
0.128694
0.138214
0.147704
0.157154
0.16655
0.175881
0.185133
0.194292
0.203343
0.212274
0.22107
0.229718
0.238203
0.246505
0.254602
0.26247
0.270086
0.277428
0.284473
0.291198
0.297578
0.303584
0.309187
0.314361
0.319077
0.323308
0.32703
0.330218
0.332851
0.334909
0.336373
0.337227
0.337457
0.337049
0.335997
0.334295
0.331943
0.328946
0.325311
0.321048
0.316214
0.310864
0.30448
0.296636
-0.155899
-0.163848
-0.17029
-0.17566
-0.18049
-0.184731
-0.188333
-0.191292
-0.19361
-0.195289
-0.196335
-0.19676
-0.196576
-0.195799
-0.194447
-0.192538
-0.190091
-0.187126
-0.183664
-0.179729
-0.175344
-0.170534
-0.165324
-0.159735
-0.153792
-0.147516
-0.140929
-0.134052
-0.126905
-0.119508
-0.111878
-0.104031
-0.0959796
-0.0877361
-0.079312
-0.0707201
-0.0619733
-0.0530847
-0.0440669
-0.0349313
-0.0256886
-0.0163483
-0.00691927
0.00258991
0.0121709
0.0218149
0.0315133
0.0412589
0.0510456
0.0608684
0.0707214
0.0805964
0.0904844
0.100377
0.110268
0.120153
0.130028
0.139886
0.149718
0.159513
0.169259
0.178943
0.188553
0.198074
0.207493
0.216796
0.22597
0.234999
0.243868
0.252556
0.261041
0.269299
0.277306
0.285038
0.292471
0.299578
0.30633
0.312699
0.318655
0.324166
0.329203
0.333735
0.337735
0.341178
0.344039
0.346294
0.347922
0.348901
0.349214
0.348847
0.347792
0.346043
0.343599
0.340463
0.33664
0.332142
0.327029
0.32136
0.314585
0.306255
-0.166239
-0.174666
-0.181487
-0.187162
-0.192256
-0.196718
-0.200495
-0.203585
-0.20599
-0.207712
-0.208761
-0.209149
-0.20889
-0.208004
-0.206509
-0.204427
-0.201779
-0.198588
-0.194877
-0.190675
-0.186006
-0.180898
-0.175376
-0.169468
-0.163196
-0.156585
-0.149658
-0.142438
-0.134946
-0.127202
-0.119224
-0.111028
-0.102628
-0.0940377
-0.0852685
-0.0763335
-0.0672461
-0.0580197
-0.0486663
-0.0391968
-0.0296215
-0.0199503
-0.0101932
-0.000359195
0.00954405
0.0195092
0.029529
0.0395969
0.0497073
0.0598555
0.0700356
0.0802398
0.0904595
0.100687
0.110915
0.12114
0.131359
0.141563
0.151746
0.161896
0.172002
0.182051
0.192031
0.201929
0.21173
0.221421
0.230988
0.240415
0.249686
0.25878
0.267675
0.276345
0.284767
0.292914
0.300759
0.308273
0.315425
0.322185
0.328522
0.3344
0.339785
0.344646
0.348953
0.352678
0.355793
0.35827
0.360081
0.361203
0.361615
0.361302
0.360254
0.358463
0.355925
0.352642
0.348619
0.343868
0.338452
0.332436
0.325235
0.316373
-0.17712
-0.186069
-0.193302
-0.199308
-0.204688
-0.209388
-0.213352
-0.216579
-0.219071
-0.220833
-0.221877
-0.222216
-0.221869
-0.220857
-0.2192
-0.216924
-0.214052
-0.210611
-0.206628
-0.202132
-0.197155
-0.191723
-0.185867
-0.179614
-0.17299
-0.166022
-0.158732
-0.151147
-0.143289
-0.135178
-0.126832
-0.118269
-0.109504
-0.10055
-0.0914217
-0.0821304
-0.0726899
-0.0631132
-0.0534124
-0.0435983
-0.0336808
-0.0236702
-0.0135764
-0.00340881
0.0068252
0.0171196
0.0274686
0.0378662
0.0483073
0.0587873
0.0693003
0.0798393
0.0903966
0.100965
0.111539
0.122113
0.132683
0.143243
0.153784
0.164298
0.174773
0.185198
0.195561
0.205848
0.216046
0.22614
0.236117
0.24596
0.255652
0.265172
0.274498
0.283605
0.292467
0.301054
0.309337
0.317285
0.324867
0.33205
0.338798
0.345073
0.350838
0.35606
0.360707
0.364747
0.368144
0.370867
0.372886
0.374173
0.374703
0.37446
0.37343
0.371601
0.368969
0.365532
0.361296
0.356273
0.35053
0.344138
0.336473
0.327028
-0.188579
-0.198098
-0.205782
-0.212148
-0.217838
-0.222793
-0.226955
-0.230324
-0.232903
-0.234701
-0.235729
-0.236007
-0.235555
-0.234396
-0.232555
-0.23006
-0.226939
-0.223221
-0.218938
-0.214122
-0.208808
-0.203027
-0.196809
-0.190186
-0.183185
-0.175834
-0.168159
-0.160186
-0.151938
-0.143438
-0.134705
-0.125755
-0.116606
-0.107274
-0.0977703
-0.0881089
-0.078302
-0.0683626
-0.0583027
-0.0481334
-0.0378646
-0.0275063
-0.0170677
-0.00655779
0.00401637
0.014649
0.0253349
0.036069
0.0468468
0.057664
0.0685156
0.0793954
0.0902964
0.101212
0.112138
0.123068
0.133997
0.144919
0.155827
0.166713
0.177566
0.188377
0.199134
0.209824
0.220432
0.230945
0.241348
0.251624
0.261756
0.271725
0.281506
0.291075
0.300401
0.309454
0.318203
0.326616
0.334661
0.342299
0.349491
0.356198
0.36238
0.368001
0.373024
0.377411
0.381123
0.384123
0.386378
0.387855
0.388527
0.388372
0.387372
0.385513
0.382785
0.379189
0.374728
0.369414
0.36332
0.356519
0.348348
0.338265
-0.200662
-0.210805
-0.21898
-0.225737
-0.231762
-0.236991
-0.241363
-0.244878
-0.247543
-0.249368
-0.25037
-0.25057
-0.249992
-0.248663
-0.246612
-0.24387
-0.240469
-0.236444
-0.231831
-0.226665
-0.220985
-0.214825
-0.208217
-0.201195
-0.193789
-0.186029
-0.177942
-0.169556
-0.160895
-0.151984
-0.142841
-0.133486
-0.123935
-0.114205
-0.104311
-0.0942642
-0.0840775
-0.073763
-0.0633329
-0.0527981
-0.0421689
-0.0314545
-0.0206631
-0.00980229
0.00112106
0.0121008
0.0231313
0.034208
0.0453273
0.0564865
0.0676819
0.0789084
0.0901594
0.101429
0.112711
0.124001
0.135294
0.146585
0.157867
0.169133
0.180373
0.19158
0.202741
0.213845
0.224878
0.235824
0.246669
0.257396
0.267989
0.278427
0.288688
0.298742
0.308559
0.318107
0.327353
0.336265
0.344805
0.352934
0.360607
0.367785
0.374425
0.380487
0.385925
0.390696
0.39476
0.398073
0.400598
0.402296
0.403136
0.40309
0.402136
0.400254
0.397435
0.393676
0.388979
0.383356
0.376884
0.369641
0.360916
0.350131
-0.213419
-0.224246
-0.232958
-0.240141
-0.246526
-0.252047
-0.256639
-0.260304
-0.263051
-0.264895
-0.265856
-0.265958
-0.26523
-0.263703
-0.26141
-0.258388
-0.254674
-0.250308
-0.245331
-0.239783
-0.233703
-0.227131
-0.220102
-0.212649
-0.204808
-0.196609
-0.188084
-0.179259
-0.17016
-0.160813
-0.151238
-0.141456
-0.131485
-0.12134
-0.111037
-0.10059
-0.0900094
-0.0793078
-0.0684968
-0.0575871
-0.0465884
-0.0355089
-0.0243561
-0.0131365
-0.00185626
0.0094778
0.0208595
0.0322845
0.0437504
0.0552563
0.0668003
0.0783784
0.0899844
0.101611
0.113254
0.124908
0.13657
0.148235
0.159897
0.17155
0.183186
0.194798
0.206374
0.217903
0.229371
0.240765
0.252067
0.263264
0.274338
0.285269
0.296032
0.306596
0.316932
0.327005
0.336782
0.346227
0.355299
0.363955
0.372152
0.379846
0.38699
0.393534
0.39943
0.404631
0.409089
0.412758
0.415591
0.417547
0.418585
0.418674
0.417783
0.415893
0.412988
0.409064
0.404121
0.398171
0.391293
0.383571
0.374241
0.362684
-0.226911
-0.23849
-0.247787
-0.255431
-0.262204
-0.268034
-0.272855
-0.276671
-0.279496
-0.281347
-0.282248
-0.282228
-0.281321
-0.279562
-0.276992
-0.273653
-0.269589
-0.264845
-0.259466
-0.253497
-0.246981
-0.23996
-0.232472
-0.224555
-0.216246
-0.207578
-0.198584
-0.189292
-0.179729
-0.169921
-0.159891
-0.149661
-0.139248
-0.128671
-0.117943
-0.107079
-0.0960905
-0.0849897
-0.0737876
-0.0624939
-0.0511167
-0.0396634
-0.0281406
-0.0165545
-0.00491152
0.00678198
0.0185198
0.0302981
0.0421159
0.0539737
0.065871
0.0778044
0.0897681
0.101756
0.113762
0.125784
0.137819
0.149862
0.16191
0.173957
0.185996
0.198021
0.210021
0.221986
0.233902
0.245755
0.257532
0.269217
0.280792
0.292237
0.303526
0.314627
0.32551
0.336141
0.346483
0.356496
0.366139
0.375366
0.384134
0.392391
0.400085
0.40716
0.413565
0.419245
0.424148
0.428219
0.431406
0.43366
0.434933
0.435185
0.434383
0.432501
0.429521
0.425433
0.420236
0.413939
0.406625
0.398384
0.388391
0.375987
-0.241208
-0.253611
-0.263548
-0.271689
-0.278876
-0.285033
-0.290092
-0.294059
-0.296953
-0.298794
-0.299612
-0.299441
-0.298319
-0.296291
-0.293404
-0.289707
-0.285251
-0.280086
-0.274264
-0.267831
-0.260836
-0.253324
-0.245339
-0.23692
-0.228107
-0.218936
-0.209442
-0.199653
-0.189597
-0.179303
-0.168793
-0.158092
-0.147219
-0.13619
-0.125021
-0.113724
-0.102314
-0.090802
-0.0791982
-0.0675111
-0.055747
-0.0439118
-0.0320114
-0.0200527
-0.00804206
0.00401436
0.0161117
0.0282475
0.0404222
0.0526368
0.0648912
0.0771823
0.0895053
0.101855
0.114227
0.126621
0.139032
0.151459
0.163898
0.176344
0.188792
0.201237
0.21367
0.22608
0.238456
0.250784
0.26305
0.275241
0.287337
0.299318
0.311156
0.322822
0.334283
0.345504
0.356445
0.367065
0.377321
0.387167
0.396554
0.405424
0.41372
0.421381
0.42835
0.434567
0.43997
0.444499
0.448091
0.45069
0.45224
0.452693
0.452012
0.450162
0.447119
0.442872
0.437413
0.430749
0.422969
0.414165
0.403449
0.390111
-0.256387
-0.269695
-0.280328
-0.289007
-0.296636
-0.303138
-0.308441
-0.312556
-0.315505
-0.317315
-0.318019
-0.317661
-0.316286
-0.313946
-0.310697
-0.306596
-0.3017
-0.296066
-0.28975
-0.282805
-0.275284
-0.267236
-0.258709
-0.249748
-0.240394
-0.230685
-0.220654
-0.210336
-0.199758
-0.18895
-0.177936
-0.166742
-0.155387
-0.143889
-0.132261
-0.120518
-0.108673
-0.0967372
-0.084721
-0.0726307
-0.0604713
-0.0482472
-0.0359639
-0.023628
-0.0112461
0.00117638
0.0136363
0.0261331
0.038668
0.0512426
0.0638563
0.0765064
0.0891893
0.101902
0.114642
0.127409
0.140201
0.153015
0.165849
0.178699
0.191563
0.204435
0.217309
0.230174
0.243021
0.255836
0.268607
0.28132
0.293957
0.306495
0.318907
0.331166
0.343235
0.355079
0.366656
0.377925
0.388842
0.399356
0.409412
0.41895
0.427904
0.436213
0.44381
0.450627
0.456593
0.46164
0.465697
0.468697
0.470575
0.471276
0.470752
0.468963
0.465878
0.461477
0.455752
0.448703
0.440424
0.431011
0.419505
0.40514
-0.272538
-0.286838
-0.29823
-0.307488
-0.315588
-0.322451
-0.328002
-0.332256
-0.335241
-0.336991
-0.337546
-0.336959
-0.335284
-0.332583
-0.328921
-0.324362
-0.318972
-0.312813
-0.305948
-0.298437
-0.290338
-0.281705
-0.272591
-0.263044
-0.253107
-0.242819
-0.232217
-0.221334
-0.210203
-0.198853
-0.187312
-0.175602
-0.163745
-0.151757
-0.139655
-0.12745
-0.115157
-0.102786
-0.0903463
-0.077843
-0.0652801
-0.0526613
-0.0399914
-0.0272757
-0.01452
-0.0017284
0.0110974
0.0239578
0.0368547
0.0497896
0.0627625
0.0757716
0.0888149
0.101891
0.115001
0.128143
0.141317
0.154521
0.167753
0.181012
0.194296
0.207602
0.220924
0.234254
0.247581
0.260896
0.274187
0.287439
0.300635
0.313751
0.326763
0.339641
0.352349
0.36485
0.377104
0.389067
0.400692
0.411926
0.422706
0.43297
0.442649
0.451672
0.459966
0.467452
0.474054
0.47969
0.484279
0.487745
0.490012
0.491016
0.490696
0.489004
0.4859
0.481359
0.475364
0.467915
0.459104
0.449034
0.436666
0.421172
-0.28976
-0.305149
-0.317367
-0.327248
-0.335849
-0.343086
-0.348883
-0.353263
-0.356259
-0.357913
-0.358277
-0.357411
-0.355383
-0.352264
-0.348129
-0.34305
-0.337103
-0.330356
-0.322881
-0.314744
-0.30601
-0.296739
-0.286988
-0.276806
-0.266241
-0.255332
-0.244118
-0.232636
-0.22092
-0.209001
-0.196906
-0.184658
-0.172278
-0.159783
-0.147188
-0.134508
-0.121754
-0.108936
-0.0960619
-0.0831363
-0.0701624
-0.0571439
-0.0440844
-0.0309874
-0.0178562
-0.004693
0.00850111
0.0217267
0.0349855
0.0482793
0.0616093
0.0749759
0.0883795
0.10182
0.115299
0.128817
0.142373
0.155967
0.1696
0.183271
0.196981
0.210726
0.224502
0.238303
0.252121
0.265948
0.279771
0.293578
0.30735
0.321066
0.334701
0.348226
0.361605
0.374801
0.387773
0.400476
0.41286
0.424866
0.43643
0.447486
0.457959
0.46777
0.476836
0.485071
0.492387
0.498692
0.503894
0.507902
0.510631
0.512002
0.511942
0.510392
0.507303
0.502641
0.49638
0.488514
0.47914
0.468363
0.455055
0.438323
-0.308171
-0.324753
-0.337868
-0.348418
-0.357547
-0.36517
-0.371209
-0.375693
-0.378667
-0.380183
-0.380303
-0.3791
-0.376655
-0.373051
-0.368372
-0.362702
-0.356125
-0.348721
-0.340567
-0.331739
-0.322309
-0.312342
-0.301898
-0.29103
-0.279786
-0.268212
-0.256346
-0.244229
-0.231895
-0.219377
-0.206703
-0.193893
-0.180969
-0.167948
-0.154845
-0.141674
-0.128447
-0.115171
-0.101853
-0.0884967
-0.0751061
-0.0616835
-0.0482315
-0.0347511
-0.0212429
-0.00770719
0.00585546
0.0194454
0.0330641
0.0467142
0.0603989
0.0741213
0.0878834
0.101687
0.115534
0.129425
0.143362
0.157347
0.171381
0.185466
0.199602
0.213789
0.228025
0.242304
0.256621
0.270969
0.285338
0.299713
0.314078
0.328414
0.342696
0.356896
0.370979
0.384908
0.398641
0.412132
0.425326
0.438162
0.450576
0.462494
0.473836
0.484514
0.494437
0.50351
0.511631
0.518697
0.524603
0.529243
0.532517
0.534331
0.5346
0.53325
0.530219
0.525462
0.518944
0.510651
0.500681
0.489146
0.474816
0.456725
-0.327903
-0.345792
-0.359882
-0.371147
-0.380831
-0.388847
-0.395117
-0.399678
-0.402588
-0.40391
-0.403724
-0.402114
-0.399176
-0.395007
-0.389702
-0.383359
-0.376071
-0.36793
-0.359023
-0.349433
-0.339239
-0.328512
-0.317314
-0.305702
-0.293728
-0.28144
-0.268882
-0.256093
-0.243109
-0.229963
-0.21668
-0.203285
-0.189797
-0.176232
-0.162605
-0.14893
-0.135217
-0.121472
-0.107701
-0.0939085
-0.0800967
-0.0662669
-0.0524193
-0.038553
-0.0246665
-0.010759
0.00316956
0.01712
0.0310949
0.0450985
0.0591357
0.0732113
0.0873288
0.101491
0.115702
0.129963
0.144279
0.158653
0.173087
0.187585
0.202149
0.216779
0.231476
0.246239
0.261062
0.27594
0.290862
0.305818
0.320792
0.335767
0.35072
0.365623
0.380443
0.395144
0.409682
0.424009
0.438068
0.451799
0.465131
0.477987
0.490278
0.501911
0.512785
0.522793
0.531822
0.539753
0.546466
0.551841
0.55576
0.55811
0.55879
0.55771
0.554792
0.549978
0.543221
0.534495
0.523902
0.511555
0.496116
0.476536
-0.349112
-0.368431
-0.383577
-0.395605
-0.40587
-0.414281
-0.420763
-0.425364
-0.428155
-0.429219
-0.428647
-0.426546
-0.423025
-0.418197
-0.412173
-0.405062
-0.396972
-0.388006
-0.378262
-0.36783
-0.356797
-0.345238
-0.33322
-0.320804
-0.308045
-0.294996
-0.281702
-0.268203
-0.254535
-0.240729
-0.226812
-0.212806
-0.198733
-0.184608
-0.170444
-0.156252
-0.142041
-0.127817
-0.113587
-0.0993532
-0.0851171
-0.0708777
-0.0566324
-0.0423785
-0.0281138
-0.0138369
0.000453317
0.0147593
0.0290856
0.0434387
0.0578249
0.0722499
0.0867179
0.101233
0.115802
0.130428
0.145119
0.159878
0.17471
0.189618
0.204607
0.21968
0.234841
0.25009
0.265423
0.280835
0.296319
0.311866
0.327464
0.343097
0.358744
0.374377
0.389968
0.405478
0.420865
0.436078
0.451061
0.465751
0.480075
0.493949
0.507278
0.519961
0.53189
0.542943
0.552993
0.561907
0.569548
0.575777
0.580455
0.583451
0.584643
0.58392
0.581186
0.576367
0.569397
0.56024
0.548998
0.535787
0.519147
0.497937
-0.371978
-0.392862
-0.409152
-0.421993
-0.432859
-0.441662
-0.448326
-0.452915
-0.45552
-0.45624
-0.455191
-0.452496
-0.448285
-0.442688
-0.435835
-0.42785
-0.418855
-0.408967
-0.398292
-0.386931
-0.374975
-0.362506
-0.349597
-0.336313
-0.322714
-0.308853
-0.294778
-0.28053
-0.266141
-0.251644
-0.237064
-0.222426
-0.207748
-0.193046
-0.178331
-0.163611
-0.148893
-0.134184
-0.119489
-0.10481
-0.0901472
-0.0754963
-0.0608529
-0.0462126
-0.0315724
-0.0169303
-0.00228341
0.012373
0.027046
0.0417437
0.0564732
0.0712409
0.0860525
0.100915
0.115835
0.130821
0.145881
0.161019
0.176241
0.191555
0.206966
0.222481
0.238105
0.25384
0.269683
0.285632
0.301684
0.317832
0.334067
0.350374
0.366734
0.383125
0.399517
0.415874
0.432154
0.448305
0.464273
0.479991
0.495383
0.510359
0.524822
0.538662
0.551757
0.563975
0.575175
0.585206
0.593912
0.601132
0.606705
0.610477
0.612301
0.612043
0.609582
0.604823
0.597682
0.588105
0.576195
0.562069
0.54413
0.521138
-0.396714
-0.41931
-0.436837
-0.450539
-0.462022
-0.471201
-0.478004
-0.482514
-0.484845
-0.485121
-0.48348
-0.48007
-0.475043
-0.468552
-0.460744
-0.451764
-0.441747
-0.430825
-0.419115
-0.406726
-0.393756
-0.380294
-0.366419
-0.352201
-0.337702
-0.322978
-0.308075
-0.293034
-0.277888
-0.262668
-0.2474
-0.232107
-0.216807
-0.201513
-0.186234
-0.170976
-0.155745
-0.140547
-0.125384
-0.110258
-0.0951655
-0.0801025
-0.0650624
-0.0500395
-0.0350295
-0.0200282
-0.00503025
0.00997178
0.0249864
0.0400223
0.0550874
0.0701891
0.0853358
0.100537
0.115802
0.131141
0.146562
0.162071
0.177677
0.193389
0.209217
0.225171
0.241254
0.257471
0.273822
0.29031
0.306933
0.32369
0.340571
0.357566
0.37466
0.391832
0.409055
0.426296
0.443511
0.460654
0.477667
0.494483
0.511021
0.527192
0.542891
0.557999
0.572384
0.585902
0.598394
0.609693
0.619619
0.627988
0.634615
0.639318
0.641919
0.642256
0.64018
0.635568
0.628312
0.618339
0.605749
0.590659
0.57132
0.546384
-0.423568
-0.448037
-0.466899
-0.481505
-0.493612
-0.503139
-0.510021
-0.514366
-0.516315
-0.51602
-0.51365
-0.509381
-0.50339
-0.495856
-0.48695
-0.476834
-0.465665
-0.453584
-0.440722
-0.427198
-0.413116
-0.398573
-0.383653
-0.368431
-0.352971
-0.337328
-0.321549
-0.305672
-0.289732
-0.273759
-0.257778
-0.241811
-0.225872
-0.209972
-0.194117
-0.178314
-0.162566
-0.146875
-0.131244
-0.11567
-0.10015
-0.0846765
-0.0692434
-0.0538438
-0.038471
-0.0231175
-0.0077747
0.00756667
0.0229159
0.0382819
0.0536732
0.0690998
0.0845729
0.100104
0.115706
0.131388
0.147159
0.16303
0.179011
0.195116
0.211355
0.227739
0.244274
0.260967
0.277824
0.294849
0.312047
0.329415
0.34695
0.364644
0.382487
0.400462
0.418544
0.436702
0.454896
0.473081
0.491199
0.509184
0.526954
0.544415
0.561458
0.577954
0.593764
0.608728
0.622672
0.635406
0.64673
0.656432
0.664298
0.670112
0.673664
0.674754
0.673201
0.668847
0.661555
0.651226
0.637955
0.621856
0.601013
0.573955
-0.452826
-0.479342
-0.499642
-0.515192
-0.52792
-0.537749
-0.544628
-0.548697
-0.550129
-0.549111
-0.545847
-0.540546
-0.533417
-0.524668
-0.514496
-0.503088
-0.490616
-0.477238
-0.463097
-0.44832
-0.433022
-0.417305
-0.401257
-0.384957
-0.368471
-0.351852
-0.335146
-0.318391
-0.301622
-0.284868
-0.268152
-0.251491
-0.234898
-0.218381
-0.201943
-0.185588
-0.169319
-0.153137
-0.137039
-0.12102
-0.105076
-0.0891974
-0.073378
-0.0576089
-0.0418803
-0.0261814
-0.0105013
0.00517068
0.0208445
0.0365298
0.0522374
0.0679797
0.0837703
0.0996226
0.11555
0.131563
0.147674
0.163896
0.180244
0.196732
0.213372
0.230176
0.247153
0.264315
0.281672
0.299232
0.317001
0.334982
0.353174
0.371576
0.390182
0.408977
0.427941
0.447047
0.46626
0.485536
0.504821
0.524046
0.543133
0.561984
0.580483
0.598498
0.615877
0.632448
0.648019
0.662379
0.675301
0.686548
0.695868
0.703007
0.707716
0.709752
0.708892
0.704937
0.697713
0.68709
0.67315
0.656004
0.633548
0.60418
-0.484815
-0.513572
-0.535416
-0.551946
-0.565276
-0.575342
-0.582112
-0.585762
-0.586509
-0.584581
-0.580223
-0.573684
-0.565213
-0.55505
-0.543421
-0.53054
-0.516598
-0.501768
-0.486207
-0.470052
-0.453426
-0.436436
-0.419174
-0.40172
-0.384138
-0.366485
-0.348804
-0.331133
-0.313503
-0.295941
-0.278467
-0.261095
-0.243835
-0.226691
-0.209664
-0.192757
-0.175968
-0.159295
-0.142733
-0.126275
-0.109913
-0.0936392
-0.0774429
-0.0613129
-0.0452364
-0.0292003
-0.0131922
0.00279931
0.0187854
0.034778
0.0507907
0.0668382
0.0829354
0.0990968
0.115336
0.131668
0.148108
0.164671
0.181374
0.198232
0.21526
0.232471
0.24988
0.267503
0.285352
0.30344
0.321775
0.340365
0.359216
0.378331
0.397707
0.417336
0.437202
0.457284
0.477552
0.497966
0.518475
0.539013
0.559502
0.579843
0.599918
0.619589
0.638694
0.657047
0.674438
0.690636
0.705387
0.718419
0.729441
0.738157
0.744269
0.747484
0.747527
0.74415
0.737131
0.726299
0.711722
0.6935
0.66932
0.637437
-0.519918
-0.551127
-0.574629
-0.592165
-0.606061
-0.616273
-0.622793
-0.625845
-0.625695
-0.622627
-0.616934
-0.608914
-0.59886
-0.587052
-0.573749
-0.559189
-0.543589
-0.527138
-0.510004
-0.492335
-0.474261
-0.455894
-0.437328
-0.41864
-0.399897
-0.381153
-0.36245
-0.343825
-0.325305
-0.306912
-0.288662
-0.270564
-0.252626
-0.234848
-0.217231
-0.199772
-0.182466
-0.165307
-0.148287
-0.131397
-0.114629
-0.0979699
-0.0814075
-0.064927
-0.048513
-0.032151
-0.0158274
0.000470482
0.0167557
0.0330429
0.0493482
0.0656879
0.082078
0.0985341
0.115072
0.13171
0.148465
0.165355
0.182398
0.199611
0.217011
0.234616
0.252445
0.270517
0.288847
0.307451
0.326343
0.345537
0.365045
0.384872
0.405022
0.425492
0.446276
0.467357
0.488714
0.510309
0.532097
0.554018
0.575994
0.597929
0.619702
0.641172
0.662168
0.682493
0.701919
0.720193
0.737031
0.752123
0.765135
0.775723
0.78353
0.788205
0.78941
0.786835
0.780199
0.76928
0.75412
0.734804
0.708787
0.674164
-0.558576
-0.592475
-0.617754
-0.636312
-0.650715
-0.660947
-0.667032
-0.669255
-0.667948
-0.663458
-0.65614
-0.64635
-0.634433
-0.620712
-0.605484
-0.589017
-0.571549
-0.553288
-0.534415
-0.515088
-0.49544
-0.475587
-0.455623
-0.435624
-0.415655
-0.395766
-0.376
-0.356387
-0.336951
-0.317706
-0.298664
-0.27983
-0.261207
-0.242794
-0.224588
-0.206581
-0.188764
-0.171128
-0.15366
-0.13635
-0.119186
-0.102154
-0.0852373
-0.0684185
-0.0516804
-0.0350073
-0.0183838
-0.00179501
0.014775
0.0313431
0.0479267
0.0645432
0.0812099
0.0979446
0.114766
0.131695
0.14875
0.16595
0.183315
0.200864
0.21862
0.236604
0.254837
0.273342
0.292137
0.311244
0.330682
0.350471
0.370626
0.39116
0.412082
0.433398
0.45511
0.47721
0.49968
0.522495
0.545614
0.568983
0.59253
0.616161
0.639758
0.663177
0.68624
0.708742
0.730438
0.75105
0.770264
0.787729
0.803066
0.81587
0.825721
0.832195
0.834879
0.833388
0.827366
0.816523
0.800865
0.780456
0.752484
0.714874
-0.601309
-0.638166
-0.665349
-0.684929
-0.699748
-0.709824
-0.715234
-0.716336
-0.713546
-0.70729
-0.697998
-0.686096
-0.671987
-0.656046
-0.638609
-0.619975
-0.600407
-0.580132
-0.559342
-0.538202
-0.516849
-0.495398
-0.473942
-0.452556
-0.4313
-0.41022
-0.389352
-0.368723
-0.348347
-0.328235
-0.308391
-0.288817
-0.26951
-0.250465
-0.231675
-0.213127
-0.194809
-0.176706
-0.158804
-0.141089
-0.123545
-0.106153
-0.0888961
-0.0717538
-0.0547081
-0.0377413
-0.0208355
-0.00397272
0.0128656
0.0296978
0.0465425
0.0634181
0.0803437
0.0973399
0.114428
0.131629
0.148964
0.166454
0.184121
0.201988
0.220081
0.238425
0.257043
0.275961
0.295203
0.314796
0.334765
0.355134
0.375923
0.397153
0.41884
0.441002
0.463646
0.486775
0.510381
0.534447
0.558942
0.58382
0.609017
0.634446
0.659994
0.685515
0.710832
0.735729
0.759948
0.783187
0.8051
0.825296
0.84334
0.858764
0.871072
0.879755
0.88431
0.884256
0.879142
0.868595
0.852567
0.831084
0.801039
0.760167
-0.648728
-0.688852
-0.718071
-0.738652
-0.753749
-0.763436
-0.767855
-0.767465
-0.762786
-0.754343
-0.742659
-0.728239
-0.711556
-0.693039
-0.67307
-0.651981
-0.630059
-0.607547
-0.58465
-0.561536
-0.538343
-0.515184
-0.492147
-0.469302
-0.446703
-0.424389
-0.402389
-0.380719
-0.359389
-0.338401
-0.317752
-0.29744
-0.277455
-0.257788
-0.238425
-0.219349
-0.200543
-0.181989
-0.16367
-0.145567
-0.127659
-0.109926
-0.0923458
-0.074899
-0.0575649
-0.0403235
-0.0231541
-0.00603584
0.0110517
0.0281284
0.0452139
0.0623285
0.0794939
0.0967323
0.114067
0.131519
0.149112
0.166869
0.184816
0.20298
0.221389
0.24007
0.25905
0.278359
0.298027
0.318086
0.338565
0.359493
0.380897
0.402807
0.425249
0.448248
0.471822
0.495984
0.520738
0.546079
0.571988
0.598429
0.625351
0.652675
0.680297
0.708078
0.735841
0.763364
0.790378
0.81656
0.841533
0.864861
0.886052
0.904567
0.919823
0.931211
0.938116
0.939941
0.936115
0.926153
0.909935
0.887431
0.855193
0.810748
-0.701561
-0.745311
-0.776707
-0.798234
-0.813412
-0.822391
-0.825408
-0.823055
-0.815981
-0.804836
-0.790255
-0.772838
-0.753134
-0.731635
-0.708771
-0.684908
-0.660355
-0.635371
-0.610167
-0.584915
-0.559748
-0.534772
-0.51007
-0.485702
-0.461712
-0.43813
-0.414974
-0.392251
-0.36996
-0.348095
-0.326648
-0.305607
-0.284959
-0.264685
-0.244766
-0.225181
-0.205907
-0.186923
-0.168206
-0.149734
-0.131482
-0.113428
-0.0955482
-0.0778193
-0.0602191
-0.0427244
-0.025312
-0.00795894
0.00935653
0.0266556
0.0439598
0.0612918
0.0786751
0.0961336
0.113691
0.13137
0.149197
0.167198
0.185402
0.203839
0.222539
0.24153
0.260847
0.280522
0.300591
0.321089
0.342052
0.363514
0.38551
0.408079
0.431257
0.455078
0.479571
0.504763
0.53067
0.557301
0.58465
0.612699
0.641411
0.670723
0.70054
0.730736
0.76114
0.791528
0.821626
0.851092
0.879522
0.906433
0.931276
0.953429
0.972214
0.986904
0.99675
1.00101
0.998957
0.989962
0.973805
0.950374
0.915824
0.867447
-0.76068
-0.808481
-0.8422
-0.864571
-0.879548
-0.887393
-0.888473
-0.883554
-0.873454
-0.858977
-0.840891
-0.819908
-0.796666
-0.771724
-0.745559
-0.718573
-0.691094
-0.663392
-0.635679
-0.608123
-0.580853
-0.553962
-0.52752
-0.501574
-0.476156
-0.451282
-0.426957
-0.403178
-0.379931
-0.357203
-0.334974
-0.313225
-0.291933
-0.271076
-0.250626
-0.230556
-0.21084
-0.19145
-0.172361
-0.153545
-0.134975
-0.116625
-0.0984689
-0.0804828
-0.0626406
-0.0449164
-0.0272844
-0.00972007
0.00779956
0.0252973
0.0427967
0.0603226
0.0778998
0.0955533
0.113308
0.131189
0.149225
0.167445
0.18588
0.204563
0.223525
0.2428
0.262425
0.282437
0.302878
0.323786
0.345201
0.367166
0.389726
0.412927
0.436815
0.461434
0.486828
0.513035
0.540088
0.568011
0.596817
0.626508
0.657066
0.688444
0.72057
0.753331
0.786568
0.820067
0.853551
0.886667
0.918986
0.949984
0.979051
1.00548
1.02848
1.04719
1.06071
1.06809
1.06844
1.06092
1.04517
1.02096
0.983982
0.931259
-0.827143
-0.879507
-0.915701
-0.938745
-0.953121
-0.959254
-0.957697
-0.949443
-0.935527
-0.916944
-0.894624
-0.869407
-0.842031
-0.813125
-0.783214
-0.75273
-0.722015
-0.691342
-0.660919
-0.630905
-0.601411
-0.572517
-0.544274
-0.516711
-0.489842
-0.463667
-0.438176
-0.413351
-0.389168
-0.3656
-0.342618
-0.320191
-0.298289
-0.27688
-0.25593
-0.235408
-0.215281
-0.195518
-0.176087
-0.156957
-0.138098
-0.119481
-0.101078
-0.0828615
-0.0648035
-0.0468753
-0.0290494
-0.0112999
0.00639788
0.0240686
0.0417379
0.0594321
0.0771773
0.0949993
0.112925
0.130981
0.1492
0.167612
0.186251
0.205151
0.224346
0.243874
0.263776
0.284094
0.304872
0.326153
0.347986
0.370421
0.39351
0.417308
0.441872
0.467257
0.493521
0.520718
0.548897
0.578103
0.60837
0.639722
0.672164
0.705675
0.740208
0.775672
0.811931
0.848784
0.885963
0.923115
0.95979
0.995433
1.02937
1.06081
1.08884
1.11244
1.13051
1.14191
1.14546
1.14008
1.12522
1.10047
1.06095
1.00338
-0.902252
-0.959806
-0.998621
-1.02206
-1.03527
-1.03891
-1.0338
-1.02122
-1.0025
-0.978866
-0.95144
-0.92121
-0.88902
-0.855571
-0.821431
-0.787052
-0.752784
-0.718891
-0.685568
-0.652952
-0.621133
-0.590167
-0.560081
-0.530881
-0.502559
-0.475094
-0.448458
-0.422616
-0.39753
-0.37316
-0.349464
-0.326402
-0.303931
-0.282012
-0.260605
-0.239671
-0.219172
-0.199073
-0.179337
-0.159929
-0.140815
-0.121964
-0.103346
-0.0849297
-0.0666846
-0.0485804
-0.0305885
-0.0126816
0.00516648
0.0229827
0.0407946
0.0586298
0.0765154
0.0944786
0.112548
0.130753
0.149128
0.167704
0.186517
0.205602
0.224999
0.244749
0.264895
0.285482
0.306559
0.328176
0.350387
0.37325
0.396827
0.42118
0.446377
0.472487
0.499581
0.527729
0.557001
0.587465
0.619179
0.652193
0.686539
0.72223
0.759248
0.797537
0.836988
0.877431
0.918616
0.960201
1.00173
1.04263
1.08216
1.11945
1.15347
1.183
1.20673
1.22323
1.23103
1.2287
1.21539
1.19044
1.14829
1.08528
-0.98763
-1.05115
-1.09272
-1.11612
-1.12736
-1.12744
-1.11755
-1.09939
-1.07463
-1.04479
-1.01123
-0.975083
-0.937314
-0.898687
-0.859804
-0.821123
-0.782986
-0.745637
-0.709242
-0.673906
-0.639687
-0.606607
-0.574663
-0.543831
-0.514078
-0.485357
-0.457618
-0.430808
-0.40487
-0.379751
-0.355397
-0.331753
-0.308767
-0.286391
-0.264576
-0.243279
-0.222456
-0.202066
-0.182067
-0.162422
-0.143093
-0.124046
-0.105247
-0.0866636
-0.068263
-0.0500139
-0.0318865
-0.0138524
0.00411688
0.02205
0.039976
0.0579235
0.0759211
0.0939976
0.112183
0.13051
0.149011
0.167721
0.186676
0.205917
0.225483
0.24542
0.265774
0.286591
0.307926
0.329836
0.352381
0.375628
0.399643
0.424501
0.45028
0.477061
0.504931
0.533979
0.564298
0.595977
0.629104
0.663756
0.700003
0.737894
0.777451
0.818658
0.861451
0.905699
0.951191
0.99761
1.04452
1.09132
1.13726
1.18136
1.22247
1.25919
1.28993
1.31293
1.32632
1.32823
1.31741
1.2928
1.24795
1.17876
-1.08534
-1.1558
-1.2002
-1.22289
-1.231
-1.22606
-1.20979
-1.18442
-1.15209
-1.11466
-1.07373
-1.03064
-0.986448
-0.941963
-0.897804
-0.854418
-0.812115
-0.7711
-0.731495
-0.693357
-0.656698
-0.6215
-0.587718
-0.555295
-0.524162
-0.494246
-0.465471
-0.437761
-0.411044
-0.385248
-0.360303
-0.336144
-0.312709
-0.289937
-0.267776
-0.246175
-0.225083
-0.204453
-0.184241
-0.164404
-0.144902
-0.125699
-0.106758
-0.0880433
-0.0695221
-0.0511621
-0.0329324
-0.0148027
0.00325721
0.0212773
0.0392877
0.0573183
0.0753991
0.0935609
0.111835
0.130254
0.148851
0.167664
0.186731
0.206094
0.225796
0.245883
0.266404
0.28741
0.30896
0.331117
0.353949
0.377526
0.401925
0.427229
0.453527
0.480914
0.509494
0.539377
0.570677
0.603509
0.637989
0.674233
0.712348
0.752427
0.794539
0.838724
0.884972
0.933212
0.983285
1.03493
1.08774
1.14114
1.19435
1.24636
1.29585
1.34125
1.38066
1.41194
1.43268
1.44045
1.43341
1.40994
1.36241
1.28612
-1.19807
-1.2767
-1.32389
-1.34481
-1.34812
-1.33614
-1.31136
-1.27671
-1.23489
-1.1882
-1.1385
-1.08732
-1.03577
-0.984722
-0.93476
-0.88629
-0.839564
-0.794721
-0.751815
-0.710843
-0.671756
-0.634482
-0.598928
-0.564992
-0.532567
-0.501547
-0.471829
-0.443315
-0.415911
-0.389526
-0.364077
-0.339485
-0.315676
-0.292585
-0.270148
-0.248307
-0.227006
-0.206195
-0.185823
-0.165845
-0.146219
-0.126904
-0.107861
-0.0890541
-0.0704499
-0.0520154
-0.0337179
-0.0155254
0.00259339
0.0206693
0.0387335
0.0568175
0.074953
0.0931714
0.111504
0.129984
0.148647
0.167531
0.186677
0.206129
0.225931
0.24613
0.266777
0.287928
0.309647
0.332002
0.355065
0.378915
0.403634
0.429316
0.456061
0.48398
0.513192
0.543826
0.576021
0.609919
0.64567
0.683427
0.723341
0.765554
0.810197
0.857371
0.907139
0.959507
1.0144
1.07162
1.13085
1.19156
1.25299
1.31408
1.37345
1.4293
1.47942
1.5212
1.55161
1.56744
1.56602
1.54492
1.49485
1.4103
-1.32937
-1.41773
-1.46747
-1.48494
-1.481
-1.45921
-1.42308
-1.37649
-1.32284
-1.26489
-1.20482
-1.14427
-1.08442
-1.0261
-0.969839
-0.915962
-0.86462
-0.815856
-0.769633
-0.725861
-0.68442
-0.64517
-0.607959
-0.572634
-0.539044
-0.507048
-0.476512
-0.447314
-0.419336
-0.392471
-0.36662
-0.341691
-0.3176
-0.294273
-0.271639
-0.249631
-0.228189
-0.207258
-0.186785
-0.166722
-0.147022
-0.127641
-0.108541
-0.0896851
-0.0710386
-0.0525673
-0.0342373
-0.0160158
0.00212887
0.0202285
0.0383159
0.0564239
0.0745845
0.0928289
0.111189
0.129698
0.148395
0.167319
0.186512
0.206017
0.22588
0.246149
0.26688
0.288131
0.30997
0.332469
0.355705
0.379761
0.404731
0.430715
0.457826
0.486188
0.515937
0.547222
0.580205
0.615058
0.651965
0.69112
0.732723
0.776972
0.824063
0.874177
0.927466
0.984032
1.0439
1.10701
1.17313
1.24184
1.31245
1.38393
1.45484
1.52322
1.58654
1.64165
1.68477
1.71165
1.71853
1.70166
1.64947
1.5552
-1.48412
-1.58418
-1.63576
-1.6471
-1.63234
-1.59684
-1.5456
-1.4837
-1.41536
-1.34385
-1.27161
-1.20035
-1.13123
-1.06499
-1.00203
-0.942515
-0.886467
-0.833788
-0.784322
-0.737874
-0.69423
-0.65317
-0.614476
-0.577935
-0.543352
-0.510545
-0.479349
-0.449615
-0.421202
-0.393985
-0.367849
-0.342694
-0.318424
-0.294955
-0.272208
-0.250112
-0.228603
-0.20762
-0.18711
-0.167018
-0.147296
-0.1279
-0.108791
-0.0899301
-0.071283
-0.0528137
-0.0344878
-0.0162725
0.00186447
0.0199562
0.0380363
0.0561377
0.074292
0.0925304
0.110886
0.129394
0.148092
0.167023
0.186226
0.205747
0.225631
0.245929
0.266698
0.288001
0.309907
0.332492
0.355835
0.380029
0.405172
0.431374
0.458758
0.487462
0.517638
0.549455
0.583096
0.618764
0.656681
0.697079
0.740209
0.786337
0.835732
0.888662
0.945386
1.00613
1.07106
1.14025
1.21365
1.29099
1.37173
1.45496
1.53925
1.62256
1.70207
1.77407
1.83388
1.87598
1.895
1.8853
1.8319
1.72607
-1.66923
-1.78339
-1.83519
-1.8361
-1.8052
-1.75057
-1.67924
-1.59778
-1.51134
-1.42365
-1.33731
-1.25401
-1.17475
-1.10006
-1.03012
-0.964897
-0.904191
-0.847736
-0.795222
-0.746324
-0.700719
-0.658094
-0.618154
-0.580628
-0.545269
-0.511857
-0.480192
-0.450096
-0.421409
-0.393988
-0.367705
-0.342446
-0.318109
-0.294599
-0.271832
-0.249732
-0.228232
-0.207269
-0.186785
-0.166725
-0.147037
-0.127678
-0.108608
-0.0897888
-0.0711831
-0.0527553
-0.0344712
-0.0162975
0.00179863
0.0198507
0.0378919
0.0559547
0.0740704
0.0922709
0.11059
0.129064
0.147731
0.166633
0.18581
0.205307
0.225171
0.245454
0.266216
0.287519
0.309435
0.332042
0.355425
0.37968
0.404911
0.431238
0.458794
0.487726
0.518202
0.550409
0.584555
0.620869
0.659607
0.701048
0.745496
0.793281
0.844755
0.900288
0.960257
1.02503
1.09495
1.17029
1.25121
1.33769
1.42944
1.52576
1.6254
1.72634
1.82558
1.91892
2.00066
2.06368
2.1005
2.10261
2.0499
1.9303
-1.89483
-2.02578
-2.0744
-2.05785
-2.00289
-1.9216
-1.82366
-1.7174
-1.60889
-1.50217
-1.3998
-1.30322
-1.21313
-1.12969
-1.05274
-0.981926
-0.916804
-0.85688
-0.801656
-0.750657
-0.703433
-0.659571
-0.618697
-0.580474
-0.544607
-0.510834
-0.478922
-0.448667
-0.419888
-0.392428
-0.366147
-0.34092
-0.316635
-0.293191
-0.270501
-0.248486
-0.227076
-0.206206
-0.185814
-0.165846
-0.14625
-0.126982
-0.108
-0.0892672
-0.0707451
-0.0523987
-0.0341935
-0.0160961
0.0019261
0.0199059
0.0378757
0.0558673
0.0739121
0.0920426
0.110293
0.1287
0.147302
0.166139
0.185251
0.204684
0.224485
0.244708
0.265412
0.286661
0.308527
0.33109
0.354438
0.378672
0.403902
0.430253
0.457866
0.486899
0.517532
0.549969
0.584438
0.621197
0.660533
0.702767
0.74826
0.797408
0.85065
0.908463
0.971356
1.03987
1.11454
1.19588
1.28436
1.38027
1.4837
1.59434
1.71128
1.83277
1.95585
2.07597
2.18645
2.27832
2.34127
2.36265
2.31444
2.17864
-2.17652
-2.32657
-2.36502
-2.3195
-2.22866
-2.11029
-1.97734
-1.83999
-1.70499
-1.57634
-1.45619
-1.34543
-1.24416
-1.152
-1.0683
-0.992322
-0.923269
-0.860384
-0.802957
-0.750341
-0.701952
-0.657273
-0.615847
-0.577277
-0.541217
-0.507364
-0.475457
-0.445268
-0.4166
-0.389281
-0.363162
-0.338108
-0.314
-0.290736
-0.268224
-0.246385
-0.225146
-0.204442
-0.184211
-0.164396
-0.144949
-0.125824
-0.106979
-0.0883772
-0.0699807
-0.0517545
-0.0336644
-0.0156778
0.00223705
0.0201115
0.037977
0.0558647
0.0738067
0.0918356
0.109986
0.128292
0.146793
0.165526
0.184535
0.203862
0.223556
0.243671
0.264266
0.285403
0.307156
0.329604
0.352841
0.376968
0.402099
0.428364
0.455909
0.484902
0.515532
0.548017
0.582604
0.619572
0.65924
0.701969
0.748171
0.798309
0.852908
0.912555
0.977902
1.04967
1.12862
1.21557
1.31132
1.41663
1.53208
1.65794
1.79396
1.93895
2.09041
2.24381
2.39176
2.52332
2.62478
2.67755
2.64139
2.4875
-2.53952
-2.70838
-2.72261
-2.62914
-2.4849
-2.31527
-2.13682
-1.9612
-1.79515
-1.64197
-1.50279
-1.37749
-1.26524
-1.16488
-1.07514
-0.994759
-0.922548
-0.857446
-0.798509
-0.744908
-0.695924
-0.650937
-0.609415
-0.570901
-0.535003
-0.501385
-0.469759
-0.439881
-0.41154
-0.384553
-0.358762
-0.334027
-0.310227
-0.287258
-0.265028
-0.243456
-0.222471
-0.202006
-0.182001
-0.162401
-0.143158
-0.124226
-0.105565
-0.0871373
-0.0689067
-0.0508383
-0.0328989
-0.0150572
0.00271678
0.0204527
0.0381812
0.0559336
0.0737419
0.0916379
0.109654
0.127826
0.14619
0.164783
0.183647
0.202826
0.222368
0.242326
0.262756
0.283721
0.305294
0.327557
0.3506
0.374529
0.399458
0.425519
0.452864
0.481663
0.512115
0.544446
0.578918
0.615829
0.655524
0.698398
0.744908
0.79558
0.851017
0.911917
0.979074
1.05339
1.13589
1.2277
1.33004
1.44421
1.57147
1.71293
1.86928
2.04045
2.22496
2.41905
2.61532
2.80129
2.95947
3.0634
3.05422
2.88323
-3.02717
-3.20552
-3.16724
-2.99475
-2.77149
-2.53191
-2.29551
-2.07404
-1.87289
-1.69344
-1.53495
-1.39566
-1.27344
-1.16609
-1.07154
-0.987937
-0.913672
-0.847351
-0.787788
-0.733983
-0.685088
-0.640391
-0.599292
-0.561283
-0.525936
-0.492892
-0.461844
-0.432534
-0.404744
-0.378283
-0.352989
-0.328723
-0.305363
-0.282805
-0.260958
-0.239743
-0.21909
-0.198936
-0.179222
-0.159895
-0.140908
-0.122218
-0.103785
-0.0855733
-0.0675467
-0.0496721
-0.0319179
-0.0142548
0.00334498
0.0209102
0.0384709
0.0560578
0.0737016
0.0914333
0.109285
0.127288
0.145478
0.163892
0.182572
0.20156
0.220903
0.240653
0.260863
0.281595
0.302921
0.324922
0.347689
0.371323
0.395942
0.421677
0.448678
0.477119
0.507202
0.539161
0.573263
0.609822
0.6492
0.69182
0.738174
0.788839
0.844488
0.905916
0.974051
1.04998
1.13496
1.23048
1.33821
1.46007
1.59815
1.75464
1.93163
2.13074
2.35247
2.59504
2.8525
3.1122
3.3536
3.5409
3.58832
3.41091
-3.7181
-3.87006
-3.72247
-3.42058
-3.08221
-2.74948
-2.44173
-2.1678
-1.92916
-1.72349
-1.54703
-1.39569
-1.26559
-1.15328
-1.05579
-0.970651
-0.89579
-0.829507
-0.770398
-0.71731
-0.66929
-0.625553
-0.585447
-0.54843
-0.514051
-0.481937
-0.451772
-0.423293
-0.396278
-0.370538
-0.345912
-0.322262
-0.299471
-0.277436
-0.256071
-0.2353
-0.215057
-0.195281
-0.175919
-0.15692
-0.138239
-0.119836
-0.101673
-0.083715
-0.0659286
-0.0482823
-0.0307469
-0.0132953
0.00409897
0.0214631
0.0388259
0.0562175
0.0736676
0.091205
0.108859
0.126659
0.144641
0.162839
0.181294
0.200048
0.219145
0.238634
0.258568
0.279006
0.300017
0.32168
0.344083
0.367325
0.39152
0.416798
0.443305
0.471216
0.50073
0.53208
0.565539
0.601424
0.640109
0.68203
0.727704
0.777743
0.832873
0.893962
0.962048
1.03838
1.12444
1.22204
1.33333
1.46087
1.6077
1.77731
1.9736
2.20063
2.46205
2.75991
3.09232
3.4497
3.81158
4.13418
4.2971
4.15178
-4.75533
-4.77743
-4.41067
-3.90117
-3.39967
-2.94776
-2.55702
-2.22731
-1.95224
-1.72344
-1.53278
-1.37314
-1.2386
-1.12433
-1.02648
-0.941952
-0.868297
-0.803549
-0.74614
-0.694806
-0.648525
-0.606468
-0.567957
-0.532438
-0.499455
-0.468631
-0.439654
-0.412266
-0.386248
-0.361419
-0.337624
-0.314732
-0.292632
-0.271228
-0.250438
-0.230192
-0.21043
-0.191097
-0.172143
-0.153523
-0.135194
-0.117119
-0.0992642
-0.081596
-0.064084
-0.0466992
-0.0294142
-0.0122044
0.00495426
0.0220879
0.0392249
0.0563935
0.0736211
0.0909338
0.108358
0.125923
0.143661
0.161607
0.179799
0.198276
0.21708
0.236258
0.255859
0.27594
0.296568
0.317815
0.339767
0.362517
0.386174
0.410861
0.436722
0.463922
0.492657
0.523155
0.555682
0.590555
0.628144
0.668888
0.713311
0.762039
0.815826
0.875583
0.942421
1.0177
1.10309
1.20066
1.31297
1.44322
1.59538
1.77436
1.9862
2.23808
2.53816
2.89476
3.31411
3.79595
4.32776
4.86595
5.25723
5.25241
-6.39713
-6.0269
-5.24395
-4.41621
-3.69337
-3.09721
-2.61748
-2.23503
-1.92999
-1.6852
-1.48701
-1.32482
-1.19061
-1.07828
-0.98318
-0.90178
-0.831346
-0.76976
-0.715364
-0.666851
-0.62318
-0.583516
-0.547188
-0.513653
-0.482467
-0.45327
-0.425763
-0.399702
-0.374881
-0.351133
-0.328314
-0.306304
-0.285002
-0.264319
-0.244184
-0.224533
-0.205314
-0.186477
-0.16798
-0.14978
-0.131842
-0.114131
-0.0966168
-0.0792696
-0.0620613
-0.0449656
-0.0279585
-0.0110175
0.00587989
0.0227586
0.039645
0.0565655
0.0735446
0.0906055
0.107772
0.125073
0.142536
0.160196
0.178089
0.19625
0.21472
0.23354
0.252757
0.272425
0.292605
0.313364
0.334782
0.356945
0.379954
0.403925
0.428992
0.455311
0.483066
0.512473
0.543789
0.577315
0.613409
0.652498
0.695092
0.741809
0.793397
0.850773
0.915072
0.9877
1.07042
1.16547
1.2757
1.40478
1.5575
1.7401
1.96079
2.23034
2.56262
2.97497
3.48752
4.11962
4.88118
5.74809
6.56855
6.97459
-9.22002
-7.7414
-6.17419
-4.89246
-3.89697
-3.14648
-2.5875
-2.168
-1.84829
-1.6005
-1.40508
-1.24834
-1.12058
-1.01484
-0.926072
-0.850549
-0.785474
-0.728721
-0.678658
-0.634014
-0.59379
-0.557196
-0.523599
-0.492493
-0.463471
-0.4362
-0.410411
-0.385882
-0.362431
-0.339907
-0.318186
-0.297161
-0.276743
-0.256858
-0.237441
-0.218442
-0.199815
-0.181519
-0.163516
-0.145772
-0.128256
-0.110938
-0.0937908
-0.0767894
-0.0599088
-0.0431259
-0.0264193
-0.00976912
0.00684572
0.0234485
0.0400633
0.0567135
0.0734208
0.0902059
0.10709
0.1241
0.141262
0.158608
0.17617
0.193982
0.212078
0.230499
0.249288
0.268491
0.288164
0.308369
0.329177
0.350666
0.372927
0.396064
0.4202
0.445477
0.472063
0.500157
0.529995
0.561857
0.596073
0.633041
0.67324
0.717251
0.765784
0.819714
0.880138
0.948425
1.02632
1.11608
1.22062
1.34383
1.49094
1.66907
1.88816
2.16223
2.51118
2.96341
3.55929
4.35206
5.39618
6.73111
8.3558
9.90064
-14.7271
-9.9919
-6.85563
-5.01068
-3.78469
-2.94729
-2.37218
-1.96537
-1.66733
-1.4423
-1.26792
-1.12964
-1.01774
-0.925525
-0.848281
-0.782588
-0.725926
-0.676401
-0.63257
-0.593317
-0.557772
-0.52525
-0.495209
-0.467216
-0.440925
-0.416055
-0.392382
-0.369722
-0.347925
-0.32687
-0.306454
-0.286594
-0.267217
-0.248264
-0.229687
-0.211446
-0.193506
-0.175836
-0.158406
-0.141188
-0.124159
-0.107294
-0.0905715
-0.0739697
-0.057468
-0.0410473
-0.0246894
-0.00837641
0.0079104
0.0241916
0.0404888
0.0568218
0.073209
0.0896687
0.106221
0.122887
0.139694
0.156668
0.173839
0.191235
0.208888
0.226832
0.245104
0.263748
0.282808
0.30234
0.322403
0.343065
0.364403
0.386507
0.409482
0.433451
0.458559
0.484979
0.512915
0.54261
0.574353
0.608488
0.645437
0.685706
0.72992
0.778852
0.833468
0.89499
0.964977
1.04545
1.13907
1.24942
1.38141
1.54194
1.74102
1.99355
2.32242
2.7641
3.37924
4.26421
5.54948
7.46734
10.6928
15.5382
-24.0101
-12.1951
-6.57957
-4.29753
-3.09034
-2.36042
-1.89889
-1.58773
-1.3642
-1.1961
-1.06541
-0.961102
-0.876017
-0.805301
-0.745526
-0.694205
-0.64949
-0.609985
-0.574621
-0.542571
-0.513187
-0.485961
-0.46049
-0.436457
-0.413609
-0.391742
-0.370696
-0.35034
-0.33057
-0.311303
-0.292471
-0.274015
-0.255889
-0.238055
-0.220482
-0.203147
-0.186028
-0.169103
-0.152355
-0.135764
-0.119315
-0.10299
-0.0867733
-0.0706484
-0.0545996
-0.0386122
-0.0226715
-0.00676283
0.00912976
0.0250237
0.0409366
0.056885
0.0728844
0.0889497
0.105098
0.121349
0.137724
0.154247
0.17094
0.187829
0.204939
0.2223
0.23994
0.257894
0.276199
0.294897
0.314036
0.333669
0.353856
0.374667
0.396184
0.418503
0.441738
0.466026
0.491525
0.518427
0.546957
0.577386
0.610043
0.645323
0.683714
0.725813
0.772368
0.824319
0.882852
0.949499
1.02626
1.11579
1.22175
1.34923
1.50571
1.70262
1.95854
2.30633
2.80958
3.58937
4.86411
7.24133
12.9733
24.9107
)
;

boundaryField
{
    movingWall
    {
        type            zeroGradient;
    }
    fixedWalls
    {
        type            zeroGradient;
    }
    frontAndBack
    {
        type            empty;
    }
}


// ************************************************************************* //
