/*--------------------------------*- C++ -*----------------------------------*\
| =========                 |                                                 |
| \\      /  F ield         | OpenFOAM: The Open Source CFD Toolbox           |
|  \\    /   O peration     | Version:  2212                                  |
|   \\  /    A nd           | Website:  www.openfoam.com                      |
|    \\/     M anipulation  |                                                 |
\*---------------------------------------------------------------------------*/
FoamFile
{
    version     2.0;
    format      ascii;
    arch        "LSB;label=32;scalar=64";
    class       volScalarField;
    location    "0.0175";
    object      p;
}
// * * * * * * * * * * * * * * * * * * * * * * * * * * * * * * * * * * * * * //

dimensions      [0 2 -2 0 0 0 0];

internalField   nonuniform List<scalar> 
10000
(
2.24756e-07
-8.47985e-07
-0.000264892
-0.000792146
-0.00151954
-0.00238853
-0.00334849
-0.00435566
-0.00537341
-0.00637101
-0.00732283
-0.00820749
-0.00900705
-0.00970645
-0.0102933
-0.0107579
-0.0110926
-0.0112918
-0.0113509
-0.0112668
-0.0110375
-0.0106621
-0.0101399
-0.0094708
-0.00865561
-0.00769608
-0.00659516
-0.00535643
-0.00398355
-0.00248008
-0.000849781
0.000903028
0.0027733
0.00475563
0.00684449
0.00903431
0.0113195
0.0136945
0.0161533
0.0186903
0.0212996
0.0239755
0.0267119
0.0295028
0.0323416
0.0352217
0.0381361
0.041078
0.0440407
0.0470174
0.050001
0.0529843
0.0559601
0.0589212
0.0618605
0.064771
0.0676457
0.0704774
0.0732592
0.075984
0.0786445
0.0812338
0.0837456
0.0861736
0.0885115
0.0907536
0.0928937
0.0949258
0.0968444
0.0986443
0.10032
0.101866
0.103278
0.104551
0.10568
0.106662
0.107495
0.108179
0.108711
0.109092
0.109321
0.109401
0.109334
0.109123
0.108774
0.108294
0.107691
0.106978
0.106167
0.105272
0.104312
0.103308
0.102286
0.101277
0.100321
0.0994587
0.0987412
0.0982232
0.097964
0.097964
5.01521e-06
-2.2439e-06
-0.000240221
-0.000690513
-0.00130061
-0.00202899
-0.00283741
-0.00369087
-0.00455829
-0.00541242
-0.00622967
-0.00698996
-0.00767612
-0.00827377
-0.00877074
-0.00915696
-0.0094247
-0.00956795
-0.00958188
-0.00946299
-0.00920876
-0.00881766
-0.00828901
-0.00762259
-0.00681858
-0.00587794
-0.00480264
-0.00359554
-0.00226011
-0.000799994
0.000781099
0.00247925
0.00429007
0.00620868
0.00822991
0.0103484
0.0125587
0.0148554
0.0172333
0.0196867
0.0222102
0.0247983
0.027445
0.0301443
0.0328901
0.0356757
0.0384947
0.0413404
0.0442064
0.0470858
0.0499718
0.0528573
0.0557353
0.0585988
0.061441
0.064255
0.0670339
0.069771
0.0724596
0.0750928
0.0776636
0.0801657
0.0825928
0.0849389
0.0871983
0.0893655
0.0914345
0.0933997
0.095256
0.0969985
0.0986221
0.100122
0.101493
0.102732
0.103835
0.104799
0.105622
0.106303
0.106842
0.107239
0.107494
0.10761
0.107589
0.107437
0.107157
0.106758
0.106249
0.10564
0.104944
0.104176
0.103351
0.102492
0.10162
0.100766
0.0999588
0.0992358
0.0986341
0.0981932
0.0979627
0.0979627
0.00026566
0.000225601
-1.48287e-05
-0.000431131
-0.000977815
-0.00162227
-0.00233449
-0.00308581
-0.00384982
-0.0046026
-0.00532282
-0.00599172
-0.00659331
-0.00711396
-0.00754198
-0.00786763
-0.00808311
-0.00818234
-0.00816067
-0.00801428
-0.00774024
-0.00733643
-0.00680186
-0.0061363
-0.00533994
-0.00441343
-0.00335811
-0.00217615
-0.000870582
0.00055509
0.00209716
0.00375185
0.00551521
0.00738279
0.0093497
0.0114108
0.0135608
0.0157946
0.0181069
0.0204928
0.022947
0.025464
0.028038
0.0306633
0.0333335
0.0360425
0.038784
0.0415516
0.0443391
0.0471397
0.0499466
0.0527528
0.0555517
0.0583363
0.0610998
0.0638356
0.066537
0.0691974
0.0718104
0.0743694
0.0768677
0.0792994
0.0816585
0.0839391
0.0861358
0.0882431
0.0902555
0.0921674
0.093974
0.0956709
0.0972531
0.0987161
0.100056
0.101269
0.102352
0.103302
0.104117
0.104797
0.105342
0.105752
0.106027
0.106172
0.106188
0.106081
0.105855
0.105519
0.105081
0.10455
0.10394
0.103264
0.102537
0.101779
0.101011
0.100258
0.0995461
0.0989057
0.0983669
0.0979611
0.0977308
0.0977027
0.0007759
0.000658126
0.000381461
-3.46547e-05
-0.000557247
-0.00115927
-0.00181603
-0.00250338
-0.00319882
-0.00388152
-0.00453244
-0.00513457
-0.00567302
-0.00613496
-0.00650963
-0.00678781
-0.00696188
-0.00702592
-0.00697538
-0.00680657
-0.00651643
-0.00610248
-0.00556309
-0.00489773
-0.00410665
-0.00319062
-0.00215098
-0.000989564
0.000291203
0.00168826
0.00319814
0.00481712
0.00654132
0.00836657
0.0102882
0.0123014
0.0144011
0.0165822
0.0188399
0.0211692
0.0235651
0.0260224
0.0285354
0.0310982
0.0337049
0.0363494
0.0390257
0.0417276
0.044449
0.0471833
0.0499237
0.0526634
0.0553958
0.058114
0.0608113
0.0634813
0.0661174
0.0687134
0.0712629
0.0737596
0.0761972
0.0785701
0.0808727
0.0830992
0.0852441
0.0873021
0.0892676
0.0911356
0.0929014
0.0945607
0.096109
0.097542
0.0988562
0.100048
0.101115
0.102055
0.102865
0.103545
0.104094
0.104514
0.104806
0.104974
0.10502
0.104949
0.104767
0.10448
0.104096
0.103625
0.103078
0.102468
0.10181
0.101122
0.100423
0.0997328
0.0990759
0.0984767
0.0979608
0.0975546
0.0972897
0.097186
0.00148032
0.00124883
0.000909714
0.000470526
-5.1913e-05
-0.000635778
-0.00126038
-0.00190571
-0.0025526
-0.00318297
-0.00378022
-0.00432923
-0.00481642
-0.00522995
-0.00555985
-0.00579774
-0.00593648
-0.00597029
-0.00589454
-0.00570576
-0.005401
-0.00497779
-0.00443431
-0.0037695
-0.00298328
-0.00207641
-0.00105036
9.30142e-05
0.00135156
0.00272266
0.00420324
0.00578987
0.00747868
0.00926554
0.011146
0.0131155
0.0151691
0.0173022
0.0195099
0.0217876
0.0241303
0.0265327
0.0289896
0.0314951
0.0340434
0.0366287
0.0392453
0.041887
0.0445477
0.0472212
0.0499007
0.0525795
0.0552509
0.0579081
0.0605447
0.0631543
0.0657306
0.0682676
0.0707591
0.073199
0.0755814
0.0779009
0.0801523
0.0823297
0.0844276
0.0864411
0.0883646
0.090193
0.091922
0.0935475
0.0950654
0.0964717
0.0977633
0.098937
0.09999
0.10092
0.101725
0.102404
0.102958
0.103388
0.103695
0.103883
0.103955
0.103916
0.10377
0.103524
0.103185
0.102762
0.102266
0.101709
0.101105
0.100469
0.0998183
0.0991704
0.0985449
0.0979628
0.0974456
0.0970153
0.0966879
0.0964709
0.00232949
0.00196208
0.00154108
0.0010598
0.000517381
-6.85052e-05
-0.000680628
-0.00130265
-0.00191849
-0.00251264
-0.00307059
-0.00357911
-0.00402622
-0.00440117
-0.00469479
-0.0048995
-0.00500889
-0.00501752
-0.00492077
-0.00471504
-0.00439749
-0.00396582
-0.00341836
-0.00275398
-0.00197235
-0.00107394
-6.00231e-05
0.00106751
0.00230653
0.00365462
0.00510901
0.00666655
0.00832358
0.010076
0.0119195
0.0138495
0.0158616
0.0179512
0.0201139
0.0223448
0.0246394
0.0269923
0.0293983
0.0318518
0.0343473
0.0368791
0.0394415
0.0420287
0.0446347
0.047253
0.0498772
0.0525008
0.055117
0.057719
0.0603006
0.0628556
0.065378
0.0678617
0.0703009
0.0726899
0.0750228
0.0772946
0.0794999
0.0816332
0.0836892
0.0856628
0.0875488
0.0893422
0.0910387
0.0926344
0.0941255
0.0955083
0.0967799
0.0979373
0.0989778
0.0998988
0.100699
0.101378
0.101936
0.102374
0.102694
0.1029
0.102994
0.102981
0.102865
0.102651
0.102348
0.101964
0.101507
0.10099
0.100425
0.0998261
0.0992063
0.0985815
0.097968
0.0973831
0.0968451
0.0963717
0.0959619
0.0956087
0.00327796
0.0027633
0.00224732
0.00170893
0.00113014
0.000525229
-9.11642e-05
-0.000706007
-0.00130619
-0.00187853
-0.00241047
-0.00289043
-0.003308
-0.00365377
-0.00391944
-0.00409805
-0.00418391
-0.00417207
-0.00405832
-0.00383892
-0.00351098
-0.00307227
-0.00252123
-0.00185691
-0.00107908
-0.000188154
0.000814912
0.00192848
0.00315045
0.00447853
0.00591004
0.00744199
0.00907094
0.0107929
0.0126036
0.0144988
0.0164741
0.0185251
0.0206477
0.0228373
0.025089
0.0273979
0.0297588
0.0321661
0.0346145
0.0370988
0.0396132
0.0421519
0.044709
0.0472784
0.0498534
0.0524276
0.0549944
0.0575474
0.0600802
0.0625869
0.0650615
0.0674982
0.0698915
0.0722355
0.0745248
0.0767544
0.0789193
0.0810137
0.0830326
0.0849712
0.0868245
0.0885874
0.0902559
0.091826
0.093294
0.0946565
0.0959106
0.0970535
0.0980826
0.0989957
0.0997919
0.100471
0.101032
0.101477
0.101808
0.102028
0.10214
0.102147
0.102054
0.101866
0.10159
0.101234
0.100807
0.100318
0.099779
0.0992011
0.0985967
0.0979786
0.0973606
0.0967568
0.0961823
0.0956513
0.0951456
0.0946447
0.00428555
0.00361942
0.00300057
0.00239467
0.00176734
0.00113026
0.000496109
-0.00012486
-0.000722085
-0.00128473
-0.00180204
-0.00226396
-0.00266146
-0.00298645
-0.00323166
-0.00339085
-0.00345876
-0.0034309
-0.00330346
-0.00307312
-0.00273696
-0.00229276
-0.00173897
-0.00107481
-0.00030014
0.000584494
0.00157816
0.00267951
0.00388663
0.00519734
0.00660913
0.00811889
0.00972329
0.0114186
0.0132006
0.0150652
0.0170083
0.0190257
0.0211131
0.0232663
0.0254805
0.0277507
0.0300718
0.0324388
0.0348461
0.0372886
0.0397607
0.0422568
0.044771
0.047297
0.0498287
0.0523595
0.0548829
0.0573926
0.0598825
0.062347
0.0647801
0.067176
0.0695293
0.0718343
0.0740857
0.0762786
0.0784081
0.0804686
0.0824554
0.0843638
0.0861889
0.0879259
0.0895705
0.091119
0.0925675
0.0939125
0.0951514
0.0962815
0.0973005
0.0982067
0.0989993
0.0996781
0.100243
0.100694
0.101034
0.101265
0.10139
0.101412
0.101336
0.101166
0.10091
0.100575
0.100167
0.0996953
0.09917
0.098601
0.0979987
0.0973742
0.0967386
0.096103
0.0954801
0.0948809
0.0942717
0.093619
0.00531845
0.00450131
0.0037757
0.00309534
0.00241089
0.00173197
0.00106959
0.000431769
-0.000173071
-0.000736077
-0.00124835
-0.00170134
-0.00208717
-0.00239886
-0.00263027
-0.00277593
-0.00283103
-0.00279147
-0.00265369
-0.00241475
-0.00207208
-0.00162361
-0.00106787
-0.000404148
0.000367647
0.00124696
0.00223271
0.00332365
0.00451813
0.00581399
0.00720883
0.00869968
0.010283
0.0119553
0.0137126
0.0155508
0.017466
0.0194543
0.0215115
0.0236332
0.0258149
0.0280517
0.0303386
0.0326705
0.0350423
0.0374488
0.0398844
0.0423434
0.0448202
0.0473087
0.0498027
0.0522957
0.0547815
0.0572538
0.0597069
0.0621352
0.0645327
0.0668937
0.0692129
0.0714848
0.0737038
0.0758652
0.0779643
0.079996
0.0819555
0.0838384
0.0856399
0.0873552
0.08898
0.0905105
0.0919427
0.0932732
0.094499
0.0956182
0.0966288
0.0975293
0.0983192
0.098998
0.0995653
0.100021
0.100367
0.100606
0.10074
0.100773
0.100709
0.100553
0.10031
0.0999866
0.0995894
0.0991258
0.0986042
0.0980336
0.097423
0.0967813
0.0961176
0.0954401
0.0947598
0.0940858
0.0933697
0.092566
0.00634902
0.00538423
0.00455088
0.0037918
0.00304431
0.00231645
0.00161793
0.000954753
0.000333632
-0.000238203
-0.000753577
-0.00120539
-0.00158689
-0.00189207
-0.00211563
-0.00225291
-0.00229969
-0.00225226
-0.00210739
-0.0018623
-0.00151473
-0.00106297
-0.000505822
0.000157324
0.000926494
0.00180124
0.00278048
0.00386282
0.00504681
0.00633041
0.00771101
0.00918585
0.0107516
0.0124044
0.0141407
0.0159567
0.0178485
0.0198121
0.0218436
0.0239388
0.026093
0.0283014
0.0305594
0.0328618
0.0352035
0.0375793
0.0399838
0.0424114
0.0448565
0.0473131
0.0497749
0.0522358
0.0546897
0.0571306
0.0595527
0.0619506
0.0643184
0.0666504
0.0689412
0.0711853
0.0733774
0.0755128
0.0775867
0.0795945
0.0815316
0.0833936
0.0851758
0.0868733
0.0884821
0.0899981
0.0914172
0.0927357
0.0939511
0.0950615
0.0960655
0.0969617
0.0977494
0.098428
0.0989966
0.0994552
0.0998052
0.100049
0.10019
0.10023
0.100174
0.100025
0.0997894
0.0994716
0.0990773
0.0986131
0.0980868
0.0975063
0.0968787
0.0962113
0.095511
0.0947841
0.0940404
0.0932876
0.0924639
0.0915131
0.00735461
0.00624731
0.00530721
0.00446742
0.00365294
0.002871
0.00213037
0.00143529
0.000790873
0.000203015
-0.000322367
-0.000779544
-0.00116302
-0.00146764
-0.00168873
-0.00182223
-0.00186466
-0.00181265
-0.00166341
-0.00141445
-0.00106367
-0.000609669
-5.16002e-05
0.000611023
0.00137807
0.002249
0.00322299
0.00429861
0.00547417
0.00674787
0.00811714
0.00957888
0.01113
0.0127671
0.0144863
0.0162839
0.0181564
0.0201
0.0221105
0.0241837
0.0263153
0.0285006
0.0307348
0.0330129
0.0353298
0.0376804
0.0400592
0.0424608
0.0448797
0.0473099
0.0497452
0.0521796
0.0546073
0.0570224
0.0594193
0.0617926
0.0641363
0.0664448
0.0687127
0.0709346
0.0731051
0.0752196
0.0772736
0.0792625
0.0811818
0.0830273
0.0847942
0.0864778
0.088074
0.0895787
0.0909876
0.0922971
0.0935047
0.0946088
0.095608
0.096501
0.0972868
0.0979646
0.0985334
0.0989934
0.0993457
0.099593
0.0997374
0.0997815
0.0997287
0.0995831
0.0993489
0.0990302
0.098632
0.0981606
0.097623
0.0970255
0.0963738
0.0956735
0.0949302
0.0941486
0.0933377
0.0925043
0.0915742
0.0904816
0.00831695
0.00707301
0.00602847
0.00510748
0.00422375
0.00338409
0.00259685
0.00186481
0.00119152
0.000581734
4.03906e-05
-0.000427872
-0.000818651
-0.00112767
-0.00135094
-0.00148487
-0.00152642
-0.00147279
-0.00132148
-0.00107048
-0.000718004
-0.000262784
0.00029574
0.000957815
0.00172334
0.00259153
0.00356145
0.00463205
0.00580147
0.00706753
0.00842789
0.00987968
0.0114195
0.0130441
0.0147499
0.0165334
0.0183909
0.0203186
0.0223126
0.0243687
0.0264827
0.0286498
0.0308653
0.0331242
0.0354215
0.037752
0.0401105
0.0424916
0.0448897
0.047299
0.0497134
0.0521271
0.0545343
0.0569292
0.0593065
0.0616605
0.0639855
0.0662759
0.0685263
0.0707312
0.0728854
0.0749842
0.0770234
0.0789982
0.0809042
0.0827373
0.0844928
0.086166
0.0877529
0.0892494
0.0906512
0.0919546
0.0931573
0.0942574
0.0952535
0.0961441
0.0969282
0.0976049
0.0981733
0.0986334
0.0989868
0.0992355
0.0993816
0.0994269
0.0993742
0.099227
0.098989
0.0986641
0.0982569
0.097773
0.0972183
0.0965978
0.0959159
0.0951773
0.0943863
0.0935465
0.0926664
0.0917518
0.0907174
0.0894888
0.00922146
0.00784688
0.00670072
0.00569904
0.00474512
0.00384538
0.00300809
0.00223501
0.00152849
0.000892051
0.000329694
-0.000154611
-0.000557282
-0.000874915
-0.00110421
-0.00124212
-0.00128586
-0.00123321
-0.00108197
-0.000830463
-0.000477476
-2.19288e-05
0.000536764
0.00119842
0.00196278
0.00282932
0.00379685
0.00486399
0.00602911
0.00729005
0.00864419
0.0100887
0.0116204
0.0132361
0.0149323
0.0167055
0.0185522
0.0204685
0.0224506
0.0244943
0.0265953
0.0287492
0.030951
0.0331958
0.0354786
0.0377944
0.040138
0.0425039
0.0448867
0.0472807
0.0496797
0.0520782
0.0544705
0.0568508
0.0592138
0.0615539
0.0638655
0.066143
0.0683811
0.0705743
0.0727173
0.0748057
0.0768349
0.0788004
0.0806975
0.0825222
0.08427
0.0859363
0.0875172
0.0890086
0.0904065
0.0917069
0.0929074
0.0940057
0.0950002
0.0958894
0.0966722
0.0973479
0.0979156
0.0983755
0.098729
0.0989779
0.0991236
0.0991673
0.0991112
0.0989585
0.0987127
0.0983776
0.0979574
0.0974565
0.0968796
0.0962309
0.0955141
0.094733
0.0938909
0.0929906
0.0920399
0.0910443
0.0899084
0.0885501
0.0100562
0.00855682
0.0073121
0.00623078
0.00520647
0.00424529
0.00335545
0.00253806
0.00179472
0.00112783
0.000540454
3.59645e-05
-0.000382581
-0.000712452
-0.000951008
-0.00109577
-0.00114434
-0.00109477
-0.00094552
-0.000695063
-0.000342402
0.000112932
0.000671383
0.00133295
0.00209699
0.00296274
0.0039292
0.00499481
0.00615768
0.00741564
0.00876613
0.0102063
0.0117331
0.0133434
0.0150337
0.0168007
0.0186406
0.0205499
0.0225245
0.0245604
0.0266534
0.0287988
0.0309919
0.0332276
0.0355011
0.0378074
0.0401414
0.0424975
0.0448706
0.0472547
0.049644
0.052033
0.0544158
0.0567869
0.0591409
0.0614724
0.0637759
0.0660458
0.0682768
0.0704634
0.0726004
0.0746832
0.0767075
0.0786681
0.0805608
0.0823812
0.0841251
0.0857882
0.0873666
0.0888564
0.0902534
0.0915537
0.0927543
0.0938529
0.0948475
0.0957365
0.0965189
0.0971942
0.0977615
0.0982211
0.0985741
0.0988217
0.098965
0.0990044
0.098942
0.0987808
0.0985244
0.0981761
0.0977392
0.0972171
0.0966138
0.0959327
0.0951772
0.0943504
0.0934549
0.0924923
0.0914704
0.0903944
0.0891602
0.0876783
0.0108109
0.00919255
0.00785254
0.00669273
0.00559809
0.00457474
0.00363069
0.00276648
0.00198324
0.00128279
0.00066728
0.000139361
-0.000298346
-0.000643558
-0.000894122
-0.00104806
-0.00110365
-0.00105904
-0.000913108
-0.000664976
-0.000313687
0.000141191
0.000699541
0.00136119
0.00212566
0.00299194
0.00395874
0.00502445
0.00618709
0.00744441
0.00879384
0.0102326
0.0117577
0.013366
0.0150542
0.0168188
0.0186562
0.0205626
0.0225342
0.024567
0.0266566
0.0287983
0.0309875
0.0332192
0.0354885
0.0377905
0.0401202
0.042472
0.0448407
0.0472206
0.0496058
0.0519907
0.0543696
0.0567369
0.0590874
0.0614157
0.0637164
0.0659839
0.068213
0.0703982
0.0725342
0.0746165
0.0766404
0.0786009
0.0804936
0.082314
0.084058
0.0857216
0.0873011
0.0887927
0.0901919
0.0914945
0.0926975
0.0937983
0.0947947
0.0956851
0.0964685
0.0971443
0.0977118
0.098171
0.0985227
0.0987676
0.0989063
0.0989393
0.0988684
0.0986968
0.0984277
0.0980634
0.0976062
0.0970592
0.0964258
0.0957094
0.0949124
0.0940376
0.0930867
0.0920606
0.0909672
0.0898121
0.088483
0.0868834
0.0114769
0.00974508
0.008313
0.00707606
0.00591132
0.00482522
0.00382584
0.00291299
0.00208746
0.00135085
0.000704633
0.000150735
-0.000308615
-0.000671586
-0.000936539
-0.00110172
-0.00116584
-0.00112783
-0.000986603
-0.000741485
-0.000392069
6.19214e-05
0.000620354
0.00128279
0.00204856
0.00291654
0.00388517
0.00495273
0.00611718
0.00737619
0.0087272
0.0101675
0.0116942
0.0133041
0.0149938
0.0167599
0.0185987
0.0205065
0.0224795
0.0245136
0.0266044
0.0287472
0.0309373
0.03317
0.0354402
0.0377432
0.0400739
0.0424267
0.0447965
0.0471777
0.0495642
0.0519506
0.054331
0.0567
0.0590524
0.061383
0.0636863
0.0659568
0.0681892
0.070378
0.0725179
0.0746044
0.0766327
0.0785978
0.0804948
0.0823196
0.084068
0.0857362
0.0873205
0.0888169
0.0902209
0.0915282
0.0927356
0.0938407
0.094841
0.0957346
0.0965205
0.0971979
0.0977661
0.0982248
0.0985743
0.0988152
0.0989479
0.0989729
0.0988923
0.0987089
0.0984248
0.0980418
0.0975614
0.0969864
0.0963203
0.095566
0.0947255
0.0938007
0.0927929
0.0917026
0.090538
0.0893055
0.0878845
0.0861725
0.0120469
0.0102062
0.00868512
0.00737265
0.00613822
0.00498891
0.00393335
0.0029707
0.00210113
0.00132621
0.000647228
6.53505e-05
-0.000417764
-0.000800385
-0.00108131
-0.00125953
-0.00133377
-0.00130338
-0.00116778
-0.000926448
-0.000579174
-0.000125987
0.000432888
0.00109686
0.00186496
0.00273588
0.00370793
0.00477917
0.00594751
0.00721062
0.00856596
0.0100109
0.0115424
0.0131573
0.0148522
0.0166236
0.0184679
0.0203814
0.0223601
0.0243998
0.0264964
0.028645
0.030841
0.0330797
0.035356
0.0376652
0.040002
0.0423612
0.0447375
0.0471252
0.0495185
0.0519117
0.0542992
0.0566754
0.0590353
0.0613737
0.063685
0.0659637
0.0682044
0.0704017
0.0725505
0.074646
0.0766834
0.0786575
0.0805635
0.0823972
0.0841544
0.0858311
0.0874237
0.0889279
0.0903393
0.0916538
0.092868
0.0939795
0.0949858
0.0958846
0.0966746
0.0973548
0.0979242
0.0983822
0.098729
0.0989652
0.0990911
0.0991076
0.0990164
0.0988195
0.0985183
0.098114
0.0976079
0.0970029
0.0963022
0.0955082
0.0946223
0.093646
0.0925802
0.0914253
0.0901902
0.0888816
0.0873716
0.0855518
0.0125145
0.0105689
0.00896122
0.00757466
0.00627131
0.00505868
0.00394618
0.00293286
0.00201827
0.00120352
0.0004899
-0.000121549
-0.000629877
-0.00103382
-0.00133226
-0.0015246
-0.0016102
-0.00158843
-0.00145904
-0.00122188
-0.000876852
-0.000424142
0.000135789
0.000802141
0.00157371
0.00244896
0.00342605
0.00450292
0.00567738
0.00694712
0.00830966
0.00976228
0.0113019
0.0129254
0.0146291
0.0164098
0.0182636
0.0201869
0.0221756
0.0242256
0.0263325
0.0284917
0.0306986
0.0329483
0.0352357
0.0375561
0.0399043
0.0422751
0.0446631
0.0470627
0.0494681
0.0518735
0.0542735
0.0566624
0.0590354
0.0613871
0.0637118
0.0660038
0.0682579
0.0704688
0.0726312
0.0747405
0.0767916
0.0787794
0.0806992
0.0825465
0.0843169
0.0860061
0.0876103
0.0891255
0.0905472
0.0918715
0.0930952
0.0942156
0.09523
0.0961359
0.0969316
0.0976157
0.0981868
0.0986444
0.0989886
0.0992201
0.0993394
0.0993469
0.099244
0.0990319
0.0987116
0.098284
0.0977507
0.0971142
0.0963773
0.0955418
0.0946088
0.0935797
0.0924552
0.0912357
0.0899307
0.0885472
0.0869506
0.0850267
0.0128745
0.0108272
0.00913468
0.00767508
0.0063036
0.00502785
0.00385805
0.00279332
0.00183285
0.000977395
0.000227943
-0.000414575
-0.000949376
-0.00137575
-0.001693
-0.00190056
-0.00199828
-0.00198581
-0.00186306
-0.00163016
-0.00128719
-0.000834463
-0.000272701
0.00039701
0.00117327
0.00205435
0.00303823
0.00412276
0.00530572
0.0065848
0.00795749
0.00942097
0.0109721
0.0126076
0.0143241
0.0161179
0.0179854
0.0199226
0.0219257
0.0239904
0.0261124
0.0282871
0.0305097
0.0327754
0.0350791
0.0374158
0.0397805
0.0421681
0.0445731
0.0469899
0.0494126
0.0518357
0.0542536
0.0566609
0.0590524
0.0614228
0.0637661
0.0660769
0.0683497
0.0705791
0.0727601
0.074888
0.0769577
0.0789642
0.0809025
0.082768
0.0845558
0.0862615
0.087881
0.0894105
0.0908457
0.092183
0.093419
0.0945508
0.0955754
0.0964902
0.097293
0.0979821
0.0985559
0.0990137
0.0993561
0.0995835
0.0996961
0.0996942
0.0995783
0.0993495
0.0990085
0.0985564
0.0979946
0.0973253
0.0965506
0.095672
0.0946904
0.0936073
0.0924235
0.0911395
0.0897649
0.0883075
0.0866264
0.0846016
0.013122
0.0109757
0.0091999
0.00766798
0.00622903
0.00489054
0.0036632
0.00254654
0.00153952
0.000642529
-0.000143612
-0.000818187
-0.0013806
-0.00183041
-0.00216732
-0.00239102
-0.00250145
-0.00249866
-0.00238276
-0.00215397
-0.00181259
-0.0013592
-0.000794743
-0.000120555
0.000661743
0.00155023
0.00254277
0.00363716
0.00483114
0.00612237
0.0075082
0.00898572
0.0105518
0.0122031
0.0139361
0.0157471
0.0176323
0.0195878
0.0216096
0.0236937
0.0258356
0.0280306
0.030274
0.0325607
0.0348856
0.0372438
0.0396303
0.0420398
0.044467
0.0469063
0.0493518
0.051798
0.0542395
0.0566707
0.0590862
0.0614806
0.0638481
0.066183
0.0684797
0.070733
0.0729377
0.0750892
0.0771826
0.0792126
0.0811742
0.0830622
0.0848716
0.0865978
0.0882366
0.0897843
0.0912367
0.0925901
0.0938412
0.0949869
0.0960238
0.0969491
0.0977603
0.0984556
0.0990333
0.0994927
0.0998342
0.100058
0.100164
0.100152
0.100022
0.0997752
0.0994127
0.0989351
0.0983436
0.09764
0.0968259
0.0959026
0.0948712
0.0937333
0.0924897
0.0911408
0.089697
0.0881667
0.0864027
0.0842798
0.0132525
0.0110095
0.00915211
0.00754834
0.0060421
0.00464133
0.00335645
0.00218731
0.00113314
0.000193951
-0.000629667
-0.00133712
-0.00192802
-0.00240215
-0.00275935
-0.00299972
-0.0031233
-0.00313036
-0.00302119
-0.00279615
-0.00245579
-0.00200095
-0.00143282
-0.000752934
3.68678e-05
0.000934483
0.00193769
0.00304427
0.0042519
0.00555809
0.00696009
0.00845491
0.0100394
0.0117102
0.0134636
0.0152958
0.0172029
0.019181
0.0212262
0.0233343
0.0255008
0.0277211
0.0299902
0.0323029
0.0346542
0.0370391
0.0394526
0.0418894
0.0443442
0.0468114
0.0492853
0.0517602
0.0542308
0.0566912
0.0591362
0.0615602
0.0639574
0.0663218
0.0686481
0.0709305
0.0731643
0.0753446
0.0774667
0.0795251
0.0815145
0.0834294
0.0852646
0.0870155
0.0886779
0.0902479
0.0917212
0.0930941
0.0943631
0.0955249
0.0965762
0.0975137
0.098335
0.0990381
0.0996214
0.100084
0.100425
0.100646
0.100745
0.100722
0.100577
0.100312
0.0999279
0.099424
0.0988016
0.098062
0.097207
0.0962378
0.0951557
0.0939621
0.0926581
0.0912441
0.0897312
0.0881287
0.0862829
0.0840638
0.0132626
0.0109244
0.00898661
0.00731173
0.00573816
0.00427502
0.00293271
0.00171073
0.000608695
-0.000373324
-0.00123509
-0.00197617
-0.00259627
-0.00309531
-0.00347337
-0.00373071
-0.00386762
-0.00388443
-0.00378164
-0.00355983
-0.0032198
-0.00276262
-0.00218969
-0.00150276
-0.000703876
0.000204744
0.00122082
0.00234203
0.00356595
0.00488993
0.00631116
0.00782663
0.00943313
0.0111271
0.0129048
0.0147623
0.0166955
0.0187007
0.0207738
0.0229107
0.0251067
0.0273571
0.0296568
0.0320007
0.0343836
0.0368005
0.0392463
0.0417158
0.0442037
0.0467044
0.0492123
0.0517215
0.0542265
0.0567217
0.0592017
0.0616609
0.0640932
0.0664929
0.0688541
0.0711714
0.0734397
0.0756542
0.07781
0.0799015
0.0819231
0.0838693
0.0857347
0.0875148
0.0892051
0.0908016
0.0922998
0.0936955
0.0949853
0.0961658
0.0972336
0.0981855
0.0990191
0.0997321
0.100323
0.10079
0.101132
0.10135
0.101442
0.101408
0.101249
0.100966
0.100559
0.100028
0.0993728
0.098596
0.097699
0.096683
0.0955493
0.0942993
0.0929342
0.0914546
0.0898726
0.0881979
0.0862709
0.0839566
0.0131499
0.0107169
0.00869926
0.00695389
0.00531297
0.00378696
0.00238691
0.0011118
-3.87385e-05
-0.00106435
-0.00196491
-0.00274021
-0.00339006
-0.00391444
-0.00431371
-0.00458817
-0.00473829
-0.00476457
-0.00466767
-0.00444845
-0.00410791
-0.00364732
-0.00306834
-0.00237291
-0.00156318
-0.000641474
0.000389805
0.00152817
0.00277103
0.0041157
0.00555935
0.00709894
0.00873109
0.0104521
0.012258
0.0141448
0.0161085
0.0181453
0.020251
0.0224213
0.0246516
0.026937
0.0292724
0.0316526
0.0340723
0.0365264
0.03901
0.0415178
0.0440444
0.0465844
0.0491318
0.0516809
0.0542259
0.0567614
0.0592819
0.0617817
0.0642549
0.0666954
0.0690973
0.071455
0.0737634
0.0760173
0.0782118
0.0803411
0.0823996
0.0843817
0.0862821
0.0880959
0.0898187
0.0914459
0.0929727
0.0943947
0.0957085
0.0969106
0.0979977
0.0989667
0.0998151
0.10054
0.10114
0.101612
0.101956
0.102172
0.102258
0.102214
0.102041
0.101739
0.101309
0.10075
0.100062
0.099247
0.0983071
0.0972434
0.0960571
0.0947499
0.0933229
0.0917774
0.0901258
0.0883786
0.0863703
0.0839607
0.0129129
0.0103842
0.00828647
0.00647069
0.00476229
0.00317275
0.0017142
0.000385428
-0.000814212
-0.00188418
-0.0028242
-0.00363423
-0.00431422
-0.0048643
-0.00528486
-0.00557638
-0.00573945
-0.00577474
-0.00568316
-0.00546575
-0.0051237
-0.00465852
-0.00407207
-0.00336643
-0.00254387
-0.00160684
-0.000557934
0.000600171
0.00186479
0.00323322
0.00470265
0.00626987
0.00793132
0.00968311
0.0115212
0.0134416
0.0154403
0.0175132
0.0196561
0.0218647
0.0241342
0.0264596
0.0288358
0.0312574
0.0337192
0.036216
0.0387429
0.0412945
0.0438656
0.0464504
0.0490431
0.0516376
0.0542283
0.0568096
0.0593762
0.0619224
0.064442
0.0669289
0.0693773
0.0717811
0.0741351
0.0764339
0.0786721
0.0808442
0.0829444
0.0849673
0.0869074
0.0887597
0.0905193
0.0921814
0.0937407
0.0951927
0.0965339
0.097761
0.0988707
0.09986
0.100726
0.101465
0.102075
0.102554
0.102901
0.103116
0.103196
0.103143
0.102957
0.102637
0.102183
0.101594
0.100872
0.100019
0.0990355
0.0979232
0.0966833
0.0953178
0.0938283
0.0922161
0.0904941
0.0886736
0.0865833
0.084078
0.0125493
0.00992388
0.00774487
0.00585806
0.00408174
0.0024279
0.000909807
-0.000473511
-0.00172291
-0.00283788
-0.00381802
-0.00466327
-0.00537373
-0.00594967
-0.00639148
-0.00669984
-0.00687547
-0.00691926
-0.00683228
-0.00661576
-0.00627109
-0.00579996
-0.0052044
-0.00448662
-0.00364905
-0.00269434
-0.00162531
-0.000444725
0.000844694
0.00224021
0.00373888
0.00533733
0.00703182
0.00881836
0.0106929
0.0126513
0.0146894
0.0168031
0.018988
0.0212397
0.0235533
0.0259239
0.028346
0.0308143
0.0333234
0.0358685
0.0384442
0.0410455
0.0436667
0.0463021
0.0489457
0.0515914
0.0542335
0.0568664
0.0594848
0.062083
0.0646548
0.067194
0.0696944
0.0721499
0.074555
0.076904
0.0791914
0.0814115
0.0835587
0.0856273
0.087612
0.0895073
0.0913082
0.0930092
0.0946049
0.0960909
0.0974636
0.0987195
0.0998553
0.100868
0.101753
0.102509
0.103131
0.103618
0.10397
0.104184
0.104262
0.1042
0.104
0.103661
0.103182
0.102565
0.101809
0.100916
0.0998882
0.0987261
0.0974315
0.0960068
0.0944538
0.0927737
0.0909803
0.0890855
0.0869121
0.0843102
0.0120564
0.00933295
0.00707116
0.00511197
0.00326677
0.00154768
-3.10804e-05
-0.00147004
-0.00277003
-0.00393066
-0.00495148
-0.00583241
-0.00657361
-0.00717542
-0.00763837
-0.00796328
-0.00815105
-0.0082027
-0.00811948
-0.0079028
-0.00755424
-0.00707562
-0.00646909
-0.00573705
-0.00488218
-0.00390736
-0.00281552
-0.00160949
-0.000292005
0.00113406
0.00266553
0.0042989
0.00603034
0.0078558
0.0097711
0.011772
0.0138541
0.0160133
0.018245
0.0205448
0.0229077
0.0253285
0.0278018
0.0303222
0.0328843
0.0354831
0.0381134
0.04077
0.0434472
0.0461391
0.0488394
0.0515422
0.0542416
0.0569321
0.0596082
0.0622642
0.0648939
0.067491
0.0700491
0.072562
0.0750237
0.0774285
0.0797707
0.0820443
0.0842437
0.0863633
0.0883973
0.0903403
0.0921867
0.0939309
0.0955674
0.0970916
0.0984999
0.0997886
0.100954
0.101992
0.1029
0.103674
0.104311
0.104808
0.105166
0.105383
0.105458
0.105388
0.105175
0.104816
0.104314
0.103666
0.102876
0.101943
0.10087
0.099657
0.0983068
0.0968218
0.095204
0.0934546
0.0915882
0.0896178
0.0873599
0.0846597
0.0114308
0.00860806
0.00626185
0.00422835
0.00231271
0.000527179
-0.00111341
-0.00260917
-0.00396073
-0.00516774
-0.00622981
-0.00714679
-0.00791893
-0.0085466
-0.00903056
-0.00937169
-0.00957106
-0.00962984
-0.00954944
-0.00933143
-0.00897753
-0.00848967
-0.00787016
-0.00712168
-0.00624713
-0.00524958
-0.00413204
-0.00289736
-0.00154842
-8.82994e-05
0.00147965
0.00315181
0.0049243
0.00679296
0.00875346
0.0108014
0.0129322
0.0151417
0.0174252
0.0197782
0.0221956
0.0246719
0.0272018
0.0297798
0.0324005
0.0350588
0.0377495
0.0404672
0.0432062
0.0459604
0.0487235
0.0514895
0.0542524
0.0570065
0.0597463
0.0624661
0.0651595
0.0678203
0.0704417
0.0730175
0.0755416
0.078008
0.0804106
0.0827434
0.0850006
0.0871762
0.0892646
0.0912599
0.0931565
0.0949484
0.0966302
0.0981972
0.0996454
0.100971
0.102169
0.103237
0.10417
0.104964
0.105618
0.106129
0.106496
0.106716
0.106789
0.106712
0.106485
0.106109
0.105582
0.104906
0.10408
0.103106
0.101986
0.100722
0.0993147
0.0977682
0.0960839
0.0942635
0.0923225
0.0902747
0.0879305
0.085129
0.0106691
0.00774529
0.0053129
0.00320299
0.00121487
-0.000638615
-0.00234228
-0.00389603
-0.00530023
-0.00655443
-0.0076583
-0.00861174
-0.00941497
-0.0100685
-0.0105733
-0.0109303
-0.0111406
-0.0112057
-0.0111271
-0.0109064
-0.0105455
-0.0100465
-0.00941193
-0.00864476
-0.00774804
-0.00672492
-0.00557852
-0.00431185
-0.002928
-0.00143022
0.000178022
0.00189302
0.0037108
0.00562704
0.00763721
0.00973673
0.0119211
0.0141858
0.0165262
0.0189376
0.0214147
0.0239521
0.0265442
0.0291854
0.0318705
0.034594
0.0373509
0.0401356
0.0429423
0.0457648
0.0485969
0.0514323
0.0542648
0.0570888
0.0598985
0.0626881
0.0654512
0.0681813
0.0708719
0.0735165
0.0761087
0.0786424
0.0811114
0.0835091
0.0858296
0.0880667
0.0902145
0.0922671
0.0942187
0.0960634
0.0977954
0.0994098
0.100902
0.102268
0.103504
0.104603
0.105564
0.106383
0.107057
0.107584
0.107961
0.108187
0.108259
0.108175
0.107937
0.107543
0.106993
0.106287
0.105425
0.10441
0.103242
0.101925
0.10046
0.0988504
0.097098
0.0952047
0.0931871
0.0910597
0.0886263
0.0857201
0.00976827
0.00674059
0.00421983
0.0020314
-3.14181e-05
-0.00195477
-0.00372301
-0.00533599
-0.00679393
-0.00809623
-0.00924253
-0.0102328
-0.0110674
-0.0117469
-0.0122722
-0.0126446
-0.0128652
-0.0129356
-0.0128575
-0.0126325
-0.0122628
-0.0117507
-0.011099
-0.0103107
-0.00938908
-0.00833735
-0.0071588
-0.00585673
-0.00443441
-0.00289521
-0.00124266
0.00051939
0.00238679
0.00435503
0.00641942
0.00857527
0.010818
0.013143
0.0155455
0.0180205
0.0205628
0.0231667
0.0258266
0.0285369
0.031292
0.0340867
0.0369156
0.0397731
0.0426536
0.0455506
0.0484577
0.0513687
0.0542773
0.0571775
0.0600634
0.0629289
0.0657677
0.0685733
0.071339
0.0740582
0.0767246
0.0793316
0.0818727
0.0843412
0.0867306
0.0890347
0.0912473
0.0933625
0.0953745
0.0972771
0.0990644
0.100731
0.102272
0.103683
0.104958
0.106094
0.107088
0.107934
0.108631
0.109176
0.109566
0.109798
0.109871
0.109783
0.109534
0.109124
0.108551
0.107815
0.106917
0.105859
0.104644
0.103272
0.101748
0.100073
0.0982501
0.0962819
0.0941851
0.0919753
0.089449
0.0864341
0.00872548
0.00558998
0.00297796
0.000708768
-0.00143104
-0.00342643
-0.00526102
-0.00693468
-0.00844756
-0.00979895
-0.0109885
-0.0120161
-0.0128823
-0.0135877
-0.0141333
-0.0145204
-0.0147505
-0.0148251
-0.014746
-0.0145151
-0.0141347
-0.0136073
-0.012936
-0.012124
-0.0111745
-0.0100909
-0.00887687
-0.00753586
-0.00607133
-0.00448672
-0.00278567
-0.000972226
0.000949227
0.002974
0.00509729
0.00731433
0.00962039
0.0120108
0.0144805
0.0170245
0.0196374
0.0223135
0.025047
0.0278321
0.0306632
0.0335349
0.0364417
0.0393782
0.0423383
0.0453159
0.0483044
0.0512973
0.0542882
0.0572709
0.0602393
0.0631872
0.066108
0.0689952
0.0718421
0.0746421
0.0773887
0.0800751
0.0826942
0.0852393
0.0877035
0.0900804
0.0923637
0.0945474
0.0966254
0.0985913
0.100439
0.102162
0.103756
0.105216
0.106537
0.107714
0.108743
0.109621
0.110345
0.11091
0.111315
0.111556
0.111632
0.111541
0.111283
0.110857
0.110261
0.109495
0.108561
0.10746
0.106196
0.104769
0.103183
0.101441
0.0995455
0.0974995
0.0953204
0.0930248
0.0904016
0.0872733
0.00753772
0.0042896
0.00158267
-0.000769991
-0.00298921
-0.00505899
-0.00696199
-0.00869805
-0.0102673
-0.0116689
-0.0129025
-0.0139681
-0.0148662
-0.0155974
-0.0161629
-0.0165641
-0.0168026
-0.01688
-0.0167983
-0.0165596
-0.0161665
-0.0156216
-0.0149281
-0.0140892
-0.0131086
-0.0119899
-0.0107369
-0.0093532
-0.00784246
-0.00620822
-0.00445432
-0.00258501
-0.00060493
0.0014811
0.00366817
0.00595139
0.0083259
0.0107868
0.0133291
0.0159475
0.0186367
0.0213906
0.0242034
0.0270692
0.0299822
0.0329369
0.0359277
0.0389491
0.0419951
0.0450594
0.0481354
0.0512164
0.0542959
0.0573676
0.060425
0.0634617
0.0664711
0.0694464
0.072381
0.0752682
0.0781011
0.0808729
0.0835762
0.086204
0.0887492
0.091205
0.0935652
0.0958234
0.0979733
0.100008
0.101921
0.103707
0.105359
0.106873
0.108243
0.109465
0.110535
0.111448
0.112201
0.11279
0.113212
0.113465
0.113546
0.113455
0.11319
0.112748
0.112129
0.111334
0.110364
0.10922
0.107905
0.106422
0.104772
0.10296
0.10099
0.0988627
0.0965978
0.0942121
0.0914878
0.0882405
0.00620149
0.00283541
2.93447e-05
-0.00241005
-0.00471149
-0.00685823
-0.008832
-0.0106325
-0.0122597
-0.013713
-0.0149916
-0.0160958
-0.0170259
-0.0177828
-0.0183677
-0.0187822
-0.0190278
-0.0191065
-0.0190205
-0.0187721
-0.018364
-0.0177989
-0.0170803
-0.0162115
-0.0151964
-0.014039
-0.0127433
-0.0113129
-0.00975173
-0.00806346
-0.00625219
-0.00432241
-0.00227891
-0.000126678
0.00212925
0.00448381
0.00693199
0.00946879
0.012089
0.0147874
0.0175584
0.0203959
0.0232939
0.0262464
0.0292473
0.0322911
0.0353722
0.0384847
0.0416228
0.0447799
0.0479495
0.051125
0.0542995
0.0574665
0.0606196
0.0637519
0.0668566
0.0699268
0.0729557
0.0759365
0.0788623
0.0817259
0.0845197
0.0872365
0.089869
0.0924103
0.0948538
0.0971928
0.0994206
0.10153
0.103514
0.105367
0.107083
0.108656
0.110081
0.111354
0.112468
0.113421
0.114206
0.114822
0.115265
0.115532
0.115621
0.115531
0.115259
0.114803
0.114163
0.113338
0.112332
0.111144
0.109778
0.108235
0.10652
0.104637
0.102588
0.100376
0.0980213
0.0955414
0.0927114
0.0893392
0.00471255
0.00122291
-0.00168689
-0.0042168
-0.00660378
-0.00883043
-0.0108776
-0.0127448
-0.0144319
-0.0159382
-0.0172629
-0.0184062
-0.0193686
-0.020151
-0.0207547
-0.0211814
-0.021433
-0.0215114
-0.0214192
-0.0211589
-0.0207332
-0.0201452
-0.0193982
-0.0184962
-0.0174432
-0.0162434
-0.0149009
-0.0134197
-0.0118036
-0.0100567
-0.00818341
-0.00618832
-0.0040764
-0.0018528
0.000477226
0.00290844
0.0054357
0.00805387
0.0107577
0.0135417
0.0164003
0.0193272
0.0223164
0.0253615
0.0284566
0.0315959
0.0347735
0.0379835
0.0412199
0.0444762
0.0477458
0.051022
0.054298
0.057567
0.0608225
0.0640572
0.0672642
0.0704362
0.0735663
0.0766474
0.0796727
0.0826346
0.0855256
0.088338
0.0910645
0.093698
0.0962312
0.0986574
0.100969
0.103159
0.10522
0.107146
0.108932
0.11057
0.112056
0.113383
0.114547
0.115542
0.116364
0.117011
0.117478
0.117763
0.117862
0.117774
0.117496
0.117028
0.116367
0.115514
0.114471
0.113238
0.111819
0.110217
0.108434
0.106476
0.104345
0.102045
0.0995959
0.0970176
0.0940761
0.0905725
0.0030662
-0.00055301
-0.00357147
-0.00619614
-0.00867248
-0.0109824
-0.0131059
-0.0150422
-0.0167913
-0.018352
-0.0197239
-0.0209069
-0.0219017
-0.0227092
-0.0233311
-0.023769
-0.0240252
-0.0241018
-0.0240014
-0.0237268
-0.0232807
-0.0226666
-0.0218881
-0.0209493
-0.0198547
-0.0186085
-0.0172151
-0.0156785
-0.014003
-0.0121929
-0.0102527
-0.00818721
-0.00600165
-0.00370137
-0.00129184
0.00122153
0.00383345
0.00653868
0.00933186
0.0122074
0.0151594
0.0181817
0.0212681
0.0244121
0.0276077
0.0308488
0.0341295
0.0374436
0.0407848
0.0441467
0.0475226
0.0509061
0.0542901
0.057668
0.0610325
0.0643766
0.0676928
0.0709736
0.0742118
0.0774003
0.080532
0.0835992
0.0865943
0.0895093
0.0923367
0.0950689
0.0976986
0.100218
0.10262
0.104897
0.107042
0.109048
0.110909
0.112618
0.114169
0.115557
0.116774
0.117817
0.118682
0.119363
0.119858
0.120163
0.120275
0.120192
0.11991
0.11943
0.11875
0.117869
0.116789
0.115511
0.114038
0.112373
0.110521
0.108485
0.106268
0.103875
0.101328
0.0986462
0.0955871
0.0919447
0.00125731
-0.00249804
-0.00563052
-0.0083546
-0.0109245
-0.0133214
-0.0155244
-0.0175325
-0.0193454
-0.0209622
-0.0223822
-0.0236055
-0.0246327
-0.0254651
-0.0261044
-0.0265525
-0.0268119
-0.0268848
-0.0267741
-0.0264825
-0.0260132
-0.0253698
-0.0245564
-0.0235772
-0.022437
-0.0211402
-0.0196914
-0.0180951
-0.0163555
-0.0144772
-0.012465
-0.010324
-0.00805941
-0.005677
-0.00318239
-0.00058118
0.0021212
0.00491938
0.00780783
0.0107808
0.0138323
0.016956
0.0201457
0.023395
0.0266976
0.0300471
0.0334374
0.0368621
0.0403148
0.043789
0.047278
0.0507753
0.0542741
0.0577675
0.0612481
0.0647084
0.0681408
0.0715375
0.074891
0.0781941
0.0814394
0.0846192
0.0877256
0.0907504
0.0936858
0.0965238
0.0992567
0.101877
0.104376
0.106747
0.108982
0.111074
0.113017
0.114803
0.116426
0.117879
0.119156
0.120253
0.121164
0.121885
0.122411
0.12274
0.122867
0.12279
0.122508
0.122018
0.121319
0.12041
0.119293
0.117969
0.116441
0.114713
0.112788
0.11067
0.108365
0.105875
0.103224
0.100433
0.0972497
0.0934596
-0.000719715
-0.0046185
-0.0078709
-0.0106994
-0.0133674
-0.0158552
-0.0181409
-0.0202234
-0.0221024
-0.0237767
-0.0252459
-0.0265099
-0.0275698
-0.0284267
-0.0290827
-0.0295399
-0.0298009
-0.0298682
-0.0297446
-0.0294332
-0.0289376
-0.0282617
-0.0274097
-0.0263863
-0.0251964
-0.0238446
-0.022336
-0.0206751
-0.0188665
-0.0169151
-0.0148256
-0.0126036
-0.0102546
-0.00778448
-0.00519908
-0.00250414
0.00029472
0.00319189
0.00618167
0.00925816
0.0124152
0.0156466
0.018946
0.0223069
0.0257229
0.0291873
0.0326939
0.036236
0.039807
0.0434003
0.0470092
0.0506273
0.0542478
0.0578635
0.061467
0.0650505
0.0686061
0.0721259
0.0756021
0.0790274
0.0823939
0.0856939
0.0889191
0.0920613
0.095112
0.0980632
0.100907
0.103634
0.106238
0.10871
0.111043
0.113228
0.115259
0.117129
0.118829
0.120354
0.121698
0.122854
0.123817
0.124582
0.125144
0.1255
0.125645
0.125579
0.125298
0.1248
0.124083
0.123146
0.121992
0.120622
0.119038
0.117244
0.115243
0.113041
0.110642
0.10805
0.10529
0.102383
0.0990684
0.0951214
-0.00287101
-0.0069213
-0.0103001
-0.0132382
-0.0160092
-0.0185919
-0.0209638
-0.0231235
-0.0250707
-0.0268042
-0.0283235
-0.0296289
-0.0307214
-0.0316026
-0.0322745
-0.0327395
-0.0330003
-0.0330596
-0.0329205
-0.0325865
-0.0320614
-0.0313493
-0.030455
-0.0293832
-0.0281391
-0.0267279
-0.0251546
-0.0234243
-0.0215416
-0.0195117
-0.0173396
-0.0150311
-0.012592
-0.0100285
-0.0073464
-0.00455168
-0.0016502
0.00135216
0.00444948
0.00763574
0.0109047
0.0142501
0.0176655
0.0211444
0.0246803
0.0282663
0.0318958
0.0355621
0.0392583
0.0429778
0.0467138
0.0504598
0.0542089
0.0579539
0.0616874
0.0654012
0.0690872
0.0727375
0.0763441
0.0798992
0.0833949
0.0868229
0.0901748
0.093442
0.0966158
0.0996878
0.10265
0.105493
0.108209
0.11079
0.113228
0.115513
0.11764
0.1196
0.121385
0.122989
0.124404
0.125625
0.126646
0.12746
0.128062
0.12845
0.128618
0.128565
0.128288
0.127783
0.127049
0.126086
0.124895
0.123477
0.121836
0.119973
0.117894
0.115604
0.113107
0.110408
0.107532
0.104503
0.101048
0.0969348
-0.00520331
-0.00941387
-0.012926
-0.0159795
-0.0188583
-0.0215404
-0.024002
-0.0262419
-0.0282596
-0.0300539
-0.0316245
-0.0329718
-0.0340971
-0.035002
-0.0356889
-0.0361602
-0.0364188
-0.0364676
-0.0363102
-0.0359504
-0.0353922
-0.0346402
-0.0336993
-0.0325747
-0.031272
-0.0297965
-0.0281536
-0.0263485
-0.0243863
-0.0222723
-0.020012
-0.0176114
-0.0150765
-0.0124135
-0.00962868
-0.00672799
-0.00371762
-0.000603718
0.00260755
0.00591002
0.00929739
0.0127632
0.0163011
0.0199045
0.0235667
0.0272809
0.0310402
0.0348376
0.0386662
0.0425191
0.0463895
0.0502706
0.0541556
0.0580373
0.0619079
0.0657592
0.0695832
0.0733715
0.0771162
0.080809
0.0844419
0.0880061
0.0914926
0.0948928
0.0981979
0.101399
0.104488
0.107455
0.110292
0.112989
0.115539
0.117933
0.120162
0.12222
0.124097
0.125787
0.127281
0.128574
0.129658
0.130526
0.131174
0.131598
0.131794
0.131758
0.131486
0.130977
0.130228
0.129239
0.128011
0.126545
0.124844
0.122911
0.120751
0.118369
0.115769
0.112957
0.109959
0.106801
0.103197
0.0989065
-0.00772396
-0.0121042
-0.0157572
-0.018932
-0.0219239
-0.02471
-0.0272652
-0.0295883
-0.0316789
-0.0335359
-0.0351591
-0.036549
-0.037707
-0.0386351
-0.0393357
-0.0398114
-0.0400655
-0.0401013
-0.0399225
-0.0395334
-0.0389384
-0.0381423
-0.0371504
-0.0359684
-0.034602
-0.0330571
-0.0313392
-0.0294538
-0.0274064
-0.0252026
-0.0228482
-0.0203495
-0.0177127
-0.0149442
-0.0120503
-0.00903727
-0.00591157
-0.00267959
0.000652244
0.00407759
0.00759002
0.011183
0.01485
0.0185844
0.0223797
0.0262287
0.0301246
0.0340603
0.0380284
0.042022
0.0460342
0.050058
0.0540864
0.0581121
0.0621273
0.0661238
0.0700933
0.0740275
0.077918
0.0817566
0.0855346
0.0892431
0.0928727
0.0964143
0.0998591
0.103198
0.106422
0.109521
0.112487
0.11531
0.11798
0.12049
0.122831
0.124994
0.126971
0.128754
0.130335
0.131706
0.132859
0.133788
0.134488
0.134954
0.135181
0.135164
0.134902
0.13439
0.133628
0.132615
0.13135
0.129836
0.128074
0.126069
0.123824
0.121346
0.118638
0.115707
0.11258
0.109284
0.105523
0.101044
-0.0104409
-0.0150008
-0.0188026
-0.0221051
-0.0252159
-0.0281107
-0.0307637
-0.0331734
-0.0353396
-0.0372612
-0.0389382
-0.0403713
-0.041562
-0.0425125
-0.0432253
-0.0437036
-0.0439507
-0.0439704
-0.0437669
-0.0433447
-0.0427087
-0.0418641
-0.0408167
-0.0395722
-0.038137
-0.0365171
-0.0347184
-0.0327468
-0.0306082
-0.0283085
-0.025854
-0.0232509
-0.0205059
-0.0176253
-0.0146158
-0.011484
-0.00823629
-0.0048795
-0.00142026
0.00213482
0.00577914
0.00950606
0.0133089
0.0171812
0.0211162
0.025107
0.0291465
0.0332274
0.0373424
0.0414841
0.0456456
0.0498197
0.0539991
0.0581765
0.062344
0.0664934
0.0706164
0.0747043
0.0787488
0.0827412
0.0866725
0.0905335
0.0943147
0.0980067
0.1016
0.105086
0.108454
0.111695
0.114798
0.117755
0.120555
0.123189
0.12565
0.127927
0.130013
0.131897
0.133571
0.135027
0.136256
0.137254
0.138012
0.138524
0.138787
0.138795
0.138545
0.138035
0.137262
0.136225
0.134924
0.13336
0.131536
0.129456
0.127124
0.124545
0.121724
0.118667
0.115404
0.111963
0.108034
0.103354
-0.0133627
-0.0181129
-0.0220719
-0.0255091
-0.0287446
-0.0317535
-0.0345087
-0.0370086
-0.0392533
-0.0412417
-0.0429738
-0.0444506
-0.0456737
-0.0466455
-0.047369
-0.0478476
-0.048085
-0.0480855
-0.0478535
-0.0473942
-0.0467129
-0.0458151
-0.0447069
-0.0433948
-0.0418851
-0.0401844
-0.0382989
-0.0362349
-0.0339987
-0.0315967
-0.0290354
-0.0263214
-0.0234614
-0.0204621
-0.0173304
-0.0140729
-0.0106964
-0.0072079
-0.00361426
7.7579e-05
0.00386079
0.00772862
0.0116744
0.0156915
0.0197732
0.0239127
0.0281028
0.0323361
0.036605
0.0409023
0.0452206
0.0495526
0.053891
0.0582281
0.0625558
0.0668661
0.0711505
0.0754003
0.0796069
0.0837613
0.0878544
0.0918765
0.0958181
0.0996694
0.103421
0.107062
0.110584
0.113975
0.117226
0.120326
0.123265
0.126034
0.128624
0.131024
0.133226
0.135219
0.136995
0.138544
0.139859
0.140931
0.141753
0.142319
0.142622
0.142659
0.142427
0.141921
0.141139
0.140079
0.138742
0.137129
0.135242
0.133085
0.130661
0.127977
0.125038
0.121848
0.118441
0.114846
0.110738
0.105844
-0.0164987
-0.0214505
-0.0255757
-0.0291549
-0.0325217
-0.0356502
-0.0385122
-0.0411063
-0.0434324
-0.0454896
-0.0472781
-0.0487989
-0.0500541
-0.0510462
-0.0517785
-0.052255
-0.0524797
-0.0524574
-0.0521931
-0.0516923
-0.0509608
-0.0500047
-0.0488306
-0.047445
-0.0458549
-0.0440671
-0.0420884
-0.0399255
-0.0375851
-0.035074
-0.032399
-0.0295671
-0.0265852
-0.0234603
-0.0201993
-0.0168093
-0.013297
-0.00966968
-0.00593454
-0.00209882
0.00183042
0.0058463
0.00994212
0.0141112
0.0183468
0.022642
0.0269898
0.0313826
0.0358128
0.0402729
0.0447555
0.0492532
0.0537584
0.0582632
0.0627595
0.0672389
0.0716929
0.0761129
0.0804899
0.084815
0.0890785
0.0932707
0.0973817
0.101402
0.10532
0.109127
0.112812
0.116364
0.119771
0.123025
0.126113
0.129027
0.131756
0.134289
0.136617
0.138728
0.140615
0.142266
0.143674
0.144829
0.145722
0.146347
0.146698
0.14677
0.146559
0.146061
0.145272
0.144192
0.14282
0.141157
0.139206
0.136969
0.13445
0.131656
0.128592
0.125263
0.121704
0.117945
0.113648
0.108525
-0.0198591
-0.0250246
-0.0293254
-0.0330544
-0.0365595
-0.0398135
-0.0427874
-0.0454796
-0.0478901
-0.0500182
-0.0518641
-0.0534292
-0.0547159
-0.0557269
-0.0564661
-0.0569377
-0.0571464
-0.0570975
-0.0567965
-0.0562495
-0.0554628
-0.054443
-0.053197
-0.0517319
-0.0500551
-0.0481737
-0.0460951
-0.0438265
-0.0413749
-0.0387475
-0.0359516
-0.0329945
-0.0298835
-0.0266257
-0.0232283
-0.0196984
-0.0160432
-0.0122699
-0.00838614
-0.00439931
-0.000316762
0.00385448
0.00810766
0.0124361
0.0168328
0.0212911
0.0258036
0.0303631
0.0349619
0.0395922
0.0442467
0.0489178
0.0535976
0.0582783
0.0629514
0.0676083
0.0722404
0.0768391
0.0813954
0.0858999
0.090343
0.0947145
0.0990044
0.103202
0.107298
0.11128
0.115139
0.118861
0.122436
0.125854
0.129102
0.132171
0.135049
0.137725
0.140189
0.142429
0.144436
0.1462
0.14771
0.148955
0.149927
0.150619
0.151024
0.151137
0.150953
0.150466
0.149675
0.148576
0.14717
0.145458
0.143441
0.141121
0.138504
0.135595
0.1324
0.128925
0.125205
0.121272
0.116772
0.111405
-0.0234551
-0.0288472
-0.033334
-0.0372209
-0.0408715
-0.0442574
-0.0473481
-0.0501424
-0.0526403
-0.0548412
-0.0567456
-0.0583551
-0.0596724
-0.0607008
-0.0614445
-0.0619083
-0.0620973
-0.0620175
-0.0616751
-0.0610768
-0.0602293
-0.0591398
-0.0578157
-0.0562646
-0.0544943
-0.0525126
-0.050327
-0.0479454
-0.0453752
-0.042624
-0.0396997
-0.0366098
-0.0333622
-0.029964
-0.0264227
-0.0227455
-0.01894
-0.0150136
-0.0109739
-0.00682866
-0.00258541
0.00174866
0.00616668
0.0106619
0.0152273
0.0198559
0.0245406
0.029274
0.0340486
0.0388567
0.0436906
0.0485428
0.0534053
0.0582699
0.0631281
0.0679711
0.0727901
0.0775764
0.0823209
0.0870142
0.0916462
0.0962067
0.100685
0.105071
0.109354
0.113522
0.117564
0.121468
0.125222
0.128815
0.132235
0.13547
0.138508
0.141338
0.143949
0.146329
0.148467
0.150353
0.151973
0.153319
0.154379
0.155146
0.155613
0.155773
0.155621
0.155151
0.15436
0.153246
0.151808
0.150046
0.147962
0.145557
0.142838
0.139809
0.136477
0.132846
0.128956
0.124839
0.120124
0.114497
-0.0272993
-0.0329318
-0.0376152
-0.0416688
-0.0454725
-0.0489967
-0.0522096
-0.0551099
-0.057698
-0.0599736
-0.0619373
-0.063591
-0.064938
-0.0659818
-0.0667273
-0.0671798
-0.0673451
-0.0672298
-0.0668409
-0.0661855
-0.0652711
-0.0641054
-0.0626965
-0.0610524
-0.0591815
-0.0570921
-0.0547922
-0.0522899
-0.0495933
-0.0467106
-0.0436499
-0.0404194
-0.0370271
-0.0334808
-0.0297878
-0.0259557
-0.0219923
-0.0179052
-0.0137023
-0.00939121
-0.00497974
-0.000475265
0.00411519
0.00878473
0.0135264
0.018333
0.0231974
0.0281122
0.03307
0.0380633
0.0430843
0.0481254
0.0531785
0.0582352
0.0632868
0.0683244
0.0733393
0.0783223
0.0832644
0.0881559
0.0929866
0.0977459
0.102423
0.107007
0.111487
0.115851
0.120088
0.124185
0.12813
0.13191
0.135512
0.138925
0.142135
0.145131
0.147901
0.150433
0.152713
0.154731
0.156473
0.157929
0.159087
0.159939
0.160476
0.160691
0.160577
0.160129
0.159343
0.158217
0.156748
0.154937
0.152785
0.150294
0.147469
0.144315
0.140838
0.137045
0.132974
0.128662
0.123718
0.117814
-0.0314055
-0.037293
-0.0421846
-0.046414
-0.0503787
-0.0540477
-0.057388
-0.0603985
-0.0630797
-0.0654316
-0.0674551
-0.0691527
-0.0705278
-0.0715848
-0.072329
-0.0727663
-0.0729034
-0.0727475
-0.0723062
-0.0715875
-0.0705995
-0.0693506
-0.0678494
-0.0661049
-0.0641258
-0.0619208
-0.0594985
-0.0568675
-0.0540364
-0.0510139
-0.0478087
-0.0444293
-0.0408841
-0.0371813
-0.0333286
-0.0293338
-0.0252047
-0.0209492
-0.0165754
-0.0120909
-0.0075036
-0.00282106
0.00194951
0.0068011
0.0117267
0.016719
0.0217708
0.0268747
0.0320234
0.0372094
0.0424252
0.047663
0.0529146
0.0581714
0.0634247
0.0686656
0.0738851
0.0790742
0.0842234
0.0893228
0.094362
0.0993301
0.104216
0.109009
0.113697
0.118269
0.122712
0.127013
0.13116
0.135139
0.138936
0.142539
0.145934
0.149109
0.152051
0.154746
0.157181
0.159343
0.161218
0.162796
0.164063
0.165009
0.165625
0.165903
0.165835
0.165416
0.16464
0.163505
0.162009
0.160149
0.157929
0.155349
0.152415
0.149131
0.145502
0.141537
0.137276
0.132758
0.127571
0.121372
-0.0357887
-0.0419466
-0.0470586
-0.0514734
-0.0556072
-0.059428
-0.0629012
-0.0660259
-0.0688031
-0.0712328
-0.0733166
-0.0750572
-0.0764586
-0.077526
-0.0782652
-0.078683
-0.0787868
-0.0785845
-0.0780845
-0.0772954
-0.0762264
-0.0748867
-0.0732855
-0.0714323
-0.0693366
-0.0670076
-0.0644544
-0.0616861
-0.0587119
-0.0555409
-0.0521825
-0.0486456
-0.0449389
-0.0410712
-0.0370504
-0.0328846
-0.0285817
-0.0241499
-0.0195972
-0.0149315
-0.0101607
-0.00529243
-0.000333994
0.0047074
0.00982462
0.0150104
0.0202574
0.0255583
0.0309056
0.0362922
0.0417104
0.0471526
0.0526106
0.0580756
0.0635388
0.0689916
0.0744247
0.079829
0.0851949
0.0905121
0.0957697
0.100957
0.106062
0.111075
0.115982
0.120773
0.125434
0.129952
0.134313
0.138503
0.142509
0.146315
0.149909
0.153277
0.156403
0.159275
0.161877
0.164196
0.166218
0.167929
0.169316
0.170368
0.171073
0.171422
0.171409
0.171026
0.170267
0.169128
0.167607
0.165701
0.163413
0.160743
0.157695
0.154276
0.150489
0.146344
0.141882
0.137145
0.131701
0.125186
-0.0404655
-0.0469102
-0.0522552
-0.0568655
-0.0611771
-0.0651567
-0.0687685
-0.0720116
-0.0748874
-0.0773963
-0.0795402
-0.0813225
-0.0827481
-0.0838226
-0.0845528
-0.0849462
-0.0850109
-0.0847557
-0.0841898
-0.0833229
-0.0821649
-0.0807259
-0.079016
-0.0770453
-0.074824
-0.0723618
-0.0696685
-0.0667537
-0.0636272
-0.0602987
-0.0567779
-0.0530744
-0.0491974
-0.0451558
-0.0409583
-0.0366129
-0.0321278
-0.0275114
-0.0227718
-0.017917
-0.0129549
-0.00789318
-0.00273915
0.00249985
0.00781654
0.0132036
0.0186537
0.0241593
0.0297132
0.035308
0.0409365
0.0465908
0.0522629
0.0579442
0.0636257
0.0692987
0.0749542
0.0805829
0.0861749
0.0917197
0.0972062
0.102623
0.107959
0.113202
0.118341
0.123363
0.128255
0.133002
0.13759
0.142005
0.146232
0.150256
0.154063
0.157636
0.160962
0.164024
0.166808
0.169298
0.17148
0.173338
0.174858
0.176027
0.176832
0.177265
0.177317
0.176978
0.176242
0.175104
0.173562
0.171613
0.169257
0.166496
0.163332
0.159772
0.15582
0.151485
0.146813
0.141845
0.136127
0.129276
-0.045454
-0.0522025
-0.0577937
-0.0626101
-0.0671087
-0.0712547
-0.0750107
-0.0783763
-0.0813532
-0.0839422
-0.0861459
-0.0879685
-0.0894154
-0.0904933
-0.0912097
-0.0915729
-0.091592
-0.0912766
-0.0906371
-0.089684
-0.0884283
-0.0868809
-0.0850528
-0.082955
-0.0805982
-0.077993
-0.0751496
-0.0720785
-0.0687899
-0.0652942
-0.0616016
-0.0577221
-0.0536655
-0.049441
-0.0450575
-0.0405237
-0.0358478
-0.0310382
-0.0261034
-0.0210515
-0.0158902
-0.0106273
-0.0052699
0.000174464
0.0056984
0.0112945
0.0169554
0.0226736
0.0284418
0.0342528
0.0400992
0.0459735
0.0518676
0.0577731
0.0636812
0.069583
0.0754697
0.0813318
0.0871593
0.0929416
0.0986672
0.104325
0.109902
0.115388
0.12077
0.126036
0.131171
0.13616
0.140989
0.145643
0.150106
0.154363
0.158398
0.162193
0.165732
0.169001
0.171982
0.174659
0.177016
0.179035
0.180701
0.182
0.182919
0.183447
0.183573
0.183288
0.182583
0.181454
0.179896
0.177907
0.175485
0.172631
0.169348
0.165642
0.161519
0.156986
0.152091
0.146878
0.140868
0.133659
-0.0507736
-0.0578441
-0.0636957
-0.0687292
-0.0734242
-0.0777442
-0.0816503
-0.0851424
-0.0882226
-0.0908925
-0.0931553
-0.0950159
-0.0964808
-0.0975575
-0.0982545
-0.098581
-0.0985471
-0.0981636
-0.0974419
-0.0963934
-0.0950304
-0.0933646
-0.0914082
-0.0891727
-0.0866698
-0.0839107
-0.0809067
-0.0776688
-0.0742077
-0.0705345
-0.0666601
-0.0625948
-0.0583489
-0.053932
-0.0493533
-0.0446218
-0.0397461
-0.0347348
-0.0295963
-0.0243389
-0.0189704
-0.0134984
-0.00792998
-0.00227259
0.00346627
0.00927906
0.0151583
0.0210967
0.027087
0.033122
0.0391943
0.0452965
0.0514205
0.0575583
0.0637011
0.0698402
0.0759667
0.0820712
0.0881438
0.0941734
0.100149
0.106058
0.111889
0.117629
0.123267
0.128789
0.13418
0.139426
0.144511
0.149419
0.154134
0.158639
0.162916
0.166949
0.17072
0.174211
0.177406
0.180286
0.182833
0.185029
0.186857
0.188302
0.189349
0.189984
0.190197
0.189975
0.189312
0.188199
0.186632
0.184605
0.182119
0.179172
0.175768
0.171913
0.167611
0.162871
0.157741
0.152269
0.145949
0.138358
-0.0564458
-0.0638576
-0.0699844
-0.0752466
-0.0801475
-0.0846493
-0.0887113
-0.0923336
-0.0955192
-0.0982703
-0.100591
-0.102487
-0.103966
-0.105036
-0.105707
-0.105989
-0.105894
-0.105433
-0.10462
-0.103466
-0.101985
-0.10019
-0.098094
-0.0957095
-0.093049
-0.0901247
-0.0869486
-0.0835325
-0.079888
-0.0760266
-0.0719597
-0.0676984
-0.0632532
-0.058634
-0.0538504
-0.0489118
-0.043827
-0.038605
-0.0332542
-0.0277829
-0.022199
-0.0165098
-0.0107226
-0.00484464
0.00111665
0.00715363
0.0132588
0.0194249
0.0256448
0.0319115
0.0382175
0.0445555
0.0509176
0.0572956
0.0636813
0.0700661
0.0764412
0.0827973
0.0891243
0.0954112
0.101647
0.107818
0.113914
0.119922
0.125828
0.131619
0.137281
0.142798
0.148153
0.153331
0.158314
0.163083
0.167621
0.171909
0.175929
0.179661
0.183087
0.186188
0.188942
0.191332
0.19334
0.194946
0.196136
0.196894
0.197206
0.197062
0.19645
0.195362
0.193792
0.191733
0.189185
0.186146
0.182619
0.17861
0.174122
0.169164
0.163788
0.158041
0.151393
0.143397
-0.0624943
-0.0702676
-0.0766852
-0.082188
-0.0873049
-0.0919962
-0.0962196
-0.0999758
-0.103268
-0.106101
-0.108477
-0.110405
-0.111892
-0.11295
-0.113587
-0.113817
-0.113651
-0.113103
-0.112187
-0.110917
-0.109306
-0.10737
-0.105122
-0.102577
-0.0997461
-0.0966442
-0.0932838
-0.0896776
-0.0858379
-0.0817769
-0.0775066
-0.0730383
-0.0683832
-0.0635514
-0.0585529
-0.0533974
-0.0480941
-0.0426522
-0.0370802
-0.0313863
-0.0255785
-0.0196642
-0.0136504
-0.00754424
-0.00135316
0.00491533
0.0112538
0.017655
0.024112
0.0306178
0.0371652
0.0437469
0.050355
0.0569815
0.0636183
0.0702572
0.0768896
0.0835063
0.0900972
0.0966515
0.103157
0.109603
0.115975
0.122262
0.12845
0.134524
0.140471
0.146274
0.151915
0.157379
0.162646
0.167698
0.172514
0.177076
0.181363
0.185356
0.189032
0.192372
0.195354
0.197958
0.200162
0.201949
0.203298
0.204194
0.204622
0.204568
0.20402
0.202968
0.201402
0.199318
0.196712
0.193582
0.189932
0.185764
0.181084
0.175898
0.170262
0.164227
0.157231
0.148803
-0.0689454
-0.0771015
-0.083826
-0.0895819
-0.0949247
-0.0998134
-0.104204
-0.108097
-0.111498
-0.11441
-0.116839
-0.118795
-0.120285
-0.121322
-0.121918
-0.122085
-0.121838
-0.121192
-0.120161
-0.118762
-0.117009
-0.114919
-0.112506
-0.109785
-0.106771
-0.103478
-0.0999208
-0.0961116
-0.0920643
-0.0877916
-0.083306
-0.0786193
-0.0737431
-0.068688
-0.0634643
-0.0580818
-0.0525503
-0.046879
-0.0410766
-0.0351514
-0.0291112
-0.0229634
-0.016715
-0.0103732
-0.00394505
0.0025621
0.00914097
0.0157845
0.0224858
0.0292381
0.0360344
0.0428673
0.0497293
0.0566123
0.0635085
0.0704099
0.0773082
0.0841945
0.0910588
0.0978903
0.104677
0.111407
0.118068
0.124646
0.131128
0.1375
0.143747
0.149851
0.155795
0.161561
0.16713
0.172482
0.177596
0.182452
0.187027
0.1913
0.195247
0.198848
0.202078
0.204916
0.207339
0.209324
0.210853
0.211905
0.212466
0.212518
0.212047
0.211042
0.209491
0.207389
0.20473
0.201513
0.197737
0.193408
0.188528
0.183105
0.177197
0.170858
0.163493
0.154606
-0.0758276
-0.084389
-0.0914374
-0.097459
-0.103038
-0.108132
-0.112694
-0.116727
-0.120237
-0.123227
-0.125707
-0.127684
-0.12917
-0.130178
-0.130721
-0.130815
-0.130475
-0.129717
-0.128559
-0.127016
-0.125107
-0.122848
-0.120256
-0.117346
-0.114134
-0.110637
-0.106868
-0.102842
-0.0985736
-0.0940763
-0.0893628
-0.0844456
-0.0793366
-0.074047
-0.0685873
-0.0629676
-0.0571978
-0.0512874
-0.0452452
-0.0390796
-0.0327983
-0.0264088
-0.0199179
-0.0133328
-0.00666025
9.26019e-05
0.00691882
0.0138116
0.0207642
0.02777
0.0348223
0.0419138
0.049037
0.0561844
0.063348
0.0705203
0.0776931
0.0848579
0.0920049
0.0991233
0.106201
0.113227
0.120188
0.12707
0.13386
0.140544
0.147105
0.153526
0.159789
0.165876
0.171765
0.177437
0.182869
0.188039
0.192923
0.197498
0.201739
0.205623
0.209124
0.212219
0.214882
0.217088
0.218817
0.220048
0.22076
0.220935
0.220557
0.219612
0.218089
0.215978
0.213273
0.209971
0.206071
0.201576
0.19649
0.190821
0.184629
0.17797
0.170216
0.160842
-0.0831724
-0.0921627
-0.0995528
-0.105853
-0.111679
-0.116985
-0.121725
-0.1259
-0.129518
-0.132584
-0.135108
-0.137101
-0.138574
-0.139543
-0.140023
-0.140031
-0.139584
-0.1387
-0.137399
-0.135698
-0.133617
-0.131173
-0.128385
-0.12527
-0.121845
-0.118127
-0.114132
-0.109875
-0.105372
-0.100636
-0.0956814
-0.0905208
-0.0851668
-0.0796309
-0.0739241
-0.0680565
-0.0620381
-0.0558785
-0.0495869
-0.0431718
-0.0366408
-0.0300012
-0.0232599
-0.0164237
-0.00949951
-0.00249396
0.00458634
0.0117349
0.0189455
0.0262115
0.0335265
0.0408835
0.0482752
0.0556942
0.0631331
0.0705842
0.07804
0.0854921
0.0929309
0.100346
0.107726
0.115058
0.12233
0.129529
0.136641
0.14365
0.150541
0.157295
0.163895
0.17032
0.176549
0.182561
0.188332
0.193838
0.199054
0.203954
0.208513
0.212705
0.216503
0.219879
0.222806
0.225258
0.227212
0.228642
0.229527
0.229845
0.229578
0.228711
0.227228
0.225119
0.222375
0.218993
0.21497
0.210309
0.205012
0.199088
0.192599
0.185603
0.177436
0.167546
-0.0910142
-0.100459
-0.108209
-0.114802
-0.120885
-0.126411
-0.131332
-0.13565
-0.139376
-0.142515
-0.145078
-0.147078
-0.148528
-0.149447
-0.14985
-0.149757
-0.149187
-0.148162
-0.146701
-0.144825
-0.142554
-0.139908
-0.136907
-0.13357
-0.129915
-0.12596
-0.121722
-0.117219
-0.112465
-0.107475
-0.102265
-0.0968479
-0.0912361
-0.0854417
-0.079476
-0.0733493
-0.0670718
-0.060653
-0.0541022
-0.0474283
-0.0406388
-0.0337409
-0.0267412
-0.0196465
-0.0124632
-0.00519802
0.00214295
0.0095537
0.0170283
0.0245608
0.0321449
0.0397739
0.0474408
0.0551385
0.0628598
0.0705976
0.0783445
0.0860923
0.0938321
0.101553
0.109245
0.116895
0.12449
0.132019
0.139465
0.146815
0.154051
0.161155
0.168109
0.174891
0.181481
0.187854
0.193986
0.19985
0.205422
0.210673
0.215576
0.220103
0.224223
0.227907
0.231126
0.233851
0.236055
0.23771
0.238792
0.239275
0.23914
0.238368
0.236942
0.234847
0.232076
0.228619
0.224476
0.219648
0.214137
0.207948
0.201148
0.193799
0.185197
0.174758
-0.0993904
-0.109315
-0.117445
-0.124344
-0.130695
-0.136448
-0.141554
-0.146018
-0.149848
-0.153055
-0.15565
-0.157647
-0.159064
-0.159918
-0.160229
-0.160019
-0.15931
-0.158125
-0.156485
-0.154414
-0.151934
-0.149066
-0.145833
-0.142255
-0.138351
-0.134142
-0.129644
-0.124877
-0.119856
-0.114598
-0.109118
-0.103429
-0.0975459
-0.0914802
-0.0852434
-0.0788461
-0.0722985
-0.0656102
-0.0587908
-0.0518488
-0.044792
-0.0376275
-0.0303616
-0.0230007
-0.0155513
-0.00801962
-0.000411518
0.0072675
0.0150121
0.0228169
0.030676
0.0385831
0.0465314
0.0545142
0.0625248
0.0705564
0.0786021
0.086654
0.0947034
0.10274
0.110754
0.118732
0.126663
0.134533
0.142329
0.150034
0.157631
0.165102
0.172428
0.179587
0.186557
0.193313
0.199829
0.206077
0.212031
0.21766
0.222934
0.227823
0.232294
0.236316
0.239857
0.242885
0.245368
0.247275
0.24858
0.249254
0.249275
0.248619
0.247267
0.245203
0.242414
0.238893
0.234635
0.22964
0.223909
0.217448
0.210325
0.202605
0.193543
0.182521
-0.108341
-0.118774
-0.127304
-0.134524
-0.141153
-0.147141
-0.152436
-0.157044
-0.160977
-0.164245
-0.166863
-0.168846
-0.170214
-0.170988
-0.171191
-0.170845
-0.169977
-0.168611
-0.166771
-0.164484
-0.161773
-0.158663
-0.155177
-0.151337
-0.147164
-0.14268
-0.137905
-0.132855
-0.12755
-0.122006
-0.11624
-0.110265
-0.104097
-0.0977461
-0.0912255
-0.0845456
-0.0777167
-0.0707487
-0.0636509
-0.0564317
-0.049099
-0.0416595
-0.0341196
-0.0264853
-0.0187628
-0.0109581
-0.0030766
0.00487666
0.012897
0.0209796
0.0291191
0.0373098
0.0455452
0.0538192
0.0621254
0.0704575
0.0788091
0.0871728
0.0955403
0.103902
0.112247
0.120565
0.128843
0.137068
0.145225
0.1533
0.161275
0.169131
0.176848
0.184404
0.191775
0.198937
0.205861
0.212519
0.218882
0.224917
0.230592
0.235874
0.240728
0.24512
0.249015
0.252376
0.255169
0.257361
0.258919
0.259813
0.260015
0.259499
0.258243
0.256227
0.253437
0.249861
0.245495
0.240335
0.234381
0.227639
0.220179
0.21207
0.202522
0.190885
-0.117911
-0.128882
-0.137832
-0.145388
-0.152306
-0.158536
-0.164023
-0.168775
-0.172805
-0.176127
-0.178755
-0.180711
-0.182015
-0.182691
-0.182765
-0.182263
-0.181213
-0.179643
-0.177581
-0.175053
-0.172088
-0.168712
-0.164949
-0.160825
-0.156362
-0.151583
-0.146508
-0.141157
-0.135549
-0.129702
-0.123632
-0.117356
-0.110887
-0.104237
-0.0974199
-0.090445
-0.0833235
-0.0760652
-0.0686794
-0.0611741
-0.0535569
-0.0458343
-0.0380126
-0.0300978
-0.0220956
-0.0140116
-0.00585074
0.0023825
0.010684
0.0190496
0.0274747
0.0359539
0.0444817
0.0530522
0.0616597
0.0702985
0.0789627
0.0876453
0.0963387
0.105034
0.11372
0.122388
0.131024
0.139616
0.148149
0.156609
0.164977
0.173235
0.181362
0.189336
0.197132
0.204723
0.212081
0.219176
0.225976
0.232447
0.238554
0.244262
0.249534
0.25433
0.258614
0.262344
0.265482
0.267992
0.269837
0.270983
0.271396
0.271048
0.269912
0.267966
0.265191
0.261574
0.257107
0.251785
0.245607
0.238576
0.230767
0.22225
0.212191
0.199901
-0.128148
-0.139687
-0.149081
-0.156988
-0.164207
-0.170685
-0.176365
-0.181259
-0.18538
-0.188745
-0.191371
-0.193282
-0.194503
-0.19506
-0.194983
-0.194301
-0.193044
-0.191245
-0.188933
-0.186139
-0.182894
-0.179225
-0.175161
-0.170728
-0.165951
-0.160853
-0.155457
-0.149784
-0.143853
-0.137684
-0.131294
-0.124699
-0.117913
-0.110951
-0.103822
-0.09654
-0.0891143
-0.081555
-0.0738713
-0.0660708
-0.0581606
-0.0501471
-0.0420363
-0.0338341
-0.0255459
-0.0171767
-0.00873091
-0.000212314
0.00837554
0.017029
0.0257442
0.0345166
0.0433412
0.052213
0.061127
0.0700781
0.0790607
0.0880688
0.0970952
0.106132
0.115168
0.124195
0.1332
0.142171
0.151094
0.159953
0.168731
0.177409
0.185966
0.194379
0.202621
0.210667
0.218486
0.226046
0.233314
0.240253
0.246826
0.252995
0.25872
0.263959
0.268669
0.272806
0.276329
0.279196
0.281365
0.282797
0.283456
0.283307
0.28232
0.280468
0.277729
0.274087
0.269529
0.264051
0.257647
0.250321
0.24215
0.233208
0.222611
0.20963
-0.139105
-0.151246
-0.161107
-0.169381
-0.176912
-0.183644
-0.189519
-0.19455
-0.198753
-0.202148
-0.204756
-0.206603
-0.207719
-0.208133
-0.207879
-0.206989
-0.205497
-0.203439
-0.200849
-0.19776
-0.194206
-0.190217
-0.185824
-0.181055
-0.175937
-0.170496
-0.164755
-0.158737
-0.152462
-0.145951
-0.139222
-0.13229
-0.125172
-0.11788
-0.110427
-0.102824
-0.0950823
-0.0872112
-0.0792195
-0.0711146
-0.0629033
-0.0545914
-0.0461847
-0.0376886
-0.0291084
-0.0204484
-0.0117124
-0.00290363
0.00597513
0.0149209
0.0239304
0.0329999
0.0421254
0.0513027
0.0605276
0.0697956
0.079102
0.0884414
0.0978072
0.107192
0.116587
0.125982
0.135366
0.144728
0.154053
0.163326
0.172531
0.181646
0.190652
0.199525
0.208238
0.216764
0.225072
0.233127
0.240894
0.248335
0.255411
0.262079
0.268297
0.274018
0.279195
0.283783
0.287733
0.290999
0.293533
0.295293
0.296235
0.296321
0.295515
0.293786
0.291108
0.287459
0.282824
0.277196
0.270568
0.262942
0.254397
0.245012
0.233848
0.220136
-0.15084
-0.163618
-0.173971
-0.182629
-0.190483
-0.197474
-0.203544
-0.208705
-0.21298
-0.21639
-0.21896
-0.220721
-0.221705
-0.221948
-0.221487
-0.220358
-0.218599
-0.216251
-0.21335
-0.209933
-0.206037
-0.201697
-0.196945
-0.191811
-0.186324
-0.180512
-0.174401
-0.168014
-0.161373
-0.154499
-0.14741
-0.140123
-0.132654
-0.125017
-0.117225
-0.109288
-0.101219
-0.0930247
-0.084715
-0.0762966
-0.0677759
-0.0591585
-0.0504494
-0.0416537
-0.0327759
-0.02382
-0.0147892
-0.00568592
0.00348764
0.0127293
0.0220366
0.0314068
0.0408367
0.0503231
0.0598625
0.0694514
0.0790859
0.0887614
0.0984723
0.108212
0.117972
0.127744
0.137517
0.14728
0.15702
0.166721
0.176367
0.185938
0.195413
0.204768
0.213976
0.223008
0.231833
0.240414
0.248714
0.256694
0.26431
0.271518
0.27827
0.284517
0.290208
0.295293
0.299717
0.303428
0.306374
0.308506
0.309775
0.310137
0.30955
0.307977
0.305387
0.301754
0.29706
0.291293
0.284445
0.276514
0.267584
0.257737
0.245978
0.231493
-0.163418
-0.17687
-0.187742
-0.196801
-0.204988
-0.212243
-0.218504
-0.223789
-0.228121
-0.231527
-0.234036
-0.235684
-0.236507
-0.236547
-0.235844
-0.23444
-0.232379
-0.229703
-0.226454
-0.222675
-0.218403
-0.213676
-0.208531
-0.202999
-0.197113
-0.190902
-0.184393
-0.177612
-0.17058
-0.16332
-0.15585
-0.148189
-0.140352
-0.132353
-0.124206
-0.115923
-0.107513
-0.0989844
-0.0903466
-0.0816057
-0.0727679
-0.063838
-0.0548206
-0.0457199
-0.0365398
-0.0272835
-0.0179537
-0.00855244
0.000919059
0.0104595
0.0200674
0.0297409
0.039478
0.0492763
0.0591331
0.0690461
0.0790122
0.0890278
0.0990885
0.109188
0.11932
0.129477
0.139647
0.149822
0.159988
0.170131
0.180234
0.190277
0.20024
0.210099
0.219826
0.229392
0.238763
0.247903
0.256772
0.265327
0.273524
0.281314
0.288646
0.295467
0.301722
0.307354
0.312303
0.316511
0.319921
0.322476
0.324122
0.324806
0.32448
0.323102
0.320633
0.317044
0.312311
0.306419
0.299356
0.291119
0.281794
0.271466
0.259081
0.243778
-0.176908
-0.191075
-0.202494
-0.211972
-0.220502
-0.228024
-0.234473
-0.239869
-0.244242
-0.247621
-0.250042
-0.251545
-0.252174
-0.251972
-0.250988
-0.24927
-0.246864
-0.24382
-0.240184
-0.236
-0.231313
-0.226162
-0.220587
-0.214623
-0.208305
-0.201663
-0.194727
-0.187523
-0.180075
-0.172405
-0.164532
-0.156476
-0.148252
-0.139875
-0.131359
-0.122714
-0.11395
-0.105077
-0.0961011
-0.0870292
-0.0778666
-0.0686178
-0.0592864
-0.0498759
-0.0403892
-0.030829
-0.0211972
-0.0114952
-0.00172339
0.0081179
0.0180283
0.0280071
0.0380532
0.0481651
0.0583415
0.0685808
0.0788812
0.0892402
0.0996544
0.110119
0.120629
0.131176
0.141752
0.152347
0.162951
0.173547
0.184122
0.194655
0.205126
0.21551
0.225781
0.235907
0.245855
0.255587
0.265061
0.274233
0.283054
0.291471
0.299432
0.306879
0.31375
0.319984
0.325515
0.330278
0.334209
0.337244
0.339321
0.340379
0.340364
0.339225
0.336917
0.333404
0.328659
0.322659
0.315391
0.306847
0.297117
0.286289
0.273247
0.257079
-0.191388
-0.206315
-0.21831
-0.228224
-0.237108
-0.244897
-0.251527
-0.257021
-0.261413
-0.26474
-0.267041
-0.268363
-0.268755
-0.26827
-0.266961
-0.264881
-0.262085
-0.258626
-0.254556
-0.249924
-0.244778
-0.239161
-0.233116
-0.226682
-0.219895
-0.212789
-0.205394
-0.197738
-0.189846
-0.18174
-0.173442
-0.16497
-0.156341
-0.147569
-0.138667
-0.129646
-0.120517
-0.111287
-0.101963
-0.092552
-0.0830576
-0.0734837
-0.0638331
-0.0541084
-0.0443117
-0.0344449
-0.0245091
-0.0145046
-0.00443107
0.00571236
0.0159263
0.0262112
0.036567
0.0469935
0.0574904
0.0680573
0.0786938
0.0893985
0.100169
0.111003
0.121894
0.132837
0.143826
0.154851
0.165901
0.176964
0.188024
0.199063
0.210061
0.220992
0.231831
0.242546
0.253102
0.26346
0.273578
0.283407
0.292896
0.30199
0.310632
0.318759
0.326305
0.333201
0.339376
0.344758
0.349274
0.352853
0.355422
0.356915
0.357266
0.356417
0.354316
0.350919
0.346191
0.340107
0.332645
0.323796
0.313653
0.302307
0.288573
0.27149
-0.206943
-0.222677
-0.23528
-0.245649
-0.254895
-0.262951
-0.269752
-0.275326
-0.279713
-0.282954
-0.285097
-0.286195
-0.286306
-0.285487
-0.283801
-0.281308
-0.278069
-0.274143
-0.269588
-0.264458
-0.258804
-0.252675
-0.246117
-0.239171
-0.231876
-0.224269
-0.216382
-0.208243
-0.199878
-0.191311
-0.182563
-0.173654
-0.164599
-0.155415
-0.146112
-0.136702
-0.127194
-0.117596
-0.107915
-0.0981569
-0.088324
-0.0784194
-0.068445
-0.0584024
-0.0482931
-0.0381179
-0.0278769
-0.0175693
-0.00719355
0.00325223
0.0137698
0.0243605
0.0350257
0.0457663
0.0565836
0.0674785
0.0784518
0.0895034
0.100632
0.111837
0.123113
0.134458
0.145865
0.157326
0.168833
0.180373
0.191932
0.203493
0.215035
0.226535
0.237967
0.249298
0.260494
0.271514
0.282313
0.292843
0.303048
0.312871
0.322249
0.331116
0.339398
0.347022
0.35391
0.35998
0.365153
0.369345
0.372477
0.374471
0.375253
0.374754
0.372913
0.369677
0.365004
0.358862
0.351223
0.342075
0.331512
0.319629
0.30517
0.287117
-0.223668
-0.24026
-0.253504
-0.264347
-0.273962
-0.282284
-0.289243
-0.294875
-0.299225
-0.302342
-0.304282
-0.305107
-0.304881
-0.303673
-0.301551
-0.298585
-0.294844
-0.290392
-0.285295
-0.27961
-0.273396
-0.266704
-0.259585
-0.252082
-0.244238
-0.236091
-0.227675
-0.219019
-0.210152
-0.201096
-0.191874
-0.182505
-0.173006
-0.16339
-0.153671
-0.143857
-0.133959
-0.123984
-0.113937
-0.103824
-0.0936464
-0.0834061
-0.0731041
-0.062741
-0.0523173
-0.0418327
-0.0312862
-0.0206757
-0.0099983
0.000748819
0.0115686
0.0224637
0.0334367
0.0444902
0.0556266
0.0668486
0.078158
0.0895563
0.101044
0.112621
0.124285
0.136034
0.147864
0.159769
0.171739
0.183767
0.195837
0.207934
0.220039
0.232129
0.244177
0.256153
0.26802
0.279737
0.291259
0.302534
0.313505
0.324111
0.334284
0.343953
0.35304
0.361464
0.369138
0.375975
0.381881
0.386767
0.390541
0.393113
0.394398
0.394318
0.392799
0.389779
0.385205
0.379038
0.371244
0.361804
0.350816
0.338378
0.323157
0.304078
-0.241665
-0.259172
-0.273094
-0.28443
-0.294422
-0.303002
-0.310103
-0.315764
-0.32004
-0.322988
-0.324672
-0.325164
-0.32454
-0.322876
-0.320252
-0.316746
-0.312435
-0.307392
-0.301688
-0.295388
-0.288554
-0.281244
-0.273511
-0.265403
-0.256965
-0.248236
-0.239252
-0.230045
-0.220643
-0.21107
-0.201349
-0.191498
-0.181534
-0.17147
-0.161318
-0.151088
-0.140789
-0.130426
-0.120005
-0.10953
-0.0990025
-0.0884224
-0.07779
-0.0671048
-0.0563659
-0.045572
-0.0347204
-0.023808
-0.0128308
-0.0017846
0.00933473
0.0205314
0.0318095
0.0431731
0.0546263
0.0661729
0.0778164
0.0895598
0.101405
0.113354
0.125407
0.137563
0.14982
0.162172
0.174614
0.187137
0.199729
0.212377
0.225061
0.237761
0.25045
0.263097
0.275667
0.288119
0.300404
0.312471
0.324259
0.335705
0.346736
0.357275
0.36724
0.376541
0.385084
0.39277
0.399499
0.405166
0.409669
0.412907
0.41478
0.415197
0.414072
0.41133
0.406909
0.400758
0.392836
0.383116
0.371701
0.358691
0.34267
0.322503
-0.261049
-0.279535
-0.294175
-0.306022
-0.316396
-0.325227
-0.332446
-0.338103
-0.342259
-0.344982
-0.346348
-0.346439
-0.345343
-0.343148
-0.339945
-0.335823
-0.330866
-0.325157
-0.318775
-0.31179
-0.304272
-0.296283
-0.28788
-0.279114
-0.270033
-0.260678
-0.251087
-0.241292
-0.231323
-0.221204
-0.210957
-0.200602
-0.190152
-0.179623
-0.169024
-0.158365
-0.147653
-0.136894
-0.126093
-0.11525
-0.104367
-0.0934444
-0.0824798
-0.0714719
-0.0604183
-0.0493158
-0.0381609
-0.0269489
-0.0156748
-0.00433304
0.00708199
0.0185761
0.0301552
0.041825
0.0535909
0.0654582
0.0774322
0.0895175
0.101718
0.114038
0.126479
0.139042
0.151727
0.16453
0.177448
0.190475
0.2036
0.21681
0.23009
0.243418
0.25677
0.270116
0.283421
0.296643
0.309735
0.322641
0.335301
0.347645
0.3596
0.371083
0.382004
0.392266
0.401766
0.410396
0.418042
0.42459
0.429923
0.433925
0.436482
0.437486
0.436839
0.434451
0.430244
0.424159
0.416143
0.406162
0.39432
0.380719
0.363858
0.342535
-0.28195
-0.301484
-0.316885
-0.329265
-0.340025
-0.349093
-0.356402
-0.36201
-0.365991
-0.368423
-0.369396
-0.369005
-0.367353
-0.36454
-0.360671
-0.355844
-0.350156
-0.343699
-0.336558
-0.328814
-0.320541
-0.311807
-0.302672
-0.293192
-0.283416
-0.273388
-0.263147
-0.252727
-0.242156
-0.231461
-0.220663
-0.209779
-0.198825
-0.187813
-0.176753
-0.165653
-0.15452
-0.143358
-0.132168
-0.120954
-0.109713
-0.0984458
-0.0871485
-0.0758183
-0.0644512
-0.0530425
-0.0415871
-0.0300793
-0.0185126
-0.00688005
0.00482567
0.0166121
0.0284868
0.040457
0.0525298
0.0647123
0.0770114
0.0894341
0.101987
0.114674
0.127501
0.140469
0.153582
0.166838
0.180236
0.193772
0.207437
0.221222
0.235111
0.249085
0.263123
0.277194
0.291265
0.305295
0.319235
0.333029
0.346615
0.359922
0.372871
0.385373
0.397334
0.408648
0.419202
0.428878
0.43755
0.445089
0.451364
0.456241
0.459591
0.461289
0.461216
0.459268
0.455352
0.449392
0.441324
0.431106
0.418841
0.404634
0.386889
0.364336
-0.304512
-0.325172
-0.341382
-0.354317
-0.365463
-0.374751
-0.382113
-0.387619
-0.391356
-0.393418
-0.39391
-0.392943
-0.390636
-0.387105
-0.382468
-0.376837
-0.370321
-0.363021
-0.355034
-0.346447
-0.337342
-0.327791
-0.317858
-0.307604
-0.297078
-0.286328
-0.275393
-0.264308
-0.253102
-0.241801
-0.230424
-0.21899
-0.207512
-0.196001
-0.184467
-0.172917
-0.161353
-0.14978
-0.138199
-0.126609
-0.11501
-0.103398
-0.0917685
-0.0801178
-0.0684397
-0.0567283
-0.0449769
-0.0331785
-0.0213251
-0.00940786
0.00258227
0.0146545
0.0268178
0.0390811
0.0514535
0.063944
0.0765617
0.0893155
0.102214
0.115263
0.128471
0.141843
0.155381
0.169091
0.18297
0.197019
0.211231
0.225598
0.240109
0.254747
0.26949
0.284312
0.299179
0.314053
0.328884
0.343616
0.358186
0.37252
0.386535
0.40014
0.413229
0.425693
0.437407
0.448242
0.458058
0.466712
0.474054
0.479934
0.484202
0.486713
0.487329
0.485924
0.482387
0.476625
0.468559
0.458134
0.445454
0.430626
0.41195
0.388086
-0.328896
-0.350772
-0.367845
-0.381356
-0.392887
-0.402369
-0.409737
-0.415076
-0.418487
-0.420084
-0.41999
-0.418337
-0.41526
-0.410895
-0.405374
-0.398826
-0.391371
-0.383126
-0.374194
-0.364673
-0.35465
-0.344203
-0.333403
-0.322309
-0.310976
-0.299452
-0.287778
-0.275989
-0.264113
-0.252174
-0.240193
-0.228186
-0.216166
-0.204143
-0.192124
-0.180112
-0.168112
-0.156123
-0.144147
-0.132181
-0.120223
-0.108268
-0.0963098
-0.084342
-0.0723573
-0.0603484
-0.0483072
-0.036225
-0.0240919
-0.0118974
0.000369296
0.012719
0.0251623
0.0377101
0.0503733
0.0631633
0.0760913
0.0891681
0.102404
0.115809
0.129392
0.143161
0.157122
0.171282
0.185643
0.200206
0.214969
0.229927
0.245069
0.260384
0.275852
0.291448
0.307142
0.322894
0.338659
0.35438
0.369992
0.38542
0.400579
0.41537
0.429685
0.443403
0.456392
0.468509
0.479601
0.489506
0.498058
0.505085
0.510415
0.513879
0.515315
0.514574
0.511522
0.506046
0.498047
0.487456
0.474375
0.45891
0.439254
0.413986
-0.355287
-0.378481
-0.396476
-0.410585
-0.422495
-0.432137
-0.439453
-0.444543
-0.44753
-0.448548
-0.447745
-0.445274
-0.441293
-0.435958
-0.429421
-0.421826
-0.413311
-0.404003
-0.394018
-0.383462
-0.37243
-0.361004
-0.349259
-0.337258
-0.325058
-0.312708
-0.300249
-0.287714
-0.275133
-0.262528
-0.249918
-0.237318
-0.224739
-0.21219
-0.199674
-0.187195
-0.174752
-0.162346
-0.149973
-0.137633
-0.125318
-0.113023
-0.10074
-0.0884608
-0.076176
-0.0638769
-0.0515538
-0.0391959
-0.0267917
-0.0143289
-0.00179512
0.010822
0.0235351
0.036357
0.0493011
0.0623805
0.0756088
0.0889988
0.102563
0.116314
0.130264
0.144424
0.158802
0.173408
0.188247
0.203324
0.218639
0.234192
0.249975
0.265979
0.282188
0.29858
0.315128
0.331794
0.348534
0.365293
0.382007
0.398598
0.414978
0.431046
0.446688
0.461774
0.476162
0.489697
0.502209
0.51352
0.523441
0.531778
0.538333
0.542911
0.545322
0.545387
0.542947
0.537862
0.530011
0.519306
0.505843
0.48973
0.469038
0.442264
-0.383896
-0.408525
-0.427509
-0.442238
-0.454514
-0.464272
-0.471461
-0.476201
-0.478643
-0.478947
-0.477287
-0.473844
-0.468803
-0.462342
-0.454636
-0.44585
-0.436135
-0.425635
-0.414478
-0.402777
-0.390635
-0.37814
-0.36537
-0.352392
-0.339263
-0.326032
-0.31274
-0.299421
-0.2861
-0.272801
-0.259538
-0.246326
-0.233174
-0.220087
-0.207067
-0.194114
-0.181227
-0.168402
-0.155636
-0.142923
-0.130257
-0.117627
-0.105026
-0.0924426
-0.0798663
-0.0672864
-0.054691
-0.0420675
-0.0294024
-0.0166821
-0.00389261
0.00898032
0.0219514
0.0350359
0.048249
0.0616063
0.0751229
0.0888144
0.102696
0.116783
0.13109
0.14563
0.160417
0.175462
0.190774
0.206361
0.222229
0.238379
0.254808
0.271511
0.288474
0.305682
0.323109
0.340722
0.358478
0.376325
0.394198
0.412022
0.429706
0.447146
0.464221
0.480796
0.496717
0.511816
0.525908
0.538795
0.550265
0.560097
0.568066
0.573945
0.57751
0.578551
0.576874
0.572308
0.564703
0.553949
0.540133
0.523362
0.501574
0.473178
-0.414961
-0.441163
-0.46121
-0.47658
-0.489202
-0.499016
-0.505984
-0.510252
-0.512002
-0.511428
-0.508736
-0.50414
-0.497855
-0.490089
-0.481041
-0.470896
-0.459828
-0.447993
-0.435531
-0.422566
-0.409207
-0.395547
-0.381668
-0.367638
-0.353516
-0.33935
-0.32518
-0.311036
-0.296944
-0.282923
-0.268988
-0.255148
-0.241411
-0.227777
-0.214247
-0.200818
-0.187486
-0.174246
-0.16109
-0.14801
-0.134998
-0.122043
-0.109132
-0.0962547
-0.0833978
-0.0705482
-0.0576921
-0.0448147
-0.0319013
-0.0189365
-0.00590449
0.00721104
0.0204271
0.0337608
0.0472297
0.060851
0.0746424
0.0886218
0.102807
0.117218
0.13187
0.14678
0.161965
0.177439
0.193217
0.209309
0.225725
0.242471
0.259548
0.276955
0.294685
0.312725
0.331054
0.349643
0.368454
0.387436
0.406529
0.425656
0.444727
0.463636
0.482257
0.500449
0.518047
0.534871
0.550719
0.56537
0.57859
0.590128
0.599727
0.607123
0.612054
0.61427
0.613536
0.609644
0.602408
0.591687
0.577559
0.560122
0.537172
0.507021
-0.448762
-0.476694
-0.49789
-0.513919
-0.526856
-0.53665
-0.543277
-0.54692
-0.5478
-0.546149
-0.542216
-0.536254
-0.528512
-0.519233
-0.508643
-0.496954
-0.484359
-0.47103
-0.457119
-0.442761
-0.42807
-0.413145
-0.398069
-0.382913
-0.367733
-0.352578
-0.337484
-0.322479
-0.307586
-0.292821
-0.278195
-0.263714
-0.249382
-0.235197
-0.221155
-0.207251
-0.193477
-0.179826
-0.166287
-0.152849
-0.139502
-0.12623
-0.113022
-0.0998634
-0.0867386
-0.0736325
-0.0605291
-0.0474122
-0.0342651
-0.0210708
-0.00781131
0.00553197
0.0189781
0.0325461
0.0462552
0.0601251
0.0741758
0.0884281
0.102903
0.117622
0.132605
0.147871
0.163441
0.179333
0.195565
0.212154
0.229111
0.246448
0.264173
0.282288
0.300792
0.319676
0.338927
0.358519
0.378419
0.398583
0.418952
0.439453
0.459996
0.480473
0.500758
0.520702
0.540132
0.558854
0.576649
0.593276
0.608472
0.621956
0.633431
0.642595
0.64914
0.652767
0.653193
0.650164
0.643448
0.632866
0.618479
0.600376
0.57619
0.54413
-0.485621
-0.515471
-0.537911
-0.554614
-0.567819
-0.577491
-0.583628
-0.586456
-0.586245
-0.58328
-0.577856
-0.570274
-0.560827
-0.549795
-0.537438
-0.523996
-0.50968
-0.494682
-0.479167
-0.463276
-0.447133
-0.430837
-0.414476
-0.398117
-0.381816
-0.365619
-0.349557
-0.333658
-0.317938
-0.302409
-0.287078
-0.271948
-0.257016
-0.242278
-0.227726
-0.213352
-0.199144
-0.18509
-0.171178
-0.157394
-0.143723
-0.13015
-0.116659
-0.103233
-0.089856
-0.0765088
-0.0631742
-0.0498342
-0.0364704
-0.0230634
-0.00959311
0.00396121
0.0176204
0.0314053
0.0453373
0.0594384
0.0737315
0.0882401
0.102988
0.117998
0.133295
0.148901
0.164841
0.181136
0.19781
0.214881
0.23237
0.250291
0.268657
0.287479
0.30676
0.326498
0.346684
0.367303
0.388326
0.409713
0.431413
0.453356
0.475454
0.497603
0.519673
0.541511
0.562937
0.583744
0.603697
0.622532
0.639958
0.655657
0.669295
0.680518
0.688967
0.694286
0.696135
0.694198
0.688189
0.677881
0.663307
0.644543
0.61904
0.584892
-0.525917
-0.557905
-0.5817
-0.599086
-0.612493
-0.621908
-0.627362
-0.629139
-0.627568
-0.622998
-0.615784
-0.606285
-0.594843
-0.581784
-0.567404
-0.55197
-0.535721
-0.518864
-0.501575
-0.484006
-0.466283
-0.44851
-0.430772
-0.413135
-0.395652
-0.378363
-0.361296
-0.344472
-0.327904
-0.311597
-0.295553
-0.279768
-0.264237
-0.248949
-0.233895
-0.219059
-0.204428
-0.189985
-0.175713
-0.161597
-0.147619
-0.133761
-0.120004
-0.10633
-0.0927171
-0.0791471
-0.0655999
-0.0520558
-0.038494
-0.0248929
-0.0112303
0.00251618
0.0163692
0.0303517
0.0444874
0.0588008
0.0733175
0.0880632
0.103064
0.118347
0.133939
0.149866
0.166157
0.182838
0.199936
0.217475
0.23548
0.253973
0.272973
0.292496
0.312552
0.333147
0.35428
0.375942
0.398114
0.420764
0.443845
0.467296
0.491034
0.514956
0.538935
0.562815
0.58641
0.609504
0.631844
0.653143
0.673082
0.691305
0.70743
0.721051
0.731748
0.739096
0.742682
0.74212
0.737053
0.727189
0.712527
0.693118
0.666205
0.62976
-0.570102
-0.60449
-0.629761
-0.64783
-0.661345
-0.670327
-0.674853
-0.675279
-0.672017
-0.665489
-0.656129
-0.64436
-0.630588
-0.615185
-0.59849
-0.580803
-0.562386
-0.543461
-0.52422
-0.504819
-0.485387
-0.466028
-0.446824
-0.427837
-0.409114
-0.390688
-0.372583
-0.354812
-0.33738
-0.320287
-0.303526
-0.287089
-0.270965
-0.255137
-0.239592
-0.224309
-0.20927
-0.194454
-0.179841
-0.165412
-0.151147
-0.137024
-0.123021
-0.109117
-0.0952903
-0.0815184
-0.0677798
-0.0540524
-0.0403133
-0.0265387
-0.0127048
0.00121269
0.0152383
0.0293973
0.0437158
0.0582208
0.0729398
0.0879011
0.103134
0.118667
0.134533
0.15076
0.167382
0.184427
0.201928
0.219916
0.23842
0.257469
0.277088
0.2973
0.318124
0.339574
0.361658
0.384377
0.407719
0.431663
0.456172
0.481192
0.506649
0.532446
0.558459
0.584533
0.61048
0.636073
0.661048
0.685094
0.707862
0.728956
0.747944
0.764358
0.777706
0.787484
0.793192
0.794354
0.790521
0.781322
0.766703
0.746679
0.718256
0.679264
-0.618711
-0.655814
-0.682702
-0.701436
-0.714926
-0.72324
-0.726523
-0.725224
-0.719858
-0.710945
-0.699009
-0.684558
-0.668063
-0.649955
-0.630619
-0.610387
-0.589544
-0.568332
-0.546949
-0.525558
-0.504286
-0.483234
-0.462478
-0.442074
-0.422059
-0.40246
-0.383292
-0.364557
-0.346254
-0.328373
-0.310901
-0.293821
-0.277116
-0.260766
-0.244747
-0.229036
-0.213609
-0.198442
-0.183511
-0.168793
-0.154264
-0.139899
-0.125674
-0.111564
-0.097546
-0.0835956
-0.0696889
-0.0558012
-0.0419075
-0.0279824
-0.0140003
6.49443e-05
0.0142402
0.028553
0.0430316
0.057705
0.0726027
0.0877558
0.103196
0.118957
0.135072
0.151576
0.168502
0.185888
0.203769
0.222181
0.241162
0.260745
0.280964
0.301849
0.323428
0.345725
0.368757
0.392536
0.417062
0.442325
0.4683
0.494945
0.522196
0.549965
0.578136
0.606559
0.635046
0.663366
0.691241
0.718343
0.74429
0.768648
0.790927
0.810593
0.827071
0.839761
0.848059
0.851375
0.849148
0.840898
0.826499
0.805913
0.775866
0.734031
-0.672394
-0.712593
-0.741254
-0.760611
-0.773888
-0.781223
-0.782853
-0.779356
-0.771374
-0.759554
-0.744531
-0.726908
-0.707238
-0.686015
-0.663671
-0.640573
-0.61703
-0.593296
-0.569577
-0.546035
-0.522794
-0.499947
-0.47756
-0.455679
-0.434331
-0.413532
-0.393284
-0.37358
-0.354407
-0.335746
-0.317576
-0.299871
-0.282607
-0.265756
-0.249288
-0.233175
-0.217387
-0.201896
-0.186675
-0.171695
-0.156929
-0.142349
-0.127928
-0.11364
-0.099457
-0.0853542
-0.0713046
-0.0572816
-0.0432585
-0.0292081
-0.015103
-0.000914806
0.0133855
0.0278275
0.0424412
0.0572575
0.0723084
0.0876275
0.10325
0.119212
0.13555
0.152302
0.169506
0.187204
0.205437
0.224247
0.243677
0.263768
0.284561
0.306096
0.32841
0.351537
0.375506
0.400341
0.426056
0.452654
0.480124
0.50844
0.537551
0.567384
0.597834
0.628759
0.659978
0.69126
0.722319
0.752811
0.782327
0.810388
0.83645
0.859902
0.880075
0.896258
0.907718
0.913725
0.913574
0.906643
0.892705
0.871642
0.839847
0.794812
-0.731946
-0.775701
-0.806309
-0.826208
-0.839004
-0.844942
-0.844389
-0.838091
-0.82686
-0.811497
-0.792773
-0.771405
-0.748038
-0.723235
-0.697476
-0.671165
-0.644628
-0.61813
-0.591878
-0.566027
-0.540694
-0.515958
-0.491872
-0.468467
-0.445757
-0.423742
-0.402411
-0.381744
-0.361715
-0.342293
-0.323449
-0.305146
-0.287352
-0.27003
-0.253145
-0.236662
-0.220547
-0.204766
-0.189286
-0.174076
-0.159104
-0.14434
-0.129754
-0.115317
-0.100999
-0.0867722
-0.0726076
-0.058477
-0.0443519
-0.0302035
-0.016002
-0.00171716
0.012682
0.0272265
0.0419481
0.05688
0.0720566
0.0875142
0.103291
0.119424
0.135955
0.152925
0.170376
0.188356
0.206909
0.226084
0.245931
0.266497
0.287833
0.309988
0.333008
0.356941
0.381826
0.407703
0.4346
0.462537
0.491521
0.521541
0.552569
0.584546
0.617387
0.650964
0.685107
0.719593
0.754135
0.788376
0.821885
0.854144
0.884548
0.912405
0.936943
0.957317
0.972642
0.982014
0.984539
0.979412
0.966263
0.944856
0.91118
0.862512
-0.798348
-0.846222
-0.878966
-0.899264
-0.9112
-0.915177
-0.911748
-0.901883
-0.886612
-0.86693
-0.843772
-0.81799
-0.790328
-0.761423
-0.731806
-0.701908
-0.672072
-0.642564
-0.613583
-0.585275
-0.557737
-0.531033
-0.505196
-0.480237
-0.456152
-0.432922
-0.410519
-0.388907
-0.368048
-0.347899
-0.328414
-0.309551
-0.291265
-0.273512
-0.25625
-0.239438
-0.223034
-0.207001
-0.191301
-0.175898
-0.160756
-0.145844
-0.131127
-0.116573
-0.102152
-0.0878321
-0.0735829
-0.0593747
-0.0451772
-0.0309595
-0.0166899
-0.00233641
0.0121332
0.0267515
0.0415524
0.056571
0.0718442
0.0874106
0.10331
0.119584
0.136275
0.15343
0.171095
0.18932
0.208157
0.227661
0.247886
0.268889
0.29073
0.313466
0.337157
0.361859
0.38763
0.414522
0.442581
0.471847
0.502347
0.534092
0.567076
0.601265
0.636595
0.672964
0.710219
0.748151
0.786483
0.824856
0.86282
0.899823
0.935204
0.968186
0.997878
1.02329
1.04334
1.05693
1.0629
1.06022
1.04831
1.02677
0.991067
0.938239
-0.872828
-0.925517
-0.960594
-0.981048
-0.991584
-0.992836
-0.98562
-0.971208
-0.950911
-0.925965
-0.897503
-0.866526
-0.83389
-0.800307
-0.766351
-0.732476
-0.699029
-0.666268
-0.634377
-0.603477
-0.573643
-0.544911
-0.517291
-0.490769
-0.465315
-0.440889
-0.417443
-0.394925
-0.373278
-0.352445
-0.332369
-0.312994
-0.294265
-0.276131
-0.25854
-0.241445
-0.224799
-0.208559
-0.192681
-0.177126
-0.161856
-0.146834
-0.132023
-0.11739
-0.1029
-0.0885205
-0.0742198
-0.0599661
-0.0457273
-0.0314706
-0.0171628
-0.00277079
0.0117391
0.0264012
0.0412512
0.0563262
0.0716649
0.0873079
0.103297
0.119677
0.136495
0.153798
0.171639
0.190071
0.209151
0.228941
0.249501
0.270897
0.293196
0.316467
0.34078
0.366207
0.392819
0.420686
0.449873
0.480442
0.512442
0.545912
0.580872
0.61732
0.655221
0.694502
0.735043
0.776659
0.819092
0.861994
0.904907
0.947258
0.98833
1.02726
1.06304
1.0945
1.12036
1.13922
1.14965
1.15027
1.14023
1.11886
1.081
1.02336
-0.95695
-1.01531
-1.05291
-1.07313
-1.08149
-1.07897
-1.06677
-1.04655
-1.02
-0.988645
-0.953846
-0.916777
-0.878406
-0.839514
-0.800712
-0.76246
-0.725096
-0.688855
-0.65389
-0.620289
-0.588094
-0.557305
-0.527897
-0.499826
-0.473035
-0.447456
-0.423019
-0.39965
-0.377274
-0.355818
-0.335211
-0.315385
-0.296274
-0.277816
-0.259954
-0.242632
-0.225797
-0.2094
-0.193393
-0.177734
-0.16238
-0.14729
-0.132427
-0.117753
-0.103231
-0.0888291
-0.0745121
-0.0602467
-0.0459993
-0.0317358
-0.0174217
-0.00302281
0.0114959
0.0261704
0.0410379
0.0561371
0.0715082
0.0871937
0.103238
0.119688
0.136594
0.154007
0.171982
0.190578
0.209857
0.229884
0.250729
0.272466
0.295169
0.318919
0.343798
0.369892
0.397287
0.426073
0.456336
0.48816
0.521624
0.556795
0.593727
0.632453
0.672978
0.715271
0.75925
0.804771
0.851609
0.899442
0.947826
0.996174
1.04373
1.08957
1.13253
1.17127
1.20424
1.22974
1.24594
1.25101
1.24371
1.223
1.18287
1.11961
-1.05273
-1.11784
-1.15811
-1.17746
-1.18252
-1.1748
-1.15602
-1.12839
-1.09405
-1.0549
-1.01255
-0.968366
-0.92342
-0.878548
-0.834377
-0.791354
-0.749785
-0.709865
-0.671699
-0.635327
-0.600742
-0.5679
-0.536735
-0.507164
-0.479095
-0.452432
-0.427078
-0.402934
-0.379908
-0.357907
-0.336846
-0.316642
-0.297221
-0.278509
-0.260442
-0.242955
-0.225991
-0.209493
-0.193412
-0.177699
-0.162309
-0.147199
-0.132327
-0.117653
-0.103141
-0.0887548
-0.0744584
-0.0602169
-0.0459954
-0.0317589
-0.017472
-0.00309924
0.0113956
0.0260498
0.0409017
0.0559912
0.0713599
0.0870521
0.103115
0.119597
0.13655
0.154031
0.172096
0.190808
0.210235
0.230447
0.251522
0.27354
0.296585
0.320748
0.346124
0.372812
0.400917
0.430548
0.461814
0.494825
0.529689
0.566509
0.605377
0.646369
0.689538
0.734903
0.782439
0.832055
0.883581
0.936741
0.991127
1.04617
1.10109
1.15489
1.20631
1.2538
1.29552
1.32939
1.35306
1.36416
1.36085
1.34153
1.29907
1.22918
-1.16282
-1.23602
-1.279
-1.29648
-1.29661
-1.2817
-1.25422
-1.21711
-1.17309
-1.12448
-1.07318
-1.02073
-0.968306
-0.916759
-0.866703
-0.818542
-0.772523
-0.728772
-0.687327
-0.648162
-0.611208
-0.576363
-0.543512
-0.512526
-0.483274
-0.455626
-0.429455
-0.404638
-0.381059
-0.358609
-0.337185
-0.316693
-0.297044
-0.278158
-0.25996
-0.242379
-0.225351
-0.208816
-0.192719
-0.177008
-0.161635
-0.146552
-0.131718
-0.11709
-0.10263
-0.0882995
-0.0740622
-0.0598818
-0.0457224
-0.0315482
-0.0173232
-0.00301067
0.0114265
0.0260264
0.040828
0.0558722
0.0712021
0.0868637
0.102906
0.119379
0.136338
0.15384
0.171946
0.190724
0.210244
0.230584
0.251825
0.274057
0.297372
0.321871
0.347662
0.374859
0.403585
0.433968
0.466141
0.500243
0.536415
0.574798
0.615528
0.65873
0.704517
0.752969
0.80413
0.857986
0.914442
0.973297
1.03421
1.09665
1.15987
1.22284
1.28419
1.34218
1.39467
1.43909
1.47251
1.49176
1.49423
1.47746
1.43272
1.35495
-1.29077
-1.37374
-1.41927
-1.43326
-1.42605
-1.40119
-1.3622
-1.31297
-1.25694
-1.19689
-1.13504
-1.07308
-1.01223
-0.953315
-0.896896
-0.843288
-0.792638
-0.744976
-0.700243
-0.658329
-0.619086
-0.582344
-0.547927
-0.515656
-0.485353
-0.456853
-0.429994
-0.404629
-0.380618
-0.357832
-0.336154
-0.315474
-0.295693
-0.276721
-0.258475
-0.240877
-0.223858
-0.207354
-0.191304
-0.175654
-0.160353
-0.145351
-0.130603
-0.116068
-0.101703
-0.0874705
-0.0733321
-0.0592513
-0.0451915
-0.0311163
-0.0169886
-0.00277139
0.0115731
0.0260831
0.0407984
0.0557607
0.0710143
0.0866064
0.102587
0.119009
0.135927
0.153402
0.171499
0.190286
0.20984
0.230243
0.251581
0.273951
0.297455
0.322203
0.348315
0.375921
0.405159
0.436179
0.469139
0.504208
0.541562
0.581382
0.623854
0.669162
0.717482
0.768972
0.823762
0.881934
0.943495
1.00835
1.07627
1.14683
1.21932
1.29276
1.36571
1.43628
1.50198
1.55976
1.60591
1.63627
1.6471
1.63467
1.58798
1.50073
-1.44149
-1.53633
-1.58379
-1.59165
-1.57357
-1.5349
-1.48065
-1.41595
-1.34505
-1.27127
-1.1971
-1.12431
-1.05408
-0.987171
-0.923994
-0.864724
-0.809363
-0.757804
-0.709868
-0.665332
-0.623954
-0.585486
-0.54968
-0.5163
-0.485122
-0.455937
-0.428552
-0.40279
-0.378488
-0.3555
-0.333689
-0.312936
-0.29313
-0.27417
-0.255967
-0.238437
-0.221505
-0.205103
-0.189167
-0.173641
-0.158469
-0.143602
-0.128992
-0.114596
-0.100372
-0.0862805
-0.0722823
-0.0583407
-0.0444188
-0.0304795
-0.0164856
-0.0023996
0.011816
0.0261997
0.0407917
0.0556344
0.0707729
0.0862551
0.102132
0.118456
0.135286
0.152684
0.170715
0.189453
0.208976
0.229371
0.250731
0.273157
0.296758
0.321656
0.347982
0.375878
0.405502
0.437022
0.470623
0.506502
0.544873
0.585962
0.630005
0.677251
0.727951
0.782352
0.840686
0.903154
0.9699
1.04098
1.11631
1.19562
1.27836
1.36364
1.45004
1.53558
1.61749
1.69216
1.75499
1.80054
1.82351
1.81827
1.77043
1.67174
-1.62192
-1.73117
-1.77902
-1.77651
-1.74228
-1.6844
-1.60994
-1.52553
-1.43637
-1.34627
-1.25787
-1.17292
-1.09246
-1.01704
-0.946853
-0.881851
-0.821838
-0.766527
-0.715583
-0.668653
-0.625384
-0.585433
-0.548479
-0.514222
-0.482387
-0.452723
-0.425003
-0.399021
-0.374593
-0.351551
-0.329748
-0.309048
-0.289332
-0.270491
-0.252428
-0.235055
-0.218293
-0.202069
-0.186318
-0.170979
-0.155997
-0.14132
-0.126901
-0.112694
-0.0986562
-0.0847484
-0.0709322
-0.0571699
-0.0434244
-0.0296585
-0.015835
-0.00191714
0.0121327
0.026353
0.0407841
0.0554687
0.0704522
0.0857826
0.101511
0.117691
0.134383
0.151648
0.169555
0.188181
0.207605
0.227917
0.249215
0.271605
0.295204
0.320142
0.34656
0.374614
0.404477
0.436336
0.470402
0.506902
0.546084
0.588222
0.633607
0.682555
0.735399
0.792487
0.85417
0.92079
0.992661
1.07003
1.15303
1.24162
1.33551
1.43399
1.53583
1.63905
1.74072
1.8367
1.92141
1.98783
2.02852
2.03503
1.98782
1.87531
-1.8423
-1.96878
-2.0137
-1.99384
-1.93556
-1.85097
-1.7498
-1.64046
-1.52909
-1.41983
-1.31529
-1.21697
-1.1256
-1.04138
-0.964141
-0.893544
-0.829123
-0.770367
-0.716752
-0.667774
-0.622953
-0.581847
-0.544053
-0.509207
-0.47698
-0.44708
-0.419247
-0.393248
-0.368876
-0.345949
-0.324304
-0.303795
-0.284294
-0.265686
-0.247867
-0.230746
-0.214239
-0.198272
-0.182777
-0.167692
-0.15296
-0.13853
-0.124353
-0.110383
-0.0965785
-0.0828989
-0.0693062
-0.055763
-0.0422323
-0.0286774
-0.0150617
-0.00134886
0.0124981
0.0265176
0.0407499
0.0552373
0.0700248
0.0851601
0.100694
0.116682
0.133182
0.150259
0.167982
0.186427
0.205678
0.225827
0.246973
0.26923
0.292719
0.317576
0.343951
0.372014
0.401948
0.433963
0.468289
0.505183
0.544929
0.587844
0.634277
0.684612
0.73927
0.798707
0.863407
0.933878
1.01063
1.09415
1.18487
1.28306
1.38879
1.50173
1.62099
1.74485
1.87039
1.99314
2.10653
2.20168
2.26838
2.294
2.25112
2.12219
-2.11834
-2.26448
-2.29956
-2.25087
-2.15676
-2.03504
-1.89878
-1.75825
-1.62028
-1.48898
-1.36656
-1.25398
-1.15136
-1.05837
-0.974357
-0.898575
-0.830224
-0.768525
-0.712739
-0.662191
-0.616267
-0.574421
-0.536166
-0.501073
-0.468765
-0.43891
-0.411214
-0.385423
-0.361311
-0.338679
-0.317355
-0.297184
-0.27803
-0.259773
-0.242306
-0.225533
-0.20937
-0.193739
-0.178573
-0.163808
-0.149389
-0.135262
-0.121379
-0.107696
-0.0941696
-0.0807613
-0.0674332
-0.0541483
-0.0408705
-0.0275638
-0.0141928
-0.000721921
0.0128854
0.0266669
0.0406621
0.0549126
0.0694622
0.0843583
0.0996515
0.115396
0.131652
0.148482
0.165956
0.184151
0.203152
0.223051
0.243952
0.26597
0.28923
0.313875
0.340062
0.367968
0.39779
0.429753
0.464106
0.501132
0.541149
0.584515
0.631633
0.682956
0.738993
0.80031
0.867538
0.941363
1.02253
1.1118
1.20996
1.31773
1.43565
1.56401
1.7025
1.84999
2.00398
2.16002
2.31082
2.44554
2.55055
2.60734
2.57621
2.4288
-2.47545
-2.64107
-2.6523
-2.55584
-2.40837
-2.23538
-2.05355
-1.87465
-1.70554
-1.5496
-1.40806
-1.28086
-1.1672
-1.06596
-0.975865
-0.895653
-0.824134
-0.760222
-0.702945
-0.651448
-0.604983
-0.562898
-0.52463
-0.489689
-0.457653
-0.428153
-0.400872
-0.375533
-0.351897
-0.329755
-0.308923
-0.289243
-0.270573
-0.252789
-0.235783
-0.219457
-0.203725
-0.188511
-0.173747
-0.159369
-0.145322
-0.131554
-0.118017
-0.104667
-0.0914641
-0.0783693
-0.0653456
-0.0523574
-0.0393696
-0.0263479
-0.0132579
-6.4977e-05
0.0132665
0.0267732
0.0404931
0.0544665
0.0687365
0.083349
0.0983539
0.113805
0.12976
0.146284
0.163443
0.181315
0.199985
0.219546
0.240103
0.26177
0.284678
0.308971
0.334811
0.362381
0.39189
0.423571
0.457691
0.494555
0.534507
0.577943
0.625315
0.677138
0.734006
0.796596
0.865681
0.942139
1.02696
1.12123
1.22616
1.34298
1.47293
1.61708
1.77611
1.94994
2.13711
2.33391
2.533
2.72201
2.88353
2.99118
2.98663
2.82156
-2.95719
-3.13302
-3.09216
-2.91684
-2.69043
-2.44748
-2.20763
-1.9828
-1.77849
-1.59619
-1.43524
-1.29396
-1.17025
-1.06193
-0.966965
-0.883493
-0.809887
-0.74474
-0.686842
-0.635163
-0.588828
-0.547092
-0.509322
-0.474979
-0.443601
-0.414796
-0.388226
-0.3636
-0.340669
-0.319216
-0.299054
-0.280021
-0.261973
-0.244785
-0.22835
-0.212568
-0.197357
-0.182639
-0.168347
-0.15442
-0.140804
-0.127448
-0.114307
-0.101338
-0.088501
-0.0757598
-0.0630789
-0.0504242
-0.0377626
-0.0250614
-0.0122872
0.000592986
0.0136132
0.0268086
0.0402155
0.0538725
0.0678208
0.0821053
0.0967746
0.111881
0.127481
0.143635
0.160413
0.177888
0.196145
0.215276
0.235384
0.256586
0.279011
0.302804
0.32813
0.355176
0.384154
0.415306
0.448911
0.485286
0.524799
0.567874
0.615001
0.666752
0.723792
0.786899
0.856981
0.9351
1.0225
1.1206
1.23108
1.35578
1.49677
1.6562
1.83612
2.03812
2.2627
2.5081
2.76841
3.03107
3.2756
3.46631
3.51785
3.34563
-3.64245
-3.79264
-3.64288
-3.33834
-2.99687
-2.66075
-2.3495
-2.0721
-1.83018
-1.62154
-1.44251
-1.28905
-1.15734
-1.04395
-0.945957
-0.860864
-0.786603
-0.721456
-0.663996
-0.613041
-0.56761
-0.526884
-0.490179
-0.456918
-0.426618
-0.398867
-0.373319
-0.349675
-0.327683
-0.307125
-0.287812
-0.269582
-0.252295
-0.235826
-0.220069
-0.204928
-0.190322
-0.176176
-0.162426
-0.149013
-0.135885
-0.122993
-0.110295
-0.0977496
-0.0853199
-0.0729708
-0.0606693
-0.0483837
-0.0360828
-0.0237356
-0.011311
0.00122266
0.0138974
0.0267461
0.0398027
0.053104
0.0666897
0.0806025
0.0948889
0.109599
0.124787
0.140512
0.156839
0.173842
0.191601
0.210207
0.229763
0.25038
0.272187
0.295328
0.319967
0.346289
0.374508
0.404869
0.437654
0.47319
0.511855
0.554092
0.600419
0.651444
0.70789
0.770613
0.840636
0.919183
1.00772
1.10802
1.2222
1.35277
1.50274
1.67554
1.87504
2.10524
2.36977
2.67067
3.00605
3.36639
3.73125
4.05694
4.22342
4.08242
-4.67458
-4.69561
-4.32704
-3.81503
-3.31046
-2.85512
-2.46078
-2.12747
-1.84897
-1.61702
-1.4236
-1.26167
-1.12534
-1.00986
-0.911353
-0.826761
-0.753615
-0.689941
-0.634145
-0.584937
-0.541266
-0.502267
-0.467229
-0.435562
-0.406772
-0.380447
-0.356237
-0.333849
-0.313032
-0.293571
-0.275284
-0.258012
-0.24162
-0.225988
-0.211014
-0.196607
-0.182688
-0.169187
-0.156044
-0.143204
-0.130616
-0.118238
-0.106027
-0.0939468
-0.0819623
-0.0700416
-0.0581541
-0.0462707
-0.034363
-0.0224019
-0.0103583
0.00179691
0.0140931
0.0265604
0.0392311
0.0521391
0.0653218
0.0788199
0.092677
0.10694
0.12166
0.136894
0.152703
0.169158
0.186335
0.204323
0.223219
0.243131
0.264185
0.286518
0.310291
0.335685
0.362911
0.392209
0.42386
0.458187
0.495573
0.536463
0.581385
0.630969
0.685965
0.74728
0.816013
0.893507
0.981409
1.08176
1.19709
1.33054
1.48606
1.66851
1.88385
2.13923
2.44275
2.80268
3.22524
3.71014
4.24488
4.7859
5.18018
5.17873
-6.31217
-5.94145
-5.15699
-4.32682
-3.60089
-3.00119
-2.51769
-2.13144
-1.82273
-1.57455
-1.37334
-1.20862
-1.0724
-0.958626
-0.862698
-0.781078
-0.711034
-0.650436
-0.597604
-0.551202
-0.510158
-0.473602
-0.440827
-0.411249
-0.384386
-0.359837
-0.337264
-0.316384
-0.296957
-0.27878
-0.261679
-0.245504
-0.230127
-0.215437
-0.201337
-0.187743
-0.174582
-0.16179
-0.14931
-0.137092
-0.125091
-0.113266
-0.10158
-0.0899987
-0.0784913
-0.0670288
-0.0555841
-0.044131
-0.0326433
-0.0210948
-0.00945905
0.0022902
0.0141795
0.0262362
0.0384896
0.0509715
0.0637163
0.0767615
0.0901477
0.103918
0.118121
0.132807
0.148037
0.163874
0.180392
0.197674
0.215812
0.234908
0.25508
0.27646
0.2992
0.323474
0.349482
0.377457
0.407668
0.44043
0.476111
0.51515
0.558065
0.60548
0.658146
0.71698
0.783106
0.85792
0.943168
1.04106
1.15441
1.28687
1.44316
1.62948
1.854
2.1274
2.4635
2.87957
3.39564
4.03105
4.79563
5.66525
6.48822
6.89665
-9.13209
-7.65335
-6.08479
-4.80062
-3.80192
-3.04768
-2.48466
-2.06104
-1.73733
-1.48578
-1.28701
-1.1274
-0.997327
-0.889886
-0.800061
-0.724133
-0.659307
-0.603444
-0.554889
-0.512343
-0.474772
-0.441347
-0.411397
-0.384373
-0.359823
-0.337372
-0.316705
-0.297561
-0.279718
-0.262989
-0.247214
-0.232257
-0.217999
-0.20434
-0.191191
-0.178478
-0.166135
-0.154102
-0.142331
-0.130776
-0.119397
-0.108159
-0.0970271
-0.0859724
-0.0749676
-0.0639875
-0.0530086
-0.0420076
-0.0309616
-0.0198471
-0.00864091
0.00267984
0.0141386
0.02576
0.0375702
0.049598
0.0618748
0.0744343
0.0873132
0.100551
0.114191
0.128281
0.142875
0.158034
0.173823
0.19032
0.20761
0.225787
0.24496
0.265253
0.286806
0.30978
0.334363
0.360771
0.389256
0.420112
0.453685
0.490389
0.530712
0.575247
0.624709
0.67998
0.742148
0.812579
0.893004
0.985649
1.09342
1.22015
1.37103
1.55316
1.7764
2.0547
2.40789
2.86427
3.46412
4.26057
5.30797
6.64567
8.27254
9.81896
-14.6378
-9.90256
-6.76493
-4.91735
-3.68781
-2.84622
-2.26655
-1.85507
-1.55246
-1.32314
-1.14489
-1.00328
-0.888652
-0.794389
-0.715796
-0.649474
-0.592898
-0.54416
-0.501792
-0.464645
-0.431811
-0.402561
-0.376309
-0.352572
-0.330955
-0.311131
-0.292826
-0.275811
-0.259893
-0.244909
-0.23072
-0.217208
-0.204271
-0.191822
-0.179785
-0.168095
-0.156697
-0.14554
-0.134582
-0.123786
-0.113117
-0.102545
-0.0920424
-0.0815844
-0.0711486
-0.0607144
-0.0502622
-0.0397723
-0.0292256
-0.0186026
-0.00788377
0.00295009
0.0139187
0.0250431
0.0363461
0.0478527
0.05959
0.0715878
0.0838777
0.0964946
0.109477
0.122866
0.136711
0.151064
0.165986
0.181544
0.197814
0.214881
0.232841
0.251804
0.271895
0.293259
0.316061
0.340495
0.366782
0.395186
0.426014
0.45963
0.496469
0.537056
0.582026
0.632159
0.688423
0.752036
0.824547
0.907961
1.00492
1.11897
1.25497
1.41981
1.62341
1.88062
2.21424
2.66065
3.28038
4.16963
5.45871
7.37971
10.6074
15.4538
-23.9208
-12.1057
-6.48877
-4.20371
-2.99232
-2.25742
-1.79046
-1.47374
-1.24478
-1.07159
-0.936308
-0.828021
-0.739666
-0.666444
-0.604962
-0.552743
-0.507934
-0.469118
-0.435196
-0.405299
-0.378735
-0.354945
-0.333474
-0.313949
-0.296059
-0.279548
-0.264199
-0.249832
-0.236294
-0.223457
-0.21121
-0.199459
-0.188125
-0.177137
-0.166438
-0.155976
-0.145708
-0.135595
-0.125604
-0.115708
-0.105879
-0.0960948
-0.0863347
-0.0765802
-0.0668147
-0.0570229
-0.0471901
-0.0373017
-0.0273428
-0.0172989
-0.00715507
0.00310335
0.0134919
0.0240271
0.0347273
0.0456128
0.0567058
0.0680303
0.0796126
0.0914813
0.103668
0.116208
0.129142
0.142514
0.156376
0.170782
0.185797
0.201493
0.217949
0.235257
0.253523
0.272866
0.293424
0.315355
0.338844
0.364104
0.391385
0.420982
0.453246
0.488594
0.527528
0.570663
0.618751
0.672733
0.733795
0.803455
0.883696
0.977157
1.08744
1.21961
1.3811
1.58328
1.84463
2.19792
2.7066
3.49158
4.77103
7.15215
12.8868
24.8252
)
;

boundaryField
{
    movingWall
    {
        type            zeroGradient;
    }
    fixedWalls
    {
        type            zeroGradient;
    }
    frontAndBack
    {
        type            empty;
    }
}


// ************************************************************************* //
