/*--------------------------------*- C++ -*----------------------------------*\
| =========                 |                                                 |
| \\      /  F ield         | OpenFOAM: The Open Source CFD Toolbox           |
|  \\    /   O peration     | Version:  2212                                  |
|   \\  /    A nd           | Website:  www.openfoam.com                      |
|    \\/     M anipulation  |                                                 |
\*---------------------------------------------------------------------------*/
FoamFile
{
    version     2.0;
    format      ascii;
    arch        "LSB;label=32;scalar=64";
    class       volScalarField;
    location    "0.004";
    object      p;
}
// * * * * * * * * * * * * * * * * * * * * * * * * * * * * * * * * * * * * * //

dimensions      [0 2 -2 0 0 0 0];

internalField   nonuniform List<scalar> 
10000
(
-3.0911e-08
-0.00348769
-0.00866639
-0.0135771
-0.0175642
-0.0209625
-0.0238867
-0.0263937
-0.0285282
-0.0303207
-0.0317884
-0.0329435
-0.0338048
-0.034395
-0.0347336
-0.0348338
-0.0347044
-0.0343528
-0.0337874
-0.0330181
-0.0320557
-0.0309087
-0.0295817
-0.0280763
-0.0263941
-0.0245403
-0.0225234
-0.0203535
-0.0180399
-0.0155895
-0.0130076
-0.0102994
-0.00747141
-0.00453133
-0.00148761
0.00165214
0.00488141
0.00819387
0.0115828
0.0150415
0.0185638
0.0221446
0.0257796
0.0294649
0.0331951
0.0369637
0.0407631
0.0445866
0.0484287
0.0522838
0.0561454
0.0600065
0.0638605
0.0677022
0.0715274
0.0753314
0.0791085
0.0828523
0.086557
0.0902181
0.0938318
0.0973941
0.1009
0.104342
0.107714
0.111009
0.114223
0.11735
0.120386
0.123325
0.12616
0.128885
0.131494
0.133979
0.136335
0.138557
0.140641
0.142583
0.144381
0.14603
0.147528
0.14887
0.150053
0.151071
0.15192
0.152597
0.153098
0.153422
0.15357
0.153546
0.153355
0.153007
0.152514
0.151897
0.151187
0.150429
0.149683
0.149029
0.14858
0.148431
-0.00313933
-0.00633682
-0.0103936
-0.0142707
-0.0176722
-0.0206669
-0.0232979
-0.0255844
-0.0275451
-0.0292008
-0.0305659
-0.0316502
-0.0324641
-0.0330212
-0.0333366
-0.0334231
-0.0332901
-0.0329448
-0.0323938
-0.0316433
-0.0307013
-0.0295756
-0.0282725
-0.0267964
-0.0251499
-0.0233357
-0.0213591
-0.0192287
-0.0169541
-0.0145437
-0.0120045
-0.00934182
-0.00656079
-0.00366829
-0.000672238
0.00242008
0.00560181
0.0088656
0.0122039
0.0156103
0.0190798
0.0226082
0.026191
0.0298236
0.0335
0.0372133
0.0409565
0.0447236
0.0485093
0.0523081
0.0561134
0.0599181
0.063716
0.0675021
0.0712721
0.0750211
0.0787431
0.0824314
0.0860803
0.0896857
0.0932443
0.0967522
0.100204
0.103592
0.106911
0.110155
0.113318
0.116395
0.119382
0.122274
0.125063
0.127744
0.13031
0.132755
0.135072
0.137258
0.139309
0.141222
0.142993
0.144619
0.146097
0.147423
0.148594
0.149607
0.150458
0.151145
0.151667
0.152025
0.15222
0.152259
0.15215
0.151901
0.151526
0.151045
0.150488
0.149894
0.149313
0.148805
0.148443
0.148293
-0.00738829
-0.00962863
-0.0124288
-0.0153686
-0.0181677
-0.0207518
-0.0230929
-0.0251689
-0.0269677
-0.0284936
-0.029757
-0.0307667
-0.0315284
-0.0320491
-0.0323381
-0.0324057
-0.0322612
-0.0319124
-0.0313655
-0.0306256
-0.0296973
-0.0285864
-0.0272991
-0.0258415
-0.0242179
-0.0224306
-0.0204832
-0.0183823
-0.0161371
-0.0137565
-0.0112481
-0.00861792
-0.0058717
-0.00301552
-5.601e-05
0.00300029
0.00614629
0.00937363
0.0126741
0.0160413
0.0194713
0.0229604
0.0265044
0.0300977
0.0337339
0.0374061
0.0411078
0.0448332
0.0485773
0.0523341
0.056097
0.0598592
0.0636146
0.0673584
0.0710863
0.0747928
0.0784713
0.0821154
0.0857196
0.0892803
0.0927946
0.0962584
0.0996663
0.103011
0.106287
0.109488
0.112609
0.115646
0.118594
0.121447
0.1242
0.126845
0.129377
0.13179
0.134078
0.136237
0.138264
0.140156
0.141909
0.143519
0.144984
0.1463
0.147466
0.148479
0.149336
0.150037
0.150581
0.15097
0.151206
0.151297
0.151248
0.151072
0.150779
0.150388
0.149926
0.149425
0.148926
0.148474
0.148109
0.147866
-0.0109659
-0.0124588
-0.0144319
-0.016669
-0.0189541
-0.0211609
-0.0232203
-0.0250862
-0.0267263
-0.0281261
-0.0292871
-0.0302151
-0.0309152
-0.0313916
-0.0316488
-0.031693
-0.0315312
-0.0311703
-0.0306172
-0.0298779
-0.0289559
-0.0278548
-0.0265789
-0.0251331
-0.0235221
-0.0217502
-0.019822
-0.0177435
-0.0155219
-0.0131647
-0.0106795
-0.0080731
-0.00535183
-0.00252188
0.000410585
0.00343958
0.00655814
0.00975764
0.0130296
0.0163681
0.0197695
0.0232303
0.0267455
0.0303093
0.0339149
0.037556
0.0412263
0.0449202
0.0486324
0.0523569
0.0560872
0.0598167
0.0635396
0.067251
0.070946
0.0746187
0.0782623
0.0818705
0.0854383
0.0889623
0.09244
0.0958675
0.0992388
0.102547
0.105787
0.108952
0.112039
0.115042
0.117957
0.120778
0.1235
0.126117
0.128621
0.131009
0.133275
0.135414
0.137424
0.139302
0.141044
0.142645
0.144103
0.145415
0.146581
0.147599
0.148466
0.149183
0.14975
0.150168
0.150441
0.150573
0.150572
0.150446
0.150207
0.14987
0.149458
0.148999
0.148524
0.148066
0.147635
0.14724
-0.0134341
-0.0146776
-0.0162142
-0.0179897
-0.0198857
-0.0217754
-0.0235744
-0.025231
-0.0267073
-0.0279789
-0.0290362
-0.0298788
-0.0305101
-0.0309329
-0.03115
-0.0311648
-0.0309815
-0.0306049
-0.0300406
-0.0292942
-0.0283707
-0.0272735
-0.0260051
-0.024568
-0.0229661
-0.0212042
-0.0192885
-0.0172258
-0.0150224
-0.0126845
-0.0102189
-0.00763238
-0.00493121
-0.00212153
0.000790374
0.00379808
0.00689422
0.0100704
0.0133188
0.0166344
0.0200135
0.0234518
0.0269437
0.030483
0.0340633
0.0376786
0.0413229
0.0449906
0.0486759
0.0523733
0.0560763
0.0597785
0.0634742
0.0671583
0.0708253
0.0744691
0.0780826
0.0816598
0.0851962
0.0886887
0.0921348
0.0955304
0.0988697
0.102146
0.105354
0.108488
0.111543
0.114517
0.117403
0.120197
0.122892
0.125484
0.127966
0.130333
0.13258
0.134705
0.136703
0.138571
0.140304
0.1419
0.143354
0.144666
0.145835
0.14686
0.147739
0.148473
0.149062
0.149507
0.149811
0.149978
0.150013
0.149925
0.149722
0.149418
0.149032
0.148586
0.148104
0.14761
0.147086
0.146514
-0.0152943
-0.0164711
-0.0177896
-0.0192752
-0.0208897
-0.02253
-0.0241095
-0.0255752
-0.0268917
-0.0280343
-0.0289878
-0.0297458
-0.030307
-0.0306718
-0.0308421
-0.0308205
-0.0306098
-0.0302133
-0.0296346
-0.0288777
-0.0279468
-0.0268461
-0.0255779
-0.0241441
-0.0225474
-0.0207923
-0.0188849
-0.0168323
-0.0146406
-0.0123159
-0.00986487
-0.00729388
-0.00460838
-0.001814
0.00108268
0.0040744
0.00715321
0.010311
0.0135411
0.0168389
0.0202006
0.0236213
0.0270948
0.0306146
0.0341748
0.0377696
0.0413931
0.0450395
0.0487033
0.0523787
0.0560598
0.0597402
0.063414
0.067076
0.0707205
0.0743407
0.0779298
0.081482
0.0849933
0.0884609
0.0918819
0.095252
0.0985654
0.101816
0.104997
0.108104
0.111135
0.114083
0.116946
0.119717
0.122392
0.124964
0.127427
0.129778
0.132012
0.134125
0.136115
0.137976
0.139704
0.141296
0.14275
0.144064
0.145238
0.146271
0.147163
0.147912
0.14852
0.148986
0.149314
0.149506
0.149567
0.149502
0.149321
0.149032
0.148653
0.148199
0.147689
0.14714
0.146511
0.145762
-0.0167782
-0.0179767
-0.0192026
-0.0205146
-0.0219295
-0.0233761
-0.0247778
-0.026082
-0.0272552
-0.028276
-0.0291286
-0.0298031
-0.0302949
-0.0306021
-0.030724
-0.030662
-0.0304184
-0.0299964
-0.0293986
-0.0286275
-0.0276859
-0.0265766
-0.0253019
-0.0238642
-0.0222667
-0.0205138
-0.0186106
-0.0165634
-0.0143781
-0.0120611
-0.0096192
-0.0070582
-0.00438296
-0.00159899
0.00128674
0.0042666
0.00733267
0.0104772
0.0136941
0.0169789
0.0203279
0.0237354
0.0271951
0.0307003
0.0342456
0.0378252
0.0414332
0.0450638
0.0487114
0.0523704
0.056035
0.0596991
0.0633568
0.0670025
0.0706302
0.0742329
0.0778041
0.0813383
0.084832
0.0882823
0.0916857
0.0950377
0.098332
0.101562
0.104724
0.107812
0.110822
0.113752
0.116598
0.119353
0.122013
0.124571
0.127021
0.129361
0.131585
0.133691
0.135674
0.137531
0.139257
0.140848
0.142302
0.14362
0.1448
0.145841
0.146742
0.147502
0.148124
0.148605
0.148948
0.149155
0.14923
0.149177
0.149003
0.148716
0.148328
0.147851
0.147299
0.146686
0.14595
0.145036
-0.0180361
-0.0192934
-0.0204946
-0.0217103
-0.0229898
-0.0242878
-0.0255451
-0.0267159
-0.0277683
-0.028681
-0.0294399
-0.0300347
-0.0304586
-0.0307085
-0.0307825
-0.0306796
-0.030401
-0.0299493
-0.0293274
-0.0285373
-0.0275805
-0.0264583
-0.0251725
-0.0237257
-0.0221218
-0.0203652
-0.0184606
-0.0164137
-0.0142304
-0.0119168
-0.00947911
-0.0069227
-0.00425233
-0.0014739
0.00140514
0.00437707
0.00743449
0.0105703
0.0137786
0.0170551
0.0203957
0.0237945
0.0272448
0.0307403
0.0342757
0.0378453
0.0414432
0.0450633
0.0486999
0.0523477
0.0560012
0.0596546
0.0633018
0.0669368
0.0705534
0.0741449
0.0777048
0.0812284
0.0847121
0.0881528
0.0915463
0.0948874
0.0981698
0.101387
0.104535
0.10761
0.110608
0.113527
0.116362
0.119108
0.121759
0.124308
0.126751
0.129083
0.131301
0.133402
0.135382
0.137237
0.138962
0.140554
0.14201
0.143331
0.144515
0.145562
0.146468
0.147235
0.147863
0.148353
0.148703
0.148916
0.148995
0.148944
0.148766
0.14847
0.148063
0.147553
0.146953
0.146273
0.145438
0.144378
-0.0191747
-0.0204984
-0.0217044
-0.0228715
-0.0240649
-0.0252538
-0.0263964
-0.0274575
-0.0284086
-0.0292292
-0.0299054
-0.030427
-0.0307869
-0.030981
-0.0310068
-0.0308626
-0.0305486
-0.0300661
-0.0294173
-0.0286036
-0.0276263
-0.0264865
-0.0251855
-0.0237257
-0.022111
-0.0203454
-0.0184339
-0.0163823
-0.0141961
-0.0118811
-0.00944285
-0.00688608
-0.00421568
-0.00143812
0.00143867
0.0044071
0.00746033
0.0105919
0.0137964
0.0170692
0.0204058
0.0238003
0.027246
0.0307366
0.0342672
0.037832
0.0414248
0.0450394
0.0486701
0.0523119
0.0559597
0.0596078
0.0632499
0.0668797
0.0704908
0.0740768
0.0776322
0.0811522
0.0846333
0.0880714
0.091462
0.0947991
0.0980764
0.101288
0.10443
0.107498
0.110491
0.113406
0.116237
0.11898
0.121628
0.124173
0.126612
0.128942
0.131158
0.133257
0.135236
0.137091
0.138816
0.14041
0.141868
0.143191
0.144377
0.145425
0.146333
0.147101
0.147731
0.148221
0.148572
0.148784
0.148859
0.148801
0.148613
0.1483
0.147868
0.147322
0.146673
0.145931
0.145006
0.143823
-0.0202645
-0.0216536
-0.0228753
-0.0240176
-0.0251581
-0.0262713
-0.0273268
-0.0282995
-0.0291661
-0.0299082
-0.0305125
-0.0309693
-0.0312711
-0.0314127
-0.0313912
-0.0312056
-0.0308557
-0.0303418
-0.0296644
-0.0288245
-0.0278231
-0.0266615
-0.0253412
-0.0238645
-0.0222347
-0.0204559
-0.0185331
-0.016472
-0.0142781
-0.0119565
-0.00951216
-0.00694986
-0.00427463
-0.00149334
0.00138589
0.00435571
0.00740992
0.0105426
0.0137481
0.0170221
0.0203596
0.0237546
0.0272004
0.0306915
0.0342224
0.0377876
0.0413804
0.0449944
0.0486243
0.0522654
0.055913
0.0595612
0.0632035
0.0668334
0.0704446
0.0740313
0.0775885
0.0811116
0.0845965
0.0880386
0.0914324
0.094772
0.0980509
0.101263
0.104406
0.107476
0.110471
0.113388
0.116223
0.118968
0.121617
0.124165
0.126605
0.128935
0.131153
0.133254
0.135235
0.137091
0.138819
0.140413
0.141873
0.143196
0.144381
0.145426
0.146332
0.147098
0.147724
0.14821
0.148555
0.14876
0.148826
0.148756
0.148553
0.14822
0.147761
0.147179
0.146485
0.145687
0.144687
0.143399
-0.0213489
-0.0228023
-0.0240463
-0.0251765
-0.0262833
-0.0273452
-0.0283369
-0.0292406
-0.0300384
-0.0307141
-0.031256
-0.0316555
-0.0319049
-0.0319982
-0.0319324
-0.0317068
-0.031321
-0.0307745
-0.0300671
-0.0291992
-0.0281716
-0.0269857
-0.0256428
-0.0241453
-0.0224964
-0.0207005
-0.0187623
-0.0166875
-0.0144811
-0.0121476
-0.00969167
-0.00711847
-0.00443343
-0.00164364
0.00124301
0.00421965
0.00728054
0.0104199
0.0136321
0.0169124
0.0202559
0.0236566
0.0271082
0.0306052
0.0341421
0.037713
0.0413109
0.0449297
0.0485643
0.0522106
0.0558639
0.0595181
0.0631664
0.0668021
0.0704193
0.0740129
0.0775781
0.0811104
0.0846051
0.0880569
0.09146
0.0948081
0.098095
0.101315
0.104466
0.107544
0.110548
0.113475
0.116318
0.119071
0.121727
0.12428
0.126726
0.129062
0.131285
0.133392
0.135377
0.137237
0.138967
0.140563
0.142022
0.143343
0.144525
0.145566
0.146467
0.147227
0.147848
0.148326
0.148663
0.148857
0.148911
0.148826
0.148606
0.148252
0.147766
0.147152
0.146418
0.145571
0.144507
0.143134
-0.0224574
-0.0239744
-0.0252472
-0.0263749
-0.02746
-0.0284865
-0.0294321
-0.030283
-0.0310259
-0.0316472
-0.0321361
-0.0324846
-0.032686
-0.0327352
-0.032629
-0.0323659
-0.0319448
-0.0313649
-0.0306262
-0.029729
-0.0286738
-0.0274615
-0.0260934
-0.0245718
-0.0229006
-0.0210838
-0.0191265
-0.0170337
-0.01481
-0.0124594
-0.00998681
-0.00739778
-0.00469807
-0.00189474
0.00100469
0.00399388
0.00706737
0.0102193
0.0134438
0.0167359
0.020091
0.0235034
0.0269669
0.0304757
0.0340243
0.0376065
0.0412154
0.0448449
0.0484907
0.0521489
0.0558145
0.0594812
0.0631417
0.0667894
0.070419
0.0740259
0.0776054
0.0811527
0.0846627
0.0881297
0.0915476
0.0949102
0.0982114
0.101446
0.104611
0.107705
0.110724
0.113665
0.116521
0.119286
0.121953
0.124516
0.126973
0.129319
0.131551
0.133666
0.135658
0.137524
0.139257
0.140854
0.142313
0.143632
0.144809
0.145846
0.146741
0.147496
0.148109
0.148579
0.148905
0.149088
0.149129
0.14903
0.148793
0.148419
0.14791
0.147267
0.146497
0.145609
0.144492
0.143047
-0.0236182
-0.0251946
-0.0264993
-0.0276333
-0.0287071
-0.0297096
-0.0306219
-0.0314328
-0.0321321
-0.0327092
-0.0331536
-0.0334576
-0.033616
-0.0336251
-0.0334815
-0.0331826
-0.032727
-0.0321139
-0.0313434
-0.0304158
-0.0293312
-0.0280901
-0.0266942
-0.0251459
-0.0234494
-0.0216088
-0.0196285
-0.0175134
-0.0152676
-0.0128953
-0.0104016
-0.0077924
-0.00507343
-0.00225146
0.000666268
0.00367375
0.0067656
0.00993574
0.0131782
0.016488
0.0198608
0.0232911
0.0267726
0.0302994
0.0338657
0.0374653
0.0410913
0.0447383
0.0484023
0.0520795
0.0557646
0.0594505
0.0631298
0.0667963
0.0704449
0.0740715
0.0776713
0.0812392
0.0847698
0.0882573
0.0916956
0.0950784
0.0983997
0.101655
0.104841
0.107955
0.110994
0.113953
0.116827
0.119608
0.12229
0.124868
0.127339
0.129699
0.131944
0.13407
0.136071
0.137943
0.139681
0.141281
0.14274
0.144057
0.145233
0.146266
0.147158
0.147908
0.148515
0.148977
0.149294
0.149466
0.149496
0.149384
0.149133
0.148743
0.148213
0.147545
0.146745
0.14582
0.144656
0.14315
-0.0248582
-0.0264856
-0.0278219
-0.0289683
-0.0300395
-0.0310273
-0.0319164
-0.0326977
-0.0333628
-0.0339032
-0.03431
-0.0345761
-0.034697
-0.0346696
-0.0344904
-0.0341567
-0.0336671
-0.033021
-0.0322184
-0.0312589
-0.0301424
-0.0288701
-0.0274438
-0.0258664
-0.024142
-0.0222743
-0.0202673
-0.0181256
-0.0158535
-0.0134553
-0.0109366
-0.00830311
-0.00556031
-0.00271467
0.000226777
0.00325803
0.00637367
0.00956751
0.0128335
0.016167
0.0195636
0.0230179
0.0265235
0.0300742
0.033664
0.0372869
0.0409365
0.044608
0.0482973
0.0520005
0.0557116
0.0594233
0.063128
0.0668196
0.0704937
0.074146
0.0777718
0.0813658
0.0849223
0.0884357
0.0918999
0.0953084
0.0986555
0.101937
0.105149
0.108288
0.111352
0.114334
0.117229
0.120029
0.122731
0.125328
0.127817
0.130194
0.132455
0.134594
0.136607
0.138488
0.140233
0.141838
0.143301
0.14462
0.145796
0.146829
0.147721
0.148469
0.149072
0.149528
0.149839
0.150004
0.150025
0.149904
0.149641
0.149236
0.148688
0.147996
0.147169
0.146212
0.145006
0.143446
-0.0261967
-0.0278675
-0.029233
-0.0303948
-0.0314696
-0.0324501
-0.0333241
-0.0340843
-0.0347226
-0.0352325
-0.0356072
-0.0358409
-0.0359289
-0.0358678
-0.0356545
-0.0352866
-0.0347633
-0.0340838
-0.0332476
-0.0322539
-0.0311033
-0.0297972
-0.0283382
-0.0267292
-0.0249737
-0.0230753
-0.0210377
-0.0188655
-0.0165633
-0.0141354
-0.0115877
-0.00892545
-0.00615401
-0.00327964
-0.000309343
0.00275085
0.00589543
0.00911823
0.0124133
0.015776
0.0192023
0.0226864
0.0262215
0.0298013
0.0334201
0.0370721
0.0407516
0.0444539
0.0481749
0.0519101
0.0556532
0.0593963
0.0631323
0.066855
0.0705604
0.0742442
0.0779015
0.081527
0.0851149
0.0886596
0.0921549
0.0955946
0.098973
0.102286
0.105529
0.108699
0.111791
0.114801
0.117721
0.120546
0.123271
0.125891
0.128401
0.130798
0.133077
0.135233
0.13726
0.139154
0.14091
0.142525
0.143996
0.145321
0.146503
0.147541
0.148436
0.149185
0.149788
0.150243
0.150551
0.150712
0.150727
0.150598
0.150324
0.149904
0.149339
0.148625
0.147772
0.146784
0.145539
0.14393
-0.0276453
-0.0293548
-0.030747
-0.0319255
-0.0330082
-0.0339866
-0.034851
-0.0355958
-0.0362137
-0.0366988
-0.0370462
-0.0372512
-0.037309
-0.037216
-0.0369696
-0.0365684
-0.0360111
-0.0352967
-0.0344244
-0.0333942
-0.032207
-0.0308652
-0.0293711
-0.0277274
-0.0259374
-0.0240043
-0.0219321
-0.0197256
-0.0173895
-0.014928
-0.0123466
-0.00965084
-0.00684571
-0.00393753
-0.000933387
0.0021607
0.00533927
0.00859621
0.0119256
0.0153231
0.0187842
0.0223031
0.0258727
0.0294866
0.0331395
0.0368261
0.0405412
0.0442799
0.0480379
0.0518102
0.0555901
0.0593698
0.063142
0.0669012
0.0706431
0.0743636
0.0780578
0.0817202
0.0853449
0.0889261
0.0924578
0.095934
0.0993493
0.102699
0.105979
0.109185
0.112311
0.115353
0.118303
0.121158
0.12391
0.126557
0.129092
0.131511
0.133811
0.135987
0.138033
0.139944
0.141716
0.143345
0.144829
0.146167
0.14736
0.148407
0.149309
0.150065
0.150672
0.151128
0.151436
0.151594
0.151605
0.151468
0.151182
0.150748
0.150163
0.149428
0.148548
0.14753
0.146248
0.144594
-0.0292107
-0.0309568
-0.0323746
-0.0335696
-0.0346626
-0.0356429
-0.0365009
-0.037234
-0.037836
-0.0383009
-0.0386246
-0.0388032
-0.0388322
-0.0387084
-0.03843
-0.0379954
-0.0374031
-0.0366517
-0.0357412
-0.0346723
-0.0334469
-0.0320671
-0.0305352
-0.0288535
-0.0270252
-0.0250537
-0.0229432
-0.0206986
-0.0183244
-0.0158246
-0.0132048
-0.0104702
-0.00762629
-0.00467928
-0.00163633
0.00149661
0.00471425
0.00801055
0.0113796
0.0148169
0.018318
0.0218765
0.0254854
0.0291383
0.0328305
0.0365573
0.0403134
0.0440936
0.0478932
0.0517069
0.0555279
0.0593485
0.0631616
0.0669618
0.0707451
0.0745074
0.0782436
0.0819478
0.0856141
0.0892367
0.0928098
0.0963276
0.099785
0.103177
0.106499
0.109746
0.112912
0.115991
0.118977
0.121865
0.12465
0.127326
0.129889
0.132334
0.134659
0.136858
0.138927
0.14086
0.142653
0.144302
0.145804
0.14716
0.148368
0.149429
0.150343
0.151108
0.151722
0.152183
0.152492
0.152649
0.152655
0.152509
0.15221
0.151759
0.151155
0.150396
0.14949
0.148443
0.147125
0.145429
-0.0308978
-0.0326798
-0.0341229
-0.0353337
-0.0364372
-0.0374219
-0.0382763
-0.0389997
-0.0395881
-0.0400356
-0.0403379
-0.0404914
-0.0404928
-0.0403392
-0.0400289
-0.0395601
-0.038931
-0.0381411
-0.037191
-0.0360824
-0.034817
-0.0333971
-0.0318245
-0.0301015
-0.0282317
-0.0262186
-0.0240664
-0.0217798
-0.019363
-0.0168201
-0.0141568
-0.0113786
-0.00849094
-0.00550018
-0.00241344
0.000763472
0.00402545
0.00736649
0.0107806
0.014263
0.0178091
0.0214124
0.0250658
0.0287634
0.0325008
0.0362735
0.0400759
0.0439026
0.0477484
0.0516077
0.055474
0.0593397
0.0631981
0.0670439
0.0708732
0.0746819
0.0784646
0.0822152
0.0859274
0.0895956
0.0932144
0.0967786
0.100283
0.103723
0.107092
0.110384
0.113594
0.116716
0.119743
0.12267
0.12549
0.1282
0.130793
0.133268
0.135621
0.137848
0.139944
0.141904
0.143722
0.145395
0.146921
0.148298
0.149526
0.150605
0.151534
0.152311
0.152933
0.1534
0.153711
0.153867
0.153866
0.153709
0.153396
0.152928
0.152303
0.151522
0.15059
0.149515
0.148164
0.146431
-0.0327104
-0.0345278
-0.0359961
-0.0372223
-0.0383354
-0.0393248
-0.0401776
-0.0408929
-0.0414687
-0.0419
-0.0421821
-0.0423116
-0.0422861
-0.0421032
-0.0417606
-0.0412564
-0.0405896
-0.0397604
-0.0387703
-0.037621
-0.0363144
-0.0348522
-0.0332365
-0.0314699
-0.0295561
-0.0274987
-0.0253015
-0.0229691
-0.0205056
-0.0179152
-0.015204
-0.0123778
-0.0094418
-0.00640252
-0.00326697
-4.08123e-05
0.00327097
0.0066623
0.010127
0.0136601
0.0172568
0.0209106
0.0246146
0.0283632
0.0321523
0.0359771
0.0398317
0.04371
0.0476068
0.0515165
0.0554327
0.0593482
0.0632565
0.0671527
0.0710328
0.0748926
0.0787263
0.0825273
0.0862892
0.090007
0.0936757
0.0972908
0.100847
0.104339
0.107759
0.111102
0.114361
0.11753
0.120602
0.123571
0.126432
0.129178
0.131806
0.134315
0.136701
0.138961
0.141088
0.143078
0.144926
0.146627
0.148179
0.149581
0.150832
0.151931
0.152878
0.153668
0.154299
0.154771
0.155083
0.155236
0.155229
0.155062
0.154734
0.154249
0.153605
0.152802
0.151847
0.150746
0.149366
0.147599
-0.034652
-0.0365035
-0.037997
-0.0392388
-0.0403605
-0.0413536
-0.0422057
-0.0429142
-0.0434781
-0.0438935
-0.044156
-0.0442625
-0.0442107
-0.0439983
-0.0436228
-0.0430827
-0.042378
-0.0415097
-0.0404794
-0.0392889
-0.0379398
-0.036434
-0.0347738
-0.0329621
-0.0310025
-0.0288985
-0.0266534
-0.0242718
-0.021758
-0.0191165
-0.0163538
-0.0134756
-0.0104872
-0.00739477
-0.00420543
-0.000924747
0.00244232
0.00588953
0.00941043
0.0129999
0.0166532
0.0203639
0.0241252
0.0279318
0.0317793
0.0356627
0.0395755
0.0435113
0.0474647
0.0514304
0.0554021
0.059373
0.0633369
0.067289
0.0712253
0.0751413
0.0790307
0.0828864
0.0867025
0.0904742
0.0941976
0.0978681
0.101481
0.105028
0.108504
0.111901
0.115213
0.118432
0.121554
0.12457
0.127475
0.130263
0.132932
0.13548
0.137904
0.140201
0.142363
0.144387
0.146267
0.147999
0.149582
0.151011
0.152287
0.153408
0.154371
0.155174
0.155814
0.156291
0.156604
0.156755
0.156741
0.156564
0.156224
0.155724
0.155064
0.154242
0.153266
0.152142
0.150736
0.148937
-0.0367268
-0.0386098
-0.0401274
-0.0413855
-0.0425161
-0.0435123
-0.0443635
-0.0450664
-0.0456192
-0.0460191
-0.0462627
-0.0463468
-0.0462689
-0.0460266
-0.0456181
-0.0450425
-0.0443006
-0.0433937
-0.0423234
-0.0410911
-0.0396987
-0.0381486
-0.0364432
-0.0345854
-0.0325785
-0.0304255
-0.0281299
-0.0256963
-0.0231294
-0.020434
-0.0176166
-0.0146829
-0.011638
-0.008488
-0.00524006
-0.00189976
0.00152785
0.00503628
0.00861884
0.0122704
0.0159864
0.0197605
0.023586
0.0274574
0.0313702
0.0353187
0.0392961
0.0432958
0.0473123
0.0513406
0.0553746
0.0594078
0.0634342
0.0674489
0.071448
0.0754263
0.079377
0.0832931
0.0871688
0.0910001
0.0947837
0.0985149
0.102188
0.105796
0.109331
0.112785
0.116153
0.119428
0.122603
0.12567
0.128624
0.13146
0.134176
0.136769
0.139236
0.141573
0.143774
0.145834
0.147749
0.149516
0.151131
0.15259
0.153891
0.155033
0.156014
0.156829
0.157477
0.157959
0.158275
0.158424
0.158407
0.158223
0.157875
0.157364
0.15669
0.155852
0.154858
0.153713
0.152282
0.150451
-0.038939
-0.0408514
-0.042391
-0.0436659
-0.0448071
-0.045807
-0.0466573
-0.0473552
-0.0478979
-0.0482833
-0.0485086
-0.0485708
-0.048467
-0.0481952
-0.0477542
-0.0471441
-0.0463657
-0.0454206
-0.0443102
-0.0430359
-0.0416
-0.0400052
-0.0382539
-0.0363486
-0.0342924
-0.0320881
-0.0297394
-0.0272513
-0.0246289
-0.0218769
-0.0190017
-0.0160089
-0.0129035
-0.00969157
-0.00638039
-0.00297566
0.000517391
0.00409207
0.00774153
0.0114608
0.0152454
0.0190893
0.0229854
0.0269281
0.0309125
0.0349326
0.0389814
0.0430518
0.0471387
0.0512371
0.0553413
0.0594446
0.0635414
0.0676267
0.071696
0.0757438
0.0797629
0.0837464
0.0876889
0.0915869
0.0954372
0.099235
0.102974
0.106646
0.110243
0.113759
0.117186
0.12052
0.123753
0.126877
0.129886
0.132776
0.135544
0.138187
0.140701
0.143082
0.145325
0.147424
0.149377
0.15118
0.152829
0.154318
0.155645
0.156809
0.157806
0.158634
0.159292
0.159781
0.160101
0.160253
0.160236
0.16005
0.159698
0.15918
0.158497
0.157646
0.156634
0.155469
0.154011
0.152145
-0.0412916
-0.0432337
-0.0447945
-0.0460859
-0.0472397
-0.0482454
-0.0490953
-0.0497887
-0.0503227
-0.0506949
-0.0509028
-0.0509434
-0.0508142
-0.0505136
-0.0500413
-0.0493976
-0.0485835
-0.0476001
-0.0464493
-0.0451328
-0.0436531
-0.0420128
-0.0402141
-0.0382592
-0.036151
-0.0338927
-0.0314883
-0.0289431
-0.0262623
-0.0234506
-0.0205141
-0.0174583
-0.0142882
-0.0110099
-0.0076309
-0.0041571
-0.000593823
0.00305205
0.00677365
0.0105662
0.0144254
0.0183449
0.0223176
0.0263374
0.0303994
0.0344975
0.0386242
0.0427726
0.0469373
0.0511136
0.0552958
0.0594776
0.0636531
0.0678171
0.0719647
0.07609
0.0801857
0.0842448
0.0882624
0.0922352
0.0961597
0.10003
0.10384
0.107581
0.111245
0.114826
0.118318
0.121715
0.12501
0.128196
0.131266
0.134216
0.137041
0.139739
0.142304
0.144732
0.147019
0.149161
0.151154
0.152995
0.154678
0.156198
0.157552
0.158737
0.159752
0.160595
0.161266
0.161766
0.162095
0.162254
0.162241
0.162058
0.161706
0.161185
0.160493
0.159629
0.1586
0.157411
0.155923
0.15402
-0.0437866
-0.0457627
-0.0473467
-0.0486544
-0.0498218
-0.0508354
-0.0516866
-0.0523765
-0.0529031
-0.0532632
-0.0534544
-0.0534741
-0.0533203
-0.0529921
-0.0524893
-0.0518125
-0.0509625
-0.0499407
-0.048749
-0.0473897
-0.0458651
-0.0441776
-0.042329
-0.0403214
-0.0381582
-0.0358428
-0.0333796
-0.0307742
-0.0280315
-0.0251562
-0.0221541
-0.019031
-0.0157915
-0.0124422
-0.00899065
-0.00544291
-0.00180438
0.00191798
0.00571729
0.00958886
0.0135283
0.0175292
0.021584
0.0256865
0.029832
0.0340141
0.0382253
0.0424584
0.0467081
0.0509696
0.0552375
0.0595055
0.0637675
0.0680181
0.0722519
0.0764628
0.0806435
0.0847871
0.0888885
0.0929443
0.0969504
0.100901
0.104788
0.108603
0.11234
0.115992
0.119554
0.123019
0.126382
0.129635
0.132772
0.135786
0.138674
0.14143
0.14405
0.146528
0.148862
0.151049
0.153085
0.154966
0.156685
0.158236
0.159618
0.160827
0.161863
0.162726
0.163413
0.163928
0.16427
0.164439
0.164435
0.164257
0.163907
0.163383
0.162684
0.161805
0.160754
0.159538
0.158015
0.156069
-0.0464276
-0.0484439
-0.0500556
-0.0513809
-0.0525619
-0.0535852
-0.0544399
-0.0551277
-0.0556476
-0.0559965
-0.0561716
-0.0561711
-0.0559936
-0.0556385
-0.0551056
-0.0543955
-0.0535092
-0.0524481
-0.0512147
-0.0498113
-0.0482398
-0.0465023
-0.0446006
-0.042537
-0.0403154
-0.0379396
-0.035414
-0.0327445
-0.0299357
-0.0269921
-0.0239198
-0.0207244
-0.0174106
-0.0139852
-0.0104558
-0.00682881
-0.0031094
0.000695393
0.00457851
0.00853514
0.0125607
0.0166485
0.0207909
0.0249819
0.0292167
0.033489
0.037791
0.0421153
0.0464566
0.0508101
0.0551706
0.0595318
0.0638873
0.0682315
0.0725589
0.076863
0.0811366
0.0853728
0.0895662
0.0937127
0.0978077
0.101845
0.105816
0.109713
0.113528
0.117258
0.120896
0.124437
0.127874
0.1312
0.134408
0.137492
0.140447
0.143265
0.145943
0.148477
0.150862
0.153097
0.155178
0.157099
0.158856
0.160441
0.161853
0.163091
0.164153
0.165039
0.165747
0.16628
0.166638
0.16682
0.166826
0.166654
0.166305
0.165776
0.165065
0.164167
0.16309
0.161843
0.160281
0.158289
-0.0492213
-0.0512833
-0.0529274
-0.0542732
-0.0554688
-0.0565027
-0.0573627
-0.0580497
-0.0585634
-0.0589012
-0.0590608
-0.0590407
-0.05884
-0.058458
-0.0578946
-0.0571503
-0.0562266
-0.0551253
-0.0538488
-0.0523991
-0.050778
-0.0489874
-0.0470294
-0.0449066
-0.0426233
-0.0401835
-0.0375918
-0.0348537
-0.031974
-0.0289572
-0.0258096
-0.0225367
-0.0191435
-0.0156365
-0.0120238
-0.00831159
-0.00450499
-0.000611252
0.00336218
0.00741015
0.0115279
0.0157087
0.0199447
0.0242303
0.0285608
0.0329299
0.0373293
0.0417512
0.0461904
0.0506425
0.0551021
0.0595628
0.0640181
0.0684624
0.0728899
0.0772941
0.0816677
0.0860035
0.0902956
0.0945396
0.09873
0.10286
0.106922
0.110908
0.114811
0.118626
0.122348
0.125971
0.129489
0.132893
0.136178
0.139337
0.142363
0.145249
0.14799
0.150582
0.153023
0.155308
0.157436
0.159402
0.161198
0.162821
0.164268
0.165539
0.166632
0.167545
0.168277
0.16883
0.169205
0.1694
0.169415
0.169248
0.168897
0.168359
0.167631
0.166709
0.165601
0.164319
0.162715
0.160675
-0.0521771
-0.0542875
-0.0559677
-0.0573378
-0.0585499
-0.0595952
-0.0604614
-0.0611482
-0.0616558
-0.0619827
-0.062127
-0.0620875
-0.0618634
-0.0614539
-0.060859
-0.0600795
-0.0591172
-0.0579742
-0.0566526
-0.0551542
-0.0534807
-0.0516342
-0.049617
-0.0474322
-0.0450842
-0.042577
-0.0399149
-0.0371038
-0.0341485
-0.0310537
-0.0278257
-0.0244704
-0.0209925
-0.0173985
-0.0136967
-0.0098929
-0.00599248
-0.00200306
0.00206732
0.00621316
0.0104296
0.0147099
0.0190466
0.0234339
0.0278674
0.0323404
0.0368441
0.0413707
0.0459148
0.0504723
0.0550376
0.0596042
0.0641657
0.0687163
0.0732503
0.0777609
0.0822405
0.0866816
0.0910783
0.0954254
0.0997173
0.103947
0.108107
0.11219
0.116188
0.120097
0.123912
0.127625
0.13123
0.134719
0.138086
0.141325
0.144427
0.147385
0.150195
0.15285
0.155349
0.157689
0.159867
0.161879
0.163719
0.165384
0.166871
0.16818
0.169306
0.170249
0.171007
0.171581
0.171972
0.17218
0.172201
0.172034
0.171676
0.171124
0.170375
0.169425
0.168284
0.166965
0.165321
0.163233
-0.0553046
-0.0574644
-0.0591826
-0.0605801
-0.0618114
-0.0628687
-0.063741
-0.0644279
-0.0649297
-0.0652459
-0.0653753
-0.0653163
-0.065068
-0.06463
-0.0640025
-0.0631866
-0.0621844
-0.0609979
-0.0596292
-0.0580797
-0.0563514
-0.0544468
-0.0523684
-0.0501192
-0.0477036
-0.0451254
-0.042389
-0.0395007
-0.0364654
-0.033288
-0.0299752
-0.0265327
-0.022965
-0.0192787
-0.0154817
-0.0115801
-0.0075793
-0.00348759
0.000686332
0.00493672
0.00925892
0.0136462
0.0180911
0.022588
0.0271324
0.0317173
0.0363333
0.0409723
0.0456291
0.0502995
0.054978
0.0596578
0.0643323
0.0689959
0.0736429
0.0782663
0.0828579
0.08741
0.0919165
0.0963724
0.100772
0.105108
0.109374
0.113561
0.117663
0.121675
0.12559
0.129401
0.1331
0.136681
0.140136
0.143459
0.146642
0.149678
0.15256
0.155284
0.157846
0.160244
0.162475
0.164537
0.166426
0.168137
0.169669
0.171018
0.172181
0.173155
0.173939
0.174534
0.17494
0.175156
0.17518
0.175009
0.17464
0.174071
0.173297
0.172318
0.171146
0.169792
0.168108
0.165973
-0.0586115
-0.0608217
-0.0625784
-0.0640051
-0.0652577
-0.0663279
-0.0672067
-0.0678942
-0.0683911
-0.0686972
-0.0688116
-0.0687328
-0.0684597
-0.0679923
-0.0673313
-0.0664781
-0.0654346
-0.0642029
-0.0627849
-0.0611825
-0.0593976
-0.0574332
-0.0552915
-0.0529755
-0.0504892
-0.0478366
-0.0450222
-0.0420526
-0.0389333
-0.0356692
-0.0322671
-0.0287329
-0.0250706
-0.0212865
-0.0173886
-0.0133829
-0.00927544
-0.00507511
-0.00079116
0.00357066
0.0080059
0.0125079
0.0170691
0.0216839
0.0263474
0.0310524
0.0357892
0.0405492
0.0453271
0.0501189
0.0549188
0.0597199
0.0645154
0.0692998
0.0740672
0.0788103
0.0835205
0.08819
0.0928129
0.0973843
0.101899
0.106349
0.110728
0.115027
0.119241
0.123363
0.127386
0.131303
0.135103
0.138781
0.14233
0.145743
0.149012
0.15213
0.15509
0.157886
0.160516
0.162977
0.165268
0.167385
0.169326
0.171088
0.172666
0.174058
0.175259
0.176265
0.177075
0.177689
0.178108
0.178331
0.178355
0.178177
0.177795
0.177207
0.17641
0.175404
0.174201
0.172815
0.171092
0.168907
-0.0621018
-0.0643653
-0.0661614
-0.067618
-0.0688934
-0.0699783
-0.0708646
-0.0715541
-0.0720473
-0.0723442
-0.0724439
-0.0723451
-0.072047
-0.0715499
-0.0708549
-0.0699633
-0.0688771
-0.0675984
-0.0661294
-0.0644722
-0.0626292
-0.0606029
-0.0583956
-0.0560098
-0.0534494
-0.0507186
-0.0478222
-0.0447674
-0.0415599
-0.0382049
-0.0347093
-0.0310785
-0.0273162
-0.0234286
-0.0194238
-0.0153081
-0.011088
-0.00677281
-0.0023723
0.0021079
0.00666357
0.011288
0.0159733
0.0207138
0.0255046
0.0303382
0.0352042
0.0400937
0.0450014
0.0499232
0.0548533
0.0597845
0.0647097
0.0696232
0.0745192
0.0793899
0.0842266
0.0890214
0.0937686
0.0984636
0.103101
0.107673
0.112173
0.116593
0.120925
0.125164
0.129303
0.133331
0.13724
0.141021
0.144669
0.148177
0.151538
0.154743
0.157785
0.16066
0.163364
0.165894
0.16825
0.170428
0.172426
0.17424
0.175868
0.177304
0.178543
0.179582
0.180417
0.18105
0.181482
0.18171
0.181733
0.181548
0.181154
0.180549
0.179731
0.178701
0.17747
0.176052
0.174287
0.172049
-0.0657782
-0.0680991
-0.069937
-0.0714242
-0.0727241
-0.0738262
-0.0747225
-0.0754158
-0.0759071
-0.0761958
-0.0762813
-0.0761629
-0.0758402
-0.0753135
-0.0745838
-0.0736527
-0.0725223
-0.0711948
-0.0696729
-0.0679591
-0.0660555
-0.0639647
-0.0616883
-0.0592288
-0.0565902
-0.0537768
-0.0507941
-0.0476496
-0.0443493
-0.0408986
-0.0373041
-0.0335711
-0.0297029
-0.0257055
-0.0215876
-0.0173558
-0.0130168
-0.0085804
-0.00405664
0.000548924
0.00523222
0.00998638
0.0148032
0.0196769
0.0246026
0.0295725
0.0345757
0.0396029
0.0446486
0.0497088
0.0547777
0.0598475
0.0649108
0.0699619
0.0749947
0.0800015
0.0849733
0.0899024
0.0947831
0.0996109
0.10438
0.109083
0.113712
0.118258
0.122716
0.127079
0.131339
0.135485
0.139509
0.1434
0.147153
0.150762
0.154218
0.157515
0.160647
0.163607
0.166391
0.168998
0.171424
0.173668
0.175727
0.177597
0.179276
0.180758
0.182036
0.183107
0.183969
0.184622
0.185067
0.185303
0.185327
0.185138
0.184735
0.184116
0.18328
0.182226
0.180966
0.179513
0.177702
0.175401
-0.0696433
-0.0720268
-0.0739102
-0.0754303
-0.0767572
-0.0778797
-0.0787889
-0.0794882
-0.079979
-0.0802608
-0.0803334
-0.0801963
-0.0798494
-0.0792928
-0.0785277
-0.0775556
-0.076379
-0.0750006
-0.0734235
-0.0716501
-0.0696826
-0.0675232
-0.0651733
-0.0626352
-0.0599134
-0.0570124
-0.0539381
-0.0506986
-0.0473001
-0.0437477
-0.040048
-0.0362062
-0.0322251
-0.0281111
-0.0238734
-0.0195189
-0.0150543
-0.0104899
-0.00583594
-0.00109797
0.00372
0.00861092
0.0135663
0.0185802
0.023648
0.0287615
0.0339092
0.0390813
0.0442724
0.0494787
0.0546941
0.0599101
0.0651191
0.0703151
0.0754925
0.0806435
0.0857593
0.0908319
0.0958557
0.100826
0.105736
0.110578
0.115343
0.120024
0.124614
0.129106
0.133494
0.137765
0.141909
0.145917
0.149781
0.153495
0.157053
0.160449
0.163676
0.166729
0.169601
0.172291
0.174793
0.177108
0.179231
0.181161
0.182893
0.184422
0.185742
0.186848
0.187739
0.188415
0.188876
0.189122
0.189151
0.188962
0.188553
0.187922
0.187068
0.185988
0.184695
0.1832
0.181334
0.178963
-0.0737022
-0.0761536
-0.0780875
-0.0796443
-0.0810011
-0.082147
-0.0830718
-0.0837792
-0.0842712
-0.0845478
-0.0846087
-0.0844536
-0.0840824
-0.0834951
-0.0826928
-0.0816777
-0.0804526
-0.0790206
-0.077385
-0.0755483
-0.0735124
-0.0712793
-0.0688504
-0.0662281
-0.0634172
-0.0604227
-0.057251
-0.0539104
-0.0504072
-0.0467463
-0.0429341
-0.0389759
-0.0348746
-0.0306367
-0.0262721
-0.0217878
-0.0171906
-0.0124908
-0.00769931
-0.00282176
0.00213798
0.00717275
0.0122737
0.0174349
0.0226515
0.0279154
0.0332143
0.0385379
0.0438812
0.0492404
0.0546092
0.0599784
0.0653396
0.0706871
0.0760159
0.0813188
0.086587
0.0918121
0.0969879
0.102109
0.107169
0.112158
0.117068
0.12189
0.126618
0.131247
0.135768
0.14017
0.144441
0.148571
0.152552
0.156379
0.160047
0.163549
0.166879
0.170031
0.172999
0.175777
0.178362
0.180751
0.182943
0.184935
0.186723
0.188303
0.189667
0.190812
0.191736
0.192439
0.192922
0.193183
0.193221
0.193033
0.192619
0.191975
0.191098
0.189986
0.188651
0.187107
0.185179
0.182733
-0.0779627
-0.0804868
-0.082476
-0.0840739
-0.0854638
-0.0866356
-0.0875786
-0.0882961
-0.0887911
-0.0890638
-0.0891138
-0.0889406
-0.088544
-0.0879243
-0.0870828
-0.0860222
-0.0847456
-0.0832567
-0.0815587
-0.079654
-0.0775444
-0.0752319
-0.0727181
-0.0700055
-0.0670996
-0.0640057
-0.0607304
-0.0572822
-0.0536674
-0.0498904
-0.0459581
-0.0418758
-0.0376468
-0.0332777
-0.0287788
-0.0241573
-0.0194199
-0.0145774
-0.00964094
-0.00461649
0.000492362
0.00567839
0.0109323
0.0162477
0.0216201
0.027041
0.0324978
0.0379798
0.043482
0.049001
0.0545301
0.060059
0.0655789
0.0710844
0.0765715
0.0820339
0.0874625
0.0928484
0.0981844
0.103464
0.108681
0.113825
0.118887
0.123858
0.128732
0.133504
0.138164
0.142702
0.147106
0.151365
0.155471
0.159419
0.163203
0.166819
0.170259
0.173518
0.176586
0.179459
0.182131
0.1846
0.186865
0.188923
0.190772
0.192406
0.19382
0.195009
0.195972
0.196707
0.197216
0.197496
0.197543
0.197357
0.196933
0.19627
0.195364
0.194213
0.19283
0.19123
0.189237
0.186712
-0.0824335
-0.0850346
-0.0870833
-0.0887264
-0.0901523
-0.0913524
-0.0923157
-0.0930457
-0.0935451
-0.0938147
-0.0938536
-0.0936614
-0.0932377
-0.0925834
-0.0917003
-0.0905914
-0.0892603
-0.0877107
-0.0859459
-0.0839682
-0.0817795
-0.079382
-0.0767775
-0.073969
-0.0709623
-0.0677632
-0.0643782
-0.0608159
-0.0570823
-0.0531821
-0.0491222
-0.0449087
-0.0405447
-0.0360372
-0.0313967
-0.0266307
-0.0217459
-0.0167532
-0.0116644
-0.00648562
-0.00122008
0.00412489
0.00953929
0.0150163
0.0205515
0.0261365
0.0317585
0.0374064
0.0430751
0.0487615
0.0544584
0.0601548
0.065841
0.071512
0.077165
0.0827948
0.088392
0.0939466
0.0994502
0.104896
0.110277
0.115583
0.120805
0.125933
0.13096
0.135879
0.140684
0.145364
0.149907
0.154302
0.158541
0.162619
0.166528
0.170265
0.173822
0.177192
0.180367
0.183339
0.186104
0.188658
0.191001
0.193131
0.195046
0.19674
0.198209
0.199448
0.200455
0.201227
0.201765
0.202063
0.202119
0.20193
0.201492
0.200804
0.199862
0.198666
0.197231
0.195574
0.193515
0.19091
-0.0871228
-0.0898046
-0.0919162
-0.0936078
-0.0950732
-0.096304
-0.0972901
-0.0980344
-0.0985397
-0.0988061
-0.0988332
-0.0986204
-0.0981678
-0.0974768
-0.0965496
-0.0953897
-0.0940009
-0.0923868
-0.0905508
-0.0884953
-0.0862224
-0.0837346
-0.0810342
-0.0781246
-0.075012
-0.0717021
-0.0682014
-0.0645185
-0.0606595
-0.0566291
-0.0524348
-0.0480831
-0.0435773
-0.0389244
-0.0341352
-0.0292178
-0.0241785
-0.0190285
-0.01378
-0.00843926
-0.00300931
0.0025024
0.00808505
0.0137312
0.0194364
0.0251931
0.0309883
0.0368104
0.042654
0.0485161
0.0543896
0.0602623
0.0661238
0.0719693
0.0777971
0.0836027
0.089377
0.0951083
0.100787
0.106406
0.111958
0.117434
0.122823
0.128115
0.133301
0.138375
0.143331
0.148159
0.152848
0.157387
0.161768
0.165983
0.170025
0.173889
0.177569
0.181057
0.184343
0.187421
0.190284
0.19293
0.195357
0.197565
0.199551
0.201312
0.202843
0.204137
0.205193
0.206005
0.206571
0.206886
0.206946
0.206749
0.206292
0.205574
0.204594
0.203351
0.201864
0.200152
0.198029
0.195342
-0.0920373
-0.0948039
-0.0969812
-0.0987247
-0.100233
-0.101498
-0.102509
-0.10327
-0.103781
-0.104045
-0.104059
-0.103824
-0.103341
-0.102612
-0.101639
-0.100425
-0.0989754
-0.097293
-0.0953814
-0.0932435
-0.0908816
-0.0882988
-0.0854977
-0.0824821
-0.0792584
-0.075832
-0.0722094
-0.0683993
-0.0644082
-0.0602408
-0.0559053
-0.0514086
-0.046754
-0.0419486
-0.0370038
-0.031928
-0.0267273
-0.0214127
-0.0159969
-0.0104864
-0.00488425
0.000801999
0.00656066
0.0123835
0.0182664
0.0242024
0.0301788
0.0361836
0.0422109
0.0482576
0.0543165
0.060375
0.0664217
0.0724515
0.0784634
0.084454
0.0904137
0.0963299
0.102192
0.107991
0.113722
0.119375
0.124939
0.130402
0.135756
0.140993
0.146106
0.15109
0.155933
0.160625
0.165156
0.169517
0.173699
0.177697
0.181506
0.185117
0.188521
0.19171
0.194678
0.197421
0.19994
0.202232
0.204297
0.206132
0.20773
0.209084
0.21019
0.211042
0.211635
0.211963
0.212024
0.211816
0.211339
0.210591
0.209572
0.208286
0.20675
0.204985
0.202796
0.200025
-0.0971822
-0.100039
-0.102285
-0.104084
-0.10564
-0.106942
-0.107981
-0.108759
-0.109278
-0.109538
-0.10954
-0.109283
-0.108768
-0.107999
-0.106978
-0.105708
-0.104194
-0.10244
-0.100448
-0.0982232
-0.0957675
-0.0930848
-0.0901781
-0.0870511
-0.0837102
-0.0801609
-0.0764096
-0.0724652
-0.0683347
-0.0640231
-0.059539
-0.0548897
-0.0500788
-0.0451136
-0.0400058
-0.0347642
-0.0293947
-0.0239079
-0.0183167
-0.0126283
-0.00684593
-0.000977289
0.00496522
0.0109726
0.0170408
0.0231638
0.0293293
0.0355249
0.041744
0.0479835
0.0542365
0.0604898
0.0667313
0.072955
0.0791603
0.0853443
0.0914976
0.0976067
0.103659
0.109648
0.115565
0.121403
0.12715
0.132793
0.138322
0.14373
0.149011
0.15416
0.159167
0.164022
0.168711
0.173224
0.177554
0.181692
0.185636
0.189376
0.192905
0.196212
0.199292
0.202141
0.204757
0.207142
0.209293
0.211207
0.212877
0.214294
0.215451
0.216341
0.216958
0.217298
0.21736
0.217141
0.216644
0.215869
0.214817
0.21349
0.211908
0.210089
0.20783
0.204966
-0.102563
-0.105516
-0.107837
-0.109694
-0.111301
-0.112644
-0.113714
-0.114511
-0.115039
-0.115297
-0.115286
-0.115007
-0.114461
-0.113651
-0.112579
-0.11125
-0.109668
-0.107836
-0.10576
-0.103443
-0.100888
-0.0981004
-0.0950819
-0.0918369
-0.0883717
-0.0846921
-0.0808042
-0.0767176
-0.0724396
-0.0679757
-0.0633346
-0.0585243
-0.053549
-0.0484158
-0.0431371
-0.0377218
-0.0321753
-0.026508
-0.020733
-0.0148582
-0.00888738
-0.00282829
0.00330617
0.00950618
0.0157677
0.0220853
0.0284474
0.0348414
0.0412601
0.0477001
0.0541549
0.0606114
0.0670561
0.0734824
0.0798893
0.0862743
0.0926284
0.0989377
0.105189
0.111374
0.117485
0.123516
0.129454
0.135286
0.141
0.146589
0.152049
0.157373
0.162554
0.167579
0.172435
0.177109
0.181592
0.185878
0.189964
0.193842
0.197502
0.200936
0.204135
0.207097
0.209819
0.212303
0.214546
0.216544
0.218289
0.219769
0.220977
0.221905
0.222547
0.2229
0.222964
0.222739
0.222226
0.221429
0.220346
0.21898
0.217349
0.21547
0.213133
0.210167
-0.108187
-0.111242
-0.113643
-0.115564
-0.117225
-0.118614
-0.119716
-0.120536
-0.121074
-0.121332
-0.121309
-0.121007
-0.120429
-0.119575
-0.118451
-0.117059
-0.115403
-0.11349
-0.111324
-0.108909
-0.106249
-0.103349
-0.100211
-0.0968404
-0.0932429
-0.0894244
-0.0853914
-0.081154
-0.0767198
-0.0720945
-0.0672875
-0.0623076
-0.0571592
-0.0518497
-0.0463916
-0.0407939
-0.0350621
-0.0292057
-0.0232383
-0.0171687
-0.0110011
-0.00474319
0.00159174
0.00799301
0.0144561
0.0209763
0.0275428
0.0341427
0.0407685
0.0474168
0.0540811
0.0607484
0.0674044
0.0740411
0.0806569
0.0872497
0.0938112
0.100327
0.106785
0.113173
0.119486
0.125717
0.131854
0.137883
0.143792
0.149574
0.155223
0.160734
0.166097
0.171301
0.176331
0.181173
0.185818
0.19026
0.194497
0.19852
0.20232
0.205888
0.209215
0.212298
0.215134
0.217724
0.220065
0.22215
0.223971
0.225516
0.226775
0.227742
0.228412
0.228782
0.228853
0.228625
0.228102
0.227284
0.22617
0.22476
0.223073
0.221126
0.218701
0.215625
-0.114064
-0.117228
-0.119715
-0.121704
-0.123423
-0.12486
-0.125999
-0.126843
-0.127393
-0.127652
-0.127618
-0.127294
-0.12668
-0.125781
-0.124599
-0.123139
-0.121406
-0.119405
-0.117142
-0.114623
-0.111851
-0.108831
-0.105567
-0.102062
-0.0983231
-0.0943572
-0.0901706
-0.0857735
-0.0811743
-0.076379
-0.0713975
-0.0662392
-0.0609093
-0.0554153
-0.0497692
-0.0439808
-0.0380552
-0.0320017
-0.0258337
-0.0195609
-0.0131881
-0.00672274
-0.000178452
0.00643311
0.0131067
0.0198379
0.0266168
0.033431
0.0402723
0.0471371
0.0540192
0.0609055
0.0677808
0.0746359
0.0814683
0.0882764
0.0950522
0.101782
0.108452
0.115051
0.121573
0.128011
0.134356
0.140591
0.146706
0.152691
0.158539
0.164245
0.1698
0.17519
0.180402
0.185419
0.190235
0.194843
0.199239
0.203417
0.207366
0.211077
0.214541
0.217753
0.220711
0.223413
0.225855
0.228031
0.22993
0.231541
0.232855
0.233866
0.234568
0.23496
0.235042
0.234816
0.234282
0.23344
0.232289
0.230828
0.229076
0.227052
0.224535
0.221343
-0.120202
-0.123482
-0.12606
-0.128122
-0.129904
-0.131392
-0.13257
-0.133441
-0.134007
-0.134266
-0.134221
-0.133872
-0.133222
-0.132273
-0.131029
-0.129496
-0.127679
-0.125585
-0.12322
-0.120589
-0.117698
-0.114551
-0.111152
-0.107505
-0.103617
-0.0994956
-0.0951471
-0.0905821
-0.0858096
-0.0808363
-0.0756722
-0.0703275
-0.0648081
-0.0591214
-0.0532794
-0.0472921
-0.0411649
-0.0349066
-0.0285303
-0.0220463
-0.0154597
-0.00877823
-0.0020156
0.00481543
0.0117086
0.0186596
0.0256597
0.032697
0.039763
0.0468536
0.0539625
0.0610767
0.0681805
0.0752632
0.0823215
0.0893536
0.0963523
0.103304
0.110194
0.117012
0.123751
0.130406
0.136966
0.143418
0.149748
0.155944
0.162
0.16791
0.173663
0.179248
0.184649
0.189852
0.194848
0.199631
0.204198
0.20854
0.212648
0.216511
0.220121
0.223471
0.226557
0.229377
0.231925
0.234194
0.236175
0.237857
0.239231
0.24029
0.241031
0.241449
0.241544
0.241318
0.240769
0.239898
0.238701
0.237181
0.235358
0.233255
0.230642
0.227334
-0.126614
-0.130016
-0.132691
-0.134831
-0.136679
-0.138222
-0.139443
-0.140343
-0.140923
-0.141184
-0.141126
-0.140751
-0.14006
-0.139058
-0.137749
-0.136138
-0.134232
-0.132039
-0.129566
-0.126818
-0.1238
-0.120518
-0.116977
-0.11318
-0.109136
-0.104851
-0.100333
-0.095592
-0.0906386
-0.0854796
-0.0801252
-0.0745861
-0.0688691
-0.0629816
-0.0569356
-0.0507414
-0.044405
-0.0379343
-0.0313419
-0.0246383
-0.0178294
-0.0109231
-0.00393326
0.00312627
0.010248
0.0174279
0.0246583
0.031928
0.0392282
0.0465541
0.0538992
0.0612507
0.0685926
0.0759132
0.0832079
0.0904745
0.097706
0.104889
0.112009
0.119055
0.126021
0.132902
0.139688
0.146366
0.15292
0.159337
0.16561
0.17173
0.17769
0.183477
0.189077
0.194474
0.199661
0.204631
0.209378
0.213895
0.218172
0.222198
0.225962
0.229458
0.232679
0.235621
0.23828
0.240648
0.242716
0.244475
0.245915
0.24703
0.247812
0.248258
0.248366
0.248135
0.247566
0.246658
0.24541
0.243826
0.241931
0.23975
0.237043
0.233614
-0.133312
-0.136843
-0.13962
-0.141842
-0.143762
-0.145363
-0.146629
-0.147559
-0.148155
-0.148417
-0.148345
-0.14794
-0.147207
-0.146148
-0.144769
-0.143077
-0.141078
-0.138781
-0.136193
-0.133321
-0.130171
-0.126747
-0.123055
-0.119101
-0.114892
-0.110436
-0.10574
-0.100816
-0.0956737
-0.090321
-0.0847679
-0.0790255
-0.0731018
-0.0670046
-0.0607458
-0.0543361
-0.047782
-0.0410906
-0.0342735
-0.0273413
-0.0203011
-0.0131612
-0.00593554
0.00136131
0.00872073
0.0161385
0.023608
0.0311192
0.0386628
0.0462331
0.0538233
0.061421
0.0690103
0.0765788
0.0841205
0.0916323
0.0991073
0.106532
0.113893
0.121178
0.128382
0.1355
0.142523
0.149436
0.156223
0.162869
0.169365
0.175705
0.18188
0.187879
0.193687
0.199291
0.204679
0.209846
0.214785
0.219488
0.223945
0.228143
0.232072
0.235721
0.239083
0.242155
0.244931
0.247405
0.249568
0.25141
0.252923
0.254096
0.254922
0.255394
0.255511
0.255272
0.254677
0.253728
0.252428
0.250783
0.248819
0.246561
0.243757
0.2402
-0.140308
-0.143975
-0.146861
-0.14917
-0.151165
-0.152829
-0.154141
-0.155103
-0.155715
-0.155977
-0.155889
-0.155455
-0.154676
-0.153558
-0.152106
-0.150328
-0.148232
-0.145826
-0.143118
-0.140116
-0.136824
-0.133251
-0.129401
-0.125281
-0.120898
-0.116261
-0.111379
-0.106262
-0.100922
-0.0953654
-0.0896037
-0.0836478
-0.077507
-0.07119
-0.0647086
-0.0580736
-0.0512918
-0.0443699
-0.0373184
-0.030148
-0.022867
-0.0154845
-0.0080143
-0.000471278
0.00713492
0.0147997
0.0225174
0.0302788
0.0380744
0.0458975
0.0537408
0.0615926
0.0694375
0.0772627
0.0850609
0.0928278
0.100556
0.108234
0.115846
0.123381
0.130834
0.138199
0.145468
0.152626
0.159654
0.166539
0.173269
0.179838
0.186238
0.19246
0.198488
0.204309
0.20991
0.215286
0.220428
0.225328
0.229975
0.234356
0.238456
0.242266
0.245778
0.248987
0.251889
0.254477
0.256743
0.258676
0.260265
0.261499
0.262368
0.262865
0.262988
0.262737
0.262115
0.261127
0.259779
0.258076
0.256045
0.253708
0.250799
0.247103
-0.147615
-0.151427
-0.154427
-0.15683
-0.158905
-0.160633
-0.161995
-0.16299
-0.163618
-0.163881
-0.163778
-0.163311
-0.162486
-0.161305
-0.159778
-0.15791
-0.155711
-0.153189
-0.150354
-0.147214
-0.143773
-0.140041
-0.136023
-0.131726
-0.127159
-0.122332
-0.117253
-0.111933
-0.106383
-0.100612
-0.0946306
-0.0884499
-0.0820808
-0.0755333
-0.0688184
-0.061947
-0.0549266
-0.0477635
-0.0404671
-0.0330484
-0.025517
-0.0178828
-0.0101592
-0.00236101
0.00550143
0.0134228
0.0213979
0.0294183
0.0374745
0.0455586
0.0536629
0.0617763
0.0698844
0.0779741
0.0860372
0.0940682
0.102059
0.109999
0.117872
0.125668
0.133381
0.141003
0.148527
0.155938
0.163217
0.170349
0.177323
0.184133
0.190771
0.197227
0.203487
0.209536
0.215363
0.220959
0.226316
0.231424
0.236271
0.240842
0.245123
0.249104
0.252775
0.256132
0.259169
0.261881
0.264257
0.266285
0.267953
0.269248
0.270159
0.270679
0.270807
0.270546
0.269902
0.268881
0.267488
0.265729
0.263627
0.261202
0.258176
0.254327
-0.155244
-0.159211
-0.162334
-0.164834
-0.166994
-0.168791
-0.170205
-0.171236
-0.171883
-0.172146
-0.172027
-0.171527
-0.170652
-0.169406
-0.167798
-0.165835
-0.163527
-0.160883
-0.157913
-0.154625
-0.151026
-0.147124
-0.142928
-0.138443
-0.133681
-0.128651
-0.123364
-0.117829
-0.112058
-0.106061
-0.0998488
-0.0934322
-0.0868239
-0.0800347
-0.0730755
-0.0659566
-0.0586862
-0.051271
-0.0437195
-0.0360427
-0.0282516
-0.0203568
-0.0123711
-0.00430852
0.00381985
0.0120078
0.02025
0.0285388
0.0368646
0.0452184
0.0535923
0.0619756
0.070355
0.0787176
0.0870542
0.0953581
0.103621
0.111832
0.119977
0.128043
0.136025
0.143914
0.151702
0.159374
0.166913
0.174303
0.181533
0.188596
0.195485
0.202188
0.208692
0.214983
0.221047
0.226875
0.232457
0.237783
0.242839
0.247611
0.252083
0.256244
0.260086
0.263602
0.266786
0.269629
0.27212
0.274248
0.275997
0.277354
0.278308
0.278853
0.27899
0.278725
0.278064
0.277013
0.275576
0.273756
0.271572
0.269045
0.265889
0.261877
-0.163209
-0.167341
-0.170594
-0.173199
-0.175448
-0.17732
-0.178791
-0.179859
-0.180527
-0.180791
-0.180654
-0.180119
-0.17919
-0.177874
-0.176179
-0.174115
-0.171691
-0.168917
-0.165803
-0.162359
-0.15859
-0.154508
-0.150121
-0.145437
-0.140468
-0.135225
-0.129718
-0.123957
-0.117955
-0.111721
-0.105267
-0.0986038
-0.0917459
-0.0847046
-0.0774903
-0.0701129
-0.0625817
-0.0549039
-0.0470876
-0.0391437
-0.0310841
-0.0229201
-0.0146634
-0.00632732
0.0020767
0.0105412
0.0190607
0.0276276
0.0362324
0.0448657
0.0535186
0.0621813
0.0708413
0.0794862
0.0881059
0.0966926
0.105238
0.11373
0.122156
0.130504
0.138764
0.14693
0.154992
0.162936
0.170746
0.178406
0.185904
0.193234
0.200386
0.207349
0.21411
0.220654
0.226967
0.233038
0.238857
0.244411
0.249687
0.25467
0.259346
0.263701
0.267726
0.271413
0.274752
0.277734
0.280347
0.282577
0.28441
0.285831
0.286832
0.287408
0.287561
0.287298
0.286623
0.285543
0.284055
0.282161
0.279883
0.277245
0.27395
0.269765
-0.171522
-0.17583
-0.179222
-0.181939
-0.184285
-0.186236
-0.187768
-0.188878
-0.189566
-0.189831
-0.189674
-0.1891
-0.188113
-0.186722
-0.184934
-0.182762
-0.180214
-0.177302
-0.174035
-0.170424
-0.166476
-0.162203
-0.157614
-0.152721
-0.147534
-0.142066
-0.136328
-0.130331
-0.124085
-0.117604
-0.110898
-0.103979
-0.0968611
-0.0895571
-0.0820767
-0.0744298
-0.0666269
-0.0586762
-0.0505855
-0.0423654
-0.0340285
-0.0255862
-0.0170496
-0.0084307
0.000258626
0.00900974
0.0178164
0.0266712
0.0355649
0.0444873
0.0534292
0.0623811
0.0713317
0.0802689
0.0891821
0.0980623
0.106901
0.115685
0.124404
0.133042
0.141592
0.150045
0.158393
0.166621
0.174714
0.182657
0.190437
0.198047
0.205476
0.212713
0.219744
0.226553
0.233127
0.239452
0.245519
0.251313
0.256822
0.262031
0.266924
0.271487
0.275708
0.279575
0.283079
0.286208
0.288948
0.291286
0.293208
0.2947
0.295755
0.296369
0.296545
0.296287
0.295598
0.29448
0.292931
0.290953
0.288572
0.285815
0.282378
0.278013
-0.180199
-0.184694
-0.188236
-0.191072
-0.193522
-0.195558
-0.197155
-0.198308
-0.199017
-0.199281
-0.199103
-0.198485
-0.197436
-0.195963
-0.194078
-0.19179
-0.189111
-0.186052
-0.182623
-0.178835
-0.174698
-0.170223
-0.165423
-0.160309
-0.154893
-0.149189
-0.143208
-0.136962
-0.130462
-0.123723
-0.116754
-0.109568
-0.102179
-0.0945998
-0.0868413
-0.078913
-0.0708269
-0.0625923
-0.0542169
-0.0457108
-0.0370867
-0.0283563
-0.0195298
-0.0106182
-0.00163372
0.00741387
0.0165176
0.0256702
0.0348623
0.0440834
0.0533238
0.0625743
0.0718247
0.0810638
0.0902802
0.0994642
0.108606
0.117694
0.126714
0.135655
0.144506
0.153258
0.161903
0.170428
0.178818
0.187057
0.195134
0.203037
0.210758
0.218282
0.225596
0.232683
0.239529
0.246122
0.252449
0.258498
0.264254
0.269704
0.274829
0.279613
0.284042
0.288102
0.29178
0.295063
0.297938
0.300391
0.30241
0.303982
0.305099
0.305759
0.305961
0.305707
0.304998
0.303834
0.302215
0.300146
0.297659
0.294783
0.291198
0.286643
-0.189258
-0.193953
-0.197654
-0.200619
-0.203179
-0.205307
-0.206971
-0.20817
-0.2089
-0.209162
-0.208958
-0.208293
-0.207177
-0.205618
-0.203628
-0.201218
-0.198399
-0.195185
-0.191584
-0.187609
-0.183272
-0.178585
-0.173561
-0.168214
-0.162557
-0.156603
-0.150367
-0.143859
-0.137093
-0.130082
-0.122838
-0.115371
-0.107697
-0.09983
-0.0917803
-0.083558
-0.0751764
-0.0666461
-0.0579746
-0.0491712
-0.040249
-0.0312197
-0.0220926
-0.0128779
-0.00358797
0.00576624
0.015177
0.0246372
0.0341376
0.043667
0.0532151
0.0627731
0.0723319
0.0818813
0.0914097
0.100906
0.11036
0.11976
0.129094
0.138347
0.147509
0.156572
0.165526
0.17436
0.18306
0.191609
0.199996
0.208207
0.216233
0.224057
0.231667
0.239045
0.246178
0.253052
0.259655
0.265974
0.271995
0.277701
0.283073
0.288092
0.292741
0.297003
0.300865
0.304313
0.307332
0.309912
0.312038
0.3137
0.314888
0.315597
0.315825
0.315571
0.314834
0.313618
0.311927
0.309767
0.307173
0.304174
0.300432
0.29567
-0.198717
-0.203628
-0.207498
-0.210601
-0.21328
-0.215503
-0.217239
-0.218483
-0.219235
-0.219493
-0.219261
-0.218547
-0.217359
-0.215708
-0.213606
-0.211066
-0.208099
-0.204719
-0.200936
-0.196763
-0.192214
-0.187301
-0.182041
-0.176446
-0.170533
-0.164315
-0.157808
-0.151024
-0.143976
-0.13668
-0.129146
-0.121384
-0.113411
-0.105242
-0.0968876
-0.0883585
-0.0796693
-0.0708314
-0.061852
-0.05274
-0.0435085
-0.0341692
-0.0247307
-0.0152023
-0.00559662
0.00407446
0.0138025
0.0235806
0.0333993
0.0432469
0.0531123
0.0629869
0.0728628
0.0827309
0.0925799
0.102398
0.112173
0.121894
0.131548
0.141123
0.150608
0.159992
0.169267
0.178423
0.187445
0.196317
0.205026
0.213559
0.221902
0.230041
0.237961
0.245645
0.253079
0.260251
0.267147
0.273754
0.280057
0.286035
0.291667
0.296934
0.301815
0.306292
0.31035
0.313974
0.317152
0.319871
0.322117
0.323877
0.325141
0.325901
0.326151
0.325893
0.325127
0.323859
0.322096
0.319847
0.317143
0.314012
0.310096
0.305109
-0.208598
-0.21374
-0.217792
-0.221042
-0.223846
-0.22617
-0.227981
-0.229273
-0.230046
-0.2303
-0.230039
-0.229272
-0.228007
-0.226258
-0.224037
-0.221356
-0.21823
-0.214671
-0.210693
-0.206309
-0.201534
-0.196382
-0.19087
-0.185013
-0.178827
-0.172329
-0.165536
-0.15846
-0.151116
-0.143518
-0.135679
-0.127608
-0.119321
-0.110837
-0.102165
-0.0933172
-0.084309
-0.0751522
-0.0658537
-0.056422
-0.0468704
-0.0372107
-0.0274507
-0.0175988
-0.00766747
0.00233041
0.0123858
0.0224917
0.0326388
0.0428146
0.0530073
0.0632084
0.0734112
0.0836076
0.0937866
0.103935
0.114041
0.124093
0.134078
0.143985
0.153802
0.16352
0.173128
0.182618
0.191974
0.201181
0.210226
0.219093
0.227768
0.236235
0.244479
0.252485
0.260239
0.267727
0.274935
0.281848
0.288448
0.294713
0.300621
0.306149
0.311276
0.315982
0.320252
0.324068
0.327419
0.33029
0.332667
0.334533
0.335876
0.336686
0.336959
0.336697
0.335905
0.33459
0.332759
0.330416
0.327592
0.324311
0.320205
0.314976
-0.218924
-0.224313
-0.22856
-0.231966
-0.234903
-0.237334
-0.239223
-0.240566
-0.241362
-0.241611
-0.241319
-0.240494
-0.239147
-0.237291
-0.23494
-0.232109
-0.22881
-0.22506
-0.220873
-0.216264
-0.211247
-0.20584
-0.200059
-0.193923
-0.187448
-0.180654
-0.173559
-0.166176
-0.158518
-0.150604
-0.142444
-0.134049
-0.125436
-0.116623
-0.107622
-0.0984442
-0.0891058
-0.0796191
-0.0699904
-0.0602282
-0.0503459
-0.0403558
-0.0302646
-0.0200798
-0.00981365
0.000520331
0.0109124
0.0213555
0.0318401
0.0423534
0.052883
0.0634206
0.0739606
0.0844957
0.095015
0.105505
0.115953
0.126346
0.136673
0.146924
0.157086
0.167149
0.177104
0.18694
0.196644
0.2062
0.215593
0.224808
0.233829
0.24264
0.251226
0.259572
0.267664
0.275488
0.283027
0.290264
0.297178
0.303746
0.309944
0.315749
0.321138
0.326091
0.330589
0.334616
0.338155
0.341192
0.343708
0.345686
0.347112
0.347976
0.348276
0.348018
0.347206
0.345847
0.343944
0.341497
0.338536
0.335091
0.33078
0.325293
-0.229715
-0.235371
-0.239828
-0.243399
-0.246478
-0.249022
-0.250995
-0.252391
-0.25321
-0.253454
-0.253127
-0.252239
-0.250802
-0.24883
-0.246339
-0.243343
-0.23986
-0.235905
-0.231493
-0.226642
-0.221368
-0.215689
-0.209622
-0.20319
-0.19641
-0.189303
-0.181889
-0.174182
-0.166196
-0.157948
-0.149452
-0.140718
-0.131764
-0.12261
-0.113266
-0.103746
-0.0940657
-0.0842369
-0.074266
-0.0641615
-0.0539374
-0.043606
-0.0331735
-0.0226461
-0.012036
-0.00135696
0.00938054
0.0201692
0.0309996
0.0418585
0.0527336
0.0636167
0.0745034
0.0853872
0.0962569
0.107098
0.117898
0.128643
0.139325
0.149932
0.160452
0.170875
0.18119
0.191386
0.201451
0.211369
0.221125
0.230703
0.240086
0.249258
0.258205
0.266911
0.275362
0.283541
0.291429
0.299007
0.306252
0.31314
0.319647
0.325748
0.331419
0.336638
0.341385
0.345639
0.349383
0.352597
0.355262
0.357359
0.358874
0.359801
0.360139
0.359892
0.359064
0.357659
0.355673
0.353108
0.349996
0.346376
0.341848
0.336087
-0.240997
-0.246939
-0.251621
-0.255371
-0.258599
-0.261264
-0.263326
-0.264778
-0.265621
-0.265857
-0.265491
-0.264533
-0.262998
-0.2609
-0.258257
-0.255084
-0.251401
-0.247226
-0.242574
-0.237465
-0.231915
-0.225946
-0.219577
-0.212831
-0.205728
-0.19829
-0.190539
-0.182489
-0.174156
-0.165557
-0.156707
-0.147617
-0.138308
-0.128797
-0.119098
-0.109221
-0.0991845
-0.089
-0.0786736
-0.068214
-0.0576358
-0.0469513
-0.0361661
-0.0252858
-0.014322
-0.00328917
0.00780209
0.0189443
0.0301281
0.0413404
0.0525687
0.0638059
0.0750479
0.086289
0.0975177
0.108719
0.11988
0.130988
0.142035
0.15301
0.163901
0.174696
0.185384
0.195954
0.206393
0.216688
0.226821
0.236778
0.246541
0.256094
0.265421
0.274508
0.283337
0.291891
0.300147
0.308084
0.315679
0.322908
0.329744
0.336162
0.342137
0.347644
0.352659
0.357158
0.361122
0.364526
0.367351
0.369579
0.371196
0.372198
0.372584
0.372355
0.371511
0.370049
0.367969
0.365273
0.362002
0.358197
0.353439
0.347383
-0.252793
-0.259045
-0.263969
-0.26791
-0.2713
-0.274093
-0.276248
-0.277759
-0.278626
-0.278851
-0.278441
-0.277407
-0.275764
-0.273529
-0.270721
-0.267358
-0.26346
-0.259048
-0.254138
-0.248752
-0.242908
-0.236629
-0.229938
-0.222858
-0.215413
-0.207624
-0.199515
-0.191102
-0.182401
-0.173432
-0.164209
-0.154747
-0.145065
-0.135183
-0.125112
-0.114864
-0.104457
-0.0939027
-0.0832071
-0.0723794
-0.0614345
-0.0503849
-0.0392356
-0.0279917
-0.0166647
-0.00526939
0.0061836
0.0176871
0.0292322
0.0408059
0.0523961
0.0639958
0.0756017
0.0872083
0.0988043
0.110375
0.121905
0.133386
0.144808
0.156162
0.167435
0.178614
0.189688
0.200645
0.211473
0.222158
0.232685
0.243037
0.253198
0.263151
0.272879
0.282366
0.291594
0.30054
0.309184
0.317502
0.325469
0.333061
0.34025
0.34701
0.353312
0.359129
0.364432
0.369195
0.373393
0.377003
0.380004
0.382378
0.384114
0.385206
0.385648
0.385437
0.384569
0.383042
0.380858
0.378025
0.374589
0.37059
0.365583
0.359206
-0.26513
-0.271716
-0.276902
-0.28105
-0.284613
-0.287543
-0.289798
-0.29137
-0.292261
-0.292472
-0.292012
-0.290893
-0.289132
-0.286748
-0.283761
-0.280192
-0.276062
-0.271394
-0.266206
-0.260521
-0.254362
-0.247752
-0.240716
-0.233281
-0.22547
-0.217308
-0.20882
-0.200023
-0.190934
-0.181575
-0.171962
-0.162109
-0.152038
-0.141769
-0.131311
-0.120678
-0.109886
-0.0989488
-0.0878712
-0.076663
-0.0653397
-0.0539136
-0.0423894
-0.0307719
-0.019073
-0.00730717
0.00451509
0.0163875
0.0283019
0.0402458
0.052207
0.0641785
0.0761572
0.0881379
0.10011
0.112057
0.123967
0.135831
0.147639
0.159383
0.17105
0.182626
0.194098
0.205455
0.216685
0.227776
0.238712
0.249479
0.260056
0.270428
0.280577
0.290485
0.30013
0.309491
0.318544
0.327266
0.335631
0.343611
0.351179
0.358306
0.36496
0.371109
0.376722
0.381768
0.38622
0.390056
0.393253
0.395794
0.397666
0.398858
0.399361
0.399166
0.398269
0.396672
0.394382
0.391409
0.387797
0.383586
0.378305
0.371577
-0.278037
-0.284985
-0.290455
-0.294827
-0.298577
-0.301654
-0.304014
-0.305651
-0.306563
-0.306757
-0.30624
-0.305027
-0.303136
-0.300588
-0.297407
-0.293614
-0.289232
-0.284286
-0.278798
-0.272791
-0.266292
-0.259325
-0.251921
-0.244106
-0.235907
-0.22735
-0.21846
-0.209257
-0.19976
-0.189992
-0.179969
-0.169709
-0.159234
-0.148561
-0.137702
-0.12667
-0.11548
-0.104147
-0.0926744
-0.0810738
-0.0693606
-0.057547
-0.0456375
-0.0336371
-0.0215578
-0.00941394
0.00278501
0.015034
0.0273258
0.0396484
0.0519893
0.0643413
0.0767014
0.0890646
0.10142
0.113754
0.126054
0.13831
0.150516
0.162662
0.174734
0.186719
0.198602
0.210374
0.222022
0.233535
0.244898
0.256097
0.26711
0.277921
0.28851
0.298858
0.308942
0.318741
0.328229
0.337381
0.34617
0.354567
0.362543
0.370064
0.377096
0.383602
0.389547
0.394899
0.39963
0.403716
0.407134
0.409864
0.411888
0.413189
0.413754
0.413574
0.412649
0.410984
0.408588
0.405468
0.401664
0.397218
0.391635
0.384524
-0.291545
-0.298888
-0.304667
-0.309281
-0.313233
-0.316469
-0.318941
-0.320644
-0.321577
-0.321748
-0.321166
-0.319847
-0.317812
-0.315085
-0.311689
-0.307651
-0.302995
-0.297747
-0.291932
-0.285578
-0.278712
-0.271365
-0.263566
-0.255346
-0.246734
-0.237758
-0.228443
-0.218812
-0.208886
-0.198689
-0.188239
-0.177554
-0.166656
-0.155564
-0.144288
-0.132841
-0.121239
-0.109495
-0.0976149
-0.0856088
-0.0734934
-0.0612807
-0.0489754
-0.0365827
-0.0241146
-0.0115847
0.000999025
0.0136327
0.0263101
0.0390191
0.0517472
0.0644871
0.0772357
0.0899886
0.102736
0.115464
0.128161
0.140819
0.153432
0.16599
0.178479
0.190884
0.203193
0.215393
0.227475
0.239427
0.251236
0.262885
0.274354
0.285623
0.296673
0.307482
0.31803
0.328291
0.338241
0.347853
0.357096
0.36594
0.374352
0.382295
0.389732
0.396622
0.402927
0.408614
0.413653
0.418019
0.421684
0.424623
0.426812
0.428231
0.428864
0.428707
0.42776
0.426032
0.423526
0.420243
0.416224
0.411517
0.405607
0.39808
-0.305687
-0.313464
-0.319579
-0.324457
-0.328628
-0.332035
-0.334626
-0.336397
-0.33735
-0.337491
-0.336833
-0.335395
-0.3332
-0.330274
-0.326643
-0.322335
-0.317379
-0.311802
-0.305633
-0.298902
-0.291642
-0.283884
-0.275664
-0.267013
-0.257961
-0.24854
-0.238776
-0.228694
-0.218316
-0.207668
-0.19677
-0.18564
-0.174301
-0.16277
-0.151059
-0.139181
-0.127152
-0.114983
-0.10268
-0.0902551
-0.0777249
-0.0651017
-0.0523902
-0.0395959
-0.0267302
-0.0138057
-0.000828543
0.0121986
0.0252696
0.0383725
0.0514944
0.0646282
0.0777713
0.0909199
0.104065
0.117194
0.130296
0.143363
0.156391
0.169369
0.182285
0.195122
0.207868
0.220511
0.233042
0.24545
0.257721
0.269839
0.281782
0.293529
0.305061
0.316355
0.327391
0.338144
0.348585
0.358686
0.368415
0.377737
0.386615
0.395011
0.402883
0.410187
0.416885
0.422942
0.428324
0.432999
0.436937
0.440105
0.442474
0.444024
0.44474
0.444618
0.44366
0.441868
0.43924
0.435773
0.431516
0.426526
0.42026
0.41228
-0.3205
-0.328753
-0.335239
-0.340404
-0.344813
-0.348404
-0.351122
-0.352964
-0.353932
-0.354036
-0.353291
-0.351717
-0.349343
-0.346195
-0.342303
-0.337699
-0.332413
-0.326476
-0.319922
-0.312784
-0.305098
-0.2969
-0.288228
-0.279115
-0.269595
-0.2597
-0.249461
-0.238901
-0.228048
-0.216926
-0.205556
-0.19396
-0.182159
-0.170171
-0.158007
-0.145681
-0.13321
-0.120601
-0.107862
-0.095006
-0.0820501
-0.0690065
-0.0558799
-0.0426756
-0.0294043
-0.0160769
-0.00269795
0.0107308
0.0242031
0.0377067
0.0512287
0.0647625
0.0783061
0.0918569
0.105406
0.118943
0.132456
0.14594
0.15939
0.172797
0.186148
0.199428
0.212623
0.225722
0.238717
0.251597
0.264348
0.276952
0.289388
0.301634
0.31367
0.325476
0.337027
0.348299
0.359263
0.369885
0.380131
0.389963
0.399341
0.408223
0.416563
0.42432
0.431449
0.437914
0.443674
0.448692
0.452928
0.456347
0.458918
0.460619
0.461438
0.461368
0.460404
0.458541
0.455774
0.452104
0.44759
0.442294
0.435638
0.427159
-0.336027
-0.344804
-0.351695
-0.357176
-0.361843
-0.365633
-0.368487
-0.370401
-0.371381
-0.371438
-0.370591
-0.368864
-0.366287
-0.362891
-0.35871
-0.353778
-0.348128
-0.341798
-0.334823
-0.327243
-0.319097
-0.310425
-0.301267
-0.29166
-0.28164
-0.271242
-0.260498
-0.249434
-0.23808
-0.226459
-0.214595
-0.20251
-0.190228
-0.177763
-0.165129
-0.15234
-0.13941
-0.126349
-0.113163
-0.0998657
-0.0864753
-0.0730034
-0.0594541
-0.0458325
-0.0321483
-0.0184105
-0.00462245
0.00921466
0.0230945
0.0370045
0.0509324
0.0648722
0.0788229
0.0927824
0.106743
0.120694
0.134626
0.148534
0.162415
0.17626
0.190057
0.203791
0.217447
0.231016
0.24449
0.257858
0.271105
0.284214
0.297163
0.30993
0.322495
0.334838
0.346934
0.358756
0.370273
0.381449
0.392245
0.402621
0.412534
0.42194
0.430791
0.439042
0.446647
0.45356
0.459735
0.465128
0.469693
0.473392
0.476195
0.478077
0.479022
0.479016
0.478046
0.476103
0.473183
0.469297
0.464507
0.458876
0.451789
0.442758
-0.352312
-0.361666
-0.369005
-0.374833
-0.379782
-0.383787
-0.386785
-0.388773
-0.389759
-0.389759
-0.388793
-0.38689
-0.384083
-0.380409
-0.375904
-0.370606
-0.364555
-0.357793
-0.35036
-0.342299
-0.333655
-0.324471
-0.314791
-0.304655
-0.294102
-0.283169
-0.27189
-0.260295
-0.248412
-0.236269
-0.223887
-0.211291
-0.198505
-0.185546
-0.172424
-0.159155
-0.145753
-0.132226
-0.118582
-0.104835
-0.0910014
-0.0770933
-0.0631138
-0.0490673
-0.0349626
-0.0208073
-0.00660371
0.00764724
0.0219392
0.0362601
0.0505984
0.0649493
0.0793127
0.0936869
0.108065
0.122436
0.136794
0.151134
0.165454
0.179747
0.194
0.208197
0.222327
0.23638
0.250347
0.264218
0.27798
0.291613
0.305096
0.318407
0.331528
0.344435
0.357105
0.369509
0.381611
0.393375
0.404757
0.415715
0.426203
0.436176
0.445584
0.454377
0.462502
0.469907
0.476538
0.482343
0.487276
0.491294
0.494365
0.49646
0.497552
0.497619
0.496643
0.494614
0.491537
0.487421
0.48233
0.476329
0.468764
0.459121
-0.369405
-0.379399
-0.387233
-0.393442
-0.3987
-0.402937
-0.406087
-0.408149
-0.409135
-0.409062
-0.407957
-0.405851
-0.402783
-0.398794
-0.393926
-0.388221
-0.381727
-0.374489
-0.366555
-0.357972
-0.348788
-0.339052
-0.32881
-0.318108
-0.306986
-0.295485
-0.28364
-0.271483
-0.259046
-0.246353
-0.233428
-0.220298
-0.206987
-0.193512
-0.179884
-0.166119
-0.152229
-0.138223
-0.124108
-0.1099
-0.0956158
-0.0812632
-0.0668451
-0.0523656
-0.0378327
-0.0232531
-0.00862835
0.00604102
0.0207489
0.0354839
0.0502361
0.0650021
0.0797824
0.0945758
0.109376
0.124173
0.138963
0.153741
0.168508
0.183255
0.197972
0.212643
0.227256
0.241805
0.256279
0.270671
0.284964
0.29914
0.313179
0.327059
0.34076
0.354261
0.367535
0.380551
0.393273
0.405659
0.417666
0.429247
0.440357
0.450946
0.460961
0.470346
0.47904
0.486983
0.494115
0.50038
0.505726
0.510111
0.513492
0.515831
0.517091
0.517241
0.516264
0.514155
0.510916
0.506553
0.501129
0.494716
0.48662
0.476297
-0.387363
-0.398068
-0.40645
-0.413078
-0.418674
-0.423161
-0.426472
-0.428608
-0.429583
-0.42942
-0.42815
-0.42581
-0.422443
-0.418097
-0.41282
-0.406663
-0.399678
-0.391917
-0.383434
-0.374281
-0.364512
-0.354179
-0.343333
-0.332024
-0.320297
-0.308193
-0.295748
-0.282998
-0.269974
-0.256703
-0.24321
-0.229521
-0.215663
-0.20165
-0.187497
-0.173218
-0.158825
-0.144326
-0.12973
-0.115052
-0.100307
-0.0855021
-0.0706378
-0.0557182
-0.0407509
-0.0257418
-0.0106916
0.00439962
0.0195262
0.0346782
0.0498473
0.0650314
0.0802321
0.0954486
0.110675
0.125904
0.14113
0.156353
0.171571
0.186779
0.201966
0.217119
0.232227
0.247282
0.262278
0.277203
0.292045
0.306783
0.321399
0.335872
0.350181
0.364303
0.378211
0.391873
0.405249
0.418296
0.430969
0.443221
0.455003
0.466261
0.476937
0.486966
0.496281
0.504815
0.512503
0.519283
0.525101
0.529903
0.533637
0.536253
0.537704
0.537958
0.536997
0.534814
0.531406
0.526771
0.520977
0.514107
0.505422
0.494343
-0.406248
-0.417745
-0.426736
-0.433827
-0.439792
-0.444548
-0.448028
-0.450234
-0.451186
-0.45091
-0.449444
-0.446831
-0.443122
-0.438372
-0.432637
-0.425974
-0.418445
-0.410107
-0.401021
-0.391246
-0.380841
-0.369863
-0.358368
-0.346408
-0.334033
-0.321287
-0.308207
-0.29483
-0.281188
-0.267309
-0.253221
-0.23895
-0.224521
-0.209951
-0.195254
-0.180445
-0.165536
-0.150533
-0.135445
-0.120289
-0.105075
-0.0898097
-0.0744925
-0.0591273
-0.0437214
-0.0282795
-0.0128014
0.00271365
0.0182608
0.0338316
0.0494195
0.0650243
0.0806482
0.0962912
0.111948
0.127613
0.143281
0.158953
0.174628
0.190303
0.205967
0.221609
0.237221
0.252794
0.268323
0.283798
0.299204
0.314524
0.329739
0.344828
0.359771
0.374543
0.389117
0.403458
0.417526
0.431277
0.444664
0.457638
0.470145
0.482128
0.49352
0.50425
0.514246
0.523433
0.531742
0.539104
0.545456
0.550731
0.554865
0.557796
0.559473
0.559862
0.558939
0.55669
0.553099
0.548164
0.541963
0.53459
0.52525
0.513323
-0.426127
-0.438512
-0.44818
-0.455782
-0.46215
-0.467198
-0.470852
-0.473123
-0.474034
-0.473618
-0.471919
-0.468989
-0.464888
-0.459679
-0.453427
-0.446199
-0.438064
-0.429088
-0.419339
-0.408883
-0.397786
-0.386109
-0.373914
-0.361257
-0.348191
-0.334761
-0.321008
-0.306968
-0.292675
-0.27816
-0.26345
-0.248573
-0.233553
-0.218406
-0.203148
-0.187794
-0.172354
-0.156836
-0.141247
-0.125603
-0.109913
-0.0941795
-0.0784031
-0.0625874
-0.0467392
-0.030862
-0.0149542
0.000985675
0.016954
0.032944
0.0489515
0.0649779
0.0810266
0.0970983
0.113188
0.129291
0.145404
0.161528
0.177665
0.193811
0.209958
0.226097
0.242221
0.258323
0.274397
0.290434
0.306421
0.322342
0.338177
0.353906
0.369508
0.38496
0.400232
0.415289
0.43009
0.44459
0.458741
0.47249
0.48578
0.498546
0.510715
0.522212
0.532956
0.54287
0.551875
0.559893
0.566846
0.572655
0.577243
0.580542
0.582493
0.583056
0.582195
0.579882
0.576095
0.570836
0.564192
0.556262
0.546191
0.533311
-0.447081
-0.460463
-0.470888
-0.479054
-0.485863
-0.491223
-0.495059
-0.497384
-0.498231
-0.49764
-0.495664
-0.492364
-0.487812
-0.482079
-0.475244
-0.467382
-0.458571
-0.448888
-0.438408
-0.427206
-0.415354
-0.402922
-0.389973
-0.376568
-0.362763
-0.348606
-0.334138
-0.319399
-0.304423
-0.28924
-0.273882
-0.258375
-0.242742
-0.226999
-0.211163
-0.195248
-0.179265
-0.163219
-0.14712
-0.130978
-0.114802
-0.0985937
-0.082352
-0.0660812
-0.0497874
-0.0334724
-0.0171335
-0.000768262
0.015621
0.0320297
0.0484562
0.0649038
0.0813775
0.0978779
0.114401
0.130942
0.1475
0.164076
0.180675
0.197295
0.213931
0.230573
0.247216
0.263854
0.280483
0.297095
0.313678
0.330215
0.34669
0.363082
0.379371
0.395532
0.411535
0.427346
0.442924
0.458222
0.473189
0.48777
0.501901
0.515512
0.528527
0.540863
0.552436
0.563158
0.572942
0.581695
0.589325
0.59574
0.600852
0.604584
0.60687
0.607651
0.606876
0.604504
0.600515
0.594911
0.587784
0.579238
0.568345
0.55439
-0.469204
-0.483708
-0.49498
-0.503772
-0.511063
-0.516757
-0.520777
-0.523142
-0.523895
-0.523085
-0.520776
-0.517044
-0.511969
-0.505639
-0.498142
-0.489566
-0.48
-0.469531
-0.458246
-0.446227
-0.433554
-0.420301
-0.40654
-0.392333
-0.377739
-0.362806
-0.347581
-0.332103
-0.316409
-0.30053
-0.284495
-0.268333
-0.252065
-0.235708
-0.219278
-0.202788
-0.186248
-0.169664
-0.153044
-0.136397
-0.119729
-0.103039
-0.0863285
-0.0696002
-0.0528592
-0.0361056
-0.0193354
-0.00254539
0.0142637
0.0310897
0.0479339
0.0648019
0.0816994
0.0986273
0.115582
0.132559
0.149559
0.166588
0.18365
0.200746
0.217873
0.235022
0.252189
0.269371
0.286563
0.30376
0.320952
0.338122
0.355256
0.372333
0.389333
0.406233
0.423002
0.439607
0.456006
0.472151
0.487989
0.503459
0.518495
0.533021
0.546957
0.560216
0.572704
0.584327
0.594979
0.604557
0.612951
0.620059
0.625781
0.630028
0.632715
0.633762
0.633102
0.63069
0.626501
0.620533
0.612877
0.603644
0.591827
0.576657
-0.492605
-0.508377
-0.520599
-0.530085
-0.537902
-0.543952
-0.548155
-0.550539
-0.551157
-0.550073
-0.547365
-0.543122
-0.537443
-0.530427
-0.522178
-0.512797
-0.502385
-0.491044
-0.47887
-0.465955
-0.452387
-0.438246
-0.423608
-0.40854
-0.393101
-0.377343
-0.361315
-0.345059
-0.328611
-0.312003
-0.295265
-0.278424
-0.261501
-0.244512
-0.227472
-0.210396
-0.193289
-0.176158
-0.159009
-0.14185
-0.124685
-0.107513
-0.0903315
-0.0731455
-0.0559577
-0.0387666
-0.0215667
-0.00435393
0.0128728
0.0301142
0.0473744
0.0646609
0.0819798
0.099332
0.116714
0.134125
0.151566
0.169045
0.186571
0.204146
0.221765
0.239424
0.25712
0.27485
0.292614
0.310405
0.328217
0.346035
0.363845
0.381628
0.399365
0.417034
0.434604
0.452043
0.469309
0.486351
0.503115
0.519536
0.535544
0.551062
0.566004
0.580276
0.593778
0.606398
0.61802
0.628522
0.637785
0.645692
0.652128
0.656983
0.660146
0.661518
0.66102
0.658599
0.654219
0.647865
0.639629
0.629631
0.616776
0.600231
-0.517421
-0.534627
-0.547916
-0.558172
-0.566562
-0.572984
-0.577361
-0.579732
-0.580163
-0.578735
-0.575546
-0.570703
-0.56432
-0.556516
-0.547409
-0.537119
-0.52576
-0.513449
-0.500293
-0.486396
-0.471852
-0.456748
-0.441164
-0.42517
-0.408829
-0.392194
-0.375317
-0.358241
-0.341003
-0.323636
-0.306168
-0.288625
-0.271026
-0.253389
-0.235728
-0.218053
-0.200371
-0.182685
-0.165001
-0.147326
-0.129661
-0.112003
-0.0943516
-0.0767085
-0.0590752
-0.0414484
-0.0238214
-0.00618857
0.0114531
0.0291073
0.0467808
0.0644822
0.0822177
0.0999887
0.117793
0.135632
0.15351
0.171439
0.189429
0.207481
0.225594
0.243764
0.261989
0.280272
0.298612
0.317006
0.335448
0.353927
0.372429
0.390939
0.409437
0.427903
0.446309
0.464622
0.482798
0.500789
0.518536
0.535973
0.553028
0.56962
0.58566
0.601045
0.615662
0.629389
0.642093
0.65364
0.663896
0.672726
0.679994
0.685561
0.689292
0.691069
0.690799
0.688414
0.683855
0.677091
0.668223
0.657378
0.643357
0.625251
-0.543813
-0.562644
-0.57713
-0.588237
-0.597247
-0.604056
-0.608589
-0.610901
-0.611078
-0.609221
-0.60545
-0.599895
-0.592691
-0.583978
-0.573893
-0.562575
-0.550156
-0.536765
-0.522525
-0.507551
-0.491943
-0.475795
-0.45919
-0.442203
-0.424899
-0.407335
-0.389561
-0.371623
-0.353558
-0.3354
-0.317175
-0.298907
-0.280615
-0.262314
-0.244017
-0.225735
-0.207468
-0.189222
-0.170999
-0.152805
-0.134638
-0.116495
-0.0983745
-0.0802763
-0.0622001
-0.0441406
-0.0260896
-0.00804017
0.0100132
0.0280767
0.0461593
0.0642701
0.0824157
0.100598
0.118818
0.137079
0.155391
0.173767
0.192216
0.210744
0.229348
0.248027
0.266782
0.285618
0.304537
0.323539
0.34262
0.361771
0.38098
0.400234
0.419516
0.438807
0.458081
0.477304
0.496436
0.515426
0.534216
0.552738
0.570919
0.588674
0.605909
0.622512
0.638358
0.653311
0.667228
0.679958
0.691351
0.701248
0.709482
0.715886
0.720301
0.722589
0.722635
0.720339
0.715618
0.708431
0.69888
0.687101
0.671769
0.651887
-0.571972
-0.592648
-0.608478
-0.620522
-0.630199
-0.637401
-0.64206
-0.644251
-0.644085
-0.641691
-0.637216
-0.630816
-0.622653
-0.61289
-0.601689
-0.589208
-0.5756
-0.561009
-0.545572
-0.529415
-0.512648
-0.495369
-0.477664
-0.459613
-0.441283
-0.422734
-0.404015
-0.385172
-0.366243
-0.347261
-0.328252
-0.309237
-0.290234
-0.271256
-0.252314
-0.233413
-0.214556
-0.195745
-0.176982
-0.158269
-0.139603
-0.120978
-0.102393
-0.0838444
-0.0653305
-0.0468433
-0.0283732
-0.00991157
0.00854901
0.0270169
0.0455024
0.0640155
0.0825631
0.101149
0.119778
0.138456
0.157197
0.176015
0.19492
0.213918
0.233008
0.252192
0.271476
0.290864
0.310365
0.329978
0.349704
0.369536
0.389464
0.409477
0.429562
0.449702
0.469873
0.490045
0.510177
0.530218
0.550111
0.56979
0.589179
0.60819
0.626723
0.644656
0.661855
0.678172
0.693451
0.707525
0.720218
0.731342
0.740699
0.748093
0.753341
0.756274
0.75674
0.754602
0.749755
0.74214
0.731861
0.719055
0.702247
0.680347
-0.602132
-0.624904
-0.642242
-0.655313
-0.665696
-0.673287
-0.678023
-0.68001
-0.67939
-0.676324
-0.670995
-0.663591
-0.654306
-0.64333
-0.630853
-0.617056
-0.602115
-0.586189
-0.56943
-0.551976
-0.533945
-0.515441
-0.496554
-0.477365
-0.457944
-0.438352
-0.418639
-0.398849
-0.37902
-0.359183
-0.339364
-0.319583
-0.299853
-0.280185
-0.260587
-0.241062
-0.221611
-0.202232
-0.182929
-0.1637
-0.144538
-0.125438
-0.106393
-0.0874022
-0.0684574
-0.0495491
-0.030666
-0.0117982
0.00706311
0.025928
0.044808
0.0637137
0.082654
0.101635
0.120665
0.139755
0.158918
0.178171
0.197525
0.216985
0.236555
0.256239
0.276046
0.295985
0.316066
0.336293
0.356667
0.377184
0.397839
0.418623
0.439528
0.46054
0.481638
0.502792
0.523965
0.545109
0.566168
0.587076
0.607757
0.628121
0.64806
0.667446
0.686136
0.703972
0.720781
0.736377
0.750553
0.763089
0.773759
0.782335
0.788599
0.792338
0.793352
0.791469
0.786555
0.778527
0.767478
0.753543
0.735079
0.71088
-0.634571
-0.659726
-0.678754
-0.692945
-0.704067
-0.712024
-0.716767
-0.718437
-0.717219
-0.713317
-0.706951
-0.698353
-0.687752
-0.675375
-0.661438
-0.646152
-0.629714
-0.612304
-0.594087
-0.57521
-0.555802
-0.535974
-0.515818
-0.495416
-0.474837
-0.454143
-0.433386
-0.412608
-0.391845
-0.371125
-0.350474
-0.329907
-0.309435
-0.289067
-0.268805
-0.248651
-0.228601
-0.208656
-0.188815
-0.169072
-0.149421
-0.129851
-0.110356
-0.090929
-0.0715607
-0.0522386
-0.0329501
-0.0136843
0.00556886
0.0248207
0.0440841
0.0633714
0.0826935
0.10206
0.121482
0.140974
0.160551
0.180229
0.20002
0.219933
0.239972
0.260147
0.280471
0.300956
0.321614
0.342452
0.363474
0.384678
0.406064
0.427628
0.449366
0.471268
0.493317
0.515486
0.537741
0.560037
0.582322
0.604533
0.626592
0.648408
0.669868
0.69084
0.711173
0.730698
0.749224
0.766539
0.782406
0.796576
0.808787
0.818776
0.826274
0.831012
0.832741
0.831248
0.826359
0.817947
0.806095
0.790928
0.770609
0.743795
-0.669636
-0.697496
-0.71841
-0.733814
-0.745695
-0.753972
-0.75862
-0.759827
-0.757829
-0.752882
-0.745259
-0.735239
-0.723096
-0.709095
-0.693489
-0.676516
-0.658399
-0.639338
-0.619513
-0.59908
-0.578177
-0.556918
-0.535401
-0.513706
-0.491903
-0.47005
-0.4482
-0.426394
-0.404664
-0.383038
-0.361535
-0.340166
-0.318941
-0.297862
-0.27693
-0.256143
-0.235496
-0.214987
-0.194612
-0.174363
-0.154229
-0.134199
-0.114262
-0.0944094
-0.0746267
-0.0549
-0.0352159
-0.0155629
0.00407014
0.0236964
0.0433305
0.062987
0.0826796
0.102421
0.122225
0.142108
0.162086
0.182176
0.202391
0.222743
0.24324
0.263896
0.284727
0.30575
0.326978
0.348421
0.370085
0.391973
0.41409
0.436439
0.45902
0.481828
0.504848
0.52806
0.551433
0.574928
0.598498
0.622082
0.645606
0.668976
0.692079
0.71478
0.736921
0.75832
0.778766
0.798021
0.815821
0.831883
0.845909
0.857583
0.866574
0.872553
0.875217
0.874297
0.869556
0.860819
0.848143
0.831647
0.809258
0.779473
-0.707748
-0.738677
-0.76169
-0.778392
-0.791031
-0.799553
-0.803963
-0.804512
-0.801502
-0.795255
-0.786104
-0.774389
-0.760434
-0.744553
-0.727037
-0.708155
-0.688156
-0.667261
-0.645664
-0.623531
-0.601006
-0.578207
-0.555232
-0.532163
-0.509068
-0.486002
-0.463013
-0.440141
-0.417417
-0.394862
-0.372489
-0.350308
-0.328319
-0.306525
-0.28492
-0.263501
-0.24226
-0.221193
-0.200291
-0.179545
-0.158939
-0.138459
-0.118093
-0.0978245
-0.0776385
-0.057519
-0.0374522
-0.0174262
0.00257209
0.0225578
0.0425482
0.0625604
0.0826107
0.102714
0.122888
0.143147
0.163512
0.183998
0.204621
0.225396
0.246337
0.267461
0.288788
0.310338
0.332124
0.35416
0.376456
0.399021
0.421867
0.445001
0.46843
0.492153
0.51616
0.540437
0.564959
0.589696
0.614606
0.639633
0.664707
0.689737
0.71461
0.73919
0.763313
0.786784
0.809373
0.830818
0.85083
0.869089
0.885245
0.898922
0.909721
0.917248
0.921129
0.921017
0.916598
0.907631
0.894139
0.876227
0.851535
0.818378
-0.749429
-0.783831
-0.809169
-0.827244
-0.840611
-0.849256
-0.853231
-0.852867
-0.848549
-0.840681
-0.829675
-0.815937
-0.799856
-0.781797
-0.762096
-0.741055
-0.718949
-0.696019
-0.672472
-0.648486
-0.624206
-0.599752
-0.575223
-0.550699
-0.526245
-0.501912
-0.477745
-0.453776
-0.430032
-0.406529
-0.383276
-0.360272
-0.337516
-0.315004
-0.292728
-0.270681
-0.248853
-0.227236
-0.205819
-0.184586
-0.163519
-0.142602
-0.121817
-0.101146
-0.08057
-0.0600722
-0.0396388
-0.0192564
0.00108994
0.0214185
0.0417492
0.0621018
0.0824946
0.102945
0.123471
0.14409
0.164822
0.185685
0.206698
0.227879
0.249247
0.270823
0.292631
0.31469
0.337018
0.359631
0.382544
0.405776
0.429342
0.453258
0.477535
0.502175
0.527177
0.552534
0.578232
0.604247
0.630547
0.657083
0.683791
0.710585
0.737357
0.763971
0.790257
0.816011
0.840989
0.864908
0.887449
0.908249
0.926901
0.942959
0.955953
0.965412
0.970866
0.971869
0.968009
0.958961
0.944701
0.925299
0.898061
0.861088
-0.795317
-0.833648
-0.861546
-0.881047
-0.895068
-0.903652
-0.906922
-0.905309
-0.899307
-0.889422
-0.87616
-0.860011
-0.841434
-0.820854
-0.798653
-0.775173
-0.750711
-0.725527
-0.699843
-0.67384
-0.647667
-0.621444
-0.595266
-0.569208
-0.543332
-0.517684
-0.492301
-0.46721
-0.442429
-0.417967
-0.393823
-0.369994
-0.346471
-0.323245
-0.300305
-0.277639
-0.255235
-0.233082
-0.211162
-0.189456
-0.167943
-0.146602
-0.125413
-0.104353
-0.0834027
-0.0625442
-0.0417627
-0.0210432
-0.000367429
0.0202861
0.0409401
0.0616163
0.0823346
0.103114
0.123973
0.144931
0.166009
0.187227
0.208609
0.230177
0.251953
0.273963
0.29623
0.318778
0.341626
0.364795
0.388308
0.412191
0.436466
0.461153
0.486268
0.511821
0.537819
0.564265
0.591156
0.61848
0.646213
0.674317
0.702737
0.731395
0.760192
0.788995
0.817634
0.845898
0.873534
0.90024
0.925664
0.949396
0.970966
0.989858
1.00552
1.01739
1.02486
1.02737
1.0244
1.01549
1.00057
0.979627
0.949593
0.908312
-0.846202
-0.888968
-0.919668
-0.940611
-0.955148
-0.963403
-0.965599
-0.9623
-0.954138
-0.941745
-0.925742
-0.906718
-0.885213
-0.861716
-0.836661
-0.810428
-0.783338
-0.755667
-0.727645
-0.699457
-0.671252
-0.643146
-0.615226
-0.587563
-0.560208
-0.533203
-0.506576
-0.480344
-0.454515
-0.429088
-0.404054
-0.379402
-0.355119
-0.331189
-0.307597
-0.284328
-0.261366
-0.238692
-0.216286
-0.194124
-0.172181
-0.150433
-0.128855
-0.107425
-0.0861193
-0.0649206
-0.0438122
-0.0227762
-0.00179095
0.0191686
0.0401274
0.0611083
0.0821322
0.103219
0.124389
0.145663
0.167064
0.188616
0.210346
0.232279
0.254442
0.276861
0.299563
0.322572
0.345915
0.369617
0.39371
0.418224
0.443188
0.468626
0.494562
0.521014
0.548001
0.575537
0.603632
0.632285
0.661485
0.691206
0.721405
0.752021
0.782965
0.814111
0.845296
0.87631
0.906892
0.936725
0.965422
0.992526
1.01751
1.03978
1.05868
1.07353
1.08358
1.08812
1.08646
1.07803
1.06261
1.04014
1.00706
0.960925
-0.903056
-0.950823
-0.984563
-1.00691
-1.02173
-1.02928
-1.0299
-1.02435
-1.01342
-0.997914
-0.978582
-0.956131
-0.931194
-0.904329
-0.876023
-0.846691
-0.816679
-0.786274
-0.755707
-0.725165
-0.69479
-0.66469
-0.634946
-0.605613
-0.576735
-0.548342
-0.520449
-0.493065
-0.466184
-0.439795
-0.413879
-0.388416
-0.363386
-0.338769
-0.314546
-0.290695
-0.267194
-0.244021
-0.221149
-0.19855
-0.176197
-0.154061
-0.132116
-0.110335
-0.0886972
-0.0671812
-0.0457688
-0.0244383
-0.00316435
0.0180809
0.0393239
0.0605878
0.0818942
0.103264
0.12472
0.146286
0.167985
0.189848
0.211902
0.234176
0.2567
0.279501
0.302608
0.32605
0.349859
0.374068
0.398714
0.423833
0.449458
0.47562
0.502351
0.529681
0.557641
0.58626
0.615557
0.645547
0.676233
0.707605
0.739642
0.772299
0.805502
0.839143
0.873068
0.907075
0.940905
0.974227
1.00663
1.0376
1.06657
1.09285
1.11568
1.1342
1.14753
1.15477
1.15503
1.14752
1.13189
1.10795
1.07158
1.02
-0.967076
-1.02048
-1.05748
-1.08111
-1.09587
-1.10216
-1.10055
-1.092
-1.07755
-1.05817
-1.0348
-1.00827
-0.979322
-0.948577
-0.916578
-0.883772
-0.850525
-0.817127
-0.783809
-0.750748
-0.718074
-0.685882
-0.654238
-0.623186
-0.592752
-0.562951
-0.533786
-0.505249
-0.477324
-0.449984
-0.423202
-0.396948
-0.371195
-0.345918
-0.321089
-0.296683
-0.272671
-0.249025
-0.225712
-0.2027
-0.179959
-0.157458
-0.135169
-0.113064
-0.0911188
-0.0693108
-0.0476184
-0.0260161
-0.00447515
0.0170341
0.0385382
0.0600609
0.0816243
0.103252
0.124968
0.146799
0.168773
0.190921
0.213274
0.235862
0.258717
0.281867
0.305347
0.329192
0.353437
0.378123
0.40329
0.428979
0.455228
0.482077
0.509571
0.537751
0.566661
0.596341
0.626825
0.658143
0.690318
0.723363
0.757279
0.792044
0.827607
0.86388
0.900732
0.937977
0.975364
1.01256
1.04913
1.08454
1.11814
1.14917
1.17672
1.19979
1.21729
1.2281
1.23105
1.22509
1.20968
1.18442
1.14455
1.08687
-1.03974
-1.09949
-1.13997
-1.16464
-1.17879
-1.18308
-1.17833
-1.16583
-1.14688
-1.12273
-1.09447
-1.06309
-1.02945
-0.994257
-0.958083
-0.921404
-0.884596
-0.847947
-0.811676
-0.775941
-0.740853
-0.706488
-0.672889
-0.640083
-0.608076
-0.576866
-0.546436
-0.516763
-0.487812
-0.459546
-0.431925
-0.404911
-0.378468
-0.352563
-0.327163
-0.302235
-0.277745
-0.253656
-0.229931
-0.206535
-0.183434
-0.160597
-0.137992
-0.115591
-0.0933659
-0.0712927
-0.0493453
-0.027495
-0.00571039
0.0160386
0.0377786
0.0595333
0.0813264
0.103184
0.125134
0.147205
0.169428
0.191835
0.214458
0.23733
0.260482
0.283949
0.307769
0.331982
0.356631
0.381757
0.407405
0.433621
0.460451
0.487947
0.516163
0.545156
0.57498
0.605685
0.637324
0.669945
0.703595
0.738316
0.774134
0.811056
0.849057
0.888083
0.928033
0.968751
1.01001
1.05147
1.09271
1.13317
1.17214
1.20877
1.242
1.27067
1.29345
1.30891
1.31559
1.31206
1.29749
1.27124
1.22768
1.16316
-1.1229
-1.18982
-1.23391
-1.2592
-1.27196
-1.2732
-1.26412
-1.24642
-1.22177
-1.1917
-1.15753
-1.12042
-1.08134
-1.04105
-1.00019
-0.959223
-0.918527
-0.878377
-0.838965
-0.800423
-0.762831
-0.726235
-0.690652
-0.65608
-0.622507
-0.589904
-0.558236
-0.527458
-0.497518
-0.468365
-0.439945
-0.412212
-0.385121
-0.35863
-0.332701
-0.307291
-0.28236
-0.257864
-0.233762
-0.210014
-0.186587
-0.163445
-0.140557
-0.117891
-0.0954166
-0.0731061
-0.0509301
-0.0288569
-0.00685443
0.0151075
0.0370552
0.0590132
0.0810075
0.103068
0.125225
0.14751
0.169955
0.192592
0.215453
0.238574
0.261989
0.285738
0.309863
0.334411
0.359424
0.384947
0.41103
0.437725
0.465088
0.493183
0.522076
0.551833
0.582518
0.614198
0.646942
0.680824
0.715919
0.752298
0.790016
0.829113
0.869604
0.911475
0.954672
0.999081
1.0445
1.09064
1.13708
1.18325
1.2284
1.27159
1.31164
1.34717
1.37659
1.39813
1.40989
1.40999
1.39719
1.37044
1.3231
1.25091
-1.21885
-1.2939
-1.34167
-1.3669
-1.37709
-1.37383
-1.35883
-1.33433
-1.30246
-1.26509
-1.22381
-1.17995
-1.13457
-1.08852
-1.04242
-0.996748
-0.951855
-0.907975
-0.865265
-0.823812
-0.783658
-0.744807
-0.707241
-0.670926
-0.635819
-0.601867
-0.569008
-0.537176
-0.506301
-0.476315
-0.447151
-0.418753
-0.391066
-0.364042
-0.337633
-0.311788
-0.28646
-0.261599
-0.237159
-0.213099
-0.189382
-0.165974
-0.142838
-0.119941
-0.0972495
-0.0747312
-0.0523543
-0.030086
-0.00789393
0.0142515
0.0363768
0.0585083
0.0806753
0.102911
0.125248
0.14772
0.170357
0.193191
0.216257
0.239591
0.263234
0.28723
0.311626
0.336468
0.361801
0.387673
0.414139
0.44126
0.469104
0.497746
0.527258
0.557717
0.589197
0.621783
0.655567
0.690652
0.72714
0.765132
0.804716
0.845974
0.888971
0.933749
0.980309
1.02859
1.07846
1.12966
1.18183
1.2344
1.28661
1.33746
1.38564
1.42956
1.46731
1.49672
1.51535
1.52073
1.51101
1.48458
1.43346
1.35266
-1.33054
-1.41487
-1.46623
-1.49029
-1.49624
-1.48646
-1.46341
-1.43004
-1.38904
-1.34271
-1.29291
-1.24114
-1.18855
-1.13601
-1.08413
-1.03336
-0.983996
-0.936205
-0.890085
-0.845668
-0.802938
-0.76185
-0.722344
-0.684344
-0.647771
-0.612541
-0.578566
-0.545754
-0.514017
-0.483269
-0.453432
-0.424436
-0.396219
-0.368722
-0.34189
-0.315665
-0.289991
-0.264812
-0.240079
-0.21575
-0.191787
-0.168152
-0.144808
-0.121716
-0.0988406
-0.0761459
-0.0535986
-0.0311657
-0.0088154
0.0134817
0.0357532
0.0580282
0.0803393
0.102722
0.125212
0.14784
0.170637
0.193634
0.216868
0.240381
0.264217
0.288424
0.31305
0.338142
0.363746
0.389914
0.416709
0.444202
0.472472
0.501597
0.53166
0.562744
0.594939
0.628351
0.663098
0.699306
0.737107
0.776633
0.818014
0.861382
0.906863
0.954563
1.00455
1.05685
1.11139
1.16802
1.22642
1.28611
1.34633
1.40604
1.46386
1.51796
1.56612
1.60568
1.63355
1.64645
1.64172
1.61688
1.56216
1.47164
-1.46179
-1.5568
-1.6114
-1.63256
-1.63178
-1.61267
-1.57872
-1.53383
-1.48137
-1.42409
-1.36416
-1.30321
-1.24243
-1.18268
-1.12452
-1.06831
-1.01425
-0.962429
-0.912858
-0.865486
-0.820229
-0.776981
-0.735624
-0.69604
-0.658108
-0.621707
-0.586719
-0.553028
-0.520523
-0.489105
-0.458679
-0.429167
-0.400495
-0.372597
-0.345408
-0.318864
-0.292899
-0.267456
-0.242482
-0.217932
-0.193769
-0.169951
-0.14644
-0.123192
-0.100167
-0.0773295
-0.0546449
-0.0320809
-0.00960611
0.0128094
0.0351954
0.0575839
0.0800106
0.102513
0.125124
0.147876
0.170798
0.193922
0.217289
0.240945
0.264938
0.289318
0.31413
0.339423
0.365246
0.391656
0.418725
0.446533
0.475163
0.504701
0.535233
0.566855
0.599675
0.63382
0.669432
0.706659
0.745662
0.78661
0.829683
0.87507
0.922964
0.973542
1.02696
1.08333
1.14272
1.20507
1.27019
1.33768
1.40688
1.47677
1.5459
1.6123
1.67339
1.72598
1.76619
1.7897
1.79269
1.7714
1.7136
1.61202
-1.61771
-1.72513
-1.78211
-1.79761
-1.78648
-1.75412
-1.7055
-1.64569
-1.5789
-1.50836
-1.43649
-1.365
-1.29507
-1.22744
-1.16256
-1.10065
-1.04178
-0.985913
-0.93294
-0.882712
-0.835055
-0.789788
-0.746734
-0.705718
-0.666574
-0.629145
-0.593278
-0.558834
-0.525682
-0.493703
-0.462792
-0.432859
-0.40382
-0.375602
-0.34813
-0.321334
-0.295142
-0.269492
-0.244331
-0.219614
-0.1953
-0.171347
-0.14771
-0.124345
-0.101209
-0.0782645
-0.0554785
-0.0328191
-0.0102551
0.0122452
0.034714
0.0571863
0.0796992
0.10229
0.12499
0.147831
0.170841
0.194056
0.217522
0.241287
0.265399
0.289908
0.314859
0.340301
0.366289
0.392887
0.420174
0.448233
0.477152
0.507018
0.537929
0.569995
0.603341
0.638112
0.674468
0.712582
0.752646
0.794871
0.839491
0.886757
0.936928
0.990267
1.04703
1.10747
1.17177
1.24004
1.31226
1.38819
1.46732
1.54874
1.63105
1.71216
1.78922
1.85846
1.91508
1.95343
1.96812
1.95342
1.89361
1.77933
-1.80535
-1.9273
-1.98488
-1.9903
-1.96343
-1.91236
-1.84407
-1.76509
-1.68053
-1.5941
-1.50834
-1.42495
-1.34495
-1.2689
-1.197
-1.12929
-1.06564
-1.00584
-0.949636
-0.896752
-0.846913
-0.799852
-0.755318
-0.713078
-0.67292
-0.634643
-0.598067
-0.563025
-0.529366
-0.496957
-0.465681
-0.435435
-0.406129
-0.37768
-0.350008
-0.323033
-0.296681
-0.270889
-0.2456
-0.220771
-0.196358
-0.172317
-0.1486
-0.125158
-0.10195
-0.0789368
-0.0560873
-0.0333698
-0.0107521
0.0117995
0.0343199
0.0568456
0.0794135
0.102059
0.124814
0.147707
0.170769
0.194042
0.217572
0.241408
0.265598
0.290189
0.315229
0.340769
0.366869
0.3936
0.421042
0.449282
0.478408
0.508514
0.53971
0.572118
0.605877
0.641147
0.678103
0.716945
0.757901
0.801225
0.847203
0.896144
0.948382
1.00428
1.06421
1.12858
1.19774
1.272
1.35156
1.43642
1.52635
1.62065
1.71809
1.81663
1.91323
2.00361
2.08195
2.14099
2.17315
2.16985
2.11013
1.98121
-2.03494
-2.17378
-2.22834
-2.21656
-2.16597
-2.08861
-1.99407
-1.89065
-1.78433
-1.67912
-1.57752
-1.48098
-1.39019
-1.30537
-1.2264
-1.153
-1.08479
-1.02134
-0.962218
-0.907006
-0.855309
-0.806762
-0.76104
-0.717846
-0.676916
-0.638015
-0.60093
-0.565472
-0.531472
-0.498782
-0.467274
-0.436836
-0.407372
-0.37879
-0.351004
-0.32393
-0.297492
-0.271623
-0.24627
-0.221387
-0.196929
-0.172848
-0.149094
-0.125619
-0.102379
-0.0793377
-0.0564638
-0.0337257
-0.0110895
0.0114806
0.0340211
0.0565684
0.0791579
0.101823
0.124596
0.147505
0.170587
0.193882
0.217439
0.241307
0.26553
0.290156
0.315235
0.340823
0.366982
0.393786
0.421315
0.449657
0.478904
0.509159
0.54054
0.573177
0.607222
0.642843
0.680236
0.719627
0.761277
0.805481
0.852571
0.902915
0.956932
1.01509
1.0779
1.14593
1.21972
1.29983
1.38676
1.48085
1.58223
1.69062
1.80514
1.92402
2.04429
2.16129
2.26823
2.35596
2.41409
2.42984
2.37425
2.2286
-2.32204
-2.47975
-2.52411
-2.48349
-2.39727
-2.28314
-2.15394
-2.01974
-1.88721
-1.76028
-1.64106
-1.53042
-1.42847
-1.33489
-1.2491
-1.17041
-1.0981
-1.0315
-0.969962
-0.912895
-0.859779
-0.81015
-0.763604
-0.719783
-0.678376
-0.639112
-0.601751
-0.566084
-0.531926
-0.499119
-0.467524
-0.437026
-0.407519
-0.378908
-0.3511
-0.32401
-0.29756
-0.271685
-0.246333
-0.221455
-0.197005
-0.172934
-0.14919
-0.125724
-0.102494
-0.0794648
-0.0566055
-0.0338834
-0.0112631
0.0112929
0.0338212
0.0563564
0.0789322
0.101581
0.124336
0.147228
0.170295
0.193578
0.217123
0.240979
0.26519
0.289803
0.314873
0.340456
0.366618
0.39343
0.420973
0.449337
0.478619
0.508926
0.540383
0.573127
0.607313
0.643123
0.680772
0.72051
0.762623
0.807441
0.855339
0.906748
0.962171
1.02218
1.08744
1.15867
1.23665
1.32223
1.41627
1.51955
1.63271
1.75608
1.88943
2.03159
2.18004
2.33018
2.47449
2.60186
2.69844
2.74553
2.70191
2.53802
-2.69173
-2.86768
-2.88758
-2.79907
-2.65962
-2.4945
-2.32008
-2.14788
-1.98453
-1.83325
-1.69511
-1.56999
-1.45708
-1.35527
-1.26334
-1.18012
-1.10449
-1.03548
-0.972199
-0.9139
-0.859925
-0.809711
-0.762777
-0.718713
-0.677165
-0.637832
-0.600454
-0.564804
-0.530688
-0.497939
-0.466414
-0.435991
-0.406561
-0.378026
-0.350291
-0.323271
-0.296888
-0.27108
-0.245792
-0.220978
-0.19659
-0.172577
-0.148889
-0.125476
-0.102298
-0.0793217
-0.0565147
-0.0338441
-0.0112733
0.0112355
0.0337177
0.0562058
0.078732
0.10133
0.124032
0.146874
0.16989
0.193123
0.216617
0.240418
0.264571
0.289127
0.314138
0.339663
0.365766
0.392518
0.420001
0.448305
0.477531
0.507789
0.539205
0.571919
0.606093
0.64192
0.679628
0.719482
0.761792
0.806912
0.855259
0.907325
0.963689
1.02503
1.09213
1.16591
1.24738
1.33773
1.43821
1.55016
1.6749
1.8136
1.96701
2.13508
2.31634
2.507
2.69954
2.88131
3.03468
3.13306
3.1166
2.93586
-3.18708
-3.37164
-3.33865
-3.17106
-2.95272
-2.71786
-2.48572
-2.2679
-2.06965
-1.89224
-1.7349
-1.59586
-1.47299
-1.36415
-1.26733
-1.18077
-1.10293
-1.0325
-0.968366
-0.909609
-0.855448
-0.805231
-0.758412
-0.714535
-0.673218
-0.634137
-0.597017
-0.561625
-0.527759
-0.495249
-0.463951
-0.433742
-0.404511
-0.376159
-0.348593
-0.321729
-0.295493
-0.269821
-0.244663
-0.21997
-0.195696
-0.171791
-0.148204
-0.124888
-0.101803
-0.0789174
-0.056199
-0.0336146
-0.0111269
0.0113007
0.0337019
0.0561078
0.0785499
0.101062
0.12368
0.146436
0.169367
0.192512
0.215913
0.239617
0.263669
0.288119
0.313021
0.338432
0.364414
0.391037
0.418384
0.446545
0.47562
0.505721
0.536972
0.569515
0.603515
0.639173
0.676723
0.71644
0.758645
0.803716
0.852102
0.904343
0.961082
1.02309
1.09126
1.1667
1.25068
1.34469
1.45045
1.56993
1.70526
1.85873
2.03247
2.22817
2.44635
2.68526
2.93884
3.19433
3.43105
3.61305
3.65364
3.46713
-3.88628
-4.04334
-3.90055
-3.60346
-3.27008
-2.94223
-2.63896
-2.36889
-2.13333
-1.92987
-1.75468
-1.60367
-1.47295
-1.35914
-1.25934
-1.17113
-1.09254
-1.02196
-0.958054
-0.899753
-0.846178
-0.796608
-0.750454
-0.707231
-0.666539
-0.628045
-0.591471
-0.556581
-0.523175
-0.491087
-0.460173
-0.430314
-0.401401
-0.373338
-0.346036
-0.319413
-0.293399
-0.267934
-0.242966
-0.218451
-0.194343
-0.170593
-0.147152
-0.123975
-0.101023
-0.0782653
-0.0556709
-0.033207
-0.0108369
0.011475
0.033761
0.0560507
0.0783754
0.100769
0.123268
0.145905
0.168713
0.191731
0.215
0.238565
0.262472
0.286769
0.311509
0.336749
0.362548
0.388973
0.416106
0.444038
0.472867
0.502699
0.533656
0.565879
0.599537
0.634828
0.671988
0.71129
0.753061
0.797694
0.845658
0.897521
0.953971
1.01584
1.08414
1.16012
1.24526
1.34138
1.45065
1.57569
1.71958
1.88589
2.07861
2.30186
2.55936
2.85323
3.18153
3.53462
3.89193
4.20956
4.36628
4.21292
-4.93181
-4.95777
-4.59524
-4.09044
-3.594
-3.14713
-2.76108
-2.43547
-2.16372
-1.93733
-1.74812
-1.58894
-1.45388
-1.33815
-1.23796
-1.15028
-1.07276
-1.00352
-0.941082
-0.884257
-0.832109
-0.783883
-0.738971
-0.696882
-0.657216
-0.619647
-0.583902
-0.549754
-0.517014
-0.485521
-0.455143
-0.425764
-0.397284
-0.369611
-0.342663
-0.316363
-0.290645
-0.265451
-0.240733
-0.216449
-0.192557
-0.169009
-0.145757
-0.122759
-0.0999777
-0.0773835
-0.0549482
-0.0326395
-0.0104213
0.0117415
0.0338795
0.0560207
0.0781955
0.100438
0.122784
0.145266
0.167917
0.190771
0.213868
0.237252
0.260968
0.285065
0.309593
0.334604
0.360155
0.386312
0.413156
0.440773
0.469255
0.498703
0.529235
0.560991
0.594132
0.62885
0.665372
0.703967
0.744958
0.788736
0.835772
0.886641
0.942053
1.00288
1.07019
1.14533
1.22996
1.32615
1.43647
1.56416
1.71324
1.88869
2.09663
2.34432
2.64004
2.99219
3.40705
3.88437
4.41163
4.94513
5.33097
5.31948
-6.58124
-6.21366
-5.43442
-4.61129
-3.89362
-3.30272
-2.82797
-2.44994
-2.14853
-1.90647
-1.71
-1.54849
-1.41392
-1.30021
-1.20278
-1.11818
-1.04374
-0.977468
-0.917784
-0.863478
-0.813599
-0.7674
-0.724286
-0.683786
-0.645522
-0.609187
-0.57453
-0.541343
-0.509452
-0.478713
-0.449003
-0.420221
-0.392275
-0.365082
-0.338569
-0.312663
-0.287303
-0.262438
-0.238023
-0.21402
-0.190388
-0.167084
-0.144061
-0.121277
-0.0987001
-0.0763034
-0.0540605
-0.0319396
-0.00990435
0.0120794
0.0340399
0.0560026
0.0779962
0.100056
0.122218
0.144515
0.166975
0.189629
0.212516
0.235679
0.259165
0.283018
0.307284
0.332011
0.357254
0.383079
0.409562
0.436781
0.46482
0.493775
0.52376
0.554905
0.587359
0.621301
0.656946
0.694547
0.734412
0.776913
0.822505
0.87175
0.92534
0.984142
1.04925
1.12204
1.20424
1.29808
1.40643
1.53296
1.6825
1.86136
2.07785
2.3428
2.67021
3.07756
3.58508
4.21224
4.96905
5.83142
6.64719
7.0481
-9.41026
-7.93332
-6.36945
-5.09239
-4.10232
-3.35746
-2.80391
-2.38931
-2.07372
-1.8291
-1.6358
-1.48005
-1.35215
-1.24516
-1.1541
-1.07531
-1.00609
-0.944423
-0.888781
-0.838001
-0.791187
-0.747646
-0.706835
-0.668332
-0.631801
-0.596972
-0.563627
-0.531585
-0.500699
-0.470844
-0.441917
-0.413829
-0.386503
-0.359867
-0.333854
-0.308402
-0.283455
-0.258967
-0.234901
-0.211221
-0.18789
-0.164866
-0.142104
-0.119568
-0.0972271
-0.0750598
-0.0530402
-0.0311357
-0.00931034
0.0124678
0.034223
0.0559781
0.077762
0.0996113
0.121563
0.143645
0.165882
0.188302
0.210943
0.233852
0.25707
0.280637
0.304593
0.328986
0.353869
0.379303
0.405356
0.432098
0.459607
0.487971
0.517293
0.54769
0.579296
0.612274
0.646814
0.683146
0.721551
0.762368
0.806012
0.852999
0.903981
0.959773
1.02141
1.09022
1.16791
1.25671
1.35952
1.48024
1.62412
1.79835
2.01294
2.282
2.62555
3.07215
3.66233
4.44952
5.48841
6.81867
8.4392
9.98039
-14.9211
-10.1871
-7.05417
-5.21432
-3.99443
-3.16349
-2.59468
-2.19364
-1.90052
-1.67935
-1.50766
-1.37081
-1.25906
-1.16575
-1.08622
-1.01714
-0.956098
-0.901326
-0.851504
-0.805645
-0.762998
-0.722994
-0.685194
-0.649261
-0.614932
-0.581996
-0.550285
-0.519662
-0.490012
-0.46124
-0.433268
-0.406027
-0.379455
-0.353495
-0.328091
-0.303189
-0.278744
-0.254718
-0.231078
-0.207794
-0.18483
-0.162147
-0.139707
-0.117475
-0.0954285
-0.0735461
-0.051802
-0.0301633
-0.00859621
0.0129266
0.0344257
0.0559227
0.0774482
0.0990395
0.12073
0.142543
0.164498
0.186625
0.208964
0.231557
0.25444
0.277646
0.301213
0.325188
0.349619
0.374561
0.400071
0.426212
0.453049
0.480661
0.509138
0.538576
0.569089
0.600809
0.633902
0.668558
0.70501
0.743539
0.784497
0.828321
0.87556
0.926915
0.983278
1.04581
1.116
1.19585
1.28797
1.39594
1.52468
1.68113
1.87538
2.12242
2.44524
2.88048
3.48899
4.36739
5.6465
7.55897
10.7803
15.6229
-24.2052
-12.3914
-6.77972
-4.50382
-3.30411
-2.58217
-2.12844
-1.82443
-1.60703
-1.44381
-1.3166
-1.21429
-1.1297
-1.05802
-0.995891
-0.940942
-0.891459
-0.846194
-0.804235
-0.764907
-0.72771
-0.692272
-0.658317
-0.625635
-0.594068
-0.563492
-0.533808
-0.504936
-0.476808
-0.449368
-0.422569
-0.396368
-0.370723
-0.345593
-0.320936
-0.296713
-0.272887
-0.249431
-0.226319
-0.203524
-0.181016
-0.158759
-0.13672
-0.114872
-0.093195
-0.071669
-0.0502685
-0.0289627
-0.00772185
0.0134768
0.0346513
0.0558236
0.0770252
0.0982911
0.11965
0.14112
0.16272
0.184479
0.206436
0.228628
0.251084
0.273832
0.296909
0.320355
0.344217
0.368535
0.393355
0.41873
0.444717
0.471377
0.498777
0.52699
0.556102
0.586213
0.617442
0.649924
0.683828
0.719355
0.756756
0.796344
0.838515
0.883776
0.932783
0.986381
1.04568
1.11213
1.1877
1.27502
1.37769
1.50088
1.6521
1.84288
2.0919
2.43217
2.92748
3.69921
4.9662
7.33656
13.0634
24.9981
)
;

boundaryField
{
    movingWall
    {
        type            zeroGradient;
    }
    fixedWalls
    {
        type            zeroGradient;
    }
    frontAndBack
    {
        type            empty;
    }
}


// ************************************************************************* //
