/*--------------------------------*- C++ -*----------------------------------*\
| =========                 |                                                 |
| \\      /  F ield         | OpenFOAM: The Open Source CFD Toolbox           |
|  \\    /   O peration     | Version:  2212                                  |
|   \\  /    A nd           | Website:  www.openfoam.com                      |
|    \\/     M anipulation  |                                                 |
\*---------------------------------------------------------------------------*/
FoamFile
{
    version     2.0;
    format      ascii;
    arch        "LSB;label=32;scalar=64";
    class       volScalarField;
    location    "0.0085";
    object      p;
}
// * * * * * * * * * * * * * * * * * * * * * * * * * * * * * * * * * * * * * //

dimensions      [0 2 -2 0 0 0 0];

internalField   nonuniform List<scalar> 
10000
(
2.26446e-08
-0.000964388
-0.00258817
-0.00432546
-0.00594208
-0.00748601
-0.0089499
-0.0103152
-0.0115653
-0.0126874
-0.0136703
-0.0145042
-0.0151817
-0.0156976
-0.0160477
-0.0162292
-0.0162414
-0.0160855
-0.0157634
-0.0152771
-0.0146282
-0.0138192
-0.0128537
-0.0117368
-0.0104735
-0.00906825
-0.00752494
-0.00584764
-0.00404135
-0.00211157
-6.38565e-05
0.00209661
0.00436503
0.00673645
0.00920546
0.0117665
0.0144141
0.0171422
0.0199448
0.0228158
0.0257493
0.0287392
0.0317794
0.0348642
0.0379881
0.0411455
0.0443308
0.0475384
0.0507631
0.0539999
0.0572431
0.0604868
0.0637255
0.0669543
0.0701681
0.0733617
0.0765291
0.0796641
0.0827609
0.0858139
0.0888178
0.091767
0.0946552
0.0974764
0.100224
0.102893
0.105478
0.107972
0.110371
0.112668
0.114857
0.116935
0.118895
0.120733
0.122443
0.124022
0.125463
0.126762
0.127914
0.128917
0.129765
0.130459
0.130994
0.131371
0.131589
0.13165
0.131555
0.13131
0.130922
0.130402
0.129762
0.129021
0.128202
0.127332
0.12645
0.125602
0.124843
0.124244
0.123888
0.123816
-0.000804254
-0.00169425
-0.0029881
-0.00438452
-0.00575404
-0.00708083
-0.00835013
-0.00954262
-0.0106397
-0.0116266
-0.0124909
-0.0132225
-0.013813
-0.0142567
-0.014549
-0.0146863
-0.0146663
-0.0144881
-0.0141526
-0.0136615
-0.0130164
-0.0122192
-0.0112722
-0.0101791
-0.00894411
-0.00757155
-0.0060653
-0.00442932
-0.00266763
-0.000785022
0.001213
0.00332127
0.00553512
0.00784955
0.0102593
0.0127593
0.0153446
0.0180094
0.0207475
0.0235528
0.0264194
0.0293415
0.032313
0.0353287
0.0383832
0.041471
0.0445862
0.0477234
0.0508773
0.054043
0.057215
0.0603875
0.0635552
0.0667129
0.0698559
0.0729788
0.0760758
0.0791408
0.082168
0.0851522
0.0880879
0.0909696
0.0937914
0.096547
0.0992308
0.101837
0.10436
0.106796
0.109137
0.111379
0.113517
0.115545
0.117459
0.119255
0.120926
0.12247
0.123881
0.125155
0.126288
0.127278
0.128122
0.128819
0.129367
0.129766
0.130017
0.130122
0.130085
0.129911
0.129607
0.129186
0.12866
0.128047
0.127368
0.12665
0.125925
0.125232
0.124615
0.124125
0.123824
0.123751
-0.00170939
-0.00237658
-0.00333666
-0.00445562
-0.00561734
-0.00677134
-0.00788952
-0.00894864
-0.00992771
-0.01081
-0.0115822
-0.0122335
-0.0127551
-0.0131405
-0.013385
-0.013485
-0.0134374
-0.01324
-0.0128925
-0.0123956
-0.0117512
-0.0109612
-0.0100271
-0.00895144
-0.00773776
-0.00639003
-0.00491202
-0.00330765
-0.00158082
0.000264444
0.00222334
0.0042908
0.00646187
0.00873155
0.0110948
0.0135468
0.0160829
0.0186975
0.0213845
0.0241378
0.0269517
0.0298201
0.0327373
0.035698
0.0386972
0.0417295
0.044789
0.04787
0.0509675
0.0540762
0.0571911
0.0603065
0.0634172
0.0665182
0.0696047
0.0726714
0.0757124
0.0787218
0.0816939
0.0846235
0.0875051
0.0903332
0.0931019
0.0958055
0.0984382
0.100995
0.10347
0.105858
0.108154
0.110353
0.112449
0.114438
0.116316
0.118077
0.119718
0.121235
0.122622
0.123878
0.124998
0.125979
0.126821
0.127522
0.128082
0.1285
0.128778
0.128919
0.128927
0.128808
0.12857
0.128223
0.12778
0.127258
0.126677
0.126059
0.125434
0.124832
0.124289
0.123845
0.123544
0.123413
-0.0022563
-0.00279401
-0.00356389
-0.00449374
-0.00550007
-0.00652302
-0.00752525
-0.00848048
-0.00936659
-0.0101658
-0.0108644
-0.0114512
-0.0119171
-0.0122549
-0.0124593
-0.0125266
-0.012454
-0.0122391
-0.0118803
-0.0113778
-0.0107325
-0.00994603
-0.0090205
-0.0079579
-0.00676076
-0.00543229
-0.00397626
-0.00239662
-0.000697127
0.00111844
0.00304562
0.00507974
0.00721615
0.00944984
0.0117757
0.014189
0.0166853
0.0192589
0.0219039
0.0246145
0.0273851
0.0302099
0.0330829
0.0359988
0.0389527
0.0419393
0.044953
0.047988
0.051039
0.0541009
0.0571687
0.0602371
0.063301
0.0663554
0.0693956
0.0724162
0.0754116
0.0783758
0.0813031
0.0841881
0.0870256
0.0898098
0.0925351
0.0951959
0.0977868
0.100302
0.102738
0.105087
0.107346
0.10951
0.111572
0.11353
0.115377
0.117111
0.118727
0.120222
0.121591
0.122832
0.123942
0.124919
0.12576
0.126466
0.127035
0.12747
0.127771
0.127941
0.127985
0.12791
0.127722
0.127431
0.12705
0.126592
0.126076
0.125522
0.124953
0.124396
0.12388
0.123436
0.123087
0.122845
-0.00237224
-0.00294169
-0.00364706
-0.00446907
-0.00536848
-0.00629296
-0.00720357
-0.00807358
-0.00888157
-0.00960973
-0.0102442
-0.0107743
-0.0111909
-0.0114866
-0.0116555
-0.0116931
-0.0115967
-0.0113641
-0.0109938
-0.010485
-0.0098379
-0.00905378
-0.00813438
-0.00708183
-0.00589852
-0.00458687
-0.00314993
-0.0015915
8.46116e-05
0.00187468
0.00377438
0.00577924
0.00788493
0.0100867
0.0123795
0.0147587
0.0172198
0.0197572
0.0223649
0.0250374
0.0277694
0.0305551
0.0333887
0.0362646
0.0391782
0.0421242
0.0450967
0.0480902
0.0510994
0.0541194
0.0571453
0.0601717
0.0631937
0.0662065
0.0692053
0.0721851
0.07514
0.0780641
0.0809516
0.0837971
0.0865953
0.0893407
0.0920277
0.0946507
0.0972044
0.0996836
0.102083
0.104399
0.106625
0.108757
0.11079
0.112719
0.11454
0.116249
0.117843
0.119319
0.120673
0.121902
0.123003
0.123975
0.124817
0.125527
0.126106
0.126555
0.126876
0.127072
0.127148
0.12711
0.126963
0.126718
0.126385
0.125976
0.125507
0.124996
0.124461
0.123923
0.123406
0.122935
0.122511
0.122127
-0.00223347
-0.00289696
-0.0036108
-0.00438703
-0.00522349
-0.0060809
-0.00692403
-0.00772804
-0.00847328
-0.00914317
-0.00972406
-0.0102054
-0.0105788
-0.0108371
-0.0109744
-0.010986
-0.0108681
-0.0106186
-0.0102363
-0.00972037
-0.00907045
-0.00828728
-0.00737223
-0.00632718
-0.00515444
-0.0038563
-0.00243537
-0.000895003
0.000761346
0.00252999
0.00440656
0.0063866
0.00846596
0.0106401
0.0129043
0.015254
0.0176845
0.0201904
0.0227658
0.0254052
0.0281033
0.0308546
0.0336534
0.0364943
0.0393725
0.0422826
0.0452189
0.0481757
0.051148
0.0541311
0.0571201
0.0601098
0.0630953
0.0660717
0.0690346
0.0719789
0.0748986
0.0777877
0.0806405
0.0834516
0.0862158
0.0889276
0.0915815
0.0941719
0.0966935
0.0991413
0.10151
0.103796
0.105994
0.108098
0.110105
0.112009
0.113808
0.115497
0.117072
0.118532
0.119873
0.121091
0.122186
0.123155
0.123997
0.124711
0.125299
0.125761
0.126099
0.126317
0.126419
0.12641
0.126297
0.126086
0.125789
0.125415
0.124977
0.12449
0.123969
0.12343
0.122892
0.122375
0.121859
0.121319
-0.00194495
-0.00272789
-0.00349018
-0.0042637
-0.00507355
-0.00589211
-0.00669043
-0.007447
-0.00814452
-0.00876855
-0.0093066
-0.00974819
-0.0100852
-0.0103111
-0.0104204
-0.0104084
-0.0102714
-0.0100067
-0.00961267
-0.00908875
-0.00843472
-0.00765102
-0.0067385
-0.00569863
-0.00453349
-0.00324536
-0.00183673
-0.000310664
0.00132969
0.00308079
0.00493834
0.00689798
0.00895568
0.0111071
0.0133473
0.0156721
0.0180768
0.0205561
0.0231041
0.0257153
0.0283847
0.0311066
0.0338755
0.0366862
0.0395339
0.0424131
0.0453182
0.0482437
0.0511844
0.054136
0.0570936
0.060052
0.0630064
0.0659522
0.0688848
0.0717989
0.0746888
0.0775484
0.080372
0.0831541
0.0858898
0.0885736
0.0912
0.0937633
0.0962581
0.0986795
0.101023
0.103284
0.105457
0.107539
0.109524
0.111408
0.113188
0.11486
0.116421
0.117868
0.119198
0.120409
0.121498
0.122464
0.123307
0.124025
0.12462
0.125092
0.125445
0.125681
0.125803
0.125817
0.125727
0.125541
0.125267
0.124914
0.124492
0.124014
0.123491
0.122935
0.122361
0.121785
0.121168
0.120472
-0.00158347
-0.0024929
-0.00332305
-0.00412052
-0.00493034
-0.00573304
-0.00650583
-0.00723142
-0.00789521
-0.00848453
-0.00898887
-0.00939887
-0.00970646
-0.0099053
-0.00999031
-0.00995726
-0.00980267
-0.00952376
-0.00911867
-0.00858653
-0.00792725
-0.00714126
-0.00622926
-0.00519235
-0.00403228
-0.00275109
-0.00135119
0.000164409
0.00179263
0.0035301
0.00537262
0.00731599
0.00935632
0.0114893
0.0137104
0.016015
0.0183987
0.020856
0.0233812
0.025969
0.0286144
0.0313119
0.0340559
0.0368412
0.0396631
0.0425165
0.0453955
0.0482947
0.0512093
0.0541348
0.0570663
0.059999
0.062928
0.0658486
0.0687563
0.0716457
0.074511
0.0773463
0.0801458
0.0829044
0.085617
0.0882782
0.0908824
0.0934238
0.0958969
0.0982969
0.100619
0.10286
0.105014
0.107077
0.109045
0.110914
0.112679
0.114338
0.115888
0.117325
0.118647
0.119851
0.120937
0.121901
0.122744
0.123466
0.124067
0.124548
0.124911
0.12516
0.125297
0.125325
0.125251
0.12508
0.124819
0.124476
0.124058
0.123576
0.123038
0.122453
0.121834
0.121192
0.120472
0.119625
-0.001203
-0.00223779
-0.00314404
-0.00398073
-0.00480837
-0.00561244
-0.00637522
-0.00708361
-0.00772581
-0.00829093
-0.00876986
-0.00915489
-0.00943892
-0.00961575
-0.0096804
-0.00962897
-0.00945837
-0.0091661
-0.0087503
-0.0082099
-0.00754464
-0.00675493
-0.00584142
-0.00480512
-0.00364757
-0.00237053
-0.000976228
0.00053236
0.00215216
0.00387982
0.00571125
0.00764237
0.00966949
0.0117885
0.0139946
0.0162836
0.0186509
0.0210909
0.023598
0.026167
0.0287931
0.031471
0.0341949
0.0369597
0.0397609
0.0425933
0.0454514
0.0483298
0.0512235
0.0541283
0.0570394
0.059952
0.0628611
0.065762
0.06865
0.0715199
0.0743658
0.0771818
0.0799624
0.0827026
0.0853973
0.088041
0.090628
0.0931523
0.0956085
0.0979919
0.100298
0.102523
0.104663
0.106712
0.108667
0.110524
0.112279
0.113928
0.11547
0.1169
0.118216
0.119416
0.120499
0.121463
0.122307
0.123031
0.123636
0.124124
0.124495
0.124751
0.124897
0.124935
0.124869
0.124705
0.124448
0.124104
0.12368
0.123184
0.122623
0.122001
0.12133
0.120619
0.1198
0.11881
-0.000840979
-0.00199679
-0.0029818
-0.00386588
-0.00472277
-0.0055406
-0.00630524
-0.0070074
-0.00763789
-0.00818787
-0.00864932
-0.00901561
-0.00928092
-0.00943987
-0.00948771
-0.0094207
-0.00923596
-0.00893126
-0.008505
-0.00795618
-0.00728442
-0.00648993
-0.00557327
-0.00453541
-0.00337786
-0.00210223
-0.000710596
0.000794117
0.00240884
0.00413025
0.00595432
0.00787714
0.00989515
0.0120043
0.0141999
0.0164775
0.0188326
0.0212599
0.0237535
0.0263086
0.0289203
0.0315832
0.0342919
0.0370413
0.039827
0.0426439
0.0454865
0.0483493
0.0512277
0.0541174
0.0570138
0.0599118
0.0628066
0.0656932
0.0685669
0.0714224
0.074254
0.0770559
0.0798227
0.0825495
0.0852311
0.0878621
0.0904365
0.0929484
0.0953924
0.0977638
0.100059
0.102273
0.104402
0.106442
0.108388
0.110237
0.111985
0.113629
0.115165
0.116591
0.117904
0.119102
0.120183
0.121147
0.121992
0.122719
0.123327
0.123818
0.124193
0.124455
0.124604
0.124645
0.124581
0.124417
0.124156
0.123805
0.123368
0.122851
0.122259
0.121596
0.12087
0.120091
0.119176
0.118055
-0.000524843
-0.00179556
-0.00285912
-0.00379445
-0.00468728
-0.00552762
-0.00630312
-0.0070075
-0.00763418
-0.00817623
-0.00862692
-0.00898035
-0.0092316
-0.00937627
-0.00941029
-0.00933017
-0.00913318
-0.00881727
-0.00838106
-0.00782371
-0.00714489
-0.00634471
-0.00542359
-0.00438242
-0.00322263
-0.00194585
-0.000554131
0.000949604
0.00256233
0.0042808
0.00610106
0.00801932
0.0100322
0.0121355
0.0143245
0.016595
0.0189423
0.0213613
0.0238462
0.026392
0.028994
0.031647
0.0343456
0.0370848
0.0398603
0.0426672
0.0454998
0.0483528
0.0512216
0.054102
0.0569894
0.0598787
0.0627647
0.0656424
0.0685072
0.0713537
0.0741762
0.0769692
0.0797272
0.0824455
0.0851188
0.0877416
0.0903079
0.0928119
0.0952483
0.0976125
0.0999004
0.102108
0.104232
0.106266
0.108208
0.110053
0.111798
0.113439
0.114973
0.116398
0.11771
0.118908
0.119989
0.120954
0.1218
0.122528
0.123138
0.123631
0.124007
0.12427
0.12442
0.12446
0.124393
0.124222
0.123953
0.123588
0.123132
0.122589
0.121962
0.121255
0.120475
0.119628
0.118624
0.117383
-0.000275295
-0.00165376
-0.00279393
-0.00378201
-0.00471426
-0.00558251
-0.00637565
-0.00708903
-0.00771819
-0.00825801
-0.00870323
-0.0090488
-0.00929037
-0.00942428
-0.00944721
-0.00935614
-0.00914859
-0.00882271
-0.00837729
-0.00781157
-0.00712525
-0.00631852
-0.00539175
-0.0043457
-0.0031818
-0.00190166
-0.000507396
0.000998048
0.00261169
0.00433038
0.00615022
0.00806748
0.0100788
0.0121801
0.0143667
0.0166341
0.0189779
0.021393
0.0238735
0.0264148
0.029012
0.0316602
0.0343539
0.0370883
0.0398592
0.0426616
0.04549
0.048339
0.051204
0.054081
0.0569652
0.0598514
0.0627343
0.0656088
0.0684702
0.0713132
0.0741321
0.0769213
0.0796757
0.0823902
0.0850599
0.0876791
0.0902419
0.0927426
0.095176
0.0975376
0.0998234
0.102029
0.104151
0.106185
0.108126
0.10997
0.111715
0.113357
0.114892
0.116318
0.117632
0.118831
0.119915
0.120881
0.121729
0.122458
0.123068
0.123561
0.123938
0.124199
0.124346
0.124381
0.124308
0.124128
0.123845
0.123462
0.122983
0.122411
0.121749
0.120996
0.120162
0.11925
0.118163
0.116812
-0.000108396
-0.00158664
-0.00280016
-0.00384129
-0.0048149
-0.00571403
-0.00652916
-0.00725688
-0.00789374
-0.00843607
-0.00888008
-0.00922176
-0.00945739
-0.00958383
-0.00959833
-0.00949833
-0.00928176
-0.00894704
-0.00849314
-0.00791932
-0.00722527
-0.00641124
-0.00547764
-0.00442528
-0.00325555
-0.0019701
-0.00057107
0.000938602
0.00255594
0.00427785
0.00610052
0.00802023
0.0100336
0.0121366
0.0143244
0.0165928
0.0189373
0.0213528
0.0238335
0.0263748
0.0289723
0.0316208
0.0343149
0.0370501
0.0398219
0.0426255
0.0454553
0.048306
0.0511731
0.0540525
0.0569393
0.0598282
0.0627136
0.0655905
0.0684541
0.0712991
0.0741199
0.0769108
0.0796665
0.0823823
0.085053
0.0876733
0.0902373
0.0927394
0.0951746
0.0975384
0.0998266
0.102035
0.10416
0.106196
0.10814
0.109988
0.111736
0.113382
0.114921
0.11635
0.117668
0.118871
0.119957
0.120926
0.121775
0.122506
0.123117
0.123609
0.123984
0.124243
0.124385
0.124414
0.124331
0.124138
0.12384
0.123437
0.122933
0.122331
0.121631
0.120834
0.119946
0.118974
0.117808
0.116356
-3.68475e-05
-0.00160645
-0.00288912
-0.00398251
-0.0049986
-0.00593072
-0.00677039
-0.00751597
-0.00816469
-0.00871362
-0.00916006
-0.00950114
-0.00973391
-0.00985567
-0.00986409
-0.00975711
-0.00953301
-0.00919049
-0.00872865
-0.00814685
-0.00744482
-0.00662282
-0.00568136
-0.0046213
-0.00344411
-0.00215143
-0.000745425
0.000770914
0.00239465
0.00412275
0.0059514
0.00787691
0.00989589
0.0120042
0.0141971
0.0164704
0.0188197
0.0212398
0.0237253
0.0262715
0.0288741
0.031528
0.0342279
0.0369691
0.0397474
0.0425577
0.0453946
0.0482528
0.0511277
0.0540151
0.05691
0.059807
0.0627005
0.0655853
0.0684566
0.0713092
0.0741372
0.076935
0.0796972
0.0824191
0.0850959
0.0877221
0.0902922
0.0928006
0.0952424
0.0976131
0.0999084
0.102124
0.104256
0.106299
0.10825
0.110104
0.111859
0.113511
0.115056
0.116492
0.117816
0.119024
0.120115
0.121087
0.121939
0.122671
0.123283
0.123775
0.124148
0.124403
0.12454
0.12456
0.124467
0.124261
0.123945
0.123521
0.122992
0.122358
0.121621
0.120779
0.11984
0.118808
0.117569
0.116025
-7.03816e-05
-0.00172354
-0.0030708
-0.00421459
-0.00527335
-0.00624005
-0.00710624
-0.00787186
-0.00853532
-0.00909411
-0.00954616
-0.0098895
-0.0101219
-0.0102413
-0.0102456
-0.0101333
-0.00990303
-0.00955359
-0.00908416
-0.00849429
-0.00778383
-0.00695315
-0.00600276
-0.00493361
-0.00374724
-0.00244534
-0.00103012
0.000495385
0.00212829
0.00386558
0.00570343
0.00763812
0.00966625
0.0117836
0.0139855
0.0162676
0.0186259
0.0210552
0.02355
0.0261059
0.0287186
0.031383
0.0340939
0.0368465
0.0396365
0.042459
0.0453084
0.0481794
0.0510675
0.0539682
0.0568766
0.059787
0.0626937
0.0655917
0.068476
0.0713413
0.0741817
0.0769915
0.0797654
0.0824986
0.0851865
0.0878238
0.0904051
0.0929248
0.0953781
0.0977603
0.100067
0.102294
0.104437
0.106491
0.108453
0.110317
0.112082
0.113743
0.115298
0.116743
0.118074
0.119289
0.120385
0.121362
0.122218
0.122953
0.123566
0.124059
0.12443
0.124681
0.124812
0.124824
0.124719
0.1245
0.124166
0.123721
0.123165
0.1225
0.121726
0.12084
0.11985
0.118762
0.117453
0.115823
-0.000215987
-0.00194621
-0.00335401
-0.00454599
-0.00564663
-0.00664854
-0.00754294
-0.00833032
-0.00901045
-0.00958149
-0.0100417
-0.0103896
-0.0106238
-0.0107426
-0.0107445
-0.0106282
-0.0103926
-0.0100368
-0.00955994
-0.00896174
-0.00824224
-0.00740193
-0.00644137
-0.00536156
-0.00416415
-0.00285093
-0.00142414
0.000113166
0.00175814
0.00350778
0.00535821
0.0073056
0.00934654
0.0114768
0.0136916
0.0159868
0.0183584
0.0208013
0.0233102
0.0258807
0.0285085
0.0311886
0.0339156
0.0366846
0.0394916
0.0423314
0.0451986
0.0480877
0.0509939
0.053913
0.0568398
0.0597685
0.0626935
0.0656095
0.0685118
0.0713948
0.0742527
0.0770796
0.0798702
0.0826199
0.0853242
0.0879778
0.0905754
0.0931115
0.0955811
0.0979795
0.100302
0.102545
0.104704
0.106773
0.108748
0.110627
0.112405
0.114079
0.115645
0.1171
0.118441
0.119665
0.120769
0.121752
0.122613
0.123352
0.123968
0.124462
0.124832
0.12508
0.125205
0.125209
0.125093
0.124859
0.124507
0.12404
0.123458
0.122761
0.121949
0.12102
0.119981
0.118837
0.117463
0.115752
-0.000478741
-0.0022808
-0.00374605
-0.00498424
-0.00612545
-0.0071625
-0.00808608
-0.00889675
-0.00959502
-0.0101799
-0.0106501
-0.0110045
-0.0112421
-0.0113618
-0.0113625
-0.0112431
-0.0110028
-0.0106406
-0.0101562
-0.00954919
-0.00881984
-0.00796871
-0.00699648
-0.00590423
-0.00469376
-0.00336696
-0.00192607
-0.000374135
0.00128598
0.00305128
0.00491778
0.00688151
0.00893906
0.0110862
0.0133181
0.0156307
0.0180201
0.0204814
0.0230093
0.0255992
0.0282471
0.030948
0.0336961
0.0364867
0.0393157
0.042178
0.045068
0.04798
0.0509094
0.0538516
0.0568015
0.0597533
0.0627012
0.06564
0.0685649
0.0714705
0.0743507
0.0771998
0.0800124
0.0827839
0.0855098
0.088185
0.0908041
0.0933615
0.0958521
0.0982713
0.100615
0.102878
0.105056
0.107144
0.109137
0.111033
0.112828
0.114517
0.116097
0.117565
0.118918
0.120152
0.121265
0.122257
0.123125
0.123869
0.124489
0.124984
0.125354
0.125599
0.125719
0.125715
0.125588
0.12534
0.12497
0.12448
0.123871
0.123142
0.122292
0.121319
0.120232
0.119035
0.117598
0.115813
-0.000863144
-0.00273242
-0.00425251
-0.00553561
-0.00671626
-0.00778796
-0.00874108
-0.00957609
-0.0102937
-0.0108936
-0.011375
-0.0117372
-0.0119794
-0.0121011
-0.0121014
-0.0119794
-0.0117344
-0.0113658
-0.0108733
-0.0102567
-0.00951645
-0.00865311
-0.00766751
-0.0065609
-0.00533522
-0.00399241
-0.00253472
-0.000965184
0.000713281
0.0024976
0.00438368
0.00636748
0.00844552
0.0106136
0.0128668
0.0152013
0.0176133
0.0200978
0.0226494
0.0252638
0.0279369
0.0306635
0.0334378
0.0362551
0.0391111
0.042001
0.0449187
0.0478586
0.0508159
0.053786
0.0567638
0.0597433
0.0627187
0.065685
0.0686372
0.0715701
0.0744777
0.0773541
0.0801938
0.0829923
0.0857451
0.088447
0.0910925
0.0936759
0.0961922
0.0986366
0.101005
0.103292
0.105493
0.107604
0.10962
0.111536
0.11335
0.115057
0.116654
0.118138
0.119504
0.12075
0.121875
0.122876
0.123753
0.124504
0.125128
0.125626
0.125997
0.12624
0.126355
0.126344
0.126206
0.125943
0.125555
0.125042
0.124404
0.123642
0.122755
0.12174
0.120605
0.119356
0.117861
0.116006
-0.00137358
-0.0033058
-0.00487808
-0.00620519
-0.0074248
-0.00853054
-0.00951315
-0.0103731
-0.0111109
-0.0117267
-0.0122202
-0.0125911
-0.0128389
-0.0129631
-0.0129633
-0.0128388
-0.012589
-0.0122135
-0.0117121
-0.0110851
-0.0103325
-0.00945538
-0.00845462
-0.00733165
-0.00608852
-0.00472717
-0.00324987
-0.00165973
4.02825e-05
0.001847
0.00375617
0.0057637
0.00786614
0.0100593
0.0123383
0.0146992
0.0171383
0.0196508
0.0222312
0.024875
0.0275782
0.0303355
0.0331411
0.0359901
0.0388783
0.0418007
0.0447512
0.0477239
0.050714
0.0537169
0.0567273
0.0597393
0.062747
0.0657454
0.0687299
0.0716952
0.0746352
0.0775439
0.080416
0.0832467
0.0860315
0.0887652
0.091442
0.0940562
0.0966026
0.0990765
0.101474
0.103789
0.106018
0.108155
0.110196
0.112136
0.113972
0.1157
0.117316
0.118817
0.1202
0.121461
0.122599
0.123612
0.124498
0.125257
0.125887
0.126389
0.126761
0.127002
0.127114
0.127095
0.126946
0.126668
0.12626
0.125724
0.125058
0.124263
0.123338
0.122281
0.121101
0.119804
0.118253
0.116334
-0.0020136
-0.00400555
-0.00562758
-0.00699747
-0.00825586
-0.00939543
-0.0104074
-0.0112924
-0.0120511
-0.0126836
-0.0131898
-0.01357
-0.0138237
-0.0139508
-0.0139509
-0.0138237
-0.0135687
-0.0131856
-0.0126746
-0.0120357
-0.0112695
-0.0103769
-0.00935922
-0.00821784
-0.00695496
-0.00557252
-0.00407282
-0.0024591
-0.000734437
0.00109793
0.00303367
0.00506863
0.00719938
0.0094217
0.0117307
0.0141226
0.0165936
0.0191388
0.0217527
0.0244309
0.0271692
0.0299622
0.0328041
0.0356899
0.0386152
0.0415751
0.0445634
0.047574
0.0506019
0.0536426
0.0566907
0.0597402
0.0627853
0.065821
0.068843
0.0718459
0.0748236
0.0777701
0.0806797
0.0835479
0.08637
0.0891405
0.0918534
0.0945031
0.0970842
0.0995921
0.102022
0.10437
0.10663
0.108797
0.110866
0.112833
0.114694
0.116446
0.118084
0.119606
0.121007
0.122286
0.123439
0.124465
0.125362
0.12613
0.126768
0.127274
0.127648
0.12789
0.127997
0.127971
0.12781
0.127517
0.12709
0.126529
0.125836
0.125009
0.124047
0.122949
0.121725
0.120381
0.118778
0.116798
-0.00278563
-0.00483556
-0.00650569
-0.00791703
-0.00921376
-0.0103874
-0.0114288
-0.012339
-0.013119
-0.0137687
-0.0142882
-0.0146778
-0.0149378
-0.0150677
-0.0150676
-0.0149373
-0.0146766
-0.0142853
-0.0137635
-0.0131116
-0.0123302
-0.0114206
-0.0103841
-0.00922231
-0.00793733
-0.00653123
-0.00500641
-0.00336623
-0.00161387
0.000247386
0.00221314
0.0042792
0.00644216
0.00869779
0.0110412
0.0134684
0.0159758
0.0185584
0.0212106
0.0239279
0.0267061
0.0295398
0.032423
0.0353505
0.0383181
0.0413206
0.0443517
0.0474053
0.0504762
0.0535599
0.0566509
0.0597434
0.0628313
0.0659101
0.0689751
0.0720212
0.0750423
0.0780321
0.0809849
0.0838959
0.0867605
0.089573
0.0923273
0.0950174
0.0976379
0.100184
0.102652
0.105036
0.107331
0.109531
0.111632
0.113629
0.115518
0.117297
0.11896
0.120506
0.121929
0.123227
0.124397
0.125439
0.126349
0.127128
0.127774
0.128286
0.128664
0.128904
0.129008
0.128974
0.128802
0.128493
0.128047
0.127463
0.126742
0.125883
0.124886
0.12375
0.122483
0.121095
0.119443
0.117404
-0.00369144
-0.00579895
-0.00751653
-0.00896857
-0.0103031
-0.011511
-0.0125823
-0.0135181
-0.0143196
-0.0149868
-0.0155199
-0.0159194
-0.0161855
-0.0163184
-0.0163179
-0.0161841
-0.0159169
-0.0155164
-0.0149828
-0.0143166
-0.0135187
-0.0125905
-0.0115333
-0.0103489
-0.00903954
-0.00760723
-0.00605457
-0.00438504
-0.00260192
-0.000708502
0.00129077
0.00339167
0.00559078
0.00788383
0.0102658
0.0127328
0.0152811
0.0179057
0.0206009
0.0233622
0.0261852
0.0290644
0.0319937
0.0349679
0.0379827
0.0410329
0.044112
0.0472139
0.0503332
0.0534653
0.056605
0.0597461
0.0628829
0.0660106
0.0691247
0.07222
0.0752903
0.0783291
0.0813308
0.0842904
0.087203
0.0900629
0.0928638
0.0955994
0.0982642
0.100854
0.103363
0.105787
0.108121
0.110358
0.112494
0.114525
0.116447
0.118256
0.119948
0.12152
0.122968
0.124288
0.125479
0.126537
0.127463
0.128254
0.12891
0.129429
0.12981
0.13005
0.13015
0.130108
0.129926
0.129602
0.129137
0.12853
0.127783
0.126894
0.125863
0.124689
0.123382
0.121951
0.120249
0.118153
-0.00473306
-0.00689852
-0.00866386
-0.0101566
-0.0115288
-0.0127712
-0.0138729
-0.0148348
-0.015658
-0.016343
-0.0168901
-0.0172996
-0.017572
-0.0177076
-0.0177065
-0.0175688
-0.0172944
-0.0168838
-0.0163372
-0.0156555
-0.0148396
-0.013891
-0.0128113
-0.0116021
-0.0102658
-0.0088047
-0.00722141
-0.00551956
-0.00370246
-0.00177344
0.000263019
0.00240261
0.0046419
0.00697656
0.00940149
0.0119127
0.0145065
0.0171778
0.0199207
0.0227307
0.0256034
0.028533
0.0315134
0.0345393
0.0376063
0.0407094
0.0438418
0.0469973
0.0501704
0.0533568
0.0565509
0.0597467
0.0629385
0.0661214
0.0692908
0.0724414
0.0755669
0.0786608
0.0817172
0.0847311
0.0876974
0.0906102
0.0934631
0.0962495
0.0989639
0.101601
0.104157
0.106626
0.109002
0.111281
0.113456
0.115525
0.117483
0.119326
0.121051
0.122652
0.124127
0.125473
0.126686
0.127764
0.128707
0.129513
0.130179
0.130706
0.13109
0.131331
0.131428
0.13138
0.131187
0.130849
0.130366
0.129738
0.128965
0.128047
0.126983
0.125772
0.124424
0.122951
0.1212
0.119045
-0.00591351
-0.00813734
-0.00995124
-0.0114854
-0.0128958
-0.0141728
-0.0153054
-0.016294
-0.0171395
-0.0178427
-0.018404
-0.0188238
-0.0191025
-0.0192406
-0.0192385
-0.0190962
-0.018814
-0.0183922
-0.0178315
-0.0171329
-0.0162974
-0.0153266
-0.0142221
-0.0129857
-0.01162
-0.0101273
-0.00851043
-0.00677304
-0.00491853
-0.00295023
-0.000872715
0.00130961
0.00359327
0.00597386
0.0084462
0.0110062
0.0136502
0.016373
0.0191686
0.0220323
0.0249595
0.0279446
0.0309812
0.0340638
0.0371883
0.0403495
0.0435407
0.0467553
0.049988
0.0532343
0.056489
0.0597458
0.0629988
0.066243
0.0694739
0.072686
0.0758728
0.0790277
0.0821447
0.0852186
0.0882442
0.0912155
0.0941258
0.0969684
0.0997374
0.102428
0.105034
0.107553
0.109977
0.112301
0.114521
0.116631
0.118629
0.12051
0.12227
0.123906
0.125411
0.126785
0.128023
0.129124
0.130086
0.130907
0.131586
0.132121
0.132511
0.132753
0.132848
0.132794
0.132591
0.13224
0.131741
0.131092
0.130295
0.129348
0.12825
0.127002
0.125613
0.124095
0.122294
0.120079
-0.00723642
-0.00951909
-0.0113822
-0.0129591
-0.0144087
-0.015721
-0.0168848
-0.0179006
-0.0187692
-0.019491
-0.0200667
-0.0204968
-0.0207819
-0.0209224
-0.0209187
-0.0207712
-0.0204801
-0.0200462
-0.0194701
-0.018753
-0.017896
-0.0169008
-0.0157692
-0.014503
-0.0131051
-0.0115779
-0.00992415
-0.00814776
-0.00625213
-0.00424065
-0.002118
0.000111299
0.0024437
0.00487477
0.0073992
0.0100128
0.012712
0.0154913
0.0183447
0.0212671
0.0242541
0.0272998
0.0303977
0.0335425
0.0367299
0.0399547
0.0432102
0.0464896
0.0497877
0.0531001
0.0564214
0.0597454
0.0630658
0.0663776
0.069676
0.0729556
0.0762098
0.0794315
0.0826148
0.0857543
0.0888448
0.09188
0.094853
0.097757
0.100586
0.103334
0.105997
0.10857
0.111046
0.113421
0.11569
0.117847
0.119889
0.121812
0.123612
0.125283
0.126824
0.128228
0.129495
0.13062
0.131603
0.132442
0.133134
0.133679
0.134075
0.134321
0.134414
0.134355
0.134144
0.133781
0.133265
0.132596
0.131773
0.130797
0.129665
0.128378
0.126946
0.125382
0.123528
0.121253
-0.00870498
-0.0110477
-0.0129609
-0.0145814
-0.0160715
-0.0174202
-0.0186159
-0.0196596
-0.0205517
-0.0212926
-0.021883
-0.0223236
-0.0226148
-0.0227573
-0.0227515
-0.0225979
-0.022297
-0.0218496
-0.0212566
-0.020519
-0.0196384
-0.0186165
-0.0174551
-0.0161565
-0.0147234
-0.0131584
-0.0114644
-0.00964529
-0.00770462
-0.00564587
-0.00347383
-0.00119316
0.00119255
0.00367879
0.00626017
0.00893242
0.0116918
0.0145328
0.0174492
0.0204357
0.0234877
0.0265995
0.0297644
0.0329769
0.0362328
0.039527
0.0428525
0.0462028
0.0495724
0.052957
0.0563512
0.0597485
0.0631425
0.0665279
0.0699
0.0732531
0.0765805
0.0798748
0.08313
0.0863405
0.0895011
0.0926055
0.0956465
0.098617
0.101511
0.104322
0.107047
0.109679
0.112214
0.114645
0.116967
0.119175
0.121266
0.123235
0.125077
0.12679
0.128368
0.129807
0.131104
0.132256
0.133262
0.13412
0.134828
0.135384
0.135789
0.136038
0.136132
0.136069
0.13585
0.135475
0.134942
0.134252
0.133403
0.132395
0.131227
0.129899
0.128422
0.126811
0.124902
0.122564
-0.0103214
-0.0127263
-0.0146912
-0.0163562
-0.0178879
-0.0192744
-0.0205032
-0.0215753
-0.0224916
-0.023252
-0.0238573
-0.0243083
-0.0246055
-0.0247495
-0.0247409
-0.0245803
-0.0242683
-0.0238059
-0.0231941
-0.0224341
-0.0215276
-0.0204764
-0.0192827
-0.0179486
-0.0164772
-0.014871
-0.0131331
-0.0112675
-0.00927774
-0.00716751
-0.00494173
-0.00260515
-0.00016147
0.00238477
0.00502807
0.00776406
0.0105889
0.0134969
0.0164817
0.0195376
0.0226603
0.0258437
0.0290812
0.0323673
0.0356976
0.0390671
0.042469
0.0458963
0.0493437
0.0528068
0.0562801
0.0597571
0.0632309
0.0666962
0.070148
0.0735806
0.0769869
0.0803596
0.0836922
0.0869792
0.0902153
0.093394
0.0965082
0.0995505
0.102515
0.105395
0.108187
0.110885
0.113483
0.115975
0.118355
0.120619
0.122763
0.124782
0.126672
0.128428
0.130047
0.131523
0.132854
0.134035
0.135066
0.135945
0.136671
0.137241
0.137655
0.13791
0.138004
0.137939
0.137712
0.137324
0.136774
0.136061
0.135184
0.134142
0.132936
0.131564
0.130041
0.12838
0.126417
0.124015
-0.0120872
-0.0145574
-0.0165763
-0.0182872
-0.0198617
-0.0212872
-0.0225503
-0.0236518
-0.0245928
-0.0253733
-0.0259938
-0.0264552
-0.026758
-0.026903
-0.0268908
-0.0267221
-0.0263978
-0.0259187
-0.0252862
-0.0245017
-0.0235669
-0.022484
-0.0212551
-0.0198826
-0.0183696
-0.0167189
-0.0149334
-0.0130173
-0.0109745
-0.00880854
-0.00652461
-0.00412758
-0.0016212
0.000989924
0.00370018
0.00650507
0.00940059
0.012381
0.0154394
0.0185704
0.0217693
0.0250302
0.0283462
0.0317118
0.0351227
0.0385739
0.0420584
0.0455692
0.049101
0.0526491
0.056208
0.059771
0.0633311
0.0668825
0.0704203
0.0739384
0.0774298
0.0808867
0.0843025
0.0876716
0.0909886
0.0942472
0.09744
0.10056
0.1036
0.106555
0.10942
0.112189
0.114855
0.117414
0.119858
0.122182
0.124383
0.126457
0.128398
0.130202
0.131865
0.133382
0.134748
0.135962
0.13702
0.137923
0.138669
0.139255
0.139679
0.139941
0.140037
0.139968
0.139734
0.139332
0.138763
0.138025
0.137118
0.136041
0.134795
0.133378
0.131807
0.130097
0.128078
0.125611
-0.0140042
-0.0165429
-0.0186187
-0.0203777
-0.0219965
-0.0234623
-0.0247611
-0.0258931
-0.0268596
-0.0276607
-0.0282968
-0.0287685
-0.0290767
-0.0292221
-0.0292056
-0.0290277
-0.0286896
-0.0281923
-0.0275372
-0.026726
-0.0257607
-0.0246435
-0.0233768
-0.021963
-0.0204052
-0.0187064
-0.0168696
-0.0148993
-0.0127992
-0.0105734
-0.00822691
-0.00576482
-0.00319096
-0.000510017
0.00227226
0.00515121
0.00812267
0.0111807
0.0143184
0.01753
0.0208109
0.0241551
0.0275557
0.031007
0.0345049
0.0380442
0.0416179
0.0452189
0.0488416
0.0524813
0.0561324
0.059788
0.0634409
0.067085
0.070715
0.074325
0.0779076
0.081455
0.0849601
0.0884174
0.0918213
0.0951656
0.098443
0.101646
0.104768
0.107803
0.110747
0.113593
0.116334
0.118964
0.121477
0.123867
0.12613
0.128262
0.130259
0.132115
0.133825
0.135385
0.136791
0.13804
0.13913
0.140059
0.140827
0.14143
0.141867
0.142136
0.142235
0.142163
0.14192
0.141504
0.140914
0.14015
0.139211
0.138098
0.13681
0.135348
0.133729
0.131969
0.129893
0.127358
-0.016075
-0.0186855
-0.0208208
-0.0226307
-0.0242957
-0.0258033
-0.0271393
-0.0283033
-0.0292963
-0.0301187
-0.0307708
-0.0312531
-0.0315665
-0.0317119
-0.0316902
-0.0315021
-0.0311489
-0.0306317
-0.0299524
-0.0291126
-0.0281145
-0.0269606
-0.0256532
-0.024195
-0.0225893
-0.020839
-0.0189473
-0.0169188
-0.0147575
-0.0124674
-0.0100538
-0.00752194
-0.00487568
-0.00211985
0.000739621
0.00369788
0.00675061
0.00989177
0.0131142
0.0164122
0.019781
0.0232146
0.0267059
0.0302494
0.0338407
0.0374746
0.0411442
0.044842
0.0485623
0.0523003
0.0560503
0.059805
0.0635572
0.0673005
0.0710293
0.0747377
0.078418
0.0820622
0.0856632
0.0892151
0.0927125
0.096149
0.0995174
0.10281
0.106021
0.109143
0.112171
0.115099
0.117921
0.120628
0.123215
0.125676
0.128006
0.130202
0.132258
0.134169
0.135931
0.137539
0.138987
0.140275
0.141399
0.142358
0.14315
0.143773
0.144224
0.144501
0.144603
0.144528
0.144275
0.143844
0.143233
0.142442
0.14147
0.14032
0.13899
0.137484
0.135816
0.134004
0.13187
0.129263
-0.0183027
-0.0209882
-0.0231858
-0.0250492
-0.0267631
-0.0283146
-0.0296894
-0.030887
-0.031908
-0.0327525
-0.033421
-0.0339141
-0.0342327
-0.0343778
-0.0343502
-0.034151
-0.0337814
-0.033243
-0.0325376
-0.0316672
-0.0306341
-0.029441
-0.0280903
-0.0265847
-0.0249277
-0.0231223
-0.0211719
-0.0190812
-0.0168543
-0.0144955
-0.01201
-0.00940338
-0.00667956
-0.00384357
-0.000901529
0.0021415
0.00528107
0.00851103
0.0118241
0.0152145
0.0186773
0.0222064
0.025795
0.0294371
0.0331284
0.0368637
0.0406357
0.044437
0.0482616
0.0521044
0.0559598
0.0598203
0.0636782
0.0675271
0.0713612
0.0751743
0.0789589
0.0827066
0.0864102
0.0900636
0.0936613
0.0971969
0.100663
0.104052
0.107358
0.110573
0.113692
0.116708
0.119616
0.122406
0.125072
0.12761
0.130012
0.132276
0.134396
0.136368
0.138186
0.139846
0.141342
0.142673
0.143835
0.144826
0.145645
0.146289
0.146755
0.147042
0.147147
0.147068
0.146806
0.146359
0.145726
0.144908
0.143904
0.142716
0.141345
0.139793
0.138076
0.13621
0.134012
0.131328
-0.0206907
-0.023455
-0.0257178
-0.0276373
-0.029403
-0.031001
-0.0324166
-0.0336495
-0.0346998
-0.0355675
-0.0362532
-0.0367576
-0.0370814
-0.0372257
-0.0371917
-0.0369804
-0.0365933
-0.0360321
-0.0352989
-0.0343958
-0.0333253
-0.0320902
-0.0306932
-0.029137
-0.0274251
-0.0255609
-0.0235478
-0.0213906
-0.0190935
-0.016661
-0.0140986
-0.0114119
-0.00860503
-0.00568331
-0.00265302
0.000480557
0.00371285
0.00703765
0.0104476
0.0139366
0.0174997
0.021131
0.0248233
0.0285707
0.0323688
0.0362121
0.0400933
0.0440047
0.0479401
0.0518943
0.0558616
0.0598343
0.0638044
0.0677651
0.0717108
0.0756351
0.0795303
0.0833882
0.0872012
0.0909631
0.0946681
0.0983099
0.101881
0.105373
0.10878
0.112094
0.11531
0.118422
0.12142
0.1243
0.127052
0.129671
0.132151
0.134489
0.136679
0.138716
0.140595
0.142312
0.14386
0.145237
0.14644
0.147467
0.148315
0.148982
0.149466
0.149763
0.149871
0.14979
0.149519
0.149056
0.148401
0.147556
0.14652
0.145295
0.143882
0.142281
0.140511
0.138588
0.136321
0.133554
-0.0232424
-0.0260903
-0.0284218
-0.0304003
-0.0322209
-0.0338682
-0.0353269
-0.0365967
-0.0376778
-0.0385699
-0.0392735
-0.0397895
-0.0401186
-0.0402619
-0.0402207
-0.0399963
-0.0395903
-0.0390046
-0.0382414
-0.0373033
-0.0361927
-0.0349127
-0.0334661
-0.0318557
-0.0300853
-0.0281581
-0.0260779
-0.0238493
-0.0214772
-0.0189658
-0.016321
-0.0135485
-0.0106529
-0.00763958
-0.00451506
-0.00128482
0.00204642
0.00547236
0.00898554
0.0125797
0.0162499
0.01999
0.0237929
0.0276525
0.031564
0.0355221
0.0395193
0.0435475
0.0476003
0.0516725
0.0557582
0.0598494
0.0639379
0.0680168
0.0720803
0.0761221
0.0801346
0.0841093
0.0880385
0.0919157
0.0957351
0.0994901
0.103173
0.106776
0.11029
0.11371
0.117029
0.120241
0.123338
0.126312
0.129156
0.131863
0.134427
0.136844
0.139109
0.141217
0.143163
0.144941
0.146546
0.147974
0.149221
0.150286
0.151166
0.151859
0.152361
0.15267
0.152783
0.1527
0.15242
0.151941
0.151266
0.150393
0.149324
0.148061
0.146602
0.144951
0.143123
0.141137
0.138796
0.13594
-0.0259619
-0.028899
-0.0313036
-0.0333443
-0.0352225
-0.0369219
-0.0384261
-0.0397347
-0.0408481
-0.0417658
-0.0424882
-0.0430161
-0.0433504
-0.0434923
-0.0434431
-0.0432043
-0.0427777
-0.0421655
-0.0413701
-0.0403942
-0.0392406
-0.0379124
-0.0364126
-0.0347442
-0.0329109
-0.0309163
-0.0287641
-0.0264594
-0.0240068
-0.021411
-0.0186781
-0.0158141
-0.0128238
-0.00971283
-0.0064879
-0.00315466
0.000281936
0.00381552
0.00743854
0.0111446
0.0149285
0.0187843
0.0227046
0.0266833
0.0307152
0.0347949
0.0389148
0.0430666
0.0472436
0.0514405
0.0556511
0.0598674
0.064081
0.0682846
0.0724724
0.0766383
0.0807747
0.0848731
0.0889254
0.0929249
0.0968655
0.100741
0.104542
0.108261
0.111891
0.115423
0.118852
0.122171
0.125372
0.128447
0.131389
0.134189
0.136843
0.139346
0.141692
0.143877
0.145895
0.147739
0.149405
0.150887
0.152182
0.153289
0.154203
0.154923
0.155446
0.155768
0.155888
0.155804
0.155516
0.155023
0.154326
0.153425
0.152322
0.151016
0.149509
0.147802
0.145912
0.143858
0.141439
0.138489
-0.0288538
-0.0318862
-0.0343687
-0.0364754
-0.0384142
-0.0401685
-0.0417206
-0.0430701
-0.0442173
-0.0451619
-0.0459038
-0.046444
-0.0467833
-0.0469231
-0.0468648
-0.0466101
-0.046161
-0.0455199
-0.0446897
-0.0436731
-0.0424731
-0.0410932
-0.0395363
-0.0378057
-0.0359052
-0.0338384
-0.0316093
-0.0292231
-0.0266846
-0.0239989
-0.0211722
-0.0182107
-0.0151197
-0.011905
-0.0085734
-0.0051308
-0.0015824
0.00206531
0.00580476
0.00962938
0.0135338
0.017512
0.0215567
0.0256613
0.0298206
0.0340287
0.0382781
0.0425604
0.0468687
0.0511971
0.0555396
0.0598878
0.0642333
0.0685687
0.0728879
0.077185
0.0814524
0.0856814
0.0898639
0.0939927
0.0980616
0.102064
0.105991
0.109834
0.113584
0.117235
0.120781
0.124213
0.127525
0.130708
0.133754
0.136655
0.139405
0.141999
0.144433
0.1467
0.148795
0.150711
0.152441
0.153982
0.155328
0.156479
0.157431
0.158181
0.158727
0.159065
0.159193
0.159109
0.158814
0.158307
0.157587
0.156657
0.155516
0.154165
0.152605
0.150837
0.148881
0.146756
0.144255
0.141207
-0.031924
-0.0350573
-0.0376229
-0.0397996
-0.0418024
-0.0436143
-0.045217
-0.0466096
-0.0477924
-0.0487649
-0.0495271
-0.0500798
-0.0504238
-0.0505607
-0.0504921
-0.0502197
-0.049746
-0.0490737
-0.0482058
-0.0471454
-0.0458958
-0.0444603
-0.0428423
-0.0410451
-0.0390726
-0.0369287
-0.0346176
-0.0321445
-0.0295146
-0.0267334
-0.0238071
-0.0207423
-0.0175446
-0.01422
-0.0107755
-0.00721713
-0.00355054
0.00021776
0.00408018
0.00803001
0.0120617
0.0161691
0.0203449
0.0245823
0.0288757
0.0332191
0.037605
0.0420247
0.0464711
0.0509383
0.0554196
0.0599072
0.064392
0.0688666
0.0733247
0.0777605
0.0821663
0.0865336
0.0908536
0.095119
0.0993233
0.103459
0.107519
0.111492
0.115372
0.119149
0.122817
0.12637
0.1298
0.133098
0.136254
0.139263
0.142116
0.144809
0.147336
0.149691
0.151868
0.15386
0.15566
0.157263
0.158665
0.159864
0.160857
0.16164
0.162212
0.162567
0.162705
0.162624
0.162322
0.1618
0.161057
0.160094
0.158912
0.157512
0.155895
0.154064
0.152039
0.14984
0.147254
0.144104
-0.0351784
-0.0384185
-0.0410721
-0.0433232
-0.0453936
-0.0472663
-0.0489223
-0.0503604
-0.0515805
-0.0525822
-0.0533654
-0.0539307
-0.0542791
-0.0544123
-0.0543319
-0.0540402
-0.0535398
-0.0528338
-0.0519254
-0.0508181
-0.0495152
-0.0480203
-0.046337
-0.0444686
-0.0424193
-0.0401931
-0.0377946
-0.0352291
-0.0325023
-0.0296198
-0.0265882
-0.0234141
-0.0201035
-0.0166627
-0.0130989
-0.00941845
-0.00562721
-0.0017318
0.0022602
0.00634192
0.0105076
0.0147509
0.0190645
0.0234415
0.0278759
0.0323615
0.0368907
0.0414548
0.0460464
0.0506593
0.0552869
0.0599211
0.0645529
0.0691745
0.0737795
0.0783618
0.0829139
0.0874269
0.0918922
0.0963018
0.100649
0.104926
0.109126
0.113237
0.117253
0.121163
0.124962
0.128643
0.132198
0.135618
0.138893
0.142016
0.144979
0.147777
0.150404
0.152853
0.155118
0.157191
0.159066
0.160736
0.162199
0.16345
0.164488
0.165308
0.165908
0.166285
0.166435
0.166357
0.166049
0.16551
0.164741
0.163744
0.162518
0.161066
0.15939
0.157493
0.155397
0.153122
0.150448
0.147188
-0.0386229
-0.041976
-0.0447225
-0.0470524
-0.0491949
-0.0511319
-0.0528441
-0.0543302
-0.0555897
-0.0566218
-0.0574267
-0.0580048
-0.0583572
-0.0584858
-0.0583924
-0.0580797
-0.0575506
-0.0568085
-0.0558568
-0.0546993
-0.0533394
-0.0517811
-0.0500279
-0.0480835
-0.0459521
-0.0436384
-0.0411468
-0.0384833
-0.0356536
-0.0326638
-0.0295206
-0.0262309
-0.022801
-0.0192376
-0.015548
-0.0117387
-0.00781612
-0.00378684
0.000341548
0.00456203
0.00886854
0.0132547
0.0177131
0.0222365
0.0268189
0.0314536
0.0361329
0.0408483
0.0455921
0.0503579
0.0551391
0.0599274
0.0647138
0.0694902
0.07425
0.0789868
0.083693
0.0883598
0.092978
0.0975395
0.102037
0.106464
0.110811
0.115068
0.119227
0.123279
0.127217
0.131034
0.134721
0.138271
0.141673
0.144918
0.147999
0.150909
0.153642
0.156191
0.15855
0.16071
0.162665
0.164409
0.165936
0.167245
0.168332
0.169193
0.169826
0.170226
0.17039
0.170316
0.170001
0.169445
0.168649
0.167614
0.166343
0.164838
0.163101
0.161136
0.158966
0.156612
0.153842
0.150465
-0.0422634
-0.0457364
-0.0485812
-0.0509947
-0.0532136
-0.055219
-0.0569908
-0.0585274
-0.0598282
-0.0608922
-0.0617195
-0.0623107
-0.0626669
-0.0627901
-0.0626826
-0.0623473
-0.0617874
-0.0610066
-0.0600087
-0.0587975
-0.0573768
-0.0557506
-0.0539227
-0.051897
-0.0496781
-0.0472708
-0.0446802
-0.0419124
-0.0389736
-0.03587
-0.0326087
-0.0291966
-0.0256406
-0.0219477
-0.0181252
-0.0141801
-0.0101191
-0.00594882
-0.00167689
0.00268952
0.00714407
0.0116802
0.0162906
0.0209677
0.0257052
0.0304961
0.0353326
0.0402063
0.0451094
0.0500354
0.0549775
0.0599274
0.0648761
0.069815
0.0747374
0.0796365
0.0845047
0.0893329
0.0941118
0.0988331
0.103489
0.108073
0.112575
0.116987
0.121298
0.125499
0.129584
0.133545
0.137373
0.141061
0.144597
0.147972
0.151178
0.154207
0.157053
0.15971
0.162169
0.164423
0.166464
0.168287
0.169886
0.171257
0.172398
0.173305
0.173973
0.174399
0.174578
0.174508
0.174186
0.173612
0.172788
0.171716
0.170397
0.168837
0.167038
0.165003
0.162755
0.160315
0.157442
0.153937
-0.0461061
-0.0497068
-0.0526561
-0.0551583
-0.0574585
-0.0595365
-0.0613713
-0.0629612
-0.0643054
-0.0654029
-0.0662535
-0.066858
-0.0672177
-0.0673348
-0.067212
-0.0668524
-0.0662595
-0.0654373
-0.0643898
-0.0631211
-0.0616351
-0.0599361
-0.0580281
-0.0559153
-0.0536028
-0.0510957
-0.0483996
-0.0455208
-0.0424659
-0.0392417
-0.0358551
-0.0323135
-0.0286242
-0.0247945
-0.020832
-0.0167438
-0.0125369
-0.00821825
-0.00379535
0.00072447
0.00533453
0.0100282
0.014798
0.0196364
0.0245363
0.0294907
0.0344918
0.0395312
0.0446011
0.0496947
0.0548052
0.0599243
0.0650428
0.070152
0.0752446
0.0803138
0.0853516
0.090349
0.0952965
0.100185
0.105008
0.109757
0.114423
0.118996
0.123467
0.127827
0.132067
0.13618
0.140158
0.143992
0.14767
0.151183
0.154521
0.157677
0.160644
0.163415
0.165982
0.168337
0.170471
0.172379
0.174055
0.175495
0.176695
0.177651
0.178357
0.178811
0.179007
0.178941
0.178613
0.178022
0.177169
0.176058
0.174692
0.173075
0.17121
0.169101
0.166768
0.164233
0.161248
0.157608
-0.050158
-0.0538951
-0.0569559
-0.0595522
-0.0619387
-0.0640938
-0.0659953
-0.0676413
-0.0690312
-0.0701637
-0.0710385
-0.0716566
-0.0720195
-0.0721297
-0.0719901
-0.0716041
-0.0709757
-0.0701089
-0.0690081
-0.0676775
-0.0661214
-0.0643441
-0.0623502
-0.0601442
-0.0577315
-0.0551178
-0.0523092
-0.0493124
-0.0461342
-0.0427819
-0.0392627
-0.0355843
-0.0317544
-0.0277806
-0.0236706
-0.0194318
-0.0150715
-0.010597
-0.00601551
-0.00133465
0.00343858
0.00829736
0.0132343
0.0182415
0.0233116
0.0284372
0.0336105
0.0388233
0.0440676
0.0493366
0.0546233
0.0599193
0.0652154
0.0705026
0.0757733
0.0810203
0.0862356
0.0914102
0.0965342
0.101599
0.106596
0.111518
0.116356
0.1211
0.12574
0.130266
0.13467
0.138944
0.14308
0.147068
0.150897
0.154555
0.158034
0.161325
0.164421
0.167314
0.169996
0.172459
0.174694
0.176694
0.178453
0.179967
0.18123
0.182239
0.182987
0.183471
0.183684
0.183625
0.183291
0.182683
0.181802
0.180652
0.179237
0.17756
0.175625
0.173433
0.171008
0.168371
0.165266
0.161481
-0.0544271
-0.0583099
-0.0614897
-0.0641863
-0.0666642
-0.068901
-0.0708731
-0.0725785
-0.0740162
-0.0751852
-0.076085
-0.0767169
-0.0770825
-0.0771847
-0.0770266
-0.076612
-0.0759449
-0.07503
-0.0738716
-0.0724743
-0.0708426
-0.0689813
-0.0668952
-0.0645894
-0.0620697
-0.0593425
-0.0564142
-0.0532919
-0.0499831
-0.0464953
-0.0428362
-0.0390136
-0.0350357
-0.0309104
-0.0266454
-0.0222485
-0.0177275
-0.0130895
-0.00834183
-0.00349226
0.00145183
0.00648343
0.0115952
0.016779
0.022027
0.0273315
0.0326849
0.0380789
0.0435058
0.0489582
0.0544289
0.0599098
0.0653914
0.0708646
0.0763214
0.0817543
0.0871553
0.0925152
0.0978242
0.103073
0.108254
0.113358
0.118376
0.1233
0.128117
0.132819
0.137396
0.14184
0.146142
0.150293
0.15428
0.158092
0.16172
0.165155
0.168388
0.171412
0.174217
0.176796
0.179139
0.181238
0.183088
0.184681
0.186013
0.187078
0.187871
0.188387
0.188621
0.18857
0.188233
0.187608
0.186699
0.185509
0.184042
0.182301
0.180288
0.178007
0.175482
0.172736
0.169505
0.165567
-0.058922
-0.0629601
-0.0662669
-0.0690704
-0.0716454
-0.0739687
-0.0760155
-0.0777835
-0.0792716
-0.0804785
-0.0814042
-0.08205
-0.0824178
-0.0825106
-0.082332
-0.0818859
-0.0811769
-0.0802097
-0.0789891
-0.0775199
-0.075807
-0.0738555
-0.0716707
-0.0692583
-0.0666246
-0.0637765
-0.0607212
-0.0574661
-0.0540191
-0.0503885
-0.046582
-0.0426077
-0.0384743
-0.0341901
-0.0297626
-0.0252001
-0.0205107
-0.0157016
-0.0107802
-0.00575418
-0.000631523
0.00458058
0.0098748
0.015243
0.0206767
0.0261681
0.0317094
0.0372928
0.0429103
0.0485542
0.0542171
0.0598907
0.0655659
0.0712333
0.0768845
0.0825116
0.0881067
0.0936605
0.0991632
0.104605
0.109978
0.115273
0.120482
0.125594
0.130598
0.135485
0.140244
0.144867
0.149345
0.153668
0.157822
0.161798
0.165585
0.169172
0.172552
0.175715
0.178653
0.181356
0.183815
0.186021
0.187967
0.189645
0.191051
0.192177
0.193019
0.193572
0.19383
0.19379
0.19345
0.192811
0.191873
0.190641
0.189117
0.187306
0.18521
0.182833
0.180201
0.177342
0.173978
0.169879
-0.0636523
-0.0678557
-0.0712977
-0.0742152
-0.0768935
-0.0793084
-0.0814343
-0.0832682
-0.0848091
-0.0860558
-0.0870082
-0.0876679
-0.088037
-0.088119
-0.0879176
-0.0874371
-0.0866824
-0.0856585
-0.0843707
-0.082824
-0.0810238
-0.0789757
-0.0766855
-0.0741595
-0.0714045
-0.068428
-0.065238
-0.0618424
-0.0582495
-0.0544684
-0.0505068
-0.0463732
-0.0420765
-0.0376255
-0.0330279
-0.0282919
-0.0234261
-0.0184381
-0.0133349
-0.00812464
-0.00281551
0.00258494
0.00806947
0.0136299
0.0192573
0.0249435
0.0306808
0.0364616
0.0422778
0.0481214
0.0539845
0.059859
0.0657357
0.0716055
0.0774594
0.0832893
0.0890869
0.0948433
0.100549
0.106193
0.111767
0.117263
0.122671
0.127982
0.133183
0.138264
0.143215
0.148027
0.152691
0.157194
0.161527
0.165676
0.169631
0.173381
0.176917
0.18023
0.183309
0.186146
0.188729
0.19105
0.193099
0.194869
0.196354
0.197547
0.198444
0.199037
0.199323
0.199297
0.198957
0.198303
0.197336
0.196058
0.194474
0.192587
0.190402
0.187924
0.185183
0.182204
0.178699
0.174427
-0.0686275
-0.0730073
-0.0765933
-0.0796319
-0.0824202
-0.0849325
-0.0871419
-0.0890454
-0.0906419
-0.0919301
-0.0929102
-0.0935839
-0.0939536
-0.094023
-0.0937963
-0.093278
-0.0924735
-0.0913882
-0.0900277
-0.0883976
-0.0865038
-0.0843522
-0.0819494
-0.0793022
-0.076418
-0.0733053
-0.0699725
-0.0664283
-0.0626815
-0.0587415
-0.0546167
-0.0503153
-0.0458471
-0.041221
-0.0364448
-0.0315269
-0.0264764
-0.021301
-0.0160078
-0.0106048
-0.00510099
0.000495991
0.00617892
0.0119396
0.017769
0.0236582
0.0295998
0.0355861
0.0416092
0.0476605
0.0537319
0.0598152
0.0659016
0.0719817
0.0780465
0.0840875
0.0900964
0.096064
0.101981
0.107836
0.113622
0.119328
0.124945
0.130464
0.135871
0.141157
0.146311
0.151322
0.156181
0.160877
0.165398
0.169731
0.173865
0.177788
0.181491
0.184963
0.188194
0.191173
0.19389
0.196333
0.198493
0.200362
0.201934
0.203201
0.204157
0.204797
0.205114
0.205105
0.204767
0.204097
0.203098
0.201772
0.200123
0.198157
0.19588
0.193298
0.19044
0.187334
0.183677
0.179218
-0.0738577
-0.0784258
-0.0821653
-0.0853331
-0.0882384
-0.0908541
-0.093152
-0.0951291
-0.0967842
-0.098116
-0.0991248
-0.0998126
-0.100182
-0.100237
-0.099982
-0.0994223
-0.0985634
-0.0974114
-0.0959723
-0.0942523
-0.0922577
-0.0899952
-0.0874719
-0.0846954
-0.0816738
-0.0784162
-0.0749322
-0.0712306
-0.067321
-0.0632134
-0.0589164
-0.0544384
-0.0497897
-0.0449795
-0.0400156
-0.0349069
-0.0296627
-0.024291
-0.0187989
-0.0131947
-0.00748752
-0.00168552
0.00420423
0.0101736
0.0162131
0.0223138
0.0284678
0.034668
0.0409061
0.0471734
0.0534613
0.0597616
0.0660657
0.0723644
0.0786484
0.084909
0.0911375
0.0973249
0.103462
0.109538
0.115544
0.121469
0.127306
0.133042
0.138666
0.144167
0.149533
0.154754
0.159819
0.164719
0.169439
0.173968
0.178292
0.1824
0.186281
0.189923
0.193316
0.196447
0.199306
0.20188
0.20416
0.206137
0.207803
0.209151
0.210173
0.210864
0.211218
0.211228
0.210891
0.210205
0.209172
0.207795
0.20608
0.204032
0.201659
0.198967
0.195985
0.192741
0.188919
0.184257
-0.0793533
-0.084123
-0.0880266
-0.091332
-0.0943618
-0.0970875
-0.0994794
-0.101534
-0.103251
-0.104629
-0.105668
-0.10637
-0.106737
-0.106776
-0.106489
-0.105884
-0.104966
-0.103741
-0.102217
-0.1004
-0.0982967
-0.0959151
-0.0932627
-0.0903481
-0.08718
-0.0837685
-0.080124
-0.0762559
-0.0721742
-0.0678896
-0.0634109
-0.0587469
-0.0539081
-0.0489043
-0.0437435
-0.0384346
-0.0329874
-0.0274103
-0.0217103
-0.0158959
-0.00997674
-0.00396109
0.00214397
0.00833037
0.0145884
0.0209087
0.0272836
0.0337059
0.0401673
0.0466588
0.0531715
0.0596972
0.0662275
0.0727533
0.0792651
0.0857538
0.0922108
0.0986271
0.104993
0.111299
0.117534
0.12369
0.129755
0.135718
0.141569
0.147295
0.152884
0.158326
0.16361
0.168725
0.173656
0.178392
0.182918
0.187222
0.191292
0.195116
0.198681
0.201975
0.204986
0.207702
0.210111
0.212205
0.213974
0.215411
0.216507
0.217254
0.217647
0.217678
0.217343
0.216641
0.215574
0.214145
0.212361
0.210229
0.207755
0.204944
0.201828
0.198433
0.194432
0.189552
-0.085126
-0.0901118
-0.094191
-0.0976433
-0.100806
-0.103649
-0.106141
-0.108278
-0.110061
-0.111486
-0.112556
-0.113271
-0.113636
-0.113655
-0.113333
-0.112678
-0.111694
-0.110391
-0.108774
-0.106852
-0.104632
-0.102122
-0.0993314
-0.0962693
-0.0929453
-0.0893704
-0.0855557
-0.0815113
-0.0772479
-0.0727765
-0.0681063
-0.0632465
-0.058208
-0.053001
-0.0476336
-0.0421149
-0.0364554
-0.0306636
-0.0247467
-0.0187133
-0.0125734
-0.00633561
-6.81295e-06
0.0064049
0.0128896
0.0194378
0.0260416
0.0326941
0.0393871
0.0461111
0.0528571
0.0596167
0.0663819
0.0731435
0.079892
0.086618
0.0933126
0.0999671
0.106572
0.113117
0.119592
0.125986
0.13229
0.138492
0.14458
0.150542
0.156366
0.162041
0.167556
0.172897
0.178052
0.183007
0.187747
0.19226
0.196531
0.200548
0.204297
0.207766
0.210941
0.213809
0.216359
0.21858
0.220462
0.221995
0.223171
0.22398
0.224415
0.22447
0.22414
0.223423
0.222322
0.22084
0.218986
0.216765
0.214182
0.211243
0.207979
0.204422
0.200229
0.195117
-0.091189
-0.0964064
-0.100674
-0.104283
-0.107588
-0.110555
-0.113153
-0.115379
-0.11723
-0.118706
-0.119807
-0.120535
-0.120895
-0.120891
-0.12053
-0.119818
-0.118764
-0.117374
-0.115656
-0.113621
-0.111275
-0.108627
-0.105689
-0.102469
-0.0989793
-0.0952309
-0.0912361
-0.0870054
-0.08255
-0.0778817
-0.07301
-0.0679442
-0.062696
-0.0572758
-0.0516919
-0.0459539
-0.0400725
-0.0340567
-0.0279138
-0.0216525
-0.0152831
-0.00881455
-0.00225366
0.00439159
0.0111111
0.0178952
0.024736
0.0316268
0.0385594
0.0455242
0.0525117
0.0595137
0.0665224
0.0735288
0.0805231
0.0874956
0.0944374
0.10134
0.108193
0.114988
0.121712
0.128356
0.134908
0.141359
0.147695
0.153906
0.159977
0.165898
0.171655
0.177236
0.182628
0.187815
0.192783
0.197517
0.202002
0.206225
0.210172
0.213827
0.217179
0.220212
0.222915
0.225274
0.227279
0.228917
0.23018
0.231057
0.23154
0.231622
0.231299
0.230569
0.229436
0.227902
0.225973
0.223657
0.220956
0.217877
0.214455
0.210725
0.206329
0.200969
-0.0975569
-0.103023
-0.107492
-0.11127
-0.114726
-0.117826
-0.120537
-0.122855
-0.124779
-0.126306
-0.127439
-0.12818
-0.128532
-0.128502
-0.128097
-0.127323
-0.12619
-0.124705
-0.122879
-0.12072
-0.118238
-0.115443
-0.112346
-0.108959
-0.105293
-0.10136
-0.0971745
-0.0927468
-0.0880888
-0.0832129
-0.0781289
-0.0728466
-0.0673781
-0.0617342
-0.0559236
-0.0499561
-0.043843
-0.0375935
-0.031215
-0.0247165
-0.0181087
-0.0114005
-0.00459893
0.00228823
0.00925084
0.0162789
0.0233648
0.030502
0.0376823
0.0448959
0.0521332
0.0593859
0.0666465
0.0739064
0.0811555
0.0883839
0.0955823
0.102742
0.109854
0.116908
0.123892
0.130796
0.137608
0.144319
0.150916
0.157386
0.163717
0.169896
0.17591
0.181744
0.187385
0.192818
0.198027
0.202996
0.20771
0.212154
0.216312
0.220169
0.223711
0.226924
0.229792
0.232301
0.234438
0.236192
0.237549
0.238501
0.239038
0.239153
0.238842
0.238103
0.236938
0.23535
0.233343
0.230923
0.228095
0.224867
0.221277
0.217363
0.212749
0.207122
-0.104245
-0.109979
-0.114665
-0.118623
-0.122241
-0.125483
-0.128314
-0.13073
-0.132729
-0.13431
-0.135474
-0.136225
-0.136567
-0.136507
-0.136051
-0.135209
-0.13399
-0.132402
-0.130457
-0.128165
-0.125537
-0.122583
-0.119317
-0.11575
-0.111896
-0.107768
-0.10338
-0.0987438
-0.0938717
-0.0887766
-0.0834688
-0.0779586
-0.0722585
-0.0663798
-0.0603316
-0.054124
-0.0477687
-0.0412752
-0.0346512
-0.0279057
-0.02105
-0.014093
-0.00704181
9.60225e-05
0.00731028
0.0145909
0.0219302
0.0293219
0.0367579
0.0442284
0.0517235
0.0592353
0.0667562
0.0742779
0.0817905
0.0892836
0.0967478
0.104174
0.111554
0.118877
0.126131
0.133306
0.14039
0.147372
0.154242
0.160985
0.167588
0.174038
0.180321
0.186423
0.192328
0.198021
0.203486
0.208705
0.213662
0.218342
0.222727
0.226801
0.23055
0.233955
0.237002
0.239673
0.241955
0.243834
0.245296
0.246332
0.246931
0.247086
0.246792
0.246047
0.24485
0.243204
0.241113
0.238582
0.235619
0.232233
0.228466
0.224356
0.219507
0.213589
-0.111271
-0.117292
-0.122211
-0.126363
-0.130154
-0.133548
-0.136506
-0.139024
-0.141102
-0.142739
-0.143935
-0.144695
-0.145023
-0.144927
-0.144415
-0.143497
-0.142182
-0.140482
-0.138408
-0.135972
-0.133185
-0.130061
-0.126613
-0.122855
-0.118801
-0.114464
-0.109861
-0.105004
-0.099905
-0.0945782
-0.0890343
-0.083284
-0.0773403
-0.0712151
-0.0649178
-0.0584589
-0.0518506
-0.0451026
-0.0382228
-0.0312207
-0.0241073
-0.0168922
-0.00958212
-0.0021847
0.00528994
0.0128317
0.0204329
0.0280873
0.0357872
0.0435225
0.0512836
0.0590625
0.066852
0.074644
0.0824286
0.0901952
0.0979342
0.105637
0.113294
0.120896
0.128431
0.135887
0.143254
0.15052
0.157674
0.164703
0.171592
0.178327
0.184893
0.191275
0.197459
0.203428
0.209163
0.214649
0.219866
0.224798
0.229426
0.233735
0.237705
0.241319
0.244558
0.247406
0.249846
0.251862
0.253441
0.25457
0.25524
0.255443
0.255171
0.254422
0.253193
0.251486
0.249306
0.246659
0.243554
0.240002
0.236045
0.231722
0.226617
0.220384
-0.118652
-0.124984
-0.130154
-0.134513
-0.13849
-0.142045
-0.145138
-0.147765
-0.149926
-0.151619
-0.152846
-0.153612
-0.153922
-0.153785
-0.15321
-0.152207
-0.150787
-0.148963
-0.146748
-0.144155
-0.141198
-0.13789
-0.134247
-0.130284
-0.126016
-0.121458
-0.116626
-0.111534
-0.106195
-0.100623
-0.09483
-0.0888268
-0.0826272
-0.0762434
-0.0696853
-0.0629639
-0.0560917
-0.0490788
-0.0419332
-0.0346645
-0.0272842
-0.0198016
-0.0122236
-0.0045577
0.00318591
0.0109972
0.0188686
0.0267939
0.0347656
0.0427738
0.0508088
0.0588628
0.0669292
0.0749998
0.0830648
0.0911136
0.0991364
0.107125
0.11507
0.122961
0.130787
0.138536
0.146198
0.15376
0.161212
0.168539
0.175726
0.18276
0.189624
0.196303
0.202781
0.20904
0.215064
0.220832
0.226327
0.231529
0.236419
0.240979
0.245188
0.249026
0.252475
0.255515
0.258126
0.260294
0.262002
0.263238
0.26399
0.264248
0.264003
0.263252
0.261991
0.260221
0.257948
0.25518
0.251927
0.248198
0.244035
0.239481
0.234097
0.227521
-0.126408
-0.133075
-0.138515
-0.143099
-0.147274
-0.151001
-0.154238
-0.15698
-0.159226
-0.160977
-0.162235
-0.163003
-0.163291
-0.163105
-0.162458
-0.16136
-0.159824
-0.157865
-0.155496
-0.152733
-0.149591
-0.146085
-0.142233
-0.13805
-0.133553
-0.128759
-0.123684
-0.118342
-0.112749
-0.106918
-0.100862
-0.0945928
-0.0881243
-0.0814695
-0.0746389
-0.0676437
-0.0604968
-0.0532085
-0.0457871
-0.0382424
-0.0305858
-0.0228267
-0.0149718
-0.00702888
0.000992091
0.00908104
0.0172306
0.0254348
0.0336862
0.041975
0.0502917
0.0586289
0.0669801
0.0753376
0.0836914
0.0920311
0.100347
0.10863
0.116872
0.125064
0.133192
0.141246
0.149214
0.157086
0.164848
0.172487
0.179987
0.187334
0.194512
0.201503
0.208291
0.21486
0.221189
0.22726
0.233051
0.238542
0.243713
0.248542
0.253008
0.25709
0.260766
0.264014
0.266815
0.269151
0.271004
0.272359
0.273203
0.273525
0.273314
0.272563
0.271271
0.269439
0.267072
0.264179
0.260768
0.256847
0.252461
0.247656
0.241969
0.235024
-0.13456
-0.14159
-0.147323
-0.152147
-0.156536
-0.160447
-0.163836
-0.166698
-0.169034
-0.170844
-0.172129
-0.172897
-0.173155
-0.172914
-0.172184
-0.17098
-0.169316
-0.167207
-0.16467
-0.161722
-0.15838
-0.154661
-0.150583
-0.146165
-0.141424
-0.136378
-0.131044
-0.125438
-0.119575
-0.11347
-0.107137
-0.100587
-0.0938369
-0.0868983
-0.0797828
-0.0725024
-0.0650698
-0.0574956
-0.0497882
-0.0419576
-0.0340153
-0.0259705
-0.0178299
-0.00960118
-0.0012945
0.00708027
0.015516
0.0240069
0.0325457
0.0411227
0.0497289
0.0583569
0.0670007
0.075653
0.084304
0.0929429
0.10156
0.110148
0.118698
0.1272
0.135642
0.144012
0.152299
0.160492
0.168578
0.176542
0.184371
0.192047
0.199553
0.206874
0.213991
0.220887
0.227541
0.233933
0.240041
0.245842
0.251314
0.256433
0.261177
0.265522
0.269445
0.272922
0.275932
0.278453
0.280468
0.281957
0.282906
0.2833
0.283129
0.282386
0.281067
0.279174
0.276711
0.273687
0.270106
0.265978
0.26135
0.256273
0.250262
0.242916
-0.143133
-0.150557
-0.156605
-0.161689
-0.166307
-0.170415
-0.173965
-0.176954
-0.179382
-0.18125
-0.182561
-0.183323
-0.183544
-0.183237
-0.182414
-0.18109
-0.179283
-0.17701
-0.174289
-0.17114
-0.167581
-0.163633
-0.159313
-0.154643
-0.14964
-0.144325
-0.138715
-0.132828
-0.126679
-0.120285
-0.113659
-0.106815
-0.0997683
-0.0925325
-0.0851193
-0.0775413
-0.0698115
-0.0619403
-0.0539363
-0.0458097
-0.0375718
-0.0292318
-0.0207963
-0.0122732
-0.00367232
0.00499651
0.0137264
0.0225119
0.0313458
0.0402189
0.049122
0.0580485
0.0669926
0.0759474
0.0849033
0.0938498
0.102778
0.111679
0.120545
0.129368
0.138134
0.146832
0.15545
0.163976
0.172399
0.180704
0.188875
0.196895
0.204748
0.212415
0.21988
0.227122
0.234122
0.240857
0.247302
0.253435
0.259229
0.264661
0.269705
0.274336
0.278528
0.282257
0.285496
0.288224
0.290417
0.292057
0.293124
0.293603
0.293483
0.292755
0.291415
0.289463
0.286902
0.283737
0.279974
0.275621
0.270734
0.265367
0.259004
0.251222
-0.152155
-0.160004
-0.166395
-0.171758
-0.176622
-0.18094
-0.184661
-0.187783
-0.190306
-0.192231
-0.193564
-0.194313
-0.194488
-0.194104
-0.193174
-0.191717
-0.189752
-0.187297
-0.184376
-0.181007
-0.177214
-0.173017
-0.168437
-0.163495
-0.158213
-0.15261
-0.146706
-0.14052
-0.134068
-0.127368
-0.120433
-0.113278
-0.10592
-0.0983729
-0.0906487
-0.0827605
-0.0747213
-0.0665417
-0.0582301
-0.0497969
-0.0412534
-0.0326087
-0.0238694
-0.0150431
-0.00613981
0.0028312
0.0118632
0.0209511
0.0300877
0.0392642
0.0484718
0.0577043
0.0669562
0.0762211
0.0854896
0.0947516
0.103998
0.113222
0.122414
0.131567
0.140667
0.149703
0.158663
0.167536
0.176309
0.184968
0.193496
0.201878
0.210094
0.218126
0.225958
0.233567
0.240934
0.248032
0.254838
0.261325
0.267466
0.273235
0.278604
0.283546
0.288033
0.292037
0.29553
0.298485
0.300878
0.302686
0.303887
0.304467
0.30441
0.303707
0.302352
0.300342
0.297679
0.294365
0.290406
0.285816
0.280652
0.274972
0.268226
0.259967
-0.161654
-0.169967
-0.176727
-0.182392
-0.18752
-0.192061
-0.195963
-0.199223
-0.201843
-0.203824
-0.205174
-0.205902
-0.206021
-0.205546
-0.204495
-0.202888
-0.200747
-0.198093
-0.194951
-0.191343
-0.187295
-0.182829
-0.177967
-0.172734
-0.167152
-0.161241
-0.155024
-0.14852
-0.141746
-0.134721
-0.12746
-0.119979
-0.112294
-0.104421
-0.096372
-0.0881605
-0.0797997
-0.0712999
-0.0626698
-0.0539196
-0.0450608
-0.0361021
-0.0270503
-0.0179128
-0.00869923
0.000581537
0.00992315
0.0193205
0.028767
0.038254
0.0477732
0.0573189
0.066886
0.0764683
0.086057
0.0956422
0.105215
0.11477
0.124297
0.133789
0.143234
0.152619
0.161933
0.171164
0.180301
0.189328
0.19823
0.206989
0.215586
0.224003
0.232221
0.24022
0.247975
0.255461
0.262651
0.269518
0.276031
0.282164
0.287885
0.293166
0.297975
0.302281
0.306052
0.30926
0.311875
0.313872
0.315229
0.315926
0.315948
0.315282
0.313919
0.311853
0.309082
0.305612
0.301449
0.296606
0.291146
0.285126
0.277963
0.269183
-0.171665
-0.180482
-0.187643
-0.193633
-0.199044
-0.203823
-0.207916
-0.211319
-0.214036
-0.21607
-0.21743
-0.218128
-0.218178
-0.217598
-0.216409
-0.214633
-0.212295
-0.209421
-0.206037
-0.202168
-0.197842
-0.193084
-0.187919
-0.182372
-0.176467
-0.170227
-0.163676
-0.156832
-0.149717
-0.142349
-0.134744
-0.126919
-0.118892
-0.110679
-0.102291
-0.0937433
-0.0850484
-0.0762166
-0.0672568
-0.0581796
-0.0489959
-0.0397144
-0.0303418
-0.0208853
-0.011354
-0.0017565
0.00790147
0.0176151
0.027378
0.0371819
0.0470194
0.0568849
0.066774
0.0766808
0.0865968
0.0965128
0.106421
0.116314
0.126185
0.136026
0.145825
0.155569
0.165248
0.174851
0.184365
0.193775
0.203066
0.21222
0.221217
0.230039
0.238666
0.247075
0.255242
0.26314
0.270741
0.278014
0.284929
0.291454
0.297558
0.303208
0.308368
0.313005
0.317085
0.320572
0.323436
0.325649
0.327184
0.328021
0.328139
0.327523
0.326159
0.324038
0.32116
0.317529
0.313152
0.308042
0.302261
0.295872
0.288255
0.278906
-0.182226
-0.191592
-0.199187
-0.205527
-0.211242
-0.216273
-0.220566
-0.224117
-0.226931
-0.229015
-0.230377
-0.231032
-0.230999
-0.230297
-0.22895
-0.226984
-0.224427
-0.221309
-0.217658
-0.213503
-0.208874
-0.203799
-0.198305
-0.192419
-0.186168
-0.179576
-0.172667
-0.165464
-0.157987
-0.150256
-0.142289
-0.134103
-0.125717
-0.117147
-0.108407
-0.0995092
-0.0904674
-0.0812915
-0.071991
-0.0625762
-0.0530581
-0.043445
-0.0337432
-0.0239599
-0.0141038
-0.00418274
0.00579805
0.0158342
0.0259196
0.0360467
0.0462085
0.0564
0.0666173
0.0768549
0.0871048
0.0973584
0.107608
0.117848
0.128072
0.13827
0.148432
0.158547
0.168603
0.178589
0.188494
0.198302
0.207999
0.217565
0.226982
0.236228
0.245285
0.254128
0.262732
0.271068
0.279107
0.286817
0.294163
0.301114
0.307632
0.313683
0.319229
0.32423
0.328649
0.332448
0.335592
0.33805
0.339792
0.340792
0.341026
0.340473
0.339118
0.336949
0.333966
0.330171
0.325571
0.320175
0.314048
0.307259
0.299149
0.28918
-0.193381
-0.203344
-0.211411
-0.218128
-0.224166
-0.229466
-0.233967
-0.23767
-0.240581
-0.242707
-0.244061
-0.24466
-0.244525
-0.24368
-0.242153
-0.239973
-0.237172
-0.233783
-0.229837
-0.225369
-0.220409
-0.214989
-0.209139
-0.202888
-0.196264
-0.189295
-0.182005
-0.174418
-0.166557
-0.158443
-0.150094
-0.14153
-0.132769
-0.123827
-0.114718
-0.105456
-0.0960541
-0.0865218
-0.0768689
-0.067106
-0.0572438
-0.04729
-0.0372507
-0.027133
-0.0169449
-0.00669359
0.00361629
0.0139809
0.0243947
0.0348507
0.0453424
0.0558655
0.0664166
0.0769907
0.0875804
0.0981779
0.108776
0.11937
0.129953
0.140518
0.151053
0.161547
0.171991
0.182373
0.192682
0.202904
0.213022
0.223019
0.232873
0.242565
0.252074
0.261375
0.270442
0.279245
0.287752
0.295929
0.30374
0.311149
0.318117
0.324606
0.330572
0.335973
0.340768
0.344915
0.348375
0.351112
0.353091
0.35428
0.354652
0.354182
0.352849
0.350644
0.34756
0.343599
0.338763
0.333061
0.326562
0.319341
0.310695
0.300049
-0.205178
-0.215792
-0.22437
-0.231492
-0.237877
-0.24346
-0.248179
-0.252037
-0.25504
-0.257201
-0.258533
-0.259058
-0.258802
-0.257791
-0.256058
-0.253636
-0.250561
-0.246871
-0.2426
-0.237787
-0.232465
-0.22667
-0.220434
-0.213788
-0.206764
-0.199389
-0.191692
-0.183698
-0.17543
-0.166911
-0.15816
-0.149199
-0.140044
-0.130713
-0.121221
-0.11158
-0.101805
-0.0919036
-0.081887
-0.0717655
-0.0615494
-0.0512461
-0.0408615
-0.030402
-0.0198753
-0.00928759
0.0013572
0.0120558
0.0228033
0.0335931
0.0444197
0.0552794
0.0661692
0.0770847
0.0880195
0.0989664
0.109919
0.120873
0.131824
0.142762
0.153678
0.164563
0.175405
0.186195
0.196922
0.207571
0.218127
0.228572
0.238884
0.249042
0.259026
0.268811
0.278368
0.287666
0.296673
0.30535
0.313661
0.321565
0.329021
0.335985
0.342412
0.348255
0.353467
0.358003
0.361819
0.364872
0.367122
0.368532
0.369069
0.368704
0.367414
0.365184
0.362006
0.357876
0.352792
0.346763
0.339866
0.332182
0.322952
0.311565
-0.217671
-0.228994
-0.238126
-0.245685
-0.252439
-0.258321
-0.263267
-0.26728
-0.270371
-0.272555
-0.273849
-0.27428
-0.273877
-0.272673
-0.270704
-0.268009
-0.264627
-0.260601
-0.255971
-0.250778
-0.245061
-0.238856
-0.232201
-0.225129
-0.217674
-0.209865
-0.201733
-0.193305
-0.184606
-0.175659
-0.166485
-0.157106
-0.14754
-0.137804
-0.127912
-0.117878
-0.107715
-0.0974334
-0.0870422
-0.0765521
-0.065973
-0.055312
-0.0445746
-0.0337669
-0.0228956
-0.011966
-0.000981106
0.0100563
0.0211418
0.0322697
0.0434352
0.0546353
0.0658678
0.0771291
0.0884134
0.0997145
0.111027
0.122348
0.133672
0.144991
0.156297
0.167581
0.178832
0.190042
0.201199
0.212291
0.223301
0.234211
0.245
0.255647
0.266131
0.276425
0.286501
0.296326
0.305864
0.315078
0.323926
0.332364
0.340349
0.347832
0.354764
0.361094
0.36677
0.371741
0.375957
0.379368
0.381929
0.383596
0.384331
0.3841
0.382877
0.380639
0.377373
0.373071
0.367728
0.361356
0.354036
0.345851
0.335987
0.323788
-0.230922
-0.243018
-0.25275
-0.260779
-0.267926
-0.274123
-0.279303
-0.28347
-0.286641
-0.288833
-0.29007
-0.290382
-0.289804
-0.288374
-0.286135
-0.283129
-0.279403
-0.275003
-0.269975
-0.264364
-0.258212
-0.251562
-0.244452
-0.236919
-0.228999
-0.220725
-0.212128
-0.203239
-0.194083
-0.184684
-0.175066
-0.165249
-0.155252
-0.145093
-0.134785
-0.124344
-0.113781
-0.103107
-0.0923301
-0.0814618
-0.070511
-0.0594844
-0.0483873
-0.0372251
-0.0260036
-0.0147269
-0.00339721
0.0079832
0.0194105
0.0308798
0.0423873
0.0539309
0.0655092
0.0771194
0.0887568
0.100416
0.112093
0.123785
0.135488
0.147196
0.158899
0.17059
0.18226
0.1939
0.205501
0.217049
0.228529
0.239922
0.251209
0.262367
0.273375
0.284205
0.29483
0.305214
0.31532
0.325106
0.334531
0.343547
0.352105
0.360154
0.367641
0.374508
0.3807
0.386157
0.390822
0.39464
0.397557
0.399525
0.400498
0.400437
0.399308
0.397082
0.393738
0.389264
0.383657
0.376925
0.369154
0.360429
0.349876
0.336791
-0.245001
-0.25794
-0.268323
-0.276856
-0.284422
-0.290949
-0.296367
-0.300686
-0.303925
-0.306107
-0.307261
-0.307424
-0.306637
-0.304944
-0.302394
-0.299036
-0.294923
-0.290106
-0.284636
-0.278564
-0.271937
-0.264799
-0.257195
-0.249164
-0.240744
-0.231971
-0.222878
-0.213498
-0.203858
-0.193984
-0.183897
-0.173621
-0.163174
-0.152573
-0.141834
-0.13097
-0.119994
-0.108915
-0.0977424
-0.0864863
-0.0751554
-0.0637558
-0.0522922
-0.0407694
-0.0291921
-0.0175634
-0.00588463
0.00584247
0.0176147
0.0294282
0.0412801
0.0531695
0.0650958
0.0770572
0.0890501
0.10107
0.113115
0.125182
0.137269
0.14937
0.161477
0.173582
0.18568
0.197761
0.209817
0.221835
0.2338
0.245694
0.257498
0.269189
0.280746
0.292141
0.303344
0.31432
0.32503
0.335429
0.345473
0.355112
0.364292
0.37296
0.381055
0.388516
0.39528
0.401279
0.406451
0.41073
0.414059
0.416378
0.417637
0.417787
0.416784
0.414592
0.411184
0.406546
0.400672
0.393565
0.385313
0.376007
0.364705
0.350652
-0.25999
-0.273848
-0.284935
-0.294009
-0.302019
-0.30889
-0.314551
-0.319014
-0.322305
-0.324453
-0.325495
-0.325473
-0.324436
-0.322436
-0.319529
-0.315771
-0.311222
-0.305939
-0.299979
-0.293398
-0.286249
-0.27858
-0.270439
-0.261868
-0.25291
-0.243602
-0.233981
-0.224079
-0.213927
-0.203549
-0.192971
-0.182212
-0.171295
-0.160235
-0.149047
-0.137746
-0.126343
-0.114848
-0.103269
-0.0916157
-0.0798969
-0.0681175
-0.0562813
-0.0443923
-0.0324543
-0.0204693
-0.00843798
0.00363861
0.0157581
0.0279176
0.0401155
0.0523521
0.0646278
0.0769418
0.0892917
0.101675
0.11409
0.126535
0.139009
0.151507
0.164022
0.176549
0.189082
0.201613
0.214135
0.226635
0.2391
0.251512
0.263852
0.276098
0.288229
0.300217
0.31203
0.323633
0.334984
0.346038
0.356746
0.367056
0.376913
0.386255
0.395018
0.403134
0.410531
0.417137
0.422879
0.427685
0.431486
0.434218
0.435817
0.436225
0.435387
0.433259
0.42981
0.425021
0.418878
0.41138
0.402617
0.392688
0.380575
0.365466
-0.275982
-0.290842
-0.302691
-0.312344
-0.320823
-0.328051
-0.333954
-0.33855
-0.341873
-0.343958
-0.344849
-0.344599
-0.343265
-0.340907
-0.337589
-0.333377
-0.328336
-0.322531
-0.316027
-0.308886
-0.301163
-0.292914
-0.284189
-0.275035
-0.265497
-0.255617
-0.245431
-0.234975
-0.224279
-0.213371
-0.202275
-0.191012
-0.179602
-0.168064
-0.156412
-0.144659
-0.132816
-0.120893
-0.108898
-0.0968405
-0.0847268
-0.0725614
-0.0603475
-0.048088
-0.0357855
-0.0234412
-0.011055
0.0013726
0.0138403
0.0263465
0.038891
0.0514751
0.0641005
0.0767675
0.089475
0.102222
0.115008
0.127833
0.140696
0.153594
0.166523
0.179476
0.19245
0.20544
0.218437
0.231432
0.24441
0.257356
0.270251
0.283075
0.295804
0.308413
0.320868
0.333133
0.345165
0.356917
0.368339
0.379374
0.389963
0.40004
0.409536
0.418373
0.426475
0.433759
0.440144
0.44555
0.449897
0.453109
0.455111
0.455831
0.455207
0.453185
0.449726
0.444803
0.438393
0.430488
0.421187
0.41059
0.397601
0.38134
-0.293084
-0.309035
-0.321709
-0.33198
-0.340953
-0.348547
-0.354689
-0.359402
-0.362729
-0.364713
-0.36541
-0.364881
-0.363194
-0.360418
-0.356628
-0.351897
-0.346301
-0.339913
-0.332804
-0.325042
-0.316689
-0.307806
-0.298446
-0.288662
-0.2785
-0.268006
-0.257218
-0.246173
-0.234903
-0.223436
-0.211795
-0.200005
-0.188083
-0.176048
-0.163914
-0.151695
-0.1394
-0.127039
-0.11462
-0.102149
-0.0896341
-0.0770776
-0.0644815
-0.0518478
-0.0391781
-0.0264726
-0.0137306
-0.000951504
0.0118643
0.0247168
0.0376073
0.0505383
0.0635126
0.0765318
0.0895964
0.102707
0.115863
0.129068
0.142322
0.155623
0.168966
0.18235
0.195771
0.209226
0.222708
0.236207
0.249712
0.263207
0.276676
0.290098
0.303451
0.316708
0.329838
0.342801
0.355555
0.368052
0.380238
0.392054
0.403437
0.414315
0.424612
0.434246
0.443129
0.451172
0.458284
0.464373
0.469348
0.473119
0.475595
0.476696
0.476346
0.474481
0.471051
0.466016
0.459344
0.451023
0.441157
0.429851
0.415914
0.398397
-0.311418
-0.328558
-0.342121
-0.353052
-0.362542
-0.37051
-0.376881
-0.381689
-0.384984
-0.386822
-0.38727
-0.386401
-0.384294
-0.381031
-0.376696
-0.371375
-0.365153
-0.358111
-0.350328
-0.34188
-0.332836
-0.323259
-0.31321
-0.302744
-0.291911
-0.280759
-0.26933
-0.25766
-0.245783
-0.233726
-0.221515
-0.209172
-0.196717
-0.184167
-0.171535
-0.158835
-0.146077
-0.133268
-0.120415
-0.107526
-0.0946036
-0.081651
-0.068669
-0.0556585
-0.0426199
-0.0295525
-0.0164545
-0.00332454
0.00983844
0.0230359
0.0362707
0.0495467
0.0628681
0.0762377
0.0896575
0.103129
0.116656
0.13024
0.143883
0.157586
0.171346
0.185163
0.199035
0.21296
0.226933
0.240946
0.254989
0.269047
0.283106
0.297146
0.311147
0.325081
0.338917
0.352616
0.366135
0.379424
0.392427
0.405084
0.417325
0.429075
0.440249
0.45076
0.460511
0.469404
0.477336
0.484202
0.489898
0.494316
0.497355
0.498917
0.498915
0.49727
0.493915
0.488797
0.481877
0.473138
0.462683
0.450621
0.43566
0.416777
-0.331124
-0.349557
-0.364081
-0.375712
-0.38574
-0.394085
-0.40067
-0.405541
-0.40876
-0.410397
-0.41053
-0.409248
-0.406643
-0.402811
-0.397849
-0.391855
-0.384924
-0.377149
-0.368617
-0.35941
-0.349605
-0.339271
-0.328473
-0.317269
-0.305715
-0.29386
-0.281747
-0.269414
-0.256896
-0.24422
-0.231411
-0.218492
-0.205483
-0.192398
-0.179253
-0.166059
-0.152826
-0.13956
-0.126266
-0.112951
-0.0996173
-0.086265
-0.0728947
-0.059506
-0.0460984
-0.0326697
-0.0192173
-0.00573845
0.0077693
0.0213091
0.0348853
0.0485034
0.0621687
0.0758854
0.0896572
0.103488
0.11738
0.131341
0.145372
0.159476
0.173653
0.187904
0.202229
0.216627
0.231097
0.245631
0.260221
0.274855
0.289519
0.304196
0.318867
0.333506
0.34808
0.362552
0.376879
0.391009
0.404886
0.418445
0.431613
0.444309
0.456444
0.467921
0.478636
0.488479
0.497334
0.505083
0.511604
0.516776
0.520479
0.522601
0.523034
0.521682
0.51846
0.513302
0.506159
0.497002
0.485937
0.473074
0.45701
0.436641
-0.352364
-0.372204
-0.387762
-0.400133
-0.410719
-0.419437
-0.426214
-0.431106
-0.434193
-0.435558
-0.435297
-0.433514
-0.430319
-0.425824
-0.42014
-0.413379
-0.405647
-0.397049
-0.387682
-0.377637
-0.366995
-0.355833
-0.344221
-0.332222
-0.319893
-0.307285
-0.294445
-0.28141
-0.268215
-0.254889
-0.241456
-0.227937
-0.214352
-0.200716
-0.187042
-0.173342
-0.159624
-0.145892
-0.132152
-0.118406
-0.104657
-0.0909028
-0.0771433
-0.0633769
-0.0496016
-0.0358141
-0.0220103
-0.00818617
0.00566236
0.0195403
0.0334537
0.0474093
0.0614139
0.0754731
0.0895921
0.103776
0.118031
0.132364
0.146779
0.161282
0.175874
0.190557
0.205336
0.22021
0.23518
0.25024
0.265385
0.280605
0.295888
0.311221
0.326583
0.341952
0.357296
0.372579
0.387757
0.402779
0.417587
0.432112
0.44628
0.460004
0.473189
0.48573
0.497513
0.508416
0.518311
0.527062
0.53453
0.540577
0.545065
0.547859
0.548831
0.547861
0.544846
0.539706
0.532374
0.522809
0.511115
0.497407
0.480159
0.458176
-0.37532
-0.396691
-0.41336
-0.426514
-0.437671
-0.446752
-0.453686
-0.458547
-0.461429
-0.462437
-0.461686
-0.4593
-0.455408
-0.450138
-0.443622
-0.435985
-0.427348
-0.417828
-0.407531
-0.396557
-0.384996
-0.372931
-0.360436
-0.347579
-0.334418
-0.321007
-0.307393
-0.293616
-0.279709
-0.265701
-0.251616
-0.237475
-0.223294
-0.209089
-0.194874
-0.180657
-0.166444
-0.152239
-0.138047
-0.123867
-0.1097
-0.0955435
-0.0813957
-0.0672535
-0.0531134
-0.0389706
-0.0248198
-0.0106554
0.00352865
0.0177391
0.0319839
0.0462711
0.0606087
0.0750039
0.0894636
0.103995
0.118606
0.133305
0.1481
0.162997
0.178
0.193114
0.208344
0.223693
0.239164
0.254753
0.270459
0.286274
0.302189
0.318191
0.334266
0.35039
0.366534
0.382664
0.398737
0.414701
0.430497
0.446057
0.461301
0.476139
0.49047
0.50418
0.517146
0.529232
0.540295
0.550182
0.558738
0.565802
0.571213
0.574813
0.576445
0.575966
0.573254
0.568205
0.560732
0.550776
0.538442
0.523846
0.505329
0.481595
-0.400205
-0.423239
-0.441104
-0.455078
-0.466816
-0.47624
-0.483285
-0.488043
-0.490632
-0.491179
-0.489822
-0.486709
-0.481992
-0.475821
-0.468346
-0.45971
-0.450049
-0.439493
-0.428161
-0.416162
-0.403593
-0.390543
-0.37709
-0.363307
-0.349254
-0.334987
-0.320553
-0.305992
-0.291338
-0.276617
-0.261854
-0.247066
-0.232271
-0.217483
-0.202713
-0.187969
-0.173254
-0.158572
-0.143923
-0.129306
-0.114721
-0.100163
-0.0856291
-0.0711146
-0.056614
-0.0421211
-0.027629
-0.0131305
0.00138241
0.0159185
0.0304874
0.0450986
0.0597612
0.0744842
0.0892763
0.104147
0.119106
0.134165
0.149332
0.164616
0.180024
0.195563
0.21124
0.227062
0.243032
0.259152
0.275422
0.291837
0.308393
0.325079
0.341883
0.358785
0.375758
0.392771
0.409781
0.426737
0.443583
0.460246
0.476646
0.49269
0.508268
0.523262
0.537534
0.550937
0.563312
0.574489
0.584291
0.592534
0.599029
0.603589
0.606028
0.606177
0.603884
0.599018
0.591466
0.581151
0.568175
0.552653
0.532779
0.507146
-0.427259
-0.452104
-0.471251
-0.486085
-0.498405
-0.508139
-0.515231
-0.519797
-0.521981
-0.521938
-0.519837
-0.515851
-0.51016
-0.502939
-0.494358
-0.484582
-0.473764
-0.462048
-0.449564
-0.436432
-0.422757
-0.408633
-0.394145
-0.379365
-0.364358
-0.34918
-0.333877
-0.318491
-0.303053
-0.287589
-0.272122
-0.256668
-0.241242
-0.225856
-0.210521
-0.195241
-0.18002
-0.164856
-0.149748
-0.134695
-0.119693
-0.104736
-0.0898205
-0.0749388
-0.060084
-0.0452481
-0.0304223
-0.0155976
-0.000764064
0.0140891
0.028973
0.0438986
0.0588764
0.0739169
0.0890314
0.104231
0.119529
0.134938
0.150469
0.166132
0.181937
0.197893
0.21401
0.230299
0.246765
0.263414
0.280248
0.297268
0.31447
0.331851
0.349399
0.367099
0.384929
0.402857
0.420845
0.438845
0.456799
0.474637
0.492277
0.509621
0.526557
0.542954
0.558667
0.573535
0.587383
0.600022
0.611251
0.620857
0.628623
0.634325
0.637748
0.638688
0.636957
0.63239
0.624844
0.614218
0.600607
0.584127
0.562802
0.535112
-0.456764
-0.48358
-0.504102
-0.519828
-0.532721
-0.542717
-0.549772
-0.554031
-0.555672
-0.554884
-0.55187
-0.546838
-0.539997
-0.531552
-0.521698
-0.510622
-0.498496
-0.48548
-0.471716
-0.457334
-0.442448
-0.427158
-0.411549
-0.395699
-0.379673
-0.363528
-0.347309
-0.331056
-0.3148
-0.298563
-0.282368
-0.266227
-0.250155
-0.234162
-0.218254
-0.202433
-0.186701
-0.171053
-0.155488
-0.140001
-0.124585
-0.109236
-0.0939443
-0.0787028
-0.0635019
-0.0483316
-0.0331814
-0.0180401
-0.00289594
0.0122639
0.0274519
0.0426803
0.0579614
0.0733077
0.0887327
0.104251
0.119876
0.135623
0.151506
0.167537
0.183728
0.200091
0.216641
0.233388
0.250344
0.267517
0.284913
0.302537
0.320391
0.338473
0.356778
0.375294
0.394002
0.412877
0.431883
0.450975
0.470098
0.489184
0.508148
0.526891
0.545297
0.563227
0.580528
0.597024
0.612524
0.626817
0.639675
0.650856
0.660107
0.667169
0.671787
0.673714
0.672719
0.668596
0.661167
0.650299
0.636077
0.618609
0.595739
0.56582
-0.489039
-0.518006
-0.540002
-0.556648
-0.570092
-0.58028
-0.587187
-0.590993
-0.591919
-0.590196
-0.586067
-0.579782
-0.571586
-0.561716
-0.550396
-0.537838
-0.524236
-0.509764
-0.49458
-0.478822
-0.462612
-0.446054
-0.429239
-0.412243
-0.395132
-0.377962
-0.360779
-0.34362
-0.326511
-0.309476
-0.292531
-0.275688
-0.258958
-0.242348
-0.225861
-0.209497
-0.193253
-0.177124
-0.161104
-0.145187
-0.129365
-0.11363
-0.0979717
-0.0823797
-0.0668425
-0.0513482
-0.0358843
-0.0204377
-0.00499455
0.0104596
0.0259388
0.0414568
0.0570276
0.0726662
0.0883885
0.104211
0.12015
0.136223
0.152444
0.168829
0.185393
0.202151
0.21912
0.236316
0.253753
0.271442
0.289395
0.30762
0.326125
0.344911
0.363981
0.383326
0.402934
0.422783
0.442844
0.463075
0.483425
0.503829
0.524203
0.544448
0.564442
0.584044
0.603089
0.62139
0.638738
0.654898
0.669615
0.682613
0.693599
0.702275
0.708338
0.711487
0.71144
0.707946
0.700778
0.689763
0.674969
0.656494
0.631981
0.599644
-0.52446
-0.555776
-0.57935
-0.596939
-0.610893
-0.621177
-0.627789
-0.630959
-0.630957
-0.628066
-0.62258
-0.614796
-0.605002
-0.593474
-0.580469
-0.566224
-0.550955
-0.534857
-0.518099
-0.500828
-0.483174
-0.465244
-0.447131
-0.428911
-0.41065
-0.392401
-0.374208
-0.356103
-0.338113
-0.320255
-0.302542
-0.284984
-0.267588
-0.250356
-0.233289
-0.216382
-0.199629
-0.183023
-0.166556
-0.150217
-0.133998
-0.117887
-0.101873
-0.0859424
-0.0700811
-0.0542753
-0.0385104
-0.0227716
-0.00704316
0.00869103
0.0244466
0.0402391
0.0560846
0.0720005
0.0880052
0.104117
0.120355
0.136737
0.15328
0.170004
0.186925
0.204063
0.221438
0.239069
0.256974
0.275169
0.293669
0.312488
0.331639
0.35113
0.370968
0.391152
0.411676
0.432523
0.453671
0.475084
0.496717
0.518509
0.540379
0.562228
0.583934
0.605352
0.626309
0.646606
0.666016
0.684281
0.701115
0.716205
0.729219
0.739806
0.747606
0.75226
0.753425
0.750788
0.744066
0.733031
0.717728
0.698239
0.671981
0.63702
-0.563459
-0.597351
-0.622614
-0.641156
-0.655557
-0.665805
-0.671935
-0.674234
-0.673039
-0.668696
-0.661561
-0.651986
-0.640311
-0.626855
-0.611912
-0.595749
-0.578605
-0.560692
-0.542193
-0.523265
-0.504039
-0.484629
-0.465125
-0.445603
-0.426127
-0.406746
-0.3875
-0.368417
-0.349518
-0.330818
-0.312325
-0.294044
-0.275977
-0.258122
-0.240477
-0.223032
-0.205778
-0.188704
-0.171798
-0.15505
-0.138446
-0.121974
-0.105618
-0.0893623
-0.0731915
-0.0570888
-0.041038
-0.0250224
-0.0090246
0.00697329
0.0229887
0.039039
0.0551427
0.0713194
0.0875896
0.103974
0.120493
0.137166
0.154014
0.171058
0.188319
0.205819
0.223583
0.241633
0.259991
0.278677
0.297711
0.317114
0.336902
0.357093
0.377699
0.398727
0.420176
0.44204
0.464302
0.486937
0.509904
0.533149
0.556599
0.580156
0.603701
0.627085
0.650131
0.67263
0.694335
0.714966
0.734206
0.751704
0.767079
0.779923
0.789809
0.79631
0.799008
0.797516
0.791473
0.780589
0.764868
0.744372
0.716265
0.678448
-0.606543
-0.64327
-0.670342
-0.689833
-0.704584
-0.714619
-0.720021
-0.721155
-0.718438
-0.712296
-0.703159
-0.691448
-0.677561
-0.661866
-0.644698
-0.626357
-0.607106
-0.587174
-0.566756
-0.546015
-0.525088
-0.504086
-0.483099
-0.4622
-0.441448
-0.420886
-0.400548
-0.380458
-0.360631
-0.341075
-0.321794
-0.302787
-0.28405
-0.265578
-0.247361
-0.229387
-0.211643
-0.194114
-0.176786
-0.159643
-0.14267
-0.125852
-0.109171
-0.092608
-0.0761443
-0.0597618
-0.0434425
-0.0271679
-0.0109187
0.00532468
0.0215817
0.0378718
0.0542155
0.0706348
0.0871521
0.10379
0.12057
0.137514
0.154647
0.171991
0.189572
0.207415
0.225548
0.243998
0.262789
0.281948
0.301499
0.321469
0.341883
0.362764
0.384132
0.406002
0.428382
0.451274
0.474672
0.498559
0.522907
0.547668
0.572777
0.598144
0.623654
0.649159
0.67448
0.699396
0.723649
0.746934
0.768905
0.789167
0.807287
0.82279
0.835177
0.843936
0.848562
0.84857
0.843506
0.832993
0.816987
0.795514
0.765449
0.724516
-0.654311
-0.694172
-0.723183
-0.743597
-0.758558
-0.768142
-0.772499
-0.772093
-0.767445
-0.75908
-0.747518
-0.733261
-0.716774
-0.698483
-0.678767
-0.657959
-0.636346
-0.614174
-0.591648
-0.568935
-0.546173
-0.523469
-0.50091
-0.478562
-0.456476
-0.434691
-0.413231
-0.392113
-0.371344
-0.350927
-0.330857
-0.311127
-0.291728
-0.272649
-0.253874
-0.235387
-0.217169
-0.199202
-0.181469
-0.163951
-0.14663
-0.129486
-0.112499
-0.0956483
-0.0789114
-0.0622687
-0.0457006
-0.0291871
-0.0127067
0.00376213
0.0202409
0.0367512
0.0533154
0.0699573
0.0867012
0.103571
0.120591
0.137785
0.15518
0.172803
0.190681
0.208845
0.227326
0.246152
0.265355
0.284964
0.305011
0.32553
0.346551
0.368107
0.390224
0.412928
0.436235
0.46016
0.484707
0.509872
0.535638
0.56197
0.588814
0.616089
0.643688
0.67147
0.699255
0.726819
0.75389
0.780145
0.805205
0.828633
0.849935
0.868568
0.883946
0.895462
0.902495
0.904445
0.900741
0.890893
0.874788
0.852393
0.820259
0.775912
-0.70747
-0.750823
-0.781909
-0.803191
-0.818161
-0.826976
-0.829876
-0.827456
-0.820368
-0.809259
-0.794763
-0.777475
-0.757939
-0.736643
-0.714014
-0.69042
-0.66617
-0.641524
-0.616693
-0.591845
-0.567114
-0.542602
-0.518387
-0.494526
-0.47106
-0.448017
-0.425413
-0.403255
-0.381542
-0.360265
-0.339414
-0.318973
-0.298928
-0.279258
-0.259944
-0.240964
-0.222295
-0.203914
-0.1858
-0.16793
-0.150283
-0.132838
-0.115569
-0.0984518
-0.0814641
-0.0645837
-0.0477895
-0.0310594
-0.01437
0.00230263
0.0189818
0.035691
0.0524542
0.069297
0.0862454
0.103325
0.120561
0.137982
0.155616
0.173493
0.191646
0.210106
0.228908
0.248086
0.267674
0.287707
0.308225
0.329267
0.350873
0.373082
0.39593
0.419451
0.443675
0.468629
0.49433
0.520789
0.548002
0.57595
0.604594
0.633868
0.663677
0.69389
0.724332
0.754781
0.784959
0.814524
0.843068
0.870111
0.895098
0.917408
0.93636
0.951227
0.961256
0.965703
0.963844
0.955047
0.939096
0.915875
0.881558
0.833449
-0.766874
-0.814143
-0.847451
-0.869499
-0.884198
-0.891814
-0.89272
-0.887682
-0.877519
-0.863034
-0.844991
-0.824101
-0.800996
-0.776232
-0.750285
-0.723555
-0.696374
-0.669009
-0.641671
-0.614526
-0.587698
-0.561279
-0.535334
-0.509906
-0.485024
-0.460702
-0.436945
-0.413747
-0.391096
-0.368974
-0.347359
-0.326229
-0.305559
-0.285325
-0.265499
-0.246054
-0.226962
-0.208195
-0.189727
-0.171534
-0.15359
-0.135868
-0.118343
-0.100986
-0.0837731
-0.0666803
-0.0496849
-0.0327628
-0.0158882
0.000964707
0.0178213
0.0347063
0.0516454
0.0686655
0.085794
0.103059
0.120487
0.138109
0.155957
0.174064
0.192464
0.211193
0.230288
0.249788
0.269731
0.290159
0.311119
0.332656
0.354817
0.37765
0.401202
0.425517
0.450638
0.476607
0.503456
0.531213
0.55989
0.589488
0.619986
0.651339
0.683469
0.716261
0.749554
0.783132
0.816716
0.849955
0.882415
0.913573
0.942816
0.96944
0.992651
1.01159
1.02533
1.03297
1.03358
1.02634
1.01089
0.986999
0.950385
0.898101
-0.833559
-0.885258
-0.920943
-0.943587
-0.957617
-0.963458
-0.96167
-0.953243
-0.939214
-0.920575
-0.898255
-0.873092
-0.84582
-0.817066
-0.787355
-0.757115
-0.726693
-0.696357
-0.666314
-0.636716
-0.607674
-0.579262
-0.551527
-0.524495
-0.498176
-0.47257
-0.447665
-0.423441
-0.399873
-0.37693
-0.354582
-0.332794
-0.311533
-0.290768
-0.270465
-0.25059
-0.231109
-0.21199
-0.193203
-0.174719
-0.156508
-0.138542
-0.120789
-0.103221
-0.0858114
-0.0685342
-0.0513649
-0.0342772
-0.0172432
-0.000235042
0.0167741
0.0338102
0.0509
0.0680719
0.0853549
0.102778
0.120373
0.13817
0.156206
0.174515
0.193134
0.212102
0.231458
0.251247
0.271513
0.292303
0.31367
0.335667
0.358348
0.38177
0.40599
0.431066
0.457056
0.484016
0.511995
0.541039
0.571183
0.602449
0.634841
0.668338
0.702887
0.738397
0.774726
0.811675
0.848975
0.886271
0.923112
0.958942
0.993088
1.02476
1.05303
1.0769
1.09526
1.10696
1.11084
1.10582
1.09135
1.06702
1.028
0.971043
-0.9088
-0.965566
-1.00378
-1.02675
-1.03955
-1.04283
-1.03743
-1.02463
-1.00575
-0.982007
-0.954537
-0.924321
-0.892202
-0.858878
-0.824918
-0.790773
-0.756791
-0.723236
-0.690297
-0.658107
-0.626752
-0.59628
-0.566715
-0.538061
-0.510307
-0.48343
-0.4574
-0.432181
-0.407732
-0.38401
-0.360969
-0.338566
-0.316759
-0.295507
-0.27477
-0.254507
-0.234679
-0.215249
-0.196181
-0.177443
-0.159001
-0.140823
-0.122877
-0.10513
-0.0875542
-0.0701229
-0.0528091
-0.0355842
-0.0184181
-0.00128139
0.0158538
0.0330142
0.0502278
0.0675244
0.0849347
0.10249
0.120223
0.138169
0.156363
0.174845
0.193651
0.212824
0.232409
0.252452
0.273005
0.29412
0.315855
0.338271
0.361429
0.385396
0.410242
0.436039
0.462857
0.490769
0.519846
0.550152
0.581747
0.614682
0.648988
0.684675
0.721722
0.760069
0.799607
0.840163
0.881488
0.923238
0.964958
1.00607
1.04584
1.08339
1.11768
1.14752
1.17158
1.18844
1.19662
1.19473
1.18189
1.15747
1.11594
1.05372
-0.994199
-1.05682
-1.0977
-1.12057
-1.13133
-1.131
-1.12077
-1.10234
-1.07736
-1.04738
-1.01372
-0.977551
-0.939818
-0.90129
-0.862568
-0.824109
-0.786255
-0.749245
-0.71324
-0.678341
-0.644598
-0.612028
-0.580623
-0.550356
-0.52119
-0.493079
-0.46597
-0.439807
-0.414532
-0.390084
-0.366407
-0.343445
-0.321147
-0.299462
-0.278343
-0.257743
-0.237617
-0.217921
-0.198617
-0.179666
-0.161033
-0.142682
-0.124578
-0.106687
-0.0889795
-0.0714266
-0.0539994
-0.0366671
-0.0193979
-0.00216107
0.0150718
0.0323281
0.049637
0.0670297
0.0845391
0.102199
0.120042
0.138107
0.15643
0.17505
0.19401
0.213354
0.23313
0.253391
0.274191
0.295589
0.317648
0.340435
0.364021
0.388484
0.413905
0.440368
0.467962
0.496776
0.5269
0.558424
0.591437
0.626018
0.662234
0.700131
0.739729
0.781008
0.823903
0.868283
0.913934
0.960539
1.00766
1.0547
1.1009
1.14529
1.18671
1.22376
1.25487
1.27828
1.29211
1.29452
1.28425
1.26026
1.21616
1.14791
-1.0918
-1.16127
-1.20491
-1.22701
-1.23459
-1.22919
-1.21253
-1.18683
-1.15424
-1.11661
-1.07555
-1.0324
-0.988203
-0.943791
-0.899775
-0.856602
-0.814578
-0.773905
-0.734698
-0.697009
-0.660843
-0.626172
-0.592949
-0.561111
-0.530588
-0.501307
-0.473189
-0.446155
-0.420126
-0.395027
-0.370786
-0.347335
-0.324612
-0.30256
-0.281121
-0.260243
-0.239874
-0.219965
-0.200473
-0.181355
-0.162574
-0.144091
-0.125869
-0.107872
-0.0900694
-0.0724295
-0.0549216
-0.0375131
-0.0201712
-0.00286438
0.0144361
0.0317584
0.0491328
0.0665923
0.0841717
0.101906
0.119831
0.137983
0.156401
0.175127
0.194205
0.213682
0.233611
0.254049
0.275054
0.296688
0.319021
0.342126
0.366084
0.390984
0.416918
0.443985
0.472288
0.501935
0.533039
0.565718
0.600091
0.636271
0.674362
0.714457
0.756621
0.800893
0.84726
0.89565
0.945904
0.997756
1.0508
1.10447
1.15796
1.21028
1.26011
1.30587
1.34568
1.37739
1.39863
1.40695
1.40053
1.37776
1.33109
1.25589
-1.20426
-1.28183
-1.32822
-1.3485
-1.35124
-1.33876
-1.31354
-1.27851
-1.23638
-1.18944
-1.13957
-1.08828
-1.03671
-0.985708
-0.935872
-0.887606
-0.841158
-0.796661
-0.754165
-0.713655
-0.675078
-0.63835
-0.603375
-0.570048
-0.538259
-0.507903
-0.478873
-0.451064
-0.424377
-0.398719
-0.374001
-0.350145
-0.327078
-0.304733
-0.283046
-0.261956
-0.241406
-0.221341
-0.201715
-0.182482
-0.1636
-0.14503
-0.126733
-0.108671
-0.0908105
-0.0731194
-0.0555649
-0.0381131
-0.0207304
-0.00338523
0.0139514
0.0313085
0.0487178
0.0662143
0.0838341
0.101613
0.119587
0.137794
0.156273
0.175069
0.194227
0.213799
0.233841
0.254412
0.275573
0.297391
0.319942
0.343307
0.367575
0.392845
0.419221
0.446815
0.475744
0.506139
0.538137
0.571885
0.607532
0.64523
0.685127
0.727365
0.772072
0.819348
0.869254
0.921794
0.976887
1.03434
1.09383
1.15482
1.21656
1.27799
1.33771
1.39394
1.44449
1.48673
1.51767
1.5341
1.53337
1.51303
1.46391
1.38058
-1.33515
-1.42241
-1.47131
-1.4881
-1.48356
-1.46122
-1.42461
-1.3776
-1.3236
-1.26536
-1.20507
-1.14437
-1.08447
-1.02618
-0.970031
-0.91635
-0.865287
-0.816877
-0.771075
-0.727783
-0.686869
-0.648185
-0.611575
-0.576883
-0.54396
-0.512659
-0.482844
-0.454383
-0.427156
-0.401048
-0.375959
-0.351797
-0.328477
-0.305926
-0.28407
-0.262842
-0.242179
-0.222022
-0.20232
-0.183025
-0.164095
-0.145486
-0.127158
-0.109073
-0.0911953
-0.0734902
-0.0559242
-0.038463
-0.0210729
-0.00372241
0.013618
0.0309783
0.0483918
0.0658949
0.0835247
0.101317
0.119307
0.137533
0.156037
0.174865
0.194066
0.213693
0.233804
0.25446
0.275725
0.297672
0.32038
0.34394
0.36845
0.394014
0.420748
0.448776
0.478235
0.509276
0.542061
0.576763
0.613568
0.652666
0.694256
0.738538
0.785707
0.83594
0.889386
0.946145
1.00625
1.06961
1.13601
1.20503
1.27597
1.34781
1.41909
1.48787
1.55163
1.60723
1.6509
1.67841
1.68601
1.66996
1.61879
1.52584
-1.48932
-1.58827
-1.63899
-1.64965
-1.63426
-1.59818
-1.54641
-1.48405
-1.41531
-1.34347
-1.27096
-1.19953
-1.13034
-1.06411
-1.00124
-0.941925
-0.886157
-0.833841
-0.784811
-0.738859
-0.695761
-0.655288
-0.617219
-0.581341
-0.547456
-0.515378
-0.484938
-0.455975
-0.428347
-0.401921
-0.376582
-0.352225
-0.328757
-0.306094
-0.284157
-0.262872
-0.242169
-0.221988
-0.202273
-0.182975
-0.164049
-0.145452
-0.127142
-0.109077
-0.0912219
-0.0735406
-0.0559995
-0.0385643
-0.0212013
-0.00387922
0.0134322
0.0307641
0.048151
0.06563
0.083238
0.10101
0.118982
0.137192
0.155684
0.174507
0.193711
0.213349
0.233482
0.254171
0.275485
0.2975
0.320302
0.343987
0.368659
0.39443
0.421427
0.449786
0.479663
0.511228
0.544666
0.580181
0.61799
0.65833
0.701453
0.747622
0.797106
0.850173
0.907073
0.96803
1.03321
1.10269
1.17639
1.25407
1.33517
1.41878
1.50346
1.58719
1.66715
1.73965
1.80003
1.84277
1.86254
1.85369
1.80136
1.69693
-1.67369
-1.78675
-1.83771
-1.83793
-1.80638
-1.75115
-1.67926
-1.59729
-1.51041
-1.42235
-1.33572
-1.25221
-1.17285
-1.09816
-1.02832
-0.963284
-0.902864
-0.846783
-0.794718
-0.746333
-0.701292
-0.659278
-0.619991
-0.583159
-0.548533
-0.515885
-0.48501
-0.455722
-0.427856
-0.401261
-0.375808
-0.351382
-0.32788
-0.30521
-0.283286
-0.262029
-0.241365
-0.22123
-0.201567
-0.182327
-0.163463
-0.14493
-0.126685
-0.108685
-0.0908939
-0.0732754
-0.0557965
-0.0384234
-0.0211229
-0.00386308
0.0133868
0.0306589
0.0479883
0.0654117
0.0829651
0.100683
0.1186
0.136758
0.155202
0.173981
0.193146
0.212751
0.232855
0.253523
0.274826
0.296846
0.319672
0.343405
0.368153
0.394034
0.421186
0.44976
0.479926
0.511871
0.545805
0.581956
0.620581
0.66196
0.706401
0.754234
0.805808
0.861489
0.921651
0.986663
1.05686
1.13251
1.21377
1.30062
1.39275
1.48947
1.58952
1.69089
1.7906
1.88445
1.96676
2.03044
2.06801
2.07098
2.01936
1.9012
-1.8984
-2.02831
-2.07612
-2.05889
-2.00327
-1.92135
-1.82282
-1.71602
-1.60702
-1.4999
-1.3972
-1.30041
-1.21019
-1.12673
-1.04987
-0.979255
-0.914427
-0.854887
-0.800126
-0.749656
-0.703017
-0.659791
-0.6196
-0.582106
-0.547005
-0.514032
-0.482946
-0.453536
-0.425614
-0.399017
-0.373602
-0.349242
-0.325828
-0.303261
-0.28145
-0.26031
-0.239766
-0.219752
-0.20021
-0.18109
-0.162346
-0.14393
-0.125798
-0.107908
-0.0902217
-0.0727056
-0.0553268
-0.0380525
-0.0208495
-0.00368551
0.0134709
0.0306522
0.0478926
0.0652279
0.0826928
0.100321
0.118149
0.136219
0.154578
0.173273
0.192355
0.211876
0.231899
0.25249
0.273722
0.29568
0.318456
0.342151
0.366879
0.392765
0.419956
0.448614
0.478922
0.511082
0.545323
0.581905
0.621116
0.663284
0.708767
0.757963
0.811309
0.869279
0.932382
1.00115
1.07612
1.1578
1.24665
1.34296
1.44681
1.55787
1.67525
1.7972
1.92075
2.04138
2.15244
2.24495
2.30865
2.33089
2.28377
2.1494
-2.17906
-2.32817
-2.36586
-2.31967
-2.22817
-2.10915
-1.97559
-1.83766
-1.70215
-1.57306
-1.45257
-1.34156
-1.24015
-1.14796
-1.06435
-0.988567
-0.919815
-0.857326
-0.800375
-0.748305
-0.700524
-0.656509
-0.615798
-0.577989
-0.54273
-0.509712
-0.478667
-0.44936
-0.421586
-0.395167
-0.369949
-0.345801
-0.322604
-0.300255
-0.278659
-0.257729
-0.237388
-0.21757
-0.198219
-0.179283
-0.160715
-0.142469
-0.124498
-0.106761
-0.0892221
-0.0718479
-0.0546074
-0.0374683
-0.0203971
-0.00336141
0.0136703
0.0307295
0.047849
0.0650629
0.0824052
0.09991
0.117614
0.135561
0.153795
0.172364
0.191316
0.210705
0.230593
0.251048
0.272147
0.293971
0.316615
0.340181
0.364787
0.390565
0.417668
0.446266
0.476549
0.508735
0.543073
0.579846
0.619375
0.662026
0.708209
0.758388
0.813089
0.872898
0.938465
1.0105
1.08978
1.17709
1.27324
1.37898
1.49487
1.62121
1.75769
1.90317
2.05513
2.20905
2.35756
2.48976
2.59194
2.64553
2.61043
2.45793
-2.54092
-2.70898
-2.72251
-2.6284
-2.4835
-2.31321
-2.13412
-1.95789
-1.7913
-1.63766
-1.49811
-1.37254
-1.26014
-1.15975
-1.07009
-0.989904
-0.918
-0.853302
-0.794854
-0.741818
-0.693466
-0.649172
-0.608397
-0.570676
-0.535614
-0.502866
-0.47214
-0.44318
-0.415769
-0.389719
-0.364869
-0.341081
-0.318233
-0.296219
-0.274942
-0.254315
-0.234261
-0.214716
-0.195623
-0.176933
-0.158599
-0.140572
-0.122809
-0.105269
-0.0879179
-0.0707249
-0.0536599
-0.036691
-0.0197847
-0.00290863
0.0139675
0.0308731
0.0478392
0.0648985
0.082085
0.099433
0.116979
0.134766
0.152836
0.171235
0.190011
0.209217
0.228915
0.249176
0.270073
0.291688
0.314113
0.337456
0.361833
0.387383
0.414259
0.442636
0.472713
0.504719
0.538917
0.57561
0.615145
0.657921
0.704394
0.755094
0.810625
0.871683
0.939062
1.01366
1.0965
1.18869
1.29147
1.4061
1.53385
1.67581
1.83268
2.00436
2.18939
2.38403
2.58086
2.76745
2.92631
3.03103
3.02285
2.85316
-3.02739
-3.20507
-3.16618
-2.99307
-2.76917
-2.52892
-2.29185
-2.06975
-1.86803
-1.68809
-1.5292
-1.38963
-1.26724
-1.15985
-1.06537
-0.98197
-0.908015
-0.842104
-0.783044
-0.729822
-0.681584
-0.637608
-0.597285
-0.560104
-0.525629
-0.493491
-0.463378
-0.435024
-0.408201
-0.382716
-0.358405
-0.335129
-0.312763
-0.291201
-0.270345
-0.250112
-0.230428
-0.211229
-0.192462
-0.174078
-0.15603
-0.138272
-0.120761
-0.10346
-0.0863373
-0.0693634
-0.0525096
-0.035744
-0.0190338
-0.00234782
0.0143419
0.0310625
0.0478431
0.064716
0.0817148
0.0988736
0.116228
0.133817
0.151683
0.169868
0.18842
0.207392
0.226847
0.246852
0.267477
0.288802
0.310922
0.333941
0.357979
0.383171
0.409672
0.437659
0.467335
0.498935
0.532734
0.569046
0.608235
0.650728
0.69702
0.747691
0.803418
0.864994
0.933344
1.00955
1.09488
1.1908
1.29899
1.42135
1.55996
1.717
1.89455
2.09423
2.31652
2.55966
2.8177
3.07801
3.32005
3.50808
3.55641
3.38016
-3.71712
-3.86858
-3.72047
-3.418
-3.07898
-2.74556
-2.43713
-2.16255
-1.9233
-1.71712
-1.54024
-1.38859
-1.2583
-1.14592
-1.04851
-0.963557
-0.889005
-0.823138
-0.764544
-0.712058
-0.664717
-0.621728
-0.582431
-0.546275
-0.512804
-0.481634
-0.452442
-0.424956
-0.39895
-0.374229
-0.35063
-0.328013
-0.306259
-0.285261
-0.264928
-0.245178
-0.225942
-0.207161
-0.188782
-0.17076
-0.153049
-0.135606
-0.11839
-0.101369
-0.0845117
-0.0677925
-0.0511828
-0.0346517
-0.0181675
-0.00170158
0.0147714
0.0312761
0.0478406
0.0644967
0.0812773
0.0982147
0.115342
0.132696
0.150316
0.168244
0.186527
0.205215
0.22437
0.244053
0.264335
0.285292
0.307016
0.32961
0.353191
0.377891
0.403861
0.431278
0.460346
0.491302
0.524421
0.560022
0.598481
0.64024
0.685818
0.735833
0.791014
0.852229
0.920518
0.997123
1.08354
1.18155
1.29332
1.42139
1.56878
1.73899
1.9359
2.16355
2.42558
2.72406
3.05707
3.41507
3.77758
4.10084
4.26455
4.12023
-4.75324
-4.77499
-4.40778
-3.89772
-3.39558
-2.94298
-2.55152
-2.22113
-1.94542
-1.71606
-1.52494
-1.36496
-1.2302
-1.11586
-1.01805
-0.93371
-0.860359
-0.796032
-0.739148
-0.688432
-0.642853
-0.601572
-0.563904
-0.529283
-0.497245
-0.467405
-0.439442
-0.41309
-0.388125
-0.364361
-0.341639
-0.319826
-0.298806
-0.278481
-0.258765
-0.239582
-0.220868
-0.202569
-0.184637
-0.167028
-0.149701
-0.132615
-0.115735
-0.0990302
-0.0824744
-0.0660424
-0.0497073
-0.0334397
-0.0172103
-0.000993413
0.0152335
0.0314933
0.047813
0.0642235
0.0807558
0.0974397
0.114305
0.131387
0.148722
0.166351
0.184318
0.202672
0.221469
0.240768
0.260634
0.281142
0.30238
0.324446
0.34745
0.371518
0.396798
0.423463
0.45171
0.48177
0.513913
0.548456
0.585775
0.626312
0.670598
0.719262
0.773063
0.832917
0.899935
0.975477
1.06121
1.1592
1.27201
1.40281
1.55557
1.7352
1.94771
2.20028
2.50104
2.85831
3.27832
3.7608
4.29324
4.83204
5.22399
5.21997
-6.39407
-6.02364
-5.24031
-4.41202
-3.68853
-3.09165
-2.61116
-2.22798
-1.92225
-1.67686
-1.47815
-1.31558
-1.18112
-1.06867
-0.9736
-0.892365
-0.822229
-0.761064
-0.707202
-0.659324
-0.616378
-0.577521
-0.542072
-0.509474
-0.479276
-0.451106
-0.424659
-0.39968
-0.375961
-0.353326
-0.331629
-0.310744
-0.290567
-0.271009
-0.25199
-0.233445
-0.215317
-0.197555
-0.180118
-0.162965
-0.146059
-0.129367
-0.112856
-0.0964998
-0.0802742
-0.0641563
-0.0481213
-0.0321421
-0.0161927
-0.000250207
0.0157055
0.0316956
0.0477457
0.0638847
0.0801416
0.0965428
0.113116
0.129891
0.146906
0.164198
0.181808
0.19978
0.218166
0.23702
0.256405
0.27639
0.297057
0.318495
0.340808
0.364115
0.388555
0.414292
0.44151
0.470431
0.501311
0.534457
0.570229
0.60906
0.651467
0.698072
0.749631
0.807067
0.871515
0.944384
1.02744
1.12291
1.23364
1.36329
1.51665
1.69994
1.92136
2.19166
2.52471
2.93781
3.45108
4.08387
4.84609
5.71359
6.53462
6.94124
-9.21623
-7.73751
-6.16996
-4.88768
-3.89151
-3.14024
-2.58045
-2.16014
-1.83968
-1.5912
-1.39521
-1.23803
-1.10996
-1.00407
-0.915298
-0.839922
-0.775135
-0.718803
-0.669283
-0.625293
-0.585823
-0.55007
-0.517391
-0.487267
-0.45928
-0.433086
-0.408407
-0.385014
-0.362717
-0.341359
-0.32081
-0.300959
-0.281714
-0.262999
-0.244745
-0.226896
-0.209402
-0.19222
-0.175315
-0.158652
-0.142201
-0.125931
-0.109816
-0.0938321
-0.0779592
-0.0621769
-0.0464628
-0.0307931
-0.0151445
0.00050278
0.0161664
0.0318658
0.0476247
0.06347
0.0794274
0.0955203
0.111773
0.128214
0.144877
0.161798
0.179013
0.19656
0.214487
0.232844
0.251688
0.271082
0.291098
0.311818
0.333336
0.355761
0.37922
0.403863
0.429858
0.45741
0.486756
0.518178
0.552014
0.588668
0.628624
0.672471
0.720927
0.774875
0.835412
0.903914
0.982127
1.07229
1.17734
1.30115
1.44891
1.62778
1.84766
2.12256
2.47236
2.92543
3.52213
4.31567
5.3605
6.69604
8.32122
9.86646
-14.7229
-9.98766
-6.85104
-5.0055
-3.77874
-2.94046
-2.36441
-1.95668
-1.65776
-1.43194
-1.25689
-1.11809
-1.00581
-0.913395
-0.83611
-0.770542
-0.71416
-0.665061
-0.621791
-0.583221
-0.548468
-0.516836
-0.487766
-0.460813
-0.435617
-0.411888
-0.38939
-0.367932
-0.347354
-0.327528
-0.308345
-0.289716
-0.271569
-0.253839
-0.236476
-0.219433
-0.202672
-0.186159
-0.169866
-0.153766
-0.137834
-0.122048
-0.106386
-0.0908288
-0.0753597
-0.059962
-0.0446166
-0.0293028
-0.0140011
0.0013049
0.0166304
0.0319925
0.0474131
0.062916
0.078523
0.0942538
0.11013
0.126177
0.142426
0.158907
0.175651
0.192691
0.210069
0.227831
0.246022
0.264699
0.283922
0.303764
0.324305
0.34564
0.367879
0.391151
0.415603
0.441411
0.468784
0.49797
0.52926
0.563011
0.59965
0.639692
0.683771
0.732669
0.787357
0.84906
0.919338
1.00021
1.09435
1.2053
1.33799
1.4993
1.69923
1.95268
2.2825
2.72515
3.34124
4.22712
5.51321
7.43177
10.6578
15.5034
-24.0059
-12.1908
-6.57489
-4.29213
-3.08401
-2.35302
-1.89036
-1.57808
-1.3535
-1.18445
-1.05295
-0.948003
-0.862458
-0.791469
-0.731611
-0.680391
-0.635954
-0.596891
-0.562119
-0.530798
-0.502264
-0.475994
-0.451569
-0.428655
-0.406985
-0.386343
-0.366557
-0.347487
-0.32902
-0.311061
-0.293538
-0.276387
-0.259559
-0.243014
-0.226715
-0.210633
-0.194743
-0.179023
-0.163456
-0.148023
-0.132708
-0.117495
-0.102369
-0.087317
-0.072327
-0.057386
-0.042479
-0.0275895
-0.0127022
0.00219564
0.0171161
0.032074
0.047088
0.062178
0.0773617
0.0926547
0.108075
0.123645
0.13939
0.155336
0.171505
0.187925
0.204632
0.22166
0.239049
0.25684
0.275083
0.293834
0.313158
0.33313
0.353837
0.375379
0.397875
0.421465
0.446313
0.472614
0.500604
0.530561
0.562822
0.597797
0.63598
0.677981
0.724555
0.776644
0.835441
0.902478
0.979754
1.06993
1.17663
1.30495
1.46237
1.6603
1.91731
2.26623
2.77061
3.55151
4.82728
7.20537
12.9379
24.8756
)
;

boundaryField
{
    movingWall
    {
        type            zeroGradient;
    }
    fixedWalls
    {
        type            zeroGradient;
    }
    frontAndBack
    {
        type            empty;
    }
}


// ************************************************************************* //
