/*--------------------------------*- C++ -*----------------------------------*\
| =========                 |                                                 |
| \\      /  F ield         | OpenFOAM: The Open Source CFD Toolbox           |
|  \\    /   O peration     | Version:  2212                                  |
|   \\  /    A nd           | Website:  www.openfoam.com                      |
|    \\/     M anipulation  |                                                 |
\*---------------------------------------------------------------------------*/
FoamFile
{
    version     2.0;
    format      ascii;
    arch        "LSB;label=32;scalar=64";
    class       volScalarField;
    location    "0.0055";
    object      p;
}
// * * * * * * * * * * * * * * * * * * * * * * * * * * * * * * * * * * * * * //

dimensions      [0 2 -2 0 0 0 0];

internalField   nonuniform List<scalar> 
10000
(
-1.598e-07
-0.00193437
-0.00492805
-0.00789219
-0.0104199
-0.0126598
-0.0146485
-0.016404
-0.0179375
-0.0192511
-0.0203413
-0.0212064
-0.0218511
-0.0222833
-0.0225097
-0.0225344
-0.0223613
-0.0219946
-0.021439
-0.0207007
-0.0197863
-0.0187025
-0.0174544
-0.0160453
-0.0144786
-0.012759
-0.0108932
-0.00888862
-0.00675187
-0.00448826
-0.00210285
0.000398716
0.00301011
0.00572458
0.00853551
0.0114368
0.0144229
0.0174877
0.0206253
0.0238296
0.0270952
0.0304169
0.0337895
0.0372077
0.0406658
0.0441573
0.0476758
0.0512156
0.054772
0.0583399
0.0619137
0.0654869
0.0690534
0.0726082
0.0761466
0.0796639
0.0831547
0.086613
0.090033
0.0934097
0.0967382
0.100014
0.10323
0.106382
0.109463
0.112468
0.115391
0.118228
0.120975
0.123625
0.126172
0.128611
0.130935
0.133139
0.135218
0.137165
0.138977
0.140649
0.142175
0.143553
0.144778
0.145846
0.146754
0.147499
0.148076
0.148485
0.148725
0.148796
0.148703
0.148452
0.148053
0.147518
0.146867
0.146126
0.145328
0.144519
0.143758
0.143123
0.142713
0.1426
-0.00166839
-0.00344996
-0.0058079
-0.00816255
-0.0103145
-0.01227
-0.0140307
-0.0155955
-0.0169657
-0.0181422
-0.0191222
-0.0199019
-0.0204807
-0.0208614
-0.0210486
-0.0210463
-0.0208577
-0.0204863
-0.0199356
-0.0192091
-0.0183114
-0.0172481
-0.0160244
-0.0146448
-0.0131129
-0.0114321
-0.00960717
-0.00764452
-0.00555074
-0.00333192
-0.000993762
0.00145842
0.00401919
0.00668219
0.00944071
0.0122887
0.0152205
0.0182303
0.0213118
0.0244591
0.0276671
0.0309305
0.034244
0.0376026
0.0410006
0.0444317
0.0478895
0.0513682
0.0548628
0.0583687
0.0618805
0.065392
0.0688974
0.0723911
0.0758685
0.0793245
0.0827539
0.086151
0.0895106
0.0928276
0.096097
0.0993138
0.102472
0.105566
0.108591
0.111541
0.11441
0.117195
0.11989
0.122489
0.124987
0.127378
0.129657
0.131818
0.133856
0.135766
0.137544
0.139186
0.140687
0.142043
0.143252
0.144311
0.145216
0.145965
0.146557
0.146991
0.147267
0.147388
0.147359
0.147187
0.146884
0.146462
0.145941
0.145345
0.144704
0.144058
0.143454
0.142949
0.142612
0.142498
-0.00381461
-0.00510868
-0.00678835
-0.00861366
-0.0104053
-0.0120984
-0.0136583
-0.0150619
-0.0162962
-0.0173568
-0.0182411
-0.0189453
-0.0194655
-0.0198009
-0.019953
-0.0199249
-0.0197194
-0.0193394
-0.018788
-0.0180678
-0.0171814
-0.0161326
-0.0149263
-0.0135673
-0.01206
-0.0104077
-0.00861378
-0.0066833
-0.00462261
-0.00243805
-0.000135582
0.0022793
0.00480126
0.00742441
0.0101424
0.0129494
0.0158395
0.0188067
0.0218448
0.0249482
0.0281118
0.0313305
0.0345987
0.0379113
0.0412626
0.0446468
0.0480575
0.051489
0.0549362
0.0583941
0.0618576
0.0653209
0.0687783
0.0722245
0.0756542
0.0790623
0.0824432
0.0857919
0.0891034
0.0923729
0.0955955
0.0987658
0.101878
0.104926
0.107906
0.110811
0.113638
0.11638
0.119033
0.121592
0.124051
0.126404
0.128646
0.130774
0.13278
0.134662
0.136414
0.138034
0.139516
0.140858
0.142056
0.143109
0.144015
0.144771
0.145378
0.145834
0.146142
0.146304
0.146326
0.146216
0.145984
0.145644
0.145213
0.144713
0.14417
0.143618
0.143094
0.142641
0.142304
0.142112
-0.005487
-0.00643126
-0.00769113
-0.00913596
-0.0106325
-0.0120963
-0.0134761
-0.0147371
-0.0158551
-0.0168167
-0.0176166
-0.0182507
-0.0187153
-0.0190076
-0.019127
-0.0190742
-0.0188511
-0.0184596
-0.0179025
-0.0171827
-0.0163024
-0.015264
-0.0140707
-0.0127268
-0.0112366
-0.00960405
-0.00783296
-0.0059277
-0.00389339
-0.00173582
0.000538868
0.00292488
0.00541684
0.008009
0.0106953
0.01347
0.0163274
0.0192612
0.0222651
0.025334
0.0284629
0.0316467
0.0348797
0.0381561
0.0414705
0.0448171
0.0481902
0.0515842
0.0549938
0.0584139
0.0618393
0.0652643
0.0686833
0.0720912
0.0754826
0.0788522
0.0821944
0.0855041
0.0887764
0.092007
0.095191
0.0983232
0.101398
0.104409
0.107351
0.110221
0.113012
0.115719
0.118338
0.120864
0.12329
0.125612
0.127825
0.129925
0.131907
0.133766
0.1355
0.137103
0.138572
0.139904
0.141097
0.142148
0.143057
0.143822
0.144443
0.14492
0.145255
0.145452
0.145516
0.145454
0.145275
0.144993
0.144622
0.144181
0.143694
0.143186
0.142688
0.142234
0.141839
0.141513
-0.00648022
-0.00735845
-0.00842062
-0.00962854
-0.0109108
-0.0121886
-0.0134091
-0.0145376
-0.0155471
-0.0164185
-0.0171411
-0.0177093
-0.0181193
-0.0183678
-0.0184532
-0.0183749
-0.0181332
-0.0177291
-0.0171643
-0.0164412
-0.0155624
-0.0145304
-0.0133472
-0.0120157
-0.0105394
-0.00892232
-0.00716886
-0.00528363
-0.00327129
-0.00113682
0.00111407
0.00347557
0.00594219
0.00850821
0.0111677
0.0139151
0.0167445
0.0196497
0.0226246
0.0256639
0.0287631
0.0319168
0.0351193
0.0383646
0.0416473
0.0449617
0.0483022
0.0516633
0.05504
0.0584274
0.06182
0.0652121
0.0685979
0.0719722
0.0753299
0.0786658
0.0819744
0.0852503
0.0884888
0.0916854
0.0948355
0.0979341
0.100976
0.103954
0.106865
0.109702
0.112462
0.115139
0.117728
0.120223
0.122621
0.124916
0.127104
0.12918
0.131141
0.132982
0.1347
0.13629
0.137749
0.139074
0.140263
0.141315
0.142228
0.143002
0.143637
0.144134
0.144495
0.144722
0.14482
0.144797
0.144661
0.144422
0.144094
0.143692
0.143236
0.142746
0.142246
0.14176
0.14128
0.140792
-0.00710184
-0.00801514
-0.00900009
-0.0100708
-0.0112088
-0.0123497
-0.0134429
-0.0144569
-0.0153677
-0.0161564
-0.0168091
-0.0173175
-0.0176768
-0.0178831
-0.0179341
-0.0178289
-0.0175671
-0.0171489
-0.0165751
-0.0158469
-0.0149663
-0.013936
-0.0127582
-0.0114351
-0.00996931
-0.00836432
-0.00662437
-0.00475432
-0.00275884
-0.000642646
0.00158886
0.00393014
0.00637595
0.00892064
0.0115582
0.014283
0.0170891
0.0199705
0.0229213
0.0259363
0.0290106
0.0321389
0.0353154
0.0385343
0.0417902
0.0450776
0.0483906
0.0517239
0.0550728
0.0584323
0.0617972
0.0651616
0.0685195
0.0718656
0.075195
0.0785024
0.0817826
0.0850303
0.0882407
0.0914092
0.0945312
0.0976018
0.100616
0.103567
0.106451
0.109261
0.111995
0.114645
0.117209
0.11968
0.122054
0.124327
0.126494
0.128551
0.130494
0.13232
0.134025
0.135604
0.137056
0.138376
0.139563
0.140617
0.141535
0.142319
0.142967
0.143481
0.143862
0.144113
0.144239
0.144245
0.144139
0.14393
0.14363
0.14325
0.142806
0.142312
0.141789
0.141253
0.140673
0.140017
-0.00750354
-0.00849945
-0.0094762
-0.0104759
-0.0115208
-0.0125649
-0.0135634
-0.0144868
-0.0153142
-0.0160296
-0.0166194
-0.0170737
-0.0173867
-0.0175541
-0.0175726
-0.0174404
-0.017157
-0.0167226
-0.0161375
-0.0154021
-0.0145175
-0.0134856
-0.0123087
-0.010989
-0.00952914
-0.00793221
-0.00620189
-0.00434273
-0.00235937
-0.00025659
0.00196032
0.00428612
0.00671586
0.00924399
0.0118644
0.0145712
0.0173589
0.0202213
0.0231527
0.026148
0.0292024
0.0323103
0.0354658
0.0386631
0.041897
0.0451623
0.0484531
0.0517642
0.0550908
0.0584278
0.0617702
0.065112
0.0684474
0.071771
0.0750779
0.0783629
0.0816207
0.0848461
0.0880344
0.0911811
0.0942814
0.0973303
0.100322
0.103252
0.106114
0.108903
0.111616
0.114246
0.11679
0.119242
0.121598
0.123854
0.126005
0.128047
0.129977
0.13179
0.133485
0.135057
0.136503
0.13782
0.139007
0.140062
0.140986
0.141777
0.142436
0.142963
0.143359
0.143628
0.143773
0.143799
0.143712
0.143521
0.143234
0.14286
0.142412
0.1419
0.141338
0.140741
0.140058
0.13924
-0.00778647
-0.00888374
-0.00989084
-0.0108647
-0.0118551
-0.0128324
-0.0137613
-0.0146158
-0.0153772
-0.016031
-0.0165658
-0.0169719
-0.0172426
-0.0173736
-0.0173614
-0.0172035
-0.0168985
-0.0164464
-0.0158474
-0.0151019
-0.0142105
-0.0131743
-0.0119949
-0.0106745
-0.00921613
-0.00762269
-0.00589768
-0.00404528
-0.00206989
2.3849e-05
0.00223077
0.00454579
0.00696408
0.00948013
0.0120879
0.0147814
0.0175552
0.0204032
0.0233198
0.0262999
0.0293389
0.0324312
0.0355704
0.0387511
0.0419681
0.0452162
0.04849
0.0517841
0.0550937
0.0584138
0.061739
0.0650635
0.0683818
0.0716886
0.0749788
0.0782473
0.0814889
0.0846982
0.0878707
0.0910016
0.0940863
0.0971195
0.100096
0.103009
0.105855
0.108629
0.111326
0.113942
0.116472
0.118911
0.121254
0.123498
0.125637
0.127668
0.129588
0.131394
0.133081
0.134647
0.13609
0.137405
0.138592
0.13965
0.140578
0.141375
0.14204
0.142575
0.142982
0.143261
0.143417
0.143454
0.143377
0.143192
0.142907
0.142528
0.142064
0.141523
0.140915
0.140252
0.139467
0.138499
-0.00802669
-0.00922539
-0.0102796
-0.0112565
-0.0122223
-0.0131573
-0.0140363
-0.0148391
-0.0155491
-0.0161535
-0.016642
-0.017006
-0.017239
-0.0173363
-0.0172949
-0.017112
-0.0167858
-0.0163156
-0.0157012
-0.0149431
-0.0140417
-0.0129979
-0.011813
-0.0104888
-0.00902805
-0.00743394
-0.00570993
-0.0038601
-0.00188857
0.000200321
0.00240158
0.00471027
0.0071216
0.00963001
0.0122294
0.014914
0.0176783
0.0205165
0.0234228
0.0263925
0.0294207
0.0325017
0.0356296
0.0387986
0.0420037
0.0452401
0.0485021
0.0517845
0.0550824
0.0583907
0.0617042
0.0650172
0.068324
0.0716194
0.0748986
0.0781565
0.0813879
0.0845873
0.08775
0.0908713
0.0939461
0.0969694
0.0999354
0.102839
0.105674
0.108438
0.111125
0.113732
0.116254
0.118685
0.121022
0.123258
0.12539
0.127415
0.129329
0.131129
0.132812
0.134375
0.135815
0.13713
0.138317
0.139377
0.140306
0.141106
0.141775
0.142314
0.142724
0.143009
0.143169
0.143209
0.143133
0.142946
0.142653
0.142261
0.141774
0.141197
0.14054
0.139812
0.138932
0.13783
-0.00827829
-0.00957129
-0.0106765
-0.0116709
-0.0126327
-0.0135456
-0.0143916
-0.0151567
-0.0158274
-0.0163923
-0.0168426
-0.017171
-0.0173712
-0.0174383
-0.0173693
-0.017162
-0.0168147
-0.0163261
-0.0156956
-0.0149232
-0.0140093
-0.012955
-0.0117614
-0.0104302
-0.00896393
-0.00736566
-0.00563883
-0.00378752
-0.00181574
0.00027244
0.00247227
0.00477892
0.00718766
0.00969286
0.0122883
0.0149683
0.0177275
0.0205603
0.0234612
0.0264251
0.0294473
0.0325219
0.0356431
0.0388055
0.0420042
0.0452342
0.04849
0.0517661
0.0550576
0.0583597
0.0616671
0.0649742
0.0682753
0.0715653
0.0748393
0.0780923
0.0813192
0.0845146
0.0876735
0.0907907
0.0938614
0.0968802
0.0998416
0.10274
0.105571
0.10833
0.111014
0.113617
0.116136
0.118565
0.120898
0.123132
0.125262
0.127284
0.129196
0.130994
0.132675
0.134237
0.135677
0.136991
0.138179
0.139239
0.140168
0.140968
0.141637
0.142176
0.142587
0.142871
0.14303
0.143067
0.142985
0.14279
0.142484
0.142071
0.141557
0.140942
0.140236
0.139446
0.13848
0.137259
-0.0085745
-0.009955
-0.0111114
-0.0121293
-0.0130983
-0.0140039
-0.0148306
-0.0155698
-0.0162114
-0.0167457
-0.017165
-0.0174633
-0.017635
-0.0176756
-0.0175817
-0.0173514
-0.0169831
-0.0164757
-0.0158282
-0.0150404
-0.0141125
-0.0130453
-0.0118403
-0.0104991
-0.00902419
-0.00741855
-0.00568551
-0.00382906
-0.00185309
0.000238466
0.00244106
0.00474991
0.00716027
0.00966647
0.0122623
0.0149421
0.0177008
0.0205329
0.023433
0.026396
0.0294171
0.0324905
0.0356103
0.0387713
0.041969
0.0451983
0.0484535
0.0517289
0.0550198
0.0583214
0.0616286
0.0649358
0.0682371
0.0715276
0.0748023
0.0780564
0.0812847
0.0844817
0.0876421
0.0907609
0.0938328
0.0968526
0.0998148
0.102714
0.105546
0.108306
0.110991
0.113597
0.116118
0.118548
0.120883
0.123119
0.12525
0.127274
0.129188
0.130987
0.13267
0.134233
0.135674
0.136989
0.138176
0.139235
0.140163
0.140961
0.141628
0.142165
0.142573
0.142852
0.143006
0.143035
0.142944
0.142735
0.142411
0.141977
0.141432
0.14078
0.140027
0.139179
0.138136
0.136812
-0.00893514
-0.010398
-0.0116059
-0.0126504
-0.0136324
-0.0145396
-0.0153576
-0.0160805
-0.0167017
-0.0172131
-0.017608
-0.0178813
-0.0180285
-0.0180456
-0.0179295
-0.0176781
-0.0172897
-0.0167633
-0.0160981
-0.0152938
-0.0143505
-0.013269
-0.0120503
-0.0106965
-0.00921015
-0.00759411
-0.00585166
-0.00398666
-0.0020028
9.61304e-05
0.00230557
0.00462071
0.00703675
0.00954806
0.0121485
0.0148327
0.0175956
0.0204319
0.0233361
0.0263031
0.029328
0.0324054
0.0355294
0.0386949
0.0418972
0.0451314
0.0483916
0.0516723
0.0549687
0.058276
0.0615893
0.0649026
0.0682103
0.0715072
0.0747887
0.0780497
0.0812851
0.0844891
0.0876565
0.090782
0.0938605
0.0968867
0.0998552
0.102761
0.105599
0.108366
0.111057
0.113669
0.116196
0.118633
0.120975
0.123216
0.125353
0.127383
0.129302
0.131107
0.132794
0.13436
0.135802
0.137118
0.138305
0.139363
0.140289
0.141085
0.141749
0.142282
0.142685
0.142958
0.143104
0.143123
0.143019
0.142795
0.142453
0.141994
0.141421
0.140732
0.139934
0.139033
0.137922
0.136506
-0.00937645
-0.0109155
-0.0121745
-0.0132484
-0.0142471
-0.0151616
-0.0159784
-0.0166926
-0.0173002
-0.0177953
-0.0181717
-0.0184249
-0.0185514
-0.018548
-0.0184119
-0.018141
-0.0177335
-0.0171885
-0.0165053
-0.0156836
-0.0147236
-0.013626
-0.0123919
-0.0110233
-0.00952295
-0.00789372
-0.00613876
-0.00426181
-0.00226645
-0.000156391
0.00206375
0.00438909
0.0068148
0.00933534
0.0119447
0.0146378
0.0174098
0.0202552
0.0231684
0.0261444
0.0291786
0.0322654
0.0353992
0.0385748
0.0417876
0.0450324
0.0483036
0.0515955
0.0549035
0.0582229
0.0615484
0.0648742
0.0681944
0.0715038
0.0747978
0.0780716
0.0813195
0.0845359
0.0877155
0.090853
0.0939434
0.0969814
0.0999616
0.102879
0.105729
0.108507
0.11121
0.113833
0.11637
0.118817
0.121169
0.12342
0.125567
0.127606
0.129534
0.131347
0.133041
0.134612
0.136058
0.137376
0.138564
0.139621
0.140546
0.14134
0.142001
0.142531
0.142928
0.143195
0.143331
0.14334
0.143224
0.142984
0.142622
0.142141
0.141538
0.140814
0.139975
0.139026
0.137852
0.136356
-0.00991433
-0.0115213
-0.0128288
-0.0139341
-0.0149529
-0.0158785
-0.0166993
-0.0174112
-0.0180108
-0.0184944
-0.0188571
-0.0190948
-0.0192043
-0.0191831
-0.019029
-0.0187398
-0.018314
-0.0177507
-0.0170493
-0.0162095
-0.0152315
-0.0141162
-0.0128648
-0.0114794
-0.00996272
-0.00831756
-0.006547
-0.00465472
-0.0026443
-0.00051948
0.00171504
0.00405436
0.00649376
0.00902779
0.0116506
0.0143572
0.0171429
0.0200022
0.0229295
0.0259198
0.0289686
0.0320703
0.0352194
0.0384107
0.0416396
0.0449009
0.0481888
0.051498
0.0548237
0.0581611
0.061505
0.0648492
0.0681877
0.0715155
0.0748277
0.0781195
0.0813854
0.0846195
0.0878165
0.0909713
0.0940789
0.097134
0.100131
0.103065
0.105932
0.108726
0.111445
0.114083
0.116636
0.119097
0.121463
0.123728
0.125888
0.12794
0.12988
0.131703
0.133406
0.134984
0.136436
0.137758
0.138949
0.140008
0.140934
0.141727
0.142387
0.142913
0.143307
0.143567
0.143696
0.143695
0.143566
0.143312
0.142932
0.142427
0.141797
0.14104
0.140161
0.139166
0.137936
0.136368
-0.0105618
-0.0122281
-0.0135802
-0.0147174
-0.0157587
-0.0166985
-0.0175271
-0.0182412
-0.0188378
-0.019314
-0.0196667
-0.0198923
-0.019988
-0.0199514
-0.0197808
-0.0194743
-0.0190307
-0.0184492
-0.0177292
-0.0168704
-0.0158731
-0.0147385
-0.013468
-0.0120636
-0.0105281
-0.00886412
-0.00707479
-0.0051638
-0.0031348
-0.000991601
0.00126103
0.00361823
0.00607543
0.00862733
0.0112682
0.013993
0.0167972
0.0196753
0.0226217
0.0256316
0.0287002
0.0318223
0.0349922
0.0382046
0.0414549
0.0447382
0.0480486
0.0513808
0.0547298
0.058091
0.0614586
0.0648266
0.0681889
0.0715403
0.074876
0.078191
0.0814799
0.0847369
0.0879565
0.0911338
0.0942638
0.0973413
0.100361
0.103317
0.106205
0.109021
0.11176
0.114418
0.11699
0.11947
0.121854
0.124137
0.126314
0.128381
0.130335
0.132171
0.133885
0.135474
0.136934
0.138264
0.13946
0.140524
0.141453
0.142248
0.142909
0.143434
0.143825
0.144081
0.144203
0.144194
0.144055
0.143786
0.143388
0.142861
0.142204
0.141414
0.140497
0.139459
0.138175
0.136541
-0.0113275
-0.0130466
-0.0144392
-0.0156076
-0.0166732
-0.0176295
-0.0184683
-0.0191878
-0.0197851
-0.0202576
-0.0206031
-0.0208192
-0.0209032
-0.020853
-0.020667
-0.020344
-0.0198829
-0.0192827
-0.0185432
-0.0176642
-0.0166463
-0.0154907
-0.0141991
-0.0127734
-0.0112163
-0.00953048
-0.0077191
-0.00578599
-0.00373486
-0.00156954
0.00070516
0.00308438
0.0055637
0.00813795
0.0108014
0.0135493
0.0163769
0.0192788
0.0222494
0.0252839
0.0283778
0.0315255
0.0347214
0.0379601
0.0412373
0.0445478
0.047886
0.0512465
0.0546241
0.058014
0.0614105
0.0648072
0.068198
0.0715779
0.0749419
0.0782851
0.081602
0.0848868
0.0881341
0.0913391
0.0944967
0.0976016
0.100648
0.103632
0.106547
0.109389
0.112154
0.114837
0.117433
0.119936
0.122342
0.124645
0.126842
0.128928
0.130899
0.132751
0.134479
0.136081
0.137553
0.138893
0.140099
0.14117
0.142106
0.142906
0.143569
0.144096
0.144487
0.14474
0.144859
0.144843
0.144693
0.14441
0.143994
0.143445
0.14276
0.141937
0.140983
0.139902
0.138569
0.136875
-0.012217
-0.013985
-0.0154152
-0.0166132
-0.0177037
-0.0186784
-0.0195292
-0.0202559
-0.0208563
-0.0213278
-0.0216685
-0.0218768
-0.0219504
-0.0218876
-0.0216871
-0.0213478
-0.0208688
-0.0202493
-0.0194892
-0.0185887
-0.0175486
-0.0163703
-0.0150553
-0.0136056
-0.012024
-0.0103132
-0.00847652
-0.00651782
-0.00444088
-0.00224955
5.13412e-05
0.00245694
0.00496289
0.00756411
0.010255
0.0130307
0.0158867
0.0188175
0.0218175
0.0248818
0.0280061
0.0311847
0.0344118
0.0376821
0.0409913
0.0443344
0.0477056
0.0510993
0.0545103
0.0579336
0.0613634
0.0647933
0.0682173
0.0716302
0.0750272
0.0784033
0.081753
0.0850705
0.0883505
0.0915879
0.094778
0.0979154
0.100995
0.10401
0.106958
0.109831
0.112627
0.115339
0.117964
0.120494
0.122926
0.125253
0.127473
0.12958
0.131571
0.133441
0.135188
0.136806
0.138294
0.139648
0.140866
0.141948
0.142893
0.1437
0.14437
0.144901
0.145293
0.145547
0.145662
0.14564
0.14548
0.145183
0.144748
0.144175
0.143462
0.142606
0.141616
0.140495
0.139114
0.137365
-0.0132341
-0.0150493
-0.0165155
-0.0177415
-0.0188563
-0.0198507
-0.020715
-0.0214499
-0.0220546
-0.0225267
-0.0228642
-0.0230656
-0.0231296
-0.0230548
-0.02284
-0.0224841
-0.0219866
-0.0213468
-0.0205651
-0.0196418
-0.0185779
-0.0173748
-0.016034
-0.0145578
-0.0129488
-0.01121
-0.00934465
-0.00735686
-0.00525037
-0.00302905
-0.000697808
0.00173854
0.00427571
0.00690863
0.00963169
0.0124402
0.0153296
0.0182945
0.0213291
0.0244286
0.0275886
0.0308033
0.0340669
0.0373742
0.0407208
0.0441018
0.0475111
0.0509429
0.0543919
0.0578531
0.0613207
0.0647883
0.0682499
0.0717003
0.0751349
0.0785487
0.081936
0.0852911
0.0886083
0.091883
0.0951104
0.0982851
0.101402
0.104455
0.107439
0.110348
0.113179
0.115926
0.118583
0.121145
0.123606
0.125961
0.128206
0.130337
0.132351
0.134244
0.136011
0.137649
0.139156
0.140527
0.141761
0.142857
0.143814
0.144632
0.14531
0.145847
0.146243
0.146497
0.14661
0.146582
0.146411
0.146099
0.145644
0.145047
0.144306
0.143419
0.142392
0.141233
0.139809
0.13801
-0.0143824
-0.0162435
-0.0177455
-0.0189988
-0.0201366
-0.0211505
-0.0220293
-0.0227733
-0.0233828
-0.0238561
-0.024191
-0.0243864
-0.0244412
-0.0243545
-0.0241251
-0.0237521
-0.0232353
-0.0225744
-0.0217699
-0.0208225
-0.0197331
-0.0185032
-0.0171345
-0.0156291
-0.0139901
-0.0122204
-0.0103234
-0.00830306
-0.00616336
-0.0039082
-0.00154252
0.000928851
0.00350171
0.00617103
0.00893116
0.0117774
0.0147054
0.0177096
0.0207841
0.0239241
0.0271251
0.0303815
0.0336871
0.0370369
0.0404265
0.0438507
0.0473033
0.0507782
0.0542701
0.0577739
0.061284
0.064794
0.0682979
0.0717907
0.0752678
0.0787242
0.082154
0.0855514
0.0889108
0.0922276
0.0954969
0.0987137
0.101872
0.104967
0.107992
0.110943
0.113813
0.116598
0.119292
0.121889
0.124382
0.126769
0.129043
0.131202
0.133243
0.13516
0.136952
0.138613
0.140141
0.141532
0.142785
0.143897
0.144869
0.1457
0.146389
0.146934
0.147334
0.147589
0.147699
0.147664
0.147483
0.147155
0.146681
0.14606
0.145292
0.144373
0.143313
0.142118
0.140654
0.138809
-0.0156656
-0.0175711
-0.0191086
-0.0203891
-0.0215494
-0.0225816
-0.0234751
-0.0242289
-0.0248435
-0.025318
-0.0256507
-0.0258404
-0.0258861
-0.0257873
-0.0255428
-0.0251523
-0.0246156
-0.0239329
-0.0231047
-0.0221319
-0.0210154
-0.0197569
-0.0183582
-0.0168216
-0.0151501
-0.0133469
-0.0114152
-0.0093592
-0.00718288
-0.00489022
-0.00248623
2.42799e-05
0.00263719
0.00534749
0.00814947
0.0110384
0.01401
0.0170586
0.0201782
0.0233641
0.0266116
0.0299152
0.0332685
0.0366665
0.0401046
0.0435776
0.0470788
0.050602
0.054142
0.0576937
0.0612516
0.0648092
0.0683609
0.0719015
0.0754266
0.0789309
0.0824086
0.0858536
0.0892603
0.0926242
0.0959406
0.0992045
0.10241
0.105551
0.108622
0.111617
0.114531
0.117358
0.120092
0.122727
0.125257
0.127678
0.129986
0.132177
0.134248
0.136194
0.138013
0.1397
0.141252
0.142666
0.14394
0.145072
0.146061
0.146907
0.147607
0.14816
0.148565
0.148821
0.148928
0.148886
0.148694
0.148352
0.147859
0.147216
0.146421
0.145474
0.144382
0.143154
0.141653
0.139765
-0.0170877
-0.0190353
-0.0206072
-0.0219155
-0.0230981
-0.0241481
-0.0250557
-0.0258196
-0.0264397
-0.0269155
-0.027246
-0.02743
-0.0274667
-0.0273555
-0.0270958
-0.0266874
-0.0261304
-0.0254252
-0.0245725
-0.0235732
-0.0224283
-0.0211396
-0.0197092
-0.0181394
-0.0164333
-0.014594
-0.0126249
-0.0105303
-0.00831418
-0.00598059
-0.00353458
-0.00098096
0.00167623
0.00443195
0.00728041
0.0102169
0.013237
0.0163351
0.019505
0.022742
0.0260414
0.0293977
0.0328044
0.0362562
0.0397485
0.0432757
0.0468311
0.0504082
0.0540018
0.0576072
0.0612187
0.0648301
0.0684356
0.0720303
0.0756094
0.0791678
0.0826993
0.0861976
0.0896575
0.0930743
0.0964434
0.0997596
0.103017
0.106209
0.109329
0.112373
0.115334
0.118207
0.120985
0.123663
0.126233
0.128693
0.131039
0.133266
0.13537
0.13735
0.139199
0.140914
0.142493
0.143932
0.14523
0.146384
0.147392
0.148253
0.148965
0.149527
0.149936
0.150194
0.150299
0.150251
0.150049
0.149693
0.149184
0.14852
0.147702
0.146728
0.145607
0.144348
0.142812
0.140883
-0.0186522
-0.0206398
-0.0222445
-0.0235804
-0.0247862
-0.0258541
-0.0267753
-0.0275492
-0.0281752
-0.0286526
-0.028981
-0.0291595
-0.0291872
-0.0290637
-0.0287887
-0.0283622
-0.0277847
-0.0270566
-0.0261786
-0.0251516
-0.0239771
-0.022657
-0.0211932
-0.0195882
-0.0178453
-0.0159675
-0.0139583
-0.0118222
-0.00956318
-0.00718531
-0.00469364
-0.00209298
0.000612651
0.00341816
0.00631765
0.00930634
0.0123798
0.0155323
0.0187577
0.0220509
0.0254077
0.0288221
0.0322876
0.0357988
0.0393507
0.0429377
0.0465529
0.0501898
0.0538432
0.0575085
0.0611801
0.0648519
0.068518
0.0721733
0.0758133
0.0794323
0.0830241
0.0865824
0.0901019
0.093578
0.097006
0.10038
0.103694
0.106942
0.110116
0.113213
0.116225
0.119148
0.121974
0.124698
0.127314
0.129818
0.132205
0.134472
0.136615
0.13863
0.140513
0.14226
0.143868
0.145336
0.146659
0.147836
0.148864
0.149741
0.150466
0.151037
0.151452
0.151712
0.151816
0.151764
0.151554
0.151187
0.150663
0.149982
0.149142
0.148144
0.146995
0.145707
0.144136
0.142164
-0.0203605
-0.0223881
-0.0240247
-0.0253875
-0.0266171
-0.027704
-0.028639
-0.0294229
-0.0300551
-0.0305348
-0.0308615
-0.0310346
-0.0310535
-0.0309179
-0.0306278
-0.0301833
-0.0295849
-0.0288332
-0.027929
-0.0268736
-0.0256682
-0.024315
-0.022816
-0.0211738
-0.0193916
-0.0174727
-0.0154206
-0.0132399
-0.0109348
-0.00850913
-0.005968
-0.00331627
-0.000557951
0.00230179
0.0052569
0.00830255
0.0114343
0.0146463
0.0179321
0.0212869
0.0247063
0.0281843
0.0317139
0.0352897
0.0389067
0.0425591
0.04624
0.0499426
0.0536621
0.0573938
0.0611323
0.0648713
0.0686049
0.0723279
0.0760355
0.0797221
0.0833812
0.0870066
0.0905926
0.0941348
0.0976279
0.101066
0.104442
0.10775
0.110984
0.114138
0.117206
0.120183
0.123062
0.125838
0.128504
0.131056
0.13349
0.135801
0.137986
0.14004
0.14196
0.143742
0.145383
0.14688
0.148231
0.149432
0.150481
0.151375
0.152114
0.152695
0.153118
0.153381
0.153487
0.153432
0.153217
0.152841
0.152305
0.151608
0.150749
0.149726
0.148551
0.147231
0.145624
0.143608
-0.022213
-0.0242832
-0.0259527
-0.0273421
-0.0285958
-0.0297025
-0.0306525
-0.0314469
-0.0320859
-0.0325685
-0.032894
-0.0330622
-0.0330727
-0.0329253
-0.03262
-0.0321573
-0.0315375
-0.0307615
-0.0298302
-0.0287449
-0.0275071
-0.026119
-0.0245826
-0.0229006
-0.0210765
-0.0191135
-0.0170154
-0.0147869
-0.012432
-0.00995462
-0.00735994
-0.00465285
-0.00183735
0.00108128
0.00409683
0.0072044
0.0103995
0.0136762
0.0170278
0.0204496
0.023937
0.0274838
0.031083
0.0347287
0.0384163
0.0421398
0.0458921
0.0496667
0.0534585
0.0572632
0.0610753
0.0648884
0.0686964
0.0724939
0.076276
0.080037
0.0837705
0.0874698
0.0911294
0.0947442
0.0983088
0.101817
0.105262
0.108636
0.111934
0.11515
0.11828
0.121316
0.124253
0.127085
0.129806
0.132412
0.134897
0.137257
0.139488
0.141585
0.143545
0.145365
0.147042
0.148571
0.149951
0.151177
0.152248
0.153161
0.153915
0.154509
0.15494
0.155211
0.155319
0.155264
0.155045
0.154663
0.154115
0.153403
0.152524
0.151478
0.150274
0.148921
0.147274
0.145211
-0.0242112
-0.0263275
-0.0280327
-0.0294496
-0.0307276
-0.0318554
-0.0328217
-0.0336277
-0.0342741
-0.0347603
-0.0350854
-0.0352491
-0.0352514
-0.0350922
-0.0347716
-0.0342901
-0.0336482
-0.0328468
-0.031887
-0.0307703
-0.0294981
-0.0280728
-0.0264964
-0.0247719
-0.0229027
-0.0208924
-0.0187448
-0.0164646
-0.0140559
-0.0115226
-0.00886991
-0.00610284
-0.00322538
-0.000242885
0.00283824
0.006013
0.00927692
0.0126238
0.0160468
0.0195411
0.0231021
0.0267232
0.0303973
0.0341187
0.0378825
0.0416829
0.0455129
0.0493656
0.0532363
0.0571205
0.0610128
0.0649066
0.0687955
0.0726741
0.0765373
0.0803794
0.0841938
0.0879737
0.0917132
0.0954069
0.0990491
0.102633
0.106152
0.109598
0.112967
0.116252
0.119448
0.12255
0.125551
0.128445
0.131227
0.13389
0.136431
0.138844
0.141125
0.14327
0.145275
0.147136
0.14885
0.150413
0.151824
0.153077
0.154172
0.155106
0.155878
0.156486
0.156929
0.157207
0.15732
0.157266
0.157045
0.156656
0.156098
0.155369
0.154469
0.153396
0.15216
0.150771
0.149082
0.146969
-0.0263588
-0.0285247
-0.0302686
-0.0317155
-0.0330189
-0.0341686
-0.0351526
-0.0359715
-0.0366263
-0.0371165
-0.0374416
-0.0376012
-0.0375953
-0.0374241
-0.0370876
-0.0365865
-0.0359213
-0.035093
-0.0341031
-0.0329528
-0.0316439
-0.0301788
-0.0285596
-0.0267894
-0.0248719
-0.0228107
-0.0206097
-0.0182737
-0.0158069
-0.0132132
-0.0104979
-0.00766601
-0.00472158
-0.00167003
0.00148203
0.00472952
0.00806791
0.0114908
0.0149911
0.0185637
0.0222039
0.0259051
0.0296601
0.033463
0.0373092
0.041193
0.0451069
0.0490443
0.0530004
0.0569708
0.0609499
0.0649309
0.0689072
0.0728732
0.0768238
0.0807533
0.0846548
0.0885213
0.0923465
0.0961247
0.0998502
0.103516
0.107115
0.11064
0.114085
0.117445
0.120715
0.123888
0.126959
0.129921
0.132768
0.135495
0.138096
0.140567
0.142903
0.145099
0.147151
0.149057
0.150811
0.152411
0.153853
0.155136
0.156258
0.157215
0.158007
0.158632
0.159089
0.159376
0.159495
0.159443
0.159219
0.158823
0.158252
0.157505
0.156581
0.155477
0.154206
0.152779
0.151045
0.148881
-0.0286615
-0.0308794
-0.0326647
-0.0341445
-0.0354754
-0.0366482
-0.037651
-0.038484
-0.0391479
-0.0396425
-0.0399678
-0.0401233
-0.040109
-0.0399251
-0.0395719
-0.0390498
-0.0383598
-0.0375031
-0.036481
-0.0352949
-0.0339468
-0.0324391
-0.0307742
-0.0289551
-0.0269859
-0.0248702
-0.0226118
-0.0202159
-0.0176867
-0.015028
-0.0122453
-0.00934372
-0.00632726
-0.0032014
2.70513e-05
0.0033529
0.00677154
0.0102763
0.0138597
0.0175165
0.021242
0.0250296
0.0288717
0.0327627
0.036698
0.0406718
0.0446767
0.0487057
0.052754
0.0568174
0.0608902
0.0649651
0.0690352
0.073095
0.0771394
0.0811625
0.0851569
0.0891155
0.0930318
0.0969
0.100714
0.104467
0.108152
0.111762
0.11529
0.118732
0.122082
0.125333
0.12848
0.131516
0.134433
0.137229
0.139895
0.142429
0.144823
0.147075
0.149179
0.151131
0.152928
0.154567
0.156045
0.157361
0.158512
0.159495
0.16031
0.160954
0.161425
0.161723
0.161847
0.161796
0.161568
0.161162
0.160576
0.159807
0.158856
0.15772
0.156412
0.154946
0.153167
0.15095
-0.0311254
-0.0333973
-0.035226
-0.036741
-0.038102
-0.0392994
-0.0403219
-0.0411697
-0.0418433
-0.0423429
-0.0426684
-0.0428195
-0.0427963
-0.0425989
-0.0422278
-0.0416835
-0.0409672
-0.04008
-0.0390236
-0.0377994
-0.0364096
-0.0348567
-0.0331432
-0.0312722
-0.0292479
-0.027074
-0.0247545
-0.0222946
-0.0196987
-0.0169706
-0.014116
-0.01114
-0.00804655
-0.00484121
-0.00153097
0.00187882
0.00538342
0.00897585
0.0126484
0.0163954
0.0202125
0.0240928
0.0280288
0.0320148
0.0360462
0.0401173
0.0442203
0.0483481
0.0524959
0.0566596
0.0608331
0.065009
0.0691799
0.0733403
0.0774849
0.0816078
0.0857013
0.0897577
0.0937706
0.0977342
0.101643
0.10549
0.109267
0.112968
0.116586
0.120116
0.123552
0.126888
0.130117
0.133232
0.136226
0.139095
0.141832
0.144432
0.14689
0.149201
0.15136
0.153362
0.155205
0.156887
0.158404
0.159756
0.160939
0.161952
0.162791
0.163455
0.163941
0.16425
0.164379
0.164328
0.164094
0.163676
0.163071
0.162279
0.161298
0.160128
0.158784
0.157278
0.155455
0.153185
-0.0337552
-0.0360837
-0.0379577
-0.0395097
-0.0409028
-0.0421265
-0.0431697
-0.044033
-0.0447171
-0.0452221
-0.0455478
-0.0456943
-0.0456616
-0.0454498
-0.0450595
-0.0444916
-0.0437473
-0.0428279
-0.041735
-0.0404707
-0.0390368
-0.0374361
-0.0356713
-0.0337454
-0.0316628
-0.0294272
-0.0270429
-0.0245152
-0.0218485
-0.0190468
-0.0161158
-0.0130607
-0.00988532
-0.00659536
-0.003198
0.000301209
0.00389736
0.00758319
0.0113506
0.0151941
0.0191091
0.0230889
0.0271258
0.0312138
0.0353486
0.0395242
0.0437328
0.0479669
0.0522217
0.056493
0.0607747
0.0650589
0.0693379
0.073606
0.0778578
0.0820872
0.0862863
0.090447
0.0945628
0.0986282
0.102638
0.106584
0.110461
0.11426
0.117975
0.1216
0.125129
0.128556
0.131873
0.135073
0.13815
0.141097
0.143909
0.146581
0.149106
0.15148
0.153697
0.155754
0.157648
0.159376
0.160936
0.162327
0.163546
0.164589
0.165455
0.16614
0.166643
0.166961
0.167095
0.167042
0.1668
0.166367
0.165743
0.164926
0.163916
0.162713
0.161332
0.159788
0.15792
0.155594
-0.0365539
-0.0389429
-0.0408644
-0.0424552
-0.043882
-0.0451337
-0.0461991
-0.0470789
-0.0477742
-0.0482851
-0.0486113
-0.0487529
-0.04871
-0.0484831
-0.0480727
-0.0474798
-0.0467059
-0.0457525
-0.0446214
-0.0433146
-0.0418343
-0.0401833
-0.0383644
-0.0363806
-0.0342364
-0.0319358
-0.0294829
-0.0268835
-0.0241419
-0.0212623
-0.0182502
-0.0151112
-0.0118489
-0.00846908
-0.00497921
-0.0013851
0.00230819
0.00609316
0.00996153
0.0139076
0.017927
0.0220131
0.0261578
0.030355
0.0346003
0.0388877
0.0432093
0.0475572
0.0519264
0.0563128
0.0607101
0.0651101
0.0695047
0.0738877
0.078254
0.0825971
0.0869089
0.0911811
0.0954071
0.0995815
0.103699
0.107753
0.111736
0.11564
0.119458
0.123185
0.126813
0.130337
0.133749
0.13704
0.140205
0.143236
0.146128
0.148875
0.151473
0.153914
0.156196
0.158312
0.16026
0.162039
0.163646
0.165079
0.166336
0.167413
0.168307
0.169014
0.169533
0.169862
0.169999
0.169943
0.169693
0.169246
0.168602
0.167761
0.166722
0.165488
0.164071
0.162488
0.160573
0.158187
-0.0395244
-0.0419781
-0.0439502
-0.0455817
-0.0470441
-0.0483258
-0.049415
-0.0503128
-0.0510205
-0.0515378
-0.0518648
-0.0520016
-0.0519484
-0.0517056
-0.0512742
-0.0506552
-0.0498502
-0.0488609
-0.0476895
-0.0463381
-0.044809
-0.043105
-0.0412289
-0.0391839
-0.0369747
-0.0346052
-0.0320798
-0.0294044
-0.0265835
-0.0236212
-0.0205231
-0.0172948
-0.0139402
-0.0104649
-0.00687682
-0.00318209
0.000614162
0.0045043
0.00847984
0.0125351
0.0166656
0.0208647
0.0251242
0.0294375
0.0338004
0.0382068
0.0426485
0.0471173
0.0516082
0.0561168
0.0606369
0.0651599
0.0696772
0.0741825
0.0786704
0.0831345
0.0875666
0.091958
0.096302
0.100593
0.104827
0.108996
0.113093
0.117109
0.121037
0.124871
0.128606
0.132233
0.135745
0.139134
0.142392
0.145512
0.148489
0.151318
0.153992
0.156508
0.158858
0.161039
0.163048
0.164882
0.166539
0.168018
0.169315
0.170428
0.171351
0.172082
0.172618
0.172957
0.173098
0.17304
0.172782
0.172322
0.17166
0.170796
0.169731
0.168464
0.167011
0.165386
0.163418
0.160967
-0.0426701
-0.0451929
-0.0472193
-0.0488941
-0.0503944
-0.0517083
-0.0528236
-0.0537412
-0.0544624
-0.0549872
-0.0553156
-0.0554478
-0.0553841
-0.055125
-0.0546717
-0.0540252
-0.0531874
-0.0521605
-0.0509465
-0.0495479
-0.0479669
-0.0462067
-0.04427
-0.0421601
-0.0398817
-0.0374392
-0.0348368
-0.0320806
-0.0291753
-0.0261248
-0.022935
-0.0196116
-0.0161585
-0.0125817
-0.00888933
-0.0050878
-0.00118229
0.0028195
0.00690888
0.01108
0.0153285
0.0196476
0.0240288
0.0284653
0.0329527
0.0374851
0.0420539
0.0466507
0.05127
0.0559077
0.0605574
0.06521
0.0698567
0.074491
0.0791073
0.0836996
0.0882592
0.0927777
0.0972477
0.101664
0.106021
0.110313
0.114531
0.118666
0.122712
0.126661
0.130507
0.134244
0.137863
0.141355
0.144711
0.147927
0.150995
0.15391
0.156668
0.159263
0.161688
0.16394
0.166014
0.167907
0.169619
0.171147
0.172488
0.173638
0.174593
0.175349
0.175903
0.176254
0.1764
0.176342
0.176077
0.175606
0.174928
0.174042
0.172949
0.171648
0.170155
0.168483
0.166457
0.163933
-0.045996
-0.0485923
-0.0506768
-0.0523982
-0.0539394
-0.0552881
-0.0564317
-0.057371
-0.0581073
-0.0586407
-0.0589712
-0.0590991
-0.0590246
-0.0587486
-0.0582722
-0.0575967
-0.0567243
-0.0556572
-0.054398
-0.0529491
-0.0513129
-0.0494926
-0.0474912
-0.045312
-0.04296
-0.0404394
-0.0377549
-0.0349124
-0.0319169
-0.0287722
-0.0254844
-0.0220595
-0.0185015
-0.0148165
-0.0110133
-0.00709831
-0.00307677
0.00104359
0.00525381
0.00954789
0.0139215
0.0183676
0.0228775
0.0274442
0.0320632
0.0367286
0.0414313
0.0461629
0.0509174
0.0556907
0.0604764
0.065265
0.0700474
0.0748169
0.0795683
0.0842955
0.0889901
0.0936431
0.0982469
0.102796
0.107285
0.111707
0.116053
0.120314
0.124483
0.128554
0.132519
0.136371
0.140103
0.143704
0.147166
0.150482
0.153648
0.156657
0.159505
0.162185
0.164692
0.167019
0.169163
0.171121
0.172891
0.174471
0.175858
0.177048
0.178037
0.17882
0.179395
0.17976
0.179915
0.179858
0.179589
0.179107
0.178412
0.177503
0.176379
0.17504
0.173501
0.171777
0.169687
0.167084
-0.0495081
-0.0521824
-0.0543289
-0.0561006
-0.0576859
-0.0590722
-0.0602464
-0.0612094
-0.0619624
-0.0625054
-0.0628387
-0.0629624
-0.0628768
-0.0625828
-0.0620817
-0.0613754
-0.060466
-0.0593561
-0.0580483
-0.0565455
-0.0548502
-0.0529656
-0.050895
-0.0486417
-0.0462109
-0.0436071
-0.0408347
-0.0379001
-0.0348081
-0.0315628
-0.0281705
-0.0246373
-0.0209676
-0.0171679
-0.0132469
-0.00921151
-0.00506693
-0.000820925
0.00351729
0.00794145
0.0124472
0.0170275
0.0216733
0.0263774
0.031135
0.0359403
0.0407841
0.0456573
0.0505539
0.0554695
0.0603977
0.0653289
0.0702535
0.0751648
0.080058
0.0849271
0.0897639
0.0945588
0.0993038
0.103993
0.10862
0.113179
0.117661
0.122056
0.126355
0.130553
0.134643
0.138618
0.142468
0.146184
0.149758
0.153183
0.156452
0.159562
0.162506
0.165279
0.167873
0.170281
0.1725
0.174527
0.176359
0.177995
0.179432
0.180665
0.18169
0.182504
0.183102
0.183484
0.18365
0.183596
0.183324
0.182831
0.182117
0.181181
0.180022
0.178639
0.177049
0.175267
0.173109
0.170424
-0.053213
-0.05597
-0.0581826
-0.0600082
-0.0616408
-0.0630676
-0.0642747
-0.0652633
-0.0660345
-0.0665882
-0.0669246
-0.0670437
-0.0669461
-0.0666329
-0.0661054
-0.0653659
-0.0644168
-0.063261
-0.0619013
-0.0603408
-0.0585821
-0.0566288
-0.0544842
-0.0521519
-0.0496371
-0.0469444
-0.0440786
-0.0410458
-0.0378511
-0.0344988
-0.0309953
-0.0273473
-0.0235593
-0.019638
-0.0155924
-0.0114297
-0.00715516
-0.00277652
0.00169673
0.00625802
0.0109029
0.0156246
0.0204135
0.0252621
0.0301655
0.0351179
0.04011
0.0451321
0.050178
0.0552431
0.060321
0.0654018
0.0704758
0.0755362
0.0805785
0.085597
0.0905835
0.0955278
0.100421
0.105258
0.110031
0.114734
0.119358
0.123893
0.12833
0.132662
0.136884
0.140986
0.144961
0.1488
0.152492
0.156032
0.159413
0.162629
0.165677
0.168547
0.171234
0.173729
0.176029
0.178129
0.180028
0.181723
0.183213
0.184493
0.185559
0.186406
0.187032
0.187434
0.187612
0.187563
0.187286
0.18678
0.186043
0.185076
0.183876
0.182445
0.1808
0.178958
0.17673
0.173961
-0.0571172
-0.0599622
-0.0622451
-0.0641281
-0.0658112
-0.0672812
-0.0685237
-0.0695398
-0.0703304
-0.0708954
-0.0712347
-0.0713487
-0.0712381
-0.070904
-0.0703482
-0.0695731
-0.0685816
-0.0673766
-0.0659616
-0.0643394
-0.0625132
-0.0604868
-0.0582635
-0.0558471
-0.0532431
-0.0504562
-0.0474911
-0.0443541
-0.0410507
-0.0375851
-0.0339641
-0.0301947
-0.026282
-0.0222325
-0.0180557
-0.0137589
-0.00934759
-0.00482949
-0.000214322
0.00449107
0.00928218
0.0141521
0.0190912
0.0240915
0.029148
0.0342547
0.0394024
0.044581
0.0497838
0.055006
0.0602413
0.0654797
0.0707111
0.0759288
0.0811283
0.0863043
0.0914484
0.09655
0.1016
0.106591
0.111517
0.116371
0.121145
0.125827
0.130409
0.134882
0.139241
0.143479
0.147586
0.151554
0.155373
0.159035
0.162534
0.165864
0.16902
0.171995
0.17478
0.177368
0.179753
0.181931
0.183902
0.185662
0.187209
0.18854
0.18965
0.190536
0.191192
0.191617
0.191807
0.191761
0.191478
0.190955
0.190193
0.18919
0.187947
0.186466
0.184764
0.182862
0.180564
0.177707
-0.0612273
-0.0641656
-0.0665232
-0.0684673
-0.0702042
-0.0717202
-0.0730004
-0.0740456
-0.0748566
-0.0754333
-0.0757755
-0.0758837
-0.0757588
-0.0754023
-0.0748163
-0.0740032
-0.0729665
-0.0717094
-0.0702354
-0.0685479
-0.0666501
-0.064546
-0.0622393
-0.059734
-0.0570356
-0.054149
-0.0510787
-0.0478316
-0.0444132
-0.040828
-0.0370832
-0.0331861
-0.029142
-0.0249577
-0.0206429
-0.0162053
-0.0116504
-0.00698606
-0.00222201
0.00263454
0.0075789
0.0126042
0.0177006
0.0228598
0.0280764
0.0333447
0.0386554
0.0439981
0.0493655
0.0547527
0.0601533
0.0655574
0.0709549
0.0763384
0.0817038
0.0870457
0.0923556
0.0976224
0.102836
0.107989
0.113076
0.11809
0.123021
0.127858
0.132591
0.137213
0.141718
0.146098
0.150346
0.154451
0.158404
0.162196
0.16582
0.16927
0.172541
0.175626
0.178515
0.181201
0.183677
0.18594
0.187987
0.189817
0.191427
0.192814
0.193973
0.1949
0.19559
0.196038
0.196241
0.196197
0.195905
0.195363
0.194573
0.193533
0.192246
0.190714
0.188957
0.186995
0.184623
0.181673
-0.0655497
-0.068587
-0.0710239
-0.0730327
-0.0748268
-0.0763917
-0.077712
-0.0787879
-0.0796204
-0.0802092
-0.0805543
-0.0806562
-0.0805161
-0.0801358
-0.0795177
-0.0786645
-0.0775799
-0.0762675
-0.0747311
-0.0729743
-0.0710006
-0.0688145
-0.0664196
-0.0638201
-0.0610217
-0.0580294
-0.054848
-0.0514844
-0.0479444
-0.0442331
-0.0403577
-0.036326
-0.0321435
-0.0278175
-0.0233577
-0.0187721
-0.0140665
-0.0092487
-0.00432845
0.000686633
0.00579158
0.0109795
0.0162405
0.0215658
0.0269499
0.032387
0.0378679
0.0433821
0.0489217
0.0544817
0.0600556
0.0656337
0.0712055
0.0767636
0.0823032
0.0878192
0.0933029
0.0987428
0.104128
0.109452
0.114708
0.119888
0.124984
0.129984
0.134878
0.139656
0.144314
0.148846
0.153242
0.157493
0.161588
0.165518
0.169274
0.172851
0.176243
0.179444
0.182443
0.185234
0.187808
0.190161
0.192291
0.194196
0.195875
0.197323
0.198536
0.199508
0.200231
0.200703
0.200918
0.200876
0.200573
0.200012
0.199193
0.198118
0.196787
0.195206
0.193393
0.191367
0.188917
0.185866
-0.0700911
-0.0732332
-0.075754
-0.0778318
-0.0796866
-0.0813034
-0.0826661
-0.0837748
-0.08463
-0.0852316
-0.0855799
-0.0856754
-0.0855193
-0.0851139
-0.0844618
-0.0835662
-0.0824309
-0.0810599
-0.0794573
-0.077627
-0.075573
-0.0732998
-0.0708113
-0.0681119
-0.0652073
-0.0621028
-0.0588035
-0.0553163
-0.0516477
-0.0478029
-0.0437896
-0.0396156
-0.0352873
-0.030812
-0.0261996
-0.0214585
-0.0165946
-0.0116155
-0.00653133
-0.00134988
0.00392341
0.00928158
0.0147147
0.0202138
0.0257728
0.0313861
0.0370446
0.0427377
0.0484571
0.0541975
0.0599525
0.0657125
0.0714668
0.0772074
0.0829292
0.0886269
0.0942918
0.0999124
0.105478
0.110979
0.116411
0.121767
0.127036
0.132207
0.137268
0.142213
0.147034
0.151725
0.156279
0.160684
0.164929
0.169004
0.172899
0.17661
0.180131
0.183455
0.186572
0.189473
0.192152
0.194602
0.196822
0.198809
0.200562
0.202076
0.203346
0.204364
0.205123
0.205619
0.205846
0.205804
0.205493
0.204913
0.204066
0.202956
0.201584
0.199952
0.19808
0.195985
0.193448
0.190288
-0.0748583
-0.0781116
-0.0807215
-0.0828724
-0.0847919
-0.086464
-0.0878717
-0.0890152
-0.0898948
-0.0905104
-0.0908623
-0.0909513
-0.0907786
-0.0903468
-0.0896587
-0.0887179
-0.0875287
-0.0860952
-0.0844222
-0.0825138
-0.0803742
-0.0780082
-0.0754201
-0.0726141
-0.0695964
-0.0663725
-0.0629477
-0.0593294
-0.0555243
-0.0515381
-0.0473788
-0.0430546
-0.0385725
-0.03394
-0.0291671
-0.0242623
-0.019232
-0.0140837
-0.00882746
-0.00347153
0.00197818
0.0075146
0.0131278
0.0188085
0.0245504
0.0303476
0.0361913
0.0420708
0.0479778
0.0539064
0.0598504
0.0658002
0.0717448
0.0776755
0.0835871
0.0894738
0.0953271
0.101136
0.106888
0.112575
0.118191
0.123729
0.129179
0.134529
0.139768
0.144887
0.14988
0.15474
0.15946
0.164027
0.16843
0.172657
0.1767
0.180553
0.18421
0.187664
0.190906
0.193926
0.196717
0.199272
0.201589
0.203665
0.205497
0.207081
0.20841
0.209476
0.210272
0.210792
0.211033
0.210993
0.210674
0.210077
0.209205
0.208061
0.206644
0.204957
0.20302
0.200849
0.198217
0.194939
-0.0798593
-0.0832305
-0.0859349
-0.0881634
-0.0901518
-0.0918828
-0.0933387
-0.0945195
-0.0954255
-0.0960563
-0.0964123
-0.0964943
-0.0963041
-0.095844
-0.0951174
-0.0941283
-0.0928814
-0.0913812
-0.0896329
-0.0876411
-0.0854101
-0.082945
-0.0802504
-0.0773307
-0.0741924
-0.0708413
-0.0672831
-0.0635255
-0.0595758
-0.0554401
-0.0511267
-0.0466442
-0.0420002
-0.0372026
-0.0322612
-0.0271847
-0.0219799
-0.0166543
-0.0112179
-0.00567928
-4.49699e-05
0.00567784
0.0114793
0.0173498
0.0232826
0.0292717
0.0353086
0.0413827
0.0474853
0.0536104
0.0597515
0.0658991
0.072042
0.078171
0.0842799
0.0903633
0.0964125
0.102416
0.108363
0.114243
0.120051
0.125779
0.131418
0.136956
0.142381
0.147683
0.152857
0.157895
0.162789
0.167527
0.172095
0.176483
0.180682
0.184685
0.188487
0.19208
0.195454
0.198601
0.201512
0.20418
0.2066
0.208771
0.210687
0.212344
0.213735
0.214851
0.215685
0.216232
0.216489
0.216455
0.216131
0.215518
0.21462
0.213438
0.211973
0.210224
0.208213
0.205958
0.203225
0.199823
-0.0851021
-0.0885988
-0.0914036
-0.0937148
-0.0957764
-0.0975703
-0.0990776
-0.100298
-0.101232
-0.10188
-0.10224
-0.102314
-0.102105
-0.101615
-0.100847
-0.0998057
-0.0984968
-0.0969253
-0.0950965
-0.0930154
-0.0906868
-0.0881159
-0.0853076
-0.0822669
-0.0790002
-0.075514
-0.0718145
-0.0679096
-0.0638071
-0.059514
-0.0550386
-0.05039
-0.0455763
-0.0406057
-0.035488
-0.030232
-0.0248447
-0.0193339
-0.0137093
-0.00798007
-0.00215307
0.00376427
0.00976211
0.0158306
0.0219626
0.0281519
0.0343902
0.0406672
0.046974
0.0533041
0.0596509
0.0660048
0.0723546
0.0786902
0.0850051
0.0912934
0.0975468
0.103754
0.109903
0.115985
0.121993
0.127919
0.133756
0.13949
0.145111
0.150606
0.15597
0.161194
0.16627
0.171185
0.175928
0.180485
0.184849
0.189011
0.192967
0.196707
0.200224
0.203506
0.206545
0.209333
0.211864
0.214134
0.216139
0.217873
0.219328
0.220498
0.221374
0.221952
0.222228
0.222202
0.221873
0.221245
0.220318
0.219094
0.217573
0.215756
0.213665
0.211322
0.208484
0.204953
-0.0905959
-0.0942261
-0.097138
-0.0995369
-0.101676
-0.103537
-0.105099
-0.106362
-0.107326
-0.107991
-0.108355
-0.108421
-0.108191
-0.107668
-0.106855
-0.105759
-0.104384
-0.102736
-0.100821
-0.0986447
-0.0962121
-0.0935285
-0.0905994
-0.0874301
-0.0840274
-0.0803983
-0.0765496
-0.0724896
-0.0682265
-0.0637681
-0.059123
-0.0543006
-0.0493094
-0.0441581
-0.0388561
-0.0334126
-0.0278351
-0.0221312
-0.0163106
-0.0103826
-0.00435479
0.0017652
0.00796764
0.0142425
0.0205819
0.0269797
0.0334278
0.0399162
0.0464358
0.0529795
0.0595406
0.0661095
0.0726747
0.079226
0.085756
0.0922585
0.0987252
0.105145
0.111506
0.117798
0.124015
0.13015
0.136194
0.142134
0.147959
0.153656
0.159218
0.164637
0.169903
0.175006
0.179931
0.184668
0.189206
0.193537
0.197656
0.201554
0.205221
0.208648
0.211823
0.214739
0.217387
0.219763
0.221861
0.223676
0.225201
0.226428
0.227351
0.227964
0.228263
0.228246
0.227913
0.227266
0.226306
0.225034
0.223452
0.221562
0.219388
0.216954
0.214009
0.210343
-0.0963511
-0.100123
-0.103149
-0.105641
-0.107864
-0.109796
-0.111416
-0.112723
-0.113718
-0.1144
-0.114769
-0.114825
-0.114572
-0.114014
-0.113153
-0.111998
-0.110552
-0.108823
-0.106817
-0.104539
-0.101996
-0.0991928
-0.0961355
-0.09283
-0.0892834
-0.0855035
-0.0814977
-0.0772744
-0.0728428
-0.068211
-0.0633882
-0.0583837
-0.0532068
-0.0478664
-0.042372
-0.0367327
-0.0309565
-0.0250513
-0.0190263
-0.0128911
-0.00665396
-0.000322935
0.00609247
0.0125821
0.0191376
0.0257522
0.0324185
0.0391268
0.0458676
0.0526334
0.0594169
0.066209
0.0729983
0.0797741
0.0865283
0.0932542
0.0999435
0.106585
0.113168
0.119681
0.126117
0.13247
0.138731
0.144887
0.150925
0.156834
0.162603
0.168225
0.173691
0.17899
0.184109
0.189035
0.193757
0.198268
0.20256
0.206626
0.210454
0.214034
0.217354
0.220404
0.223176
0.225664
0.227862
0.229764
0.231365
0.232656
0.23363
0.234282
0.234605
0.234598
0.234259
0.23359
0.232593
0.23127
0.229623
0.227658
0.2254
0.222875
0.219816
0.216006
-0.102379
-0.106302
-0.109449
-0.11204
-0.11435
-0.116357
-0.118039
-0.119393
-0.120421
-0.121121
-0.121493
-0.121539
-0.121262
-0.120665
-0.119754
-0.118535
-0.117015
-0.115199
-0.113096
-0.110711
-0.10805
-0.105119
-0.101926
-0.0984762
-0.0947775
-0.0908381
-0.0866665
-0.0822715
-0.0776625
-0.0728486
-0.067839
-0.0626433
-0.0572715
-0.051733
-0.0460369
-0.0401926
-0.0342087
-0.028093
-0.0218544
-0.0155029
-0.00904762
-0.00249679
0.00414027
0.0108534
0.0176337
0.024474
0.031367
0.0383035
0.0452739
0.0522698
0.0592839
0.066307
0.0733283
0.0803369
0.087324
0.0942821
0.101203
0.108076
0.11489
0.121633
0.128299
0.134881
0.141368
0.147749
0.15401
0.160139
0.166126
0.171962
0.177638
0.183144
0.188466
0.193592
0.19851
0.203211
0.207688
0.211931
0.215929
0.219672
0.223145
0.226337
0.229241
0.231848
0.234153
0.236151
0.237834
0.239195
0.240225
0.240917
0.241266
0.241268
0.240922
0.240228
0.239191
0.237815
0.236104
0.234064
0.23172
0.229097
0.225916
0.221951
-0.108691
-0.112773
-0.116049
-0.118747
-0.12115
-0.123236
-0.124982
-0.126386
-0.127448
-0.128166
-0.128542
-0.128577
-0.128274
-0.127637
-0.126672
-0.125386
-0.123786
-0.121878
-0.119671
-0.117171
-0.114385
-0.111319
-0.107981
-0.104377
-0.100517
-0.0964089
-0.092062
-0.0874856
-0.0826896
-0.0776838
-0.0724776
-0.0670807
-0.061504
-0.0557573
-0.0498497
-0.0437905
-0.0375888
-0.0312529
-0.0247913
-0.0182141
-0.0115313
-0.00475156
0.0021161
0.00906176
0.016076
0.0231509
0.0302793
0.0374525
0.0446607
0.0518951
0.0591478
0.0664099
0.073671
0.0809204
0.0881485
0.0953475
0.102509
0.109622
0.116676
0.12366
0.130565
0.137384
0.144108
0.150723
0.157217
0.163576
0.16979
0.175851
0.181748
0.187472
0.19301
0.198347
0.203471
0.208374
0.213046
0.217477
0.221656
0.225569
0.229204
0.232548
0.235591
0.238327
0.240748
0.242849
0.244622
0.246057
0.247147
0.247883
0.248258
0.248268
0.247912
0.247194
0.246117
0.244688
0.242913
0.240795
0.238361
0.235631
0.232316
0.228182
-0.115299
-0.119551
-0.122963
-0.125773
-0.128276
-0.130447
-0.132261
-0.133718
-0.134815
-0.135554
-0.135933
-0.135956
-0.135624
-0.134945
-0.133922
-0.132564
-0.130878
-0.128872
-0.126554
-0.123931
-0.121011
-0.1178
-0.114308
-0.110541
-0.106509
-0.102222
-0.0976896
-0.0929216
-0.0879281
-0.08272
-0.0773067
-0.0716983
-0.0659063
-0.0599412
-0.0538117
-0.0475274
-0.041098
-0.034532
-0.0278378
-0.0210256
-0.014106
-0.00708835
1.88073e-05
0.00720593
0.0144631
0.0217818
0.0291545
0.036573
0.0440277
0.0515092
0.059009
0.0665184
0.0740277
0.0815262
0.089004
0.0964525
0.103863
0.111226
0.118529
0.125763
0.132917
0.139984
0.146953
0.153812
0.160548
0.167148
0.173601
0.179897
0.186028
0.191981
0.197745
0.203305
0.208648
0.213764
0.218642
0.223272
0.227641
0.231735
0.235541
0.239047
0.242241
0.245115
0.247662
0.249873
0.251741
0.253257
0.25441
0.25519
0.255592
0.25561
0.255247
0.254504
0.25339
0.251909
0.250067
0.247866
0.24533
0.242481
0.239021
0.234707
-0.122215
-0.126649
-0.130206
-0.133136
-0.135744
-0.138005
-0.139892
-0.141404
-0.142541
-0.1433
-0.143683
-0.143692
-0.14333
-0.142604
-0.141519
-0.140084
-0.138306
-0.136194
-0.133757
-0.131002
-0.127938
-0.124573
-0.120916
-0.116975
-0.112761
-0.108285
-0.103556
-0.0985861
-0.0933847
-0.0879636
-0.0823329
-0.0765026
-0.070485
-0.0642911
-0.0579297
-0.0514101
-0.044743
-0.0379374
-0.0310013
-0.023945
-0.0167798
-0.00951546
-0.00216008
0.00527722
0.0127862
0.0203575
0.0279835
0.0356563
0.0433663
0.0511037
0.0588596
0.0666254
0.0743918
0.0821484
0.0898851
0.0975926
0.105262
0.112884
0.120447
0.12794
0.135353
0.142677
0.149902
0.157016
0.164005
0.170856
0.177559
0.184104
0.190479
0.196675
0.202678
0.208472
0.214046
0.219387
0.224483
0.229322
0.233892
0.238178
0.242168
0.245846
0.249201
0.252224
0.254906
0.257236
0.259207
0.260806
0.262025
0.262853
0.263284
0.263314
0.262945
0.262182
0.26103
0.259495
0.257579
0.255284
0.252636
0.249659
0.246043
0.241539
-0.129452
-0.13408
-0.137793
-0.14085
-0.143571
-0.145928
-0.147893
-0.149465
-0.150641
-0.151422
-0.151808
-0.151802
-0.151407
-0.15063
-0.149477
-0.147959
-0.146082
-0.143857
-0.141292
-0.138396
-0.135178
-0.131648
-0.127815
-0.12369
-0.119284
-0.114607
-0.109672
-0.104489
-0.0990688
-0.0934242
-0.0875655
-0.0815028
-0.0752492
-0.0688162
-0.0622124
-0.0554475
-0.0485327
-0.0414778
-0.0342906
-0.0269812
-0.0195616
-0.0120417
-0.00442933
0.00326684
0.0110363
0.0188691
0.0267573
0.0346931
0.0426673
0.0506696
0.0586907
0.0667221
0.0747549
0.082779
0.0907841
0.0987604
0.106699
0.11459
0.122422
0.130185
0.137867
0.145459
0.152951
0.16033
0.167584
0.1747
0.181666
0.188471
0.195105
0.201556
0.20781
0.213852
0.219669
0.225246
0.230572
0.235633
0.240417
0.244908
0.249093
0.252957
0.256486
0.259668
0.262493
0.264951
0.26703
0.268719
0.270009
0.270889
0.271353
0.271399
0.271029
0.270246
0.269056
0.26746
0.265462
0.263063
0.260292
0.257179
0.253402
0.248696
-0.137025
-0.141861
-0.145741
-0.148934
-0.151775
-0.154235
-0.156283
-0.157917
-0.159137
-0.15994
-0.160327
-0.160303
-0.159871
-0.159039
-0.157813
-0.156204
-0.154221
-0.151874
-0.149172
-0.146125
-0.142743
-0.139038
-0.135019
-0.130699
-0.126089
-0.121201
-0.116048
-0.11064
-0.10499
-0.0991111
-0.0930132
-0.0867071
-0.0802061
-0.0735228
-0.0666657
-0.0596446
-0.0524717
-0.0451572
-0.0377091
-0.0301371
-0.0224536
-0.0146689
-0.00679042
0.00117364
0.00921257
0.0173158
0.0254749
0.0336827
0.0419299
0.0502061
0.0585014
0.0668073
0.0751155
0.0834163
0.0916992
0.0999539
0.108171
0.116341
0.124453
0.132496
0.140458
0.148328
0.156098
0.163754
0.171286
0.178679
0.18592
0.193
0.199905
0.206624
0.213143
0.219447
0.22552
0.231348
0.236917
0.242214
0.247225
0.251936
0.25633
0.260392
0.264106
0.267459
0.270437
0.27303
0.275225
0.277011
0.278378
0.279317
0.279821
0.279888
0.27952
0.278716
0.277482
0.275818
0.273729
0.271219
0.26832
0.265066
0.261117
0.256197
-0.144948
-0.150008
-0.154066
-0.157406
-0.160376
-0.162945
-0.165082
-0.166782
-0.168045
-0.168871
-0.169259
-0.169214
-0.168741
-0.167849
-0.166544
-0.164838
-0.16274
-0.160261
-0.157413
-0.154205
-0.150649
-0.146757
-0.142541
-0.138014
-0.133187
-0.128076
-0.122693
-0.117049
-0.111157
-0.10503
-0.098681
-0.092119
-0.0853585
-0.0784126
-0.0712903
-0.0640015
-0.0565592
-0.0489742
-0.0412545
-0.0334096
-0.0254521
-0.0173926
-0.00923824
-0.000996766
0.00732092
0.0157037
0.024143
0.0326318
0.0411611
0.04972
0.0582983
0.0668875
0.0754798
0.0840661
0.0926358
0.101178
0.109683
0.118141
0.126542
0.134874
0.143126
0.151286
0.159345
0.167291
0.175112
0.182794
0.190325
0.197692
0.204883
0.211884
0.218682
0.22526
0.231603
0.237696
0.243523
0.249071
0.254326
0.259271
0.263889
0.268162
0.272074
0.275608
0.278751
0.281489
0.283809
0.285701
0.287155
0.28816
0.288711
0.288803
0.288436
0.287609
0.286324
0.284587
0.282401
0.279775
0.276745
0.273341
0.269208
0.264054
-0.153241
-0.158539
-0.162789
-0.166286
-0.169394
-0.17208
-0.174309
-0.17608
-0.177389
-0.178236
-0.178624
-0.178556
-0.178039
-0.17708
-0.17569
-0.173878
-0.171657
-0.169037
-0.166031
-0.16265
-0.158909
-0.154818
-0.150392
-0.145645
-0.140589
-0.135241
-0.129613
-0.12372
-0.117572
-0.111185
-0.104571
-0.0977398
-0.0907066
-0.0834853
-0.0760852
-0.0685168
-0.0607936
-0.0529269
-0.0449245
-0.036796
-0.0285543
-0.0202098
-0.0117696
-0.00324104
0.00536484
0.0140364
0.0227651
0.031544
0.0403644
0.0492151
0.0580854
0.0669668
0.0758521
0.0847327
0.0935979
0.102437
0.111238
0.119994
0.128693
0.137324
0.145876
0.154337
0.162696
0.170943
0.179066
0.18705
0.194883
0.202551
0.210041
0.217339
0.224429
0.231297
0.237925
0.244298
0.2504
0.256216
0.26173
0.266925
0.271781
0.27628
0.280402
0.284131
0.28745
0.290344
0.292802
0.294811
0.296361
0.297441
0.298044
0.298163
0.297795
0.296941
0.295603
0.293788
0.291504
0.288759
0.285588
0.282023
0.277689
0.272282
-0.16192
-0.167475
-0.171931
-0.175596
-0.178851
-0.181661
-0.18399
-0.185833
-0.18719
-0.188061
-0.188446
-0.188352
-0.187785
-0.186755
-0.185271
-0.183345
-0.18099
-0.178218
-0.175043
-0.171477
-0.167536
-0.163233
-0.158583
-0.153602
-0.148303
-0.142702
-0.136817
-0.130658
-0.124241
-0.117579
-0.110686
-0.103572
-0.0962528
-0.0887433
-0.0810532
-0.0731933
-0.0651779
-0.0570184
-0.0487226
-0.0403001
-0.0317639
-0.0231247
-0.014389
-0.00556407
0.00333913
0.0123086
0.0213356
0.0304135
0.0395339
0.0486852
0.0578565
0.0670392
0.0762266
0.0854105
0.0945805
0.103725
0.112833
0.121896
0.130903
0.139844
0.148706
0.157478
0.16615
0.17471
0.183147
0.191447
0.199595
0.207578
0.215381
0.222989
0.230387
0.23756
0.24449
0.25116
0.257554
0.263655
0.269445
0.274906
0.280016
0.284756
0.289103
0.293041
0.29655
0.299615
0.302224
0.304363
0.306019
0.307182
0.30784
0.307987
0.307619
0.306737
0.305345
0.303453
0.301067
0.298196
0.294872
0.291129
0.286575
0.280895
-0.171005
-0.176837
-0.181514
-0.18536
-0.188773
-0.191715
-0.194149
-0.19607
-0.197477
-0.198369
-0.198751
-0.198627
-0.198005
-0.196895
-0.195309
-0.193259
-0.190759
-0.187823
-0.184465
-0.180701
-0.176546
-0.172016
-0.167127
-0.161895
-0.156337
-0.15047
-0.144311
-0.137873
-0.13117
-0.124219
-0.117032
-0.109621
-0.102003
-0.0941928
-0.0862005
-0.0780376
-0.0697188
-0.0612557
-0.0526558
-0.0439291
-0.0350885
-0.0261449
-0.0171044
-0.00797401
0.00123529
0.0105113
0.0198452
0.0292306
0.0386593
0.0481197
0.0576006
0.0670935
0.0765922
0.0860888
0.095573
0.105033
0.114457
0.123837
0.133163
0.142424
0.151608
0.160704
0.169701
0.178588
0.187352
0.19598
0.204458
0.21277
0.2209
0.228834
0.236557
0.244052
0.251301
0.258288
0.264992
0.271396
0.27748
0.283224
0.288605
0.293601
0.298191
0.302354
0.30607
0.309323
0.312097
0.314378
0.316152
0.317403
0.318122
0.318299
0.317933
0.317025
0.315581
0.313611
0.311118
0.308108
0.304615
0.300677
0.295887
0.289915
-0.180518
-0.186649
-0.191564
-0.195604
-0.199186
-0.202269
-0.204814
-0.206817
-0.208276
-0.209191
-0.209567
-0.209408
-0.208725
-0.207527
-0.205829
-0.203643
-0.200985
-0.197871
-0.194316
-0.190338
-0.185954
-0.181181
-0.176036
-0.170539
-0.164705
-0.158555
-0.152106
-0.145372
-0.138368
-0.131112
-0.123617
-0.115895
-0.107964
-0.0998397
-0.0915327
-0.0830548
-0.074421
-0.0656428
-0.056728
-0.0476862
-0.0385309
-0.0292728
-0.0199179
-0.0104727
-0.000948375
0.00864277
0.018292
0.0279931
0.0377382
0.0475157
0.0573143
0.0671258
0.0769443
0.0867625
0.0965698
0.106354
0.116104
0.125812
0.135467
0.14506
0.154579
0.164011
0.173345
0.182571
0.191676
0.200647
0.209468
0.218124
0.226598
0.234876
0.24294
0.250776
0.258364
0.265685
0.272719
0.279444
0.285841
0.291886
0.297557
0.302829
0.307681
0.312087
0.316029
0.319487
0.322443
0.324879
0.326779
0.328128
0.328913
0.329127
0.328769
0.32784
0.326345
0.324292
0.321681
0.318518
0.314841
0.310694
0.305651
0.299364
-0.190481
-0.196934
-0.202107
-0.206356
-0.210119
-0.213354
-0.216018
-0.218106
-0.219619
-0.220556
-0.220922
-0.220724
-0.219971
-0.218676
-0.216854
-0.21452
-0.21169
-0.208383
-0.204617
-0.200408
-0.195778
-0.190744
-0.185326
-0.179545
-0.173419
-0.166968
-0.160211
-0.153164
-0.145842
-0.138265
-0.130445
-0.122397
-0.114139
-0.105686
-0.0970509
-0.0882451
-0.0792836
-0.0701782
-0.0609364
-0.0515683
-0.0420871
-0.0325038
-0.0228241
-0.0130544
-0.00320588
0.00670925
0.0166823
0.0267074
0.0367768
0.0468792
0.0570034
0.0671414
0.0772879
0.0874358
0.0975746
0.107692
0.117777
0.127822
0.137817
0.147753
0.157617
0.167397
0.177082
0.18666
0.196119
0.205447
0.214626
0.223642
0.232476
0.241114
0.24954
0.257735
0.265681
0.273357
0.280739
0.287807
0.294536
0.300903
0.306885
0.312455
0.317589
0.322261
0.326449
0.33013
0.333283
0.335888
0.337927
0.339383
0.340245
0.340505
0.340162
0.339215
0.337668
0.335523
0.332782
0.329452
0.325579
0.321209
0.315893
0.309265
-0.200917
-0.207721
-0.213172
-0.217646
-0.221605
-0.225001
-0.227792
-0.229971
-0.231539
-0.232497
-0.232849
-0.232605
-0.231774
-0.230372
-0.228414
-0.225917
-0.2229
-0.219384
-0.215387
-0.21093
-0.206035
-0.200721
-0.195011
-0.188927
-0.182488
-0.175717
-0.168634
-0.161255
-0.153597
-0.14568
-0.137519
-0.129128
-0.120527
-0.111732
-0.102754
-0.0936067
-0.0843045
-0.0748591
-0.0652781
-0.0555718
-0.0457536
-0.0358343
-0.0258194
-0.0157154
-0.00553345
0.00471437
0.0150196
0.0253768
0.0357785
0.0462137
0.0566713
0.0671439
0.0776262
0.0881117
0.0985901
0.109049
0.119478
0.129869
0.140214
0.150503
0.160724
0.170864
0.18091
0.190853
0.20068
0.210378
0.219931
0.229323
0.238535
0.247552
0.256357
0.264932
0.273256
0.281306
0.289059
0.296489
0.303573
0.310286
0.316602
0.322494
0.327934
0.332894
0.337349
0.341272
0.34464
0.34743
0.349622
0.3512
0.352152
0.352469
0.352148
0.351185
0.349579
0.347333
0.344451
0.340944
0.336862
0.332252
0.32664
0.319638
-0.21185
-0.219036
-0.224791
-0.229509
-0.233677
-0.237247
-0.240172
-0.242447
-0.244072
-0.245049
-0.245383
-0.245084
-0.244166
-0.242644
-0.240536
-0.237861
-0.23464
-0.230895
-0.226649
-0.221923
-0.216741
-0.211127
-0.205104
-0.198695
-0.191923
-0.184811
-0.17738
-0.169649
-0.161636
-0.153361
-0.144841
-0.136091
-0.127131
-0.117978
-0.108644
-0.0991409
-0.0894848
-0.0796869
-0.0697548
-0.059699
-0.0495331
-0.0392674
-0.0289075
-0.01846
-0.00793599
0.00265265
0.013298
0.023995
0.0347367
0.0455124
0.0563114
0.0671263
0.0779525
0.0887836
0.0996097
0.110419
0.121201
0.131948
0.142652
0.153305
0.163893
0.174403
0.184824
0.195145
0.205354
0.215438
0.22538
0.235164
0.244772
0.254187
0.263392
0.272367
0.281089
0.289536
0.29768
0.305498
0.312962
0.320045
0.326721
0.33296
0.338731
0.344004
0.348749
0.352936
0.356538
0.359532
0.361897
0.363615
0.364672
0.365057
0.364762
0.363781
0.362112
0.359758
0.356728
0.353035
0.348728
0.343857
0.337918
0.330508
-0.22331
-0.230911
-0.236995
-0.241978
-0.246374
-0.250131
-0.253199
-0.255575
-0.257257
-0.25825
-0.25856
-0.258199
-0.257182
-0.255525
-0.253251
-0.250379
-0.246935
-0.242941
-0.238423
-0.233405
-0.227915
-0.221976
-0.215616
-0.20886
-0.201733
-0.194257
-0.186458
-0.178353
-0.169965
-0.161313
-0.152415
-0.143289
-0.133955
-0.124429
-0.114723
-0.104851
-0.0948286
-0.0846656
-0.0743706
-0.0639542
-0.05343
-0.042808
-0.0320938
-0.0212941
-0.0104199
0.000517301
0.0115101
0.0225544
0.0336434
0.0447671
0.0559149
0.0670798
0.0782573
0.0894417
0.100623
0.111791
0.122934
0.134046
0.14512
0.156147
0.167113
0.178006
0.188814
0.199526
0.210131
0.220616
0.230964
0.241159
0.251181
0.261014
0.270639
0.280034
0.289177
0.298044
0.306605
0.314836
0.322706
0.330189
0.337252
0.343866
0.349996
0.355608
0.360668
0.365143
0.369004
0.372226
0.374786
0.376664
0.377842
0.378305
0.378041
0.377042
0.375307
0.372844
0.36966
0.365767
0.361215
0.356056
0.34976
0.341902
-0.235325
-0.24338
-0.249825
-0.255096
-0.259737
-0.263695
-0.266917
-0.269397
-0.271139
-0.272144
-0.272423
-0.271988
-0.270858
-0.269051
-0.266591
-0.263502
-0.259811
-0.255544
-0.25073
-0.245396
-0.239571
-0.233284
-0.226562
-0.219434
-0.211926
-0.204064
-0.195873
-0.187373
-0.178589
-0.16954
-0.160247
-0.150727
-0.141001
-0.131086
-0.120994
-0.110739
-0.100336
-0.0897946
-0.0791243
-0.0683357
-0.0574424
-0.046454
-0.0353761
-0.0242154
-0.0129828
-0.00168937
0.00965855
0.0210574
0.032501
0.0439796
0.0554831
0.0670047
0.0785405
0.0900851
0.101629
0.113162
0.124675
0.136161
0.147614
0.159024
0.170379
0.181666
0.192873
0.20399
0.215005
0.225906
0.236677
0.247301
0.257757
0.268027
0.278092
0.287931
0.297519
0.30683
0.315836
0.324507
0.332814
0.340725
0.348207
0.355226
0.361745
0.367724
0.373127
0.37792
0.382069
0.385547
0.388328
0.390386
0.391701
0.392252
0.392025
0.391013
0.389216
0.386642
0.383296
0.379185
0.374363
0.368888
0.362201
0.353854
-0.247931
-0.256485
-0.263322
-0.268907
-0.273816
-0.27799
-0.281374
-0.283965
-0.285764
-0.286778
-0.287016
-0.286494
-0.285234
-0.283258
-0.280591
-0.277261
-0.273298
-0.268732
-0.263594
-0.257916
-0.251729
-0.245065
-0.237955
-0.230428
-0.222513
-0.214239
-0.205632
-0.196714
-0.187511
-0.178045
-0.168336
-0.158403
-0.148268
-0.137946
-0.127451
-0.116798
-0.106
-0.0950674
-0.0840091
-0.0728363
-0.0615627
-0.0501977
-0.0387466
-0.0272163
-0.0156173
-0.00395978
0.00775093
0.0195118
0.0313171
0.0431574
0.0550228
0.0669074
0.0788076
0.0907186
0.102632
0.114537
0.126426
0.138293
0.150133
0.161935
0.173689
0.18538
0.196998
0.208532
0.219972
0.231306
0.242516
0.253585
0.264494
0.275222
0.285749
0.296054
0.306112
0.315896
0.325375
0.334517
0.343291
0.351663
0.359596
0.367052
0.373991
0.380371
0.386151
0.391295
0.395765
0.399531
0.402559
0.40482
0.406289
0.406942
0.406764
0.405748
0.403894
0.401206
0.397683
0.393334
0.388216
0.382397
0.375284
0.366399
-0.261166
-0.270267
-0.277536
-0.283463
-0.288661
-0.293069
-0.296626
-0.299331
-0.301187
-0.302201
-0.302387
-0.301764
-0.300354
-0.298186
-0.295287
-0.29169
-0.287426
-0.282531
-0.27704
-0.270987
-0.264407
-0.257336
-0.249807
-0.241852
-0.233502
-0.224788
-0.215738
-0.206378
-0.196732
-0.186826
-0.17668
-0.166315
-0.155751
-0.145005
-0.134091
-0.123023
-0.111815
-0.100478
-0.089019
-0.0774508
-0.0657866
-0.0540355
-0.0422027
-0.0302949
-0.0183221
-0.00629315
0.00578744
0.0179172
0.0300907
0.0422987
0.0545321
0.0667854
0.0790558
0.0913391
0.103627
0.115911
0.128183
0.140439
0.152673
0.164876
0.177037
0.189143
0.201183
0.213148
0.225026
0.236807
0.248473
0.260006
0.271386
0.282592
0.293605
0.304401
0.314956
0.32524
0.335222
0.344867
0.354142
0.363008
0.371426
0.379355
0.386751
0.393569
0.399766
0.405298
0.410127
0.414212
0.417517
0.420006
0.421651
0.422426
0.422315
0.421308
0.4194
0.41659
0.412876
0.408266
0.402828
0.396634
0.389052
0.379574
-0.275072
-0.284778
-0.29252
-0.298821
-0.304334
-0.308992
-0.312734
-0.315556
-0.317465
-0.318471
-0.318591
-0.317847
-0.316266
-0.313879
-0.31072
-0.306823
-0.302227
-0.296969
-0.29109
-0.284628
-0.277622
-0.27011
-0.262129
-0.253714
-0.244898
-0.235714
-0.226194
-0.216364
-0.206252
-0.195882
-0.185277
-0.174458
-0.163447
-0.152259
-0.140908
-0.12941
-0.117779
-0.106024
-0.094153
-0.0821791
-0.070115
-0.0579695
-0.0457475
-0.0334552
-0.0211019
-0.00869526
0.00376131
0.0162657
0.0288128
0.0413936
0.0539999
0.0666272
0.0792733
0.0919344
0.104604
0.117272
0.129934
0.142585
0.155221
0.167834
0.180412
0.192943
0.205416
0.217823
0.230154
0.242397
0.254535
0.26655
0.278421
0.290127
0.301649
0.312963
0.324042
0.334857
0.345374
0.355556
0.365366
0.374763
0.383705
0.392146
0.400041
0.40734
0.413995
0.419959
0.425185
0.429626
0.433241
0.43599
0.43784
0.438763
0.43874
0.437754
0.435794
0.432854
0.428933
0.424045
0.418262
0.411658
0.403558
0.393421
-0.289697
-0.300072
-0.308336
-0.315047
-0.320901
-0.325828
-0.329764
-0.332706
-0.334664
-0.33565
-0.335687
-0.3348
-0.333021
-0.330386
-0.326932
-0.3227
-0.317734
-0.312076
-0.30577
-0.298861
-0.291391
-0.283401
-0.274932
-0.266022
-0.256707
-0.247022
-0.237002
-0.226675
-0.21607
-0.205212
-0.194126
-0.182832
-0.171352
-0.159704
-0.147901
-0.135958
-0.123888
-0.111702
-0.0994084
-0.087019
-0.0745465
-0.0619986
-0.04938
-0.0366964
-0.0239562
-0.0111657
0.00167226
0.0145562
0.0274811
0.040439
0.0534224
0.0664279
0.0794541
0.0924978
0.105553
0.118612
0.131669
0.144722
0.157767
0.170797
0.183801
0.196766
0.209684
0.222547
0.235344
0.248064
0.260691
0.273205
0.285588
0.297817
0.309872
0.32173
0.333364
0.344741
0.355827
0.366581
0.376964
0.386931
0.396438
0.405436
0.413876
0.421703
0.428865
0.435306
0.440972
0.445812
0.449777
0.452824
0.454914
0.456017
0.456104
0.45515
0.45314
0.450066
0.44593
0.440745
0.434586
0.427531
0.418857
0.40799
-0.305099
-0.316213
-0.325053
-0.332211
-0.338436
-0.343652
-0.347791
-0.350854
-0.352854
-0.353807
-0.353739
-0.352682
-0.350673
-0.347754
-0.343967
-0.33936
-0.333982
-0.32788
-0.321106
-0.313707
-0.305731
-0.297222
-0.288226
-0.278783
-0.268934
-0.258715
-0.248163
-0.23731
-0.226184
-0.214814
-0.203221
-0.19143
-0.179463
-0.167335
-0.155061
-0.142657
-0.130135
-0.117505
-0.104777
-0.0919621
-0.0790722
-0.066114
-0.0530913
-0.0400094
-0.0268757
-0.0136958
-0.000471317
0.0127964
0.026103
0.0394412
0.052805
0.0661922
0.0796019
0.093032
0.106477
0.11993
0.133388
0.146849
0.160309
0.173763
0.1872
0.200609
0.213981
0.227309
0.240585
0.253797
0.266928
0.279961
0.292875
0.30565
0.318264
0.330695
0.342912
0.354885
0.366573
0.377937
0.388933
0.399514
0.409632
0.419237
0.428272
0.43668
0.444399
0.451367
0.457523
0.46281
0.467174
0.470565
0.472939
0.474255
0.474475
0.473569
0.471515
0.468309
0.46395
0.458447
0.451877
0.444324
0.435015
0.423338
-0.32134
-0.333274
-0.342748
-0.350397
-0.357024
-0.362549
-0.366901
-0.370084
-0.372115
-0.373016
-0.372818
-0.371559
-0.369283
-0.366038
-0.361874
-0.356845
-0.351006
-0.344414
-0.337123
-0.329187
-0.320659
-0.311587
-0.302021
-0.292005
-0.281583
-0.270795
-0.259678
-0.248266
-0.236591
-0.22468
-0.212557
-0.200246
-0.187768
-0.175141
-0.16238
-0.149498
-0.13651
-0.123423
-0.110249
-0.0969995
-0.0836837
-0.0703075
-0.0568737
-0.0433873
-0.0298546
-0.0162804
-0.00266545
0.0109894
0.0246803
0.0384014
0.0521482
0.0659194
0.0797155
0.0935346
0.107372
0.121224
0.135086
0.148959
0.16284
0.176723
0.190599
0.204459
0.218294
0.232099
0.245866
0.259583
0.273235
0.286804
0.30027
0.313613
0.326812
0.339843
0.352676
0.365276
0.377605
0.389618
0.40127
0.412512
0.423293
0.433556
0.443243
0.452286
0.460618
0.468171
0.474876
0.480668
0.485487
0.489276
0.49198
0.493546
0.493929
0.493091
0.491011
0.487678
0.483087
0.47724
0.470221
0.462121
0.45211
0.439532
-0.338492
-0.351337
-0.361511
-0.369697
-0.376759
-0.382613
-0.387186
-0.390486
-0.392534
-0.393359
-0.392999
-0.3915
-0.388913
-0.385294
-0.380702
-0.375198
-0.368846
-0.361708
-0.353846
-0.345321
-0.336189
-0.326506
-0.316323
-0.30569
-0.294654
-0.283258
-0.27154
-0.259537
-0.247282
-0.234802
-0.222123
-0.209268
-0.196259
-0.183113
-0.169846
-0.156472
-0.143003
-0.129449
-0.11582
-0.102126
-0.0883765
-0.0745754
-0.0607247
-0.0468287
-0.032893
-0.0189211
-0.00491329
0.00913051
0.0232074
0.0373128
0.0514439
0.0656008
0.0797847
0.0939951
0.108228
0.122481
0.136751
0.151039
0.165345
0.179662
0.193984
0.208301
0.222608
0.236899
0.251168
0.265404
0.279592
0.293715
0.307753
0.321687
0.335497
0.349156
0.362636
0.3759
0.388907
0.401612
0.413967
0.425921
0.437419
0.448399
0.458795
0.468536
0.477546
0.485748
0.493068
0.499433
0.504773
0.509019
0.512105
0.513967
0.514551
0.513815
0.51173
0.508277
0.503443
0.497226
0.489718
0.48102
0.470233
0.45665
-0.356638
-0.370497
-0.381446
-0.390219
-0.397751
-0.403955
-0.408754
-0.412163
-0.414208
-0.414928
-0.414368
-0.412583
-0.409633
-0.405584
-0.400504
-0.394465
-0.387538
-0.379793
-0.3713
-0.362126
-0.352335
-0.341986
-0.331137
-0.31984
-0.308146
-0.2961
-0.283744
-0.271115
-0.258247
-0.245169
-0.231907
-0.218485
-0.204924
-0.19124
-0.17745
-0.163568
-0.149606
-0.135574
-0.12148
-0.107334
-0.0931435
-0.078911
-0.064638
-0.0503281
-0.0359862
-0.0216144
-0.00721195
0.00722179
0.0216852
0.0361752
0.0506908
0.0652336
0.0798061
0.0944084
0.109038
0.123693
0.138373
0.153079
0.167811
0.182566
0.197338
0.212119
0.226905
0.241692
0.256473
0.27124
0.285979
0.300672
0.315303
0.329851
0.344297
0.358614
0.372773
0.386736
0.400463
0.413905
0.427013
0.439734
0.452006
0.463764
0.474936
0.485442
0.495201
0.504128
0.51214
0.519155
0.525089
0.52986
0.53339
0.535604
0.53644
0.535847
0.533784
0.53022
0.525133
0.518524
0.510489
0.501136
0.489489
0.474782
-0.375877
-0.390865
-0.40267
-0.412084
-0.420123
-0.426696
-0.431725
-0.43523
-0.437248
-0.437824
-0.437016
-0.434889
-0.431515
-0.42697
-0.421335
-0.41469
-0.407118
-0.398697
-0.389506
-0.379618
-0.369105
-0.358033
-0.346462
-0.33445
-0.322051
-0.309312
-0.296278
-0.282987
-0.269473
-0.255767
-0.241895
-0.227881
-0.213746
-0.199505
-0.185176
-0.170772
-0.156305
-0.141783
-0.127215
-0.112609
-0.0979707
-0.0833009
-0.0686006
-0.0538733
-0.0391224
-0.0243489
-0.00955096
0.00527298
0.0201225
0.0349965
0.0498959
0.0648241
0.0797845
0.0947782
0.109804
0.124861
0.13995
0.155073
0.170234
0.185429
0.200653
0.215902
0.231172
0.246462
0.261765
0.277074
0.292377
0.307657
0.322898
0.338082
0.353189
0.368193
0.383064
0.397765
0.412252
0.42648
0.440394
0.453937
0.467046
0.479649
0.491667
0.503015
0.513604
0.523341
0.532132
0.539881
0.546492
0.551868
0.555917
0.558555
0.559706
0.559305
0.557295
0.553633
0.548292
0.541272
0.532671
0.5226
0.509998
0.494036
-0.396324
-0.412571
-0.425322
-0.435436
-0.444019
-0.450979
-0.456235
-0.459817
-0.461772
-0.462158
-0.461043
-0.458508
-0.454637
-0.44952
-0.44325
-0.43592
-0.427622
-0.418447
-0.408482
-0.397809
-0.386507
-0.374647
-0.362297
-0.349516
-0.33636
-0.322882
-0.309127
-0.295135
-0.280941
-0.266576
-0.252067
-0.237437
-0.222705
-0.207889
-0.193004
-0.178065
-0.163081
-0.14806
-0.13301
-0.117937
-0.102844
-0.0877326
-0.072602
-0.057455
-0.042294
-0.0271185
-0.0119256
0.00328748
0.0185217
0.0337781
0.0490597
0.0643715
0.079718
0.0951012
0.110521
0.125977
0.141473
0.157014
0.172602
0.188237
0.203916
0.219635
0.235395
0.251192
0.267025
0.282885
0.298763
0.314645
0.330515
0.346355
0.362147
0.377867
0.393483
0.408959
0.424252
0.439313
0.454087
0.468514
0.482525
0.496044
0.508987
0.521262
0.532772
0.543414
0.55308
0.56166
0.569042
0.575117
0.579778
0.582925
0.584466
0.584314
0.582397
0.578662
0.573076
0.565627
0.556417
0.545562
0.531901
0.514537
-0.418116
-0.435765
-0.449561
-0.460438
-0.469604
-0.476965
-0.482441
-0.486071
-0.487917
-0.488052
-0.48656
-0.483536
-0.479082
-0.473303
-0.466306
-0.458198
-0.449085
-0.439068
-0.428246
-0.416709
-0.404544
-0.391827
-0.378632
-0.365023
-0.351058
-0.336791
-0.32227
-0.307538
-0.292629
-0.277574
-0.262399
-0.247128
-0.231779
-0.21637
-0.200915
-0.185428
-0.169917
-0.154388
-0.138849
-0.123304
-0.107753
-0.0921971
-0.0766349
-0.0610682
-0.0454978
-0.0299217
-0.0143359
0.00126378
0.01688
0.032516
0.048177
0.0638696
0.0795989
0.095368
0.111178
0.12703
0.142931
0.158885
0.174899
0.190974
0.207108
0.2233
0.239551
0.255861
0.272228
0.288648
0.305112
0.321608
0.338122
0.354639
0.37114
0.387603
0.403998
0.420288
0.43643
0.452374
0.468065
0.483438
0.498422
0.512936
0.52689
0.540186
0.552717
0.564366
0.575015
0.584535
0.592802
0.599688
0.60507
0.608828
0.610845
0.611014
0.609247
0.605478
0.599661
0.591771
0.581909
0.570198
0.555366
0.536435
-0.441414
-0.460627
-0.475578
-0.487282
-0.497068
-0.504838
-0.510516
-0.514155
-0.515834
-0.515642
-0.513685
-0.510077
-0.504937
-0.49839
-0.49056
-0.48157
-0.471539
-0.460583
-0.44881
-0.436323
-0.423213
-0.409565
-0.395456
-0.380955
-0.366124
-0.351017
-0.335685
-0.32017
-0.304509
-0.288733
-0.272865
-0.256929
-0.240944
-0.224925
-0.208887
-0.192841
-0.176793
-0.16075
-0.144716
-0.128694
-0.112682
-0.0966805
-0.0806868
-0.0647014
-0.0487235
-0.0327495
-0.0167738
-0.000791162
0.0152033
0.0312153
0.0472518
0.0633206
0.0794279
0.0955773
0.111772
0.128015
0.144315
0.16068
0.177118
0.19363
0.210218
0.226881
0.243624
0.260448
0.277354
0.294339
0.311397
0.328518
0.345691
0.362902
0.380135
0.397368
0.414573
0.431715
0.44875
0.465629
0.482294
0.49868
0.514711
0.530304
0.545363
0.559782
0.573442
0.586215
0.597966
0.608554
0.617835
0.625665
0.631896
0.636381
0.63898
0.639562
0.638022
0.634274
0.62825
0.619909
0.609354
0.596714
0.58059
0.55991
-0.466413
-0.487369
-0.503591
-0.51619
-0.526629
-0.53481
-0.540661
-0.544254
-0.545689
-0.545078
-0.542549
-0.538241
-0.532295
-0.524858
-0.516072
-0.506079
-0.495015
-0.483009
-0.470183
-0.456648
-0.442506
-0.427845
-0.412749
-0.39729
-0.381532
-0.365532
-0.349341
-0.333002
-0.316553
-0.300022
-0.283435
-0.266812
-0.250171
-0.233526
-0.216892
-0.200276
-0.183685
-0.167122
-0.150588
-0.134086
-0.117612
-0.101165
-0.0847413
-0.0683397
-0.0519576
-0.0355895
-0.0192284
-0.00286722
0.013501
0.0298839
0.0462906
0.0627296
0.0792079
0.0957304
0.112302
0.12893
0.145624
0.162394
0.17925
0.196195
0.213232
0.230364
0.247596
0.264934
0.28238
0.299934
0.317592
0.335347
0.353191
0.371112
0.389097
0.407125
0.425171
0.4432
0.461172
0.479037
0.496736
0.514203
0.531361
0.548123
0.564386
0.580037
0.594944
0.608969
0.621961
0.633762
0.64421
0.653134
0.66036
0.665713
0.669023
0.670137
0.668922
0.665265
0.659069
0.650279
0.638997
0.625355
0.607809
0.585178
-0.493339
-0.516236
-0.533857
-0.54742
-0.558539
-0.567121
-0.573102
-0.576575
-0.577668
-0.576521
-0.573292
-0.568145
-0.561252
-0.55278
-0.542897
-0.531764
-0.519537
-0.506359
-0.492365
-0.477678
-0.462406
-0.446647
-0.430484
-0.413996
-0.397248
-0.3803
-0.363202
-0.345997
-0.328722
-0.311406
-0.294072
-0.27674
-0.259425
-0.242142
-0.2249
-0.207707
-0.190565
-0.173477
-0.156442
-0.139459
-0.122525
-0.105634
-0.0887844
-0.0719714
-0.0551905
-0.0384341
-0.0216936
-0.00495992
0.0117758
0.0285233
0.0452927
0.0620937
0.0789343
0.0958214
0.112762
0.129767
0.146848
0.164016
0.181283
0.198655
0.216135
0.23373
0.251448
0.269297
0.287281
0.305405
0.323667
0.342062
0.360586
0.37923
0.397984
0.416829
0.435744
0.454697
0.473648
0.492549
0.511342
0.529962
0.54833
0.566354
0.583928
0.600927
0.617214
0.632633
0.647021
0.660202
0.671987
0.68218
0.690574
0.696962
0.701146
0.702939
0.702171
0.698693
0.692382
0.68316
0.671126
0.65641
0.637298
0.612495
-0.522467
-0.547522
-0.566677
-0.58127
-0.593089
-0.602048
-0.608093
-0.611349
-0.611976
-0.610151
-0.606064
-0.599914
-0.591904
-0.582231
-0.571087
-0.55866
-0.545123
-0.530636
-0.515349
-0.499394
-0.482889
-0.465936
-0.448624
-0.431033
-0.41323
-0.395277
-0.377222
-0.35911
-0.340973
-0.322841
-0.304735
-0.286674
-0.268671
-0.250736
-0.232878
-0.2151
-0.197404
-0.179788
-0.162251
-0.144789
-0.127397
-0.110069
-0.0927987
-0.0755809
-0.0584082
-0.041271
-0.0241585
-0.00705994
0.0100353
0.0271385
0.0442612
0.061414
0.0786065
0.0958479
0.113149
0.130521
0.147979
0.165537
0.183207
0.200996
0.218911
0.236961
0.255158
0.273512
0.292032
0.310724
0.32959
0.348629
0.367839
0.387215
0.406751
0.426435
0.446245
0.466153
0.486124
0.506111
0.526059
0.545904
0.565565
0.58495
0.603946
0.622421
0.640229
0.657202
0.673161
0.687906
0.701224
0.712885
0.722651
0.73028
0.735534
0.738184
0.738014
0.734836
0.728492
0.718875
0.706074
0.690212
0.669386
0.642169
-0.554118
-0.581572
-0.602404
-0.618091
-0.630616
-0.639907
-0.645927
-0.648837
-0.648843
-0.646161
-0.641025
-0.633674
-0.624349
-0.61328
-0.60069
-0.586791
-0.571778
-0.555832
-0.539113
-0.521765
-0.503913
-0.485668
-0.467119
-0.448348
-0.429425
-0.410407
-0.391348
-0.372286
-0.353254
-0.334279
-0.315379
-0.296571
-0.277865
-0.259268
-0.240786
-0.22242
-0.204166
-0.186023
-0.167986
-0.150049
-0.132204
-0.114444
-0.0967612
-0.0791468
-0.0615908
-0.0440812
-0.0266054
-0.00915135
0.00829335
0.0257414
0.0432056
0.0606981
0.0782305
0.0958146
0.113464
0.131193
0.149017
0.166953
0.185013
0.203208
0.221546
0.240042
0.258708
0.27756
0.296609
0.315864
0.335331
0.355012
0.37491
0.395024
0.415354
0.43589
0.456617
0.477511
0.49854
0.519661
0.540823
0.561964
0.583005
0.603851
0.624386
0.644474
0.663958
0.68266
0.700381
0.716899
0.73197
0.745333
0.756712
0.765825
0.772385
0.776109
0.776728
0.774009
0.767749
0.757798
0.74423
0.727157
0.704462
0.674564
-0.588676
-0.618794
-0.641455
-0.65829
-0.671511
-0.681063
-0.686932
-0.689332
-0.688517
-0.68476
-0.678344
-0.669557
-0.658682
-0.645991
-0.63174
-0.616168
-0.599495
-0.58192
-0.563618
-0.544742
-0.525426
-0.505781
-0.485904
-0.465875
-0.445763
-0.425626
-0.405513
-0.385462
-0.365504
-0.34566
-0.325947
-0.306377
-0.286957
-0.267692
-0.248582
-0.229624
-0.210814
-0.192146
-0.173614
-0.155208
-0.136919
-0.118736
-0.10065
-0.0826494
-0.0647202
-0.0468487
-0.0290207
-0.0112227
0.00655901
0.0243386
0.0421307
0.0599492
0.0778081
0.095722
0.113707
0.131779
0.149957
0.168256
0.186693
0.205279
0.224027
0.242954
0.262079
0.281418
0.300986
0.320796
0.340855
0.361174
0.381757
0.402612
0.423741
0.445142
0.466804
0.488709
0.510829
0.533128
0.555561
0.578069
0.600575
0.622986
0.645183
0.667027
0.688354
0.708974
0.728667
0.74719
0.764267
0.779602
0.792879
0.803763
0.811909
0.816971
0.818623
0.816571
0.810552
0.800361
0.786048
0.76771
0.742984
0.710117
-0.626599
-0.659672
-0.68432
-0.702348
-0.716228
-0.725933
-0.731486
-0.733159
-0.731275
-0.726171
-0.718193
-0.707688
-0.694989
-0.680413
-0.664255
-0.646784
-0.628246
-0.608857
-0.588807
-0.568259
-0.54735
-0.526197
-0.504897
-0.483531
-0.462164
-0.440852
-0.41964
-0.398564
-0.37765
-0.356917
-0.336376
-0.316034
-0.295893
-0.275954
-0.256215
-0.236668
-0.217306
-0.19812
-0.1791
-0.160235
-0.141512
-0.122919
-0.104442
-0.0860662
-0.0677762
-0.0495554
-0.0313886
-0.013261
0.00484267
0.0229384
0.0410429
0.0591722
0.0773429
0.095572
0.113878
0.132278
0.150793
0.16944
0.188236
0.207196
0.226339
0.245683
0.265251
0.285063
0.305137
0.325488
0.346129
0.367074
0.388337
0.409929
0.43186
0.454132
0.476741
0.499676
0.522916
0.546434
0.570191
0.594133
0.618189
0.642268
0.666254
0.690005
0.713352
0.736091
0.757988
0.778773
0.798143
0.815763
0.831266
0.844259
0.854326
0.861055
0.864046
0.862928
0.857356
0.847062
0.832057
0.812419
0.785496
0.749346
-0.668433
-0.704782
-0.73158
-0.750828
-0.765298
-0.775002
-0.780012
-0.78068
-0.777414
-0.770629
-0.760749
-0.748189
-0.733343
-0.716579
-0.698234
-0.67861
-0.657977
-0.636572
-0.614596
-0.592221
-0.569589
-0.546816
-0.523998
-0.501214
-0.478527
-0.455988
-0.433638
-0.411506
-0.389614
-0.367974
-0.346594
-0.325473
-0.304609
-0.283998
-0.263632
-0.243502
-0.223596
-0.203901
-0.184405
-0.165093
-0.14595
-0.12696
-0.108105
-0.0893693
-0.0707327
-0.0521777
-0.033688
-0.0152475
0.00316086
0.0215555
0.0399553
0.0583789
0.0768449
0.0953726
0.113982
0.132693
0.151526
0.1705
0.189636
0.208953
0.228472
0.248215
0.268209
0.288476
0.309038
0.329912
0.351119
0.372678
0.394609
0.41693
0.439658
0.462801
0.486363
0.510341
0.534724
0.559493
0.58462
0.61006
0.635747
0.661598
0.6875
0.713313
0.738862
0.763938
0.78829
0.811626
0.833612
0.853871
0.871979
0.887475
0.899871
0.908671
0.913383
0.913534
0.908686
0.89848
0.882881
0.861929
0.832642
0.792866
-0.714829
-0.754812
-0.783927
-0.804397
-0.81934
-0.828825
-0.832993
-0.832298
-0.827254
-0.818376
-0.806182
-0.791168
-0.773797
-0.754494
-0.733642
-0.711581
-0.688603
-0.664962
-0.640872
-0.616509
-0.592017
-0.56751
-0.543081
-0.518804
-0.494736
-0.470924
-0.447401
-0.424189
-0.401302
-0.378746
-0.35652
-0.334619
-0.313035
-0.291758
-0.270775
-0.250073
-0.229635
-0.209447
-0.18949
-0.169747
-0.1502
-0.130829
-0.111613
-0.0925331
-0.0735668
-0.0546954
-0.0359014
-0.017167
0.00152704
0.0202019
0.0388788
0.0575785
0.0763218
0.0951295
0.114023
0.133024
0.152154
0.171435
0.190891
0.210543
0.230417
0.250539
0.270938
0.291638
0.312664
0.334041
0.355792
0.377947
0.40053
0.423567
0.447081
0.471088
0.4956
0.520626
0.546166
0.572215
0.598752
0.625744
0.653139
0.680859
0.708803
0.736833
0.764776
0.792417
0.819495
0.845698
0.87066
0.893958
0.915107
0.933575
0.948789
0.960152
0.967054
0.968903
0.965141
0.955293
0.939255
0.917005
0.88519
0.841416
-0.766567
-0.810585
-0.842185
-0.863842
-0.879078
-0.888042
-0.89097
-0.888452
-0.881133
-0.869657
-0.85465
-0.836706
-0.816368
-0.794125
-0.770409
-0.745593
-0.719997
-0.693886
-0.667483
-0.640966
-0.614477
-0.588125
-0.561997
-0.536158
-0.510657
-0.485533
-0.460809
-0.4365
-0.41261
-0.389135
-0.366067
-0.343393
-0.321098
-0.299167
-0.277582
-0.256324
-0.235374
-0.21471
-0.194312
-0.174158
-0.154226
-0.134493
-0.114936
-0.0955312
-0.0762552
-0.057088
-0.0380108
-0.0190037
-4.45571e-05
0.0188904
0.0378248
0.0567812
0.0757816
0.0948483
0.114004
0.133273
0.152677
0.172242
0.191994
0.21196
0.232167
0.252644
0.273422
0.294529
0.315994
0.337847
0.36012
0.382847
0.406061
0.429792
0.454072
0.478927
0.504381
0.530452
0.557156
0.5845
0.612477
0.641069
0.670236
0.699918
0.730023
0.760424
0.790956
0.821402
0.851495
0.880907
0.909241
0.936027
0.960721
0.982711
1.00133
1.01585
1.02552
1.02962
1.02741
1.01829
1.00204
0.978561
0.944058
0.895871
-0.824582
-0.873094
-0.907346
-0.930102
-0.945362
-0.953389
-0.954553
-0.949618
-0.939402
-0.924703
-0.906283
-0.884848
-0.861031
-0.835391
-0.808408
-0.780491
-0.751981
-0.723155
-0.694235
-0.665397
-0.636777
-0.608476
-0.580568
-0.553108
-0.526133
-0.499668
-0.473728
-0.448315
-0.423423
-0.399036
-0.375137
-0.351704
-0.328716
-0.30615
-0.283985
-0.262195
-0.240755
-0.219641
-0.198825
-0.178284
-0.15799
-0.137918
-0.118041
-0.0983339
-0.0787712
-0.0593317
-0.0399946
-0.0207375
-0.00153519
0.0176386
0.0368093
0.0560007
0.0752359
0.0945384
0.113933
0.133444
0.153098
0.172923
0.192949
0.213203
0.233717
0.254521
0.275649
0.297134
0.319009
0.34131
0.364076
0.387347
0.411162
0.435559
0.460579
0.486259
0.512634
0.539739
0.567602
0.596246
0.62568
0.655905
0.6869
0.718622
0.751
0.783923
0.817235
0.85073
0.884141
0.917128
0.949267
0.980046
1.00886
1.03502
1.05772
1.07612
1.08929
1.09632
1.0963
1.0884
1.07227
1.04769
1.01035
0.957284
-0.890006
-0.943542
-0.980608
-1.0043
-1.01919
-1.02571
-1.02442
-1.01631
-1.00241
-0.983724
-0.961168
-0.935579
-0.907693
-0.878138
-0.847445
-0.816053
-0.784317
-0.75252
-0.72088
-0.689562
-0.658687
-0.628343
-0.598588
-0.56946
-0.540983
-0.513166
-0.486008
-0.459497
-0.433615
-0.408334
-0.383625
-0.359458
-0.335803
-0.312632
-0.289916
-0.267623
-0.245724
-0.224188
-0.202984
-0.182082
-0.161453
-0.141068
-0.120898
-0.100914
-0.0810909
-0.061405
-0.0418332
-0.0223502
-0.00292803
0.0164618
0.0358458
0.0552486
0.074694
0.094207
0.113814
0.133543
0.153422
0.173482
0.193754
0.21427
0.235062
0.256162
0.277609
0.299439
0.321691
0.344409
0.367635
0.391415
0.415794
0.440822
0.466547
0.493019
0.520289
0.548404
0.57741
0.607343
0.638237
0.670112
0.702974
0.736803
0.771552
0.807133
0.843412
0.880201
0.917239
0.954185
0.990599
1.02593
1.05952
1.09058
1.11819
1.14133
1.1589
1.16975
1.17271
1.1667
1.15117
1.1257
1.0854
1.02693
-0.964221
-1.02341
-1.06344
-1.08779
-1.10174
-1.10598
-1.10131
-1.08905
-1.07049
-1.04688
-1.01932
-0.988806
-0.956174
-0.922127
-0.88724
-0.851975
-0.816693
-0.781671
-0.747114
-0.713167
-0.679931
-0.647468
-0.615818
-0.584997
-0.555009
-0.525844
-0.497483
-0.469897
-0.443052
-0.416908
-0.391423
-0.366557
-0.342273
-0.318534
-0.295304
-0.272546
-0.250223
-0.2283
-0.206741
-0.18551
-0.164577
-0.14391
-0.123476
-0.103245
-0.0831906
-0.0632864
-0.0435067
-0.0238234
-0.00420601
0.0153752
0.0349475
0.0545358
0.0741649
0.0938616
0.113655
0.133575
0.153653
0.173921
0.194412
0.215159
0.236197
0.25756
0.279291
0.301433
0.324029
0.347125
0.370772
0.39502
0.419922
0.445536
0.471925
0.49915
0.527276
0.556365
0.586478
0.617676
0.650014
0.683541
0.71829
0.754273
0.791471
0.82983
0.869247
0.909564
0.95054
0.991845
1.03303
1.07354
1.11263
1.14944
1.18292
1.21186
1.23493
1.25071
1.2577
1.25448
1.2402
1.21421
1.17083
1.10634
-1.04894
-1.11453
-1.15764
-1.18221
-1.19442
-1.1953
-1.18606
-1.16837
-1.14393
-1.11425
-1.08066
-1.04432
-1.00618
-0.967003
-0.927407
-0.887858
-0.84871
-0.81022
-0.772567
-0.735865
-0.700184
-0.665556
-0.63199
-0.599475
-0.56799
-0.537504
-0.507975
-0.479356
-0.451593
-0.424632
-0.398418
-0.372902
-0.348036
-0.323775
-0.300078
-0.276899
-0.254196
-0.231927
-0.21005
-0.188528
-0.167325
-0.146409
-0.125745
-0.1053
-0.0850461
-0.0649536
-0.0449943
-0.0251376
-0.00535156
0.0143944
0.0341277
0.0538735
0.0736582
0.0935109
0.113463
0.133548
0.153797
0.174244
0.194924
0.21587
0.237118
0.25871
0.280691
0.303107
0.326008
0.349443
0.373465
0.398133
0.423509
0.449662
0.476664
0.504593
0.533523
0.563533
0.594706
0.627125
0.660875
0.696033
0.732666
0.77082
0.810519
0.851749
0.894454
0.938515
0.983731
1.0298
1.07629
1.12261
1.16802
1.21155
1.25201
1.28802
1.31796
1.34008
1.35246
1.35324
1.34117
1.31519
1.26868
1.19743
-1.1463
-1.21925
-1.26548
-1.28957
-1.29887
-1.29494
-1.2795
-1.25479
-1.22293
-1.18578
-1.14495
-1.10176
-1.05726
-1.01227
-0.96743
-0.923189
-0.879871
-0.837696
-0.796799
-0.757252
-0.719079
-0.682273
-0.646803
-0.612626
-0.579691
-0.547937
-0.517299
-0.487707
-0.45909
-0.431375
-0.404496
-0.37839
-0.353001
-0.328278
-0.304168
-0.280621
-0.257587
-0.235016
-0.212866
-0.191093
-0.169662
-0.148536
-0.127679
-0.107056
-0.0866354
-0.066386
-0.0462769
-0.0262757
-0.00634953
0.0135322
0.0333969
0.0532709
0.0731823
0.0931629
0.113247
0.133468
0.15386
0.174455
0.19529
0.216399
0.237824
0.259608
0.281802
0.304455
0.327617
0.351343
0.37569
0.400726
0.426523
0.453159
0.480718
0.509287
0.538955
0.569821
0.601987
0.635567
0.670672
0.707415
0.745898
0.786212
0.828427
0.872589
0.918696
0.966688
1.01642
1.06764
1.11996
1.1728
1.22541
1.27674
1.32549
1.37007
1.40856
1.4388
1.45836
1.46479
1.45623
1.43108
1.38149
1.30257
-1.25908
-1.34054
-1.38984
-1.41237
-1.41707
-1.4063
-1.38254
-1.34872
-1.30753
-1.26125
-1.21176
-1.16056
-1.10878
-1.05727
-1.00665
-0.957324
-0.90957
-0.863539
-0.819301
-0.776867
-0.736204
-0.697251
-0.659933
-0.624165
-0.589859
-0.556922
-0.525262
-0.494785
-0.465397
-0.43701
-0.409544
-0.382924
-0.357086
-0.331967
-0.307509
-0.283653
-0.260343
-0.237524
-0.215148
-0.193172
-0.171556
-0.150262
-0.129252
-0.108489
-0.0879373
-0.0675643
-0.0473369
-0.027222
-0.00718664
0.0127997
0.0327649
0.0527366
0.0727455
0.0928257
0.113013
0.133341
0.153844
0.174554
0.195508
0.216746
0.238311
0.260252
0.282619
0.305465
0.328842
0.352807
0.377427
0.402775
0.428934
0.45599
0.484036
0.513171
0.543498
0.575137
0.608216
0.642874
0.679254
0.717504
0.757768
0.800189
0.844898
0.892005
0.941581
0.993642
1.04812
1.10485
1.16351
1.22359
1.28432
1.34466
1.4032
1.45814
1.50723
1.54785
1.57693
1.59122
1.58807
1.56501
1.5125
1.42482
-1.39091
-1.48237
-1.53442
-1.55368
-1.55133
-1.53092
-1.49599
-1.4504
-1.39753
-1.34013
-1.28037
-1.21989
-1.15986
-1.10112
-1.04422
-0.98948
-0.937088
-0.887099
-0.839494
-0.794199
-0.751109
-0.7101
-0.67104
-0.633797
-0.59824
-0.564241
-0.531676
-0.500424
-0.470373
-0.441416
-0.413458
-0.386415
-0.360211
-0.334775
-0.310042
-0.285944
-0.26242
-0.23941
-0.216862
-0.194732
-0.17298
-0.151564
-0.130444
-0.10958
-0.0889344
-0.0684722
-0.04816
-0.0279645
-0.00785303
0.0122051
0.0322389
0.0522779
0.072355
0.092506
0.112767
0.133171
0.153751
0.174541
0.19558
0.21691
0.23858
0.260638
0.283137
0.306128
0.329668
0.353819
0.378654
0.404256
0.430711
0.458115
0.486569
0.516182
0.547077
0.579393
0.613283
0.648912
0.686456
0.726099
0.768037
0.81247
0.859599
0.909607
0.962653
1.01885
1.07825
1.14079
1.20626
1.27426
1.34409
1.41474
1.48474
1.55212
1.61433
1.66817
1.70984
1.73504
1.73999
1.72094
1.66599
1.56814
-1.54671
-1.65005
-1.70408
-1.71736
-1.70434
-1.6704
-1.62052
-1.55978
-1.49237
-1.42154
-1.3497
-1.27859
-1.20935
-1.14271
-1.07911
-1.01872
-0.961593
-0.907643
-0.856735
-0.808693
-0.763319
-0.720413
-0.679778
-0.641227
-0.604583
-0.569679
-0.536357
-0.504472
-0.473888
-0.444482
-0.416146
-0.388784
-0.36231
-0.336646
-0.311718
-0.287453
-0.263781
-0.240642
-0.217981
-0.195753
-0.173915
-0.152425
-0.131239
-0.110315
-0.0896134
-0.0690983
-0.0487366
-0.0284955
-0.00834249
0.0117539
0.0318243
0.0519002
0.072016
0.0922078
0.112511
0.132957
0.15358
0.174414
0.195502
0.21689
0.238627
0.260761
0.283344
0.306431
0.330081
0.354362
0.379354
0.405144
0.431823
0.459493
0.488263
0.518258
0.549617
0.582498
0.617076
0.653542
0.692104
0.732991
0.776452
0.822751
0.872159
0.924948
0.981381
1.0417
1.10608
1.17463
1.24731
1.32385
1.40374
1.48605
1.56936
1.6516
1.72992
1.80058
1.85886
1.89916
1.91611
1.90405
1.84764
1.73788
-1.73342
-1.85092
-1.90525
-1.9082
-1.87918
-1.82627
-1.75645
-1.6763
-1.59092
-1.50402
-1.41818
-1.33508
-1.25574
-1.18068
-1.1101
-1.04398
-0.982147
-0.924366
-0.870341
-0.819769
-0.772345
-0.727781
-0.685805
-0.646171
-0.608651
-0.573039
-0.539144
-0.506793
-0.47583
-0.446116
-0.417531
-0.389967
-0.363331
-0.337536
-0.312501
-0.288146
-0.2644
-0.241198
-0.218486
-0.196218
-0.174348
-0.152833
-0.131627
-0.110685
-0.0899659
-0.0694357
-0.0490616
-0.0288114
-0.00865215
0.011449
0.0315245
0.051607
0.0717311
0.091932
0.112243
0.132697
0.153327
0.174171
0.195274
0.216683
0.238446
0.260611
0.28323
0.306361
0.330067
0.354421
0.379506
0.405412
0.432235
0.46008
0.489069
0.519339
0.551044
0.584359
0.619477
0.656615
0.696019
0.737962
0.782747
0.8307
0.882172
0.937533
0.997169
1.06147
1.13078
1.20541
1.28552
1.37112
1.46193
1.55724
1.65581
1.75561
1.8536
1.94554
2.02569
2.08686
2.12153
2.12116
2.06528
1.9415
-1.96118
-2.09541
-2.14657
-2.13212
-2.07914
-1.99969
-1.90341
-1.79858
-1.69125
-1.58543
-1.48364
-1.38732
-1.29717
-1.21337
-1.13576
-1.06402
-0.99773
-0.936417
-0.879608
-0.826849
-0.777714
-0.731816
-0.688806
-0.648373
-0.610238
-0.574154
-0.5399
-0.507278
-0.476112
-0.446249
-0.417557
-0.389921
-0.363239
-0.337417
-0.312367
-0.288008
-0.264264
-0.24107
-0.218371
-0.196122
-0.174276
-0.152786
-0.131605
-0.110686
-0.0899905
-0.0694843
-0.0491361
-0.0289137
-0.00878313
0.0112901
0.0313395
0.0513977
0.0714983
0.0916748
0.11196
0.132387
0.15299
0.17381
0.194892
0.216283
0.238029
0.260178
0.282784
0.305906
0.329613
0.353979
0.379089
0.405033
0.43191
0.459835
0.488938
0.519365
0.551283
0.584877
0.620363
0.657984
0.69802
0.740787
0.786637
0.835961
0.889195
0.946818
1.00935
1.07734
1.15135
1.23191
1.31949
1.41444
1.51683
1.62637
1.74215
1.86242
1.98418
2.10286
2.21172
2.3017
2.36248
2.38135
2.32989
2.1898
-2.24554
-2.3987
-2.43962
-2.39621
-2.30743
-2.191
-2.05983
-1.92404
-1.79032
-1.66265
-1.54315
-1.43269
-1.33138
-1.23885
-1.15448
-1.07754
-1.00727
-0.942931
-0.883843
-0.829381
-0.778988
-0.732173
-0.688509
-0.647619
-0.609177
-0.572897
-0.538529
-0.505853
-0.474678
-0.44484
-0.416197
-0.388626
-0.362019
-0.336279
-0.311312
-0.287035
-0.263371
-0.240258
-0.21764
-0.19547
-0.173702
-0.152287
-0.131176
-0.110324
-0.0896928
-0.0692504
-0.0489664
-0.0288082
-0.00874021
0.0112731
0.0312651
0.0512672
0.0713109
0.0914287
0.111654
0.132019
0.152562
0.173323
0.194348
0.21568
0.237365
0.259451
0.281993
0.305055
0.328705
0.353018
0.378077
0.403975
0.430816
0.45872
0.487822
0.518276
0.550254
0.583958
0.619619
0.657505
0.697926
0.741235
0.787829
0.838167
0.892769
0.952227
1.0172
1.08842
1.16666
1.25276
1.34754
1.45178
1.56608
1.69075
1.8255
1.96918
2.11926
2.27116
2.41747
2.54716
2.64646
2.69675
2.65737
2.49923
-2.61165
-2.78333
-2.79988
-2.70852
-2.56637
-2.39877
-2.2222
-2.04823
-1.88356
-1.73143
-1.59295
-1.46799
-1.35571
-1.25499
-1.16456
-1.08318
-1.0097
-0.943082
-0.882409
-0.826877
-0.775797
-0.728576
-0.684708
-0.643759
-0.605359
-0.56919
-0.534978
-0.502485
-0.471511
-0.441881
-0.413449
-0.386086
-0.359681
-0.334132
-0.309347
-0.285241
-0.261739
-0.238778
-0.216307
-0.194276
-0.17264
-0.151349
-0.130353
-0.109611
-0.0890853
-0.0687464
-0.0485641
-0.0285048
-0.00853217
0.0113896
0.0312923
0.0512053
0.0711583
0.0911835
0.111315
0.131587
0.152037
0.172704
0.193631
0.214862
0.236441
0.258417
0.280847
0.303794
0.327326
0.351515
0.376446
0.402213
0.428923
0.456697
0.485675
0.516011
0.547887
0.581512
0.617135
0.65504
0.69556
0.739077
0.786035
0.836951
0.892428
0.953161
1.01995
1.0937
1.17546
1.26636
1.36767
1.48068
1.60669
1.74682
1.9018
2.07153
2.25456
2.4471
2.6417
2.82582
2.9819
3.08345
3.07119
2.89613
-3.10275
-3.2835
-3.24735
-3.07691
-2.85577
-2.61829
-2.38384
-2.16412
-1.96442
-1.78608
-1.62834
-1.48943
-1.3672
-1.25948
-1.16423
-1.07961
-1.00404
-0.936141
-0.874772
-0.818954
-0.767871
-0.720838
-0.67728
-0.636717
-0.598743
-0.563017
-0.529248
-0.497189
-0.466632
-0.4374
-0.409343
-0.382332
-0.356254
-0.331009
-0.306503
-0.282655
-0.259394
-0.236658
-0.214398
-0.192565
-0.171112
-0.149992
-0.129157
-0.108566
-0.0881868
-0.0679896
-0.0479446
-0.0280176
-0.00817217
0.0116263
0.0314073
0.0511979
0.0710271
0.0909274
0.110933
0.13108
0.151402
0.171938
0.192729
0.213817
0.235246
0.257065
0.279332
0.302108
0.325457
0.349451
0.374175
0.399723
0.426203
0.453733
0.482453
0.51252
0.544117
0.577463
0.612813
0.650462
0.690757
0.734105
0.780986
0.831967
0.887717
0.949025
1.01682
1.09219
1.17642
1.271
1.37764
1.49826
1.63498
1.79002
1.96549
2.16304
2.38316
2.62409
2.87982
3.13769
3.37707
3.56213
3.6067
3.42555
-3.79726
-3.95114
-3.80545
-3.50555
-3.1693
-2.83872
-2.53301
-2.2609
-2.02378
-1.8193
-1.64364
-1.49272
-1.36265
-1.25
-1.15181
-1.06563
-0.989427
-0.921521
-0.860539
-0.805358
-0.755055
-0.708874
-0.666192
-0.626494
-0.589354
-0.554418
-0.521389
-0.490019
-0.460099
-0.431454
-0.403935
-0.377417
-0.35179
-0.326955
-0.302824
-0.279321
-0.256377
-0.233935
-0.211946
-0.190365
-0.169146
-0.148242
-0.127611
-0.107214
-0.0870198
-0.0670005
-0.0471265
-0.027364
-0.00767733
0.0119658
0.0315928
0.0512289
0.0709026
0.0906469
0.110496
0.130484
0.150644
0.171012
0.191627
0.21253
0.233766
0.255382
0.277434
0.299979
0.323081
0.346809
0.371246
0.396485
0.422629
0.449796
0.478119
0.507756
0.538892
0.571744
0.606567
0.643659
0.683374
0.726134
0.772441
0.822895
0.878214
0.939257
1.00706
1.08288
1.16821
1.26487
1.37502
1.50125
1.64662
1.81465
2.00928
2.23457
2.49422
2.7903
3.12089
3.47642
3.83635
4.15687
4.31724
4.16867
-4.838
-4.86149
-4.49637
-3.98879
-3.48944
-3.03974
-2.65111
-2.32332
-2.04987
-1.82235
-1.63258
-1.47343
-1.33898
-1.22442
-1.12588
-1.04032
-0.965294
-0.898879
-0.839531
-0.786019
-0.737355
-0.692739
-0.651525
-0.613188
-0.577299
-0.543503
-0.511511
-0.48108
-0.45201
-0.424134
-0.39731
-0.371419
-0.346358
-0.322036
-0.298371
-0.275292
-0.252736
-0.230652
-0.208991
-0.187714
-0.166775
-0.146134
-0.125748
-0.105583
-0.0856097
-0.0658021
-0.0461313
-0.0265646
-0.00706808
0.0123885
0.0318304
0.0512814
0.0707695
0.0903273
0.109989
0.129785
0.149748
0.169912
0.190312
0.210991
0.23199
0.253355
0.275139
0.297396
0.320185
0.343575
0.367644
0.392482
0.418185
0.444865
0.472651
0.501696
0.53218
0.564312
0.59834
0.634556
0.673314
0.715035
0.760225
0.809494
0.863586
0.923404
0.990052
1.06489
1.1496
1.24624
1.3574
1.48629
1.6369
1.81419
2.02421
2.27417
2.57228
2.9269
3.34428
3.82418
4.35406
4.8903
5.27938
5.27191
-6.48294
-6.1136
-5.33208
-4.50621
-3.78556
-3.19168
-2.71418
-2.33379
-2.03051
-1.78714
-1.58996
-1.42839
-1.29436
-1.18179
-1.08605
-1.00362
-0.931802
-0.868504
-0.812101
-0.761319
-0.715153
-0.672804
-0.633634
-0.597131
-0.562882
-0.530552
-0.499867
-0.470603
-0.442574
-0.415628
-0.389635
-0.364489
-0.340096
-0.316376
-0.293255
-0.270669
-0.248564
-0.22689
-0.205607
-0.184677
-0.164061
-0.14372
-0.123615
-0.103716
-0.0839958
-0.0644298
-0.0449914
-0.0256492
-0.00637099
0.0128713
0.0321007
0.0513393
0.070614
0.0899571
0.109402
0.128977
0.148712
0.168637
0.188788
0.209204
0.229926
0.250996
0.272463
0.294376
0.316793
0.339778
0.363404
0.387753
0.412913
0.43899
0.466105
0.494403
0.524049
0.55524
0.588211
0.623241
0.660666
0.700893
0.744412
0.791825
0.843863
0.901433
0.965661
1.03795
1.12006
1.21423
1.32332
1.45102
1.60212
1.78291
2.00163
2.26907
2.59916
3.0093
3.51964
4.14962
4.90919
5.77422
6.5928
6.99685
-9.30827
-7.83017
-6.26424
-4.9844
-3.99119
-3.24314
-2.68658
-2.26933
-1.95161
-1.70542
-1.51122
-1.35525
-1.22779
-1.1219
-1.03254
-0.956008
-0.889528
-0.831011
-0.77886
-0.731842
-0.688997
-0.649573
-0.612977
-0.578737
-0.546478
-0.515899
-0.486756
-0.458853
-0.432028
-0.406147
-0.3811
-0.356796
-0.333155
-0.310109
-0.287596
-0.26556
-0.243953
-0.222735
-0.20187
-0.181326
-0.161066
-0.141057
-0.121264
-0.101659
-0.0822187
-0.0629211
-0.0437408
-0.024648
-0.00561234
0.0133916
0.0323838
0.0513849
0.0704213
0.0895251
0.108728
0.128055
0.147532
0.167187
0.187056
0.207177
0.227585
0.24832
0.269423
0.290944
0.312934
0.335453
0.358565
0.382343
0.406869
0.432236
0.458556
0.485958
0.514591
0.544635
0.576301
0.609844
0.645574
0.683866
0.725173
0.770057
0.819213
0.873499
0.933993
1.00206
1.07945
1.16839
1.27183
1.39365
1.53908
1.7153
1.93227
2.20404
2.55056
3.0003
3.5937
4.38408
5.42601
6.75901
8.38204
9.9255
-14.8168
-10.0819
-6.94693
-5.10404
-3.8806
-3.04597
-2.47364
-2.06947
-1.77375
-1.55065
-1.37775
-1.24045
-1.12902
-1.03677
-0.958994
-0.892293
-0.834184
-0.782811
-0.736771
-0.694994
-0.656654
-0.621111
-0.587865
-0.556523
-0.526777
-0.498382
-0.471143
-0.444903
-0.419536
-0.394938
-0.371023
-0.347722
-0.324974
-0.302726
-0.280929
-0.25954
-0.238521
-0.21784
-0.197468
-0.177377
-0.157539
-0.137922
-0.118498
-0.0992417
-0.0801344
-0.0611562
-0.0422832
-0.0234873
-0.00474123
0.0139767
0.0326839
0.0513997
0.0701508
0.0889678
0.107879
0.126905
0.146069
0.165398
0.184926
0.204688
0.224715
0.245039
0.2657
0.286741
0.308209
0.330154
0.352631
0.375703
0.399439
0.42392
0.449241
0.475511
0.502854
0.531422
0.561397
0.592994
0.626477
0.662165
0.700452
0.741822
0.786876
0.836366
0.891241
0.952704
1.02231
1.10206
1.19462
1.30358
1.43385
1.59236
1.78913
2.03913
2.36527
2.80411
3.41638
4.29855
5.58124
7.49689
10.7207
15.565
-24.1001
-12.2854
-6.67138
-4.3918
-3.1877
-2.46117
-2.00306
-1.69511
-1.47444
-1.30874
-1.17991
-1.07687
-0.992459
-0.921825
-0.861561
-0.809208
-0.76296
-0.721467
-0.683712
-0.648918
-0.616491
-0.585975
-0.557019
-0.529352
-0.502762
-0.477089
-0.452205
-0.428011
-0.404427
-0.38139
-0.358849
-0.336762
-0.315092
-0.293806
-0.272873
-0.252263
-0.231952
-0.211917
-0.192139
-0.172597
-0.153268
-0.134127
-0.115151
-0.0963201
-0.0776191
-0.0590307
-0.0405328
-0.0221004
-0.00371043
0.014655
0.033011
0.0513764
0.0697766
0.0882397
0.106789
0.125442
0.144218
0.163144
0.182252
0.201569
0.221121
0.240935
0.261046
0.281492
0.30231
0.323539
0.345223
0.367411
0.390159
0.413528
0.43759
0.462425
0.48813
0.514816
0.54262
0.571703
0.602263
0.63454
0.668832
0.705505
0.745016
0.787937
0.83499
0.887087
0.945399
1.01144
1.08721
1.17536
1.27953
1.40485
1.5588
1.75287
2.00568
2.35015
2.84996
3.62633
4.89783
7.27225
13.0022
24.9385
)
;

boundaryField
{
    movingWall
    {
        type            zeroGradient;
    }
    fixedWalls
    {
        type            zeroGradient;
    }
    frontAndBack
    {
        type            empty;
    }
}


// ************************************************************************* //
