/*--------------------------------*- C++ -*----------------------------------*\
| =========                 |                                                 |
| \\      /  F ield         | OpenFOAM: The Open Source CFD Toolbox           |
|  \\    /   O peration     | Version:  2212                                  |
|   \\  /    A nd           | Website:  www.openfoam.com                      |
|    \\/     M anipulation  |                                                 |
\*---------------------------------------------------------------------------*/
FoamFile
{
    version     2.0;
    format      ascii;
    arch        "LSB;label=32;scalar=64";
    class       volScalarField;
    location    "0.005";
    object      p;
}
// * * * * * * * * * * * * * * * * * * * * * * * * * * * * * * * * * * * * * //

dimensions      [0 2 -2 0 0 0 0];

internalField   nonuniform List<scalar> 
10000
(
-2.42254e-07
-9.24352e-05
-0.00050761
-0.00121943
-0.00208584
-0.00298527
-0.00384199
-0.0046078
-0.00525316
-0.00575845
-0.00610959
-0.00629607
-0.00631081
-0.00615056
-0.00581641
-0.00531057
-0.00463465
-0.00379317
-0.00279194
-0.00163512
-0.000324448
0.00113839
0.00274907
0.00449893
0.00637837
0.00838179
0.0105082
0.0127575
0.0151278
0.0176138
0.0202099
0.0229115
0.0257153
0.0286176
0.031613
0.0346954
0.0378598
0.041102
0.0444187
0.0478063
0.0512589
0.0547698
0.0583315
0.0619379
0.0655849
0.0692684
0.0729841
0.0767269
0.0804904
0.0842683
0.088055
0.0918448
0.0956321
0.0994115
0.103176
0.10692
0.110636
0.114318
0.117962
0.121563
0.125114
0.12861
0.132047
0.13542
0.138726
0.141958
0.14511
0.148176
0.151148
0.154022
0.156792
0.159455
0.162007
0.164442
0.166758
0.168952
0.171015
0.172942
0.174726
0.176361
0.17784
0.179157
0.180308
0.181288
0.182096
0.182727
0.18318
0.183456
0.183556
0.183481
0.183234
0.18283
0.182287
0.181632
0.180899
0.180133
0.179395
0.178766
0.178353
0.178229
0.000168146
7.95505e-06
-0.000375113
-0.000964932
-0.00166035
-0.00237625
-0.00305625
-0.00366346
-0.00417147
-0.0045605
-0.00481606
-0.00492703
-0.00488404
-0.00468201
-0.00431923
-0.00379548
-0.00311198
-0.0022706
-0.00127491
-0.000130276
0.0011596
0.00259359
0.0041701
0.00588486
0.00773087
0.00970092
0.0117905
0.0139977
0.0163215
0.0187596
0.0213077
0.0239608
0.0267145
0.0295645
0.0325066
0.0355354
0.0386459
0.0418336
0.0450945
0.0484249
0.0518198
0.0552724
0.0587759
0.0623239
0.0659108
0.0695335
0.0731886
0.0768706
0.0805741
0.0842929
0.0880195
0.0917478
0.0954741
0.0991928
0.102897
0.106582
0.110241
0.113866
0.117453
0.120996
0.124492
0.127932
0.131314
0.134635
0.137888
0.141067
0.144166
0.147181
0.150103
0.152927
0.155649
0.158267
0.160775
0.163168
0.165444
0.167599
0.169628
0.171521
0.173275
0.174884
0.176343
0.177646
0.178788
0.179769
0.180586
0.181237
0.181721
0.18204
0.182196
0.182193
0.182037
0.18174
0.181323
0.180812
0.180238
0.179637
0.179058
0.178562
0.178225
0.178097
0.000605305
0.00032031
-9.89398e-05
-0.000647585
-0.00125418
-0.00185909
-0.00242505
-0.00292494
-0.00333658
-0.00364178
-0.0038262
-0.00387837
-0.00379007
-0.00355443
-0.00316741
-0.00262881
-0.00193896
-0.00109751
-0.00010638
0.00103084
0.00230909
0.00372484
0.00527687
0.00696372
0.0087815
0.0107242
0.0127859
0.0149623
0.0172517
0.0196531
0.0221639
0.0247791
0.0274939
0.0303033
0.0332034
0.0361898
0.0392578
0.042403
0.045621
0.048907
0.0522566
0.0556634
0.0591205
0.0626226
0.0661639
0.06974
0.0733485
0.0769845
0.0806413
0.0843133
0.0879935
0.0916744
0.0953523
0.0990232
0.102681
0.106319
0.109932
0.113515
0.117059
0.120559
0.124012
0.12741
0.130751
0.134029
0.137241
0.140378
0.143435
0.146407
0.149289
0.152076
0.154763
0.157347
0.159821
0.162183
0.164428
0.166554
0.168553
0.17042
0.172149
0.173738
0.175182
0.176476
0.177616
0.1786
0.179426
0.180092
0.1806
0.180951
0.181149
0.181199
0.181107
0.180886
0.180556
0.180141
0.179665
0.179159
0.178662
0.178221
0.177881
0.177673
0.0011822
0.000747241
0.000258074
-0.000284769
-0.00084848
-0.00139083
-0.00188758
-0.00231779
-0.00266475
-0.00291232
-0.00304573
-0.00305483
-0.00293179
-0.00266957
-0.00226372
-0.00171253
-0.00101623
-0.000175265
0.000810775
0.00194106
0.00321202
0.00461878
0.00615745
0.00782519
0.00961976
0.0115381
0.0135757
0.0157278
0.0179914
0.0203648
0.0228458
0.0254304
0.0281139
0.0308912
0.0337577
0.0367095
0.0397426
0.0428531
0.0460368
0.0492881
0.0526014
0.0559711
0.0593908
0.0628555
0.0663608
0.069902
0.0734748
0.0770746
0.080695
0.0843292
0.0879712
0.0916149
0.0952556
0.0988887
0.102509
0.106111
0.10969
0.113239
0.116751
0.12022
0.12364
0.127006
0.130313
0.133559
0.136737
0.139839
0.142861
0.145801
0.148652
0.151409
0.154068
0.156626
0.159075
0.161412
0.163632
0.165733
0.167708
0.169552
0.171262
0.172837
0.174271
0.17556
0.176699
0.177687
0.178521
0.1792
0.179726
0.1801
0.180329
0.180418
0.180372
0.180205
0.179932
0.179576
0.179155
0.178694
0.178223
0.17778
0.177383
0.177038
0.00183155
0.00124576
0.000681416
0.000126352
-0.000419165
-0.000929238
-0.00138456
-0.00176994
-0.00207192
-0.00227697
-0.00237288
-0.00234924
-0.00219835
-0.00191492
-0.00149409
-0.000932432
-0.000229415
0.000613592
0.00159655
0.0027195
0.00398168
0.00537996
0.00690928
0.00856461
0.0103424
0.0122404
0.014256
0.0163861
0.0186276
0.0209775
0.0234331
0.0259909
0.0286468
0.0313961
0.0342338
0.0371558
0.0401585
0.0432383
0.0463913
0.0496125
0.0528949
0.0562326
0.0596202
0.0630531
0.0665271
0.0700383
0.0735821
0.0771517
0.0807405
0.0843427
0.087952
0.0915628
0.0951718
0.0987744
0.102364
0.105936
0.109486
0.113008
0.116493
0.119935
0.123328
0.126667
0.129947
0.133164
0.136312
0.139384
0.142378
0.145289
0.148114
0.150846
0.153481
0.156015
0.158442
0.160757
0.162956
0.165035
0.166989
0.168815
0.170509
0.172073
0.1735
0.174785
0.175923
0.176913
0.177753
0.178443
0.178983
0.179377
0.179631
0.179751
0.179742
0.179613
0.179382
0.179063
0.178672
0.178227
0.177754
0.177282
0.176801
0.176294
0.00251931
0.00178759
0.00114364
0.000560659
9.86079e-06
-0.000490652
-0.000928109
-0.00128944
-0.00156341
-0.00174014
-0.00180967
-0.00176254
-0.00159135
-0.00129142
-0.000859111
-0.000290452
0.000417088
0.00126335
0.00224687
0.00336668
0.004622
0.00601108
0.00753044
0.00917548
0.0109414
0.0128246
0.0148228
0.0169343
0.019157
0.0214875
0.0239225
0.0264582
0.0290907
0.0318157
0.034629
0.0375262
0.0405038
0.0435585
0.0466857
0.0498804
0.0531369
0.0564484
0.0598095
0.0632166
0.0666654
0.0701513
0.0736702
0.0772151
0.080778
0.0843533
0.0879359
0.0915204
0.0951031
0.09868
0.102245
0.105794
0.109322
0.112821
0.116283
0.119703
0.123074
0.126391
0.129648
0.132841
0.135965
0.139014
0.141984
0.144872
0.147675
0.150386
0.153
0.155513
0.157921
0.160217
0.162397
0.164458
0.166397
0.168208
0.169892
0.171446
0.172867
0.174148
0.175284
0.176274
0.177118
0.177816
0.178368
0.178779
0.179054
0.179197
0.179214
0.179113
0.178906
0.178607
0.178227
0.177779
0.177285
0.176767
0.176191
0.175518
0.00320639
0.00233654
0.00160869
0.000982672
0.000409139
-0.000100364
-0.000536225
-0.000889287
-0.00115012
-0.0013103
-0.00136286
-0.00130025
-0.00111528
-0.000803304
-0.000361607
0.000212679
0.000922483
0.00176994
0.00275447
0.00387427
0.00512691
0.00650993
0.00802064
0.00965589
0.0114116
0.0132837
0.0152696
0.0173675
0.0195755
0.0218908
0.0243098
0.0268286
0.029443
0.0321485
0.0349418
0.0378194
0.0407774
0.0438125
0.04692
0.0500938
0.0533288
0.0566194
0.0599601
0.0633468
0.066776
0.0702425
0.073741
0.0772647
0.0808066
0.0843612
0.0879232
0.0914875
0.0950504
0.098608
0.102155
0.105686
0.109196
0.112677
0.116121
0.119522
0.122875
0.126175
0.129414
0.13259
0.135695
0.138726
0.141679
0.14455
0.147335
0.150027
0.152623
0.155119
0.15751
0.15979
0.161957
0.164006
0.165933
0.167736
0.169412
0.170959
0.172373
0.173648
0.174781
0.17577
0.176617
0.177322
0.177886
0.17831
0.1786
0.17876
0.178793
0.178708
0.178513
0.178219
0.177835
0.177371
0.176844
0.17627
0.175593
0.174761
0.00385236
0.00285339
0.00204173
0.00136476
0.000755471
0.00022423
-0.000221601
-0.000577436
-0.000835951
-0.000989654
-0.00103295
-0.000961046
-0.000768142
-0.000448793
3.95038e-08
0.000579854
0.00129268
0.00214073
0.00312506
0.00424436
0.00549575
0.00687582
0.00838126
0.0100091
0.0117563
0.0136199
0.0155975
0.0176865
0.0198845
0.0221893
0.024597
0.0271036
0.029705
0.0323967
0.0351751
0.0380381
0.0409822
0.0440031
0.0470961
0.0502552
0.0534745
0.056749
0.0600742
0.0634463
0.0668607
0.0703122
0.0737952
0.0773027
0.0808281
0.084367
0.0879145
0.091465
0.0950142
0.0985584
0.102092
0.10561
0.109107
0.112574
0.116004
0.11939
0.12273
0.126016
0.129244
0.132408
0.135502
0.138521
0.141462
0.14432
0.14709
0.149767
0.152348
0.15483
0.157209
0.159479
0.161637
0.163678
0.165599
0.167397
0.169068
0.17061
0.172017
0.173287
0.174416
0.175406
0.176256
0.176967
0.177539
0.177973
0.178273
0.178442
0.178483
0.178402
0.178208
0.17791
0.177512
0.177022
0.176454
0.175819
0.175044
0.174065
0.00442166
0.0033038
0.00241172
0.00168081
0.00102961
0.000468412
3.96686e-06
-0.000362007
-0.000625691
-0.000780551
-0.000821275
-0.00074492
-0.000547798
-0.00022498
0.000227387
0.000811328
0.00152817
0.00237862
0.00336346
0.00448193
0.00573182
0.0071099
0.00861242
0.0102359
0.0119777
0.013836
0.0158085
0.0178928
0.0200857
0.0223844
0.0247855
0.0272845
0.0298772
0.0325603
0.0353301
0.038184
0.0411192
0.0441314
0.0472151
0.0503644
0.0535738
0.0568382
0.0601531
0.0635151
0.0669195
0.0703606
0.0738327
0.0773291
0.0808441
0.0843734
0.0879122
0.0914546
0.0949963
0.0985332
0.10206
0.10557
0.109057
0.112513
0.115933
0.11931
0.122641
0.12592
0.129141
0.132298
0.135386
0.138399
0.141333
0.144182
0.146942
0.149608
0.152179
0.154651
0.157023
0.159287
0.161441
0.163479
0.165398
0.167194
0.168862
0.170399
0.171801
0.173067
0.174196
0.175187
0.176041
0.176756
0.177333
0.177771
0.178075
0.178246
0.178288
0.178205
0.178005
0.177693
0.177275
0.176753
0.176139
0.175442
0.174574
0.173462
0.00488853
0.00366231
0.00269372
0.00190904
0.00121502
0.000619269
0.00013015
-0.00025169
-0.000525184
-0.000686475
-0.000730619
-0.00065412
-0.000454993
-0.000130528
0.000323117
0.00090921
0.00162906
0.00248284
0.00346983
0.00458887
0.00583807
0.00721473
0.00871554
0.0103371
0.012077
0.0139335
0.0159045
0.0179873
0.0201794
0.0224767
0.0248753
0.0273711
0.0299599
0.0326388
0.0354052
0.0382562
0.0411879
0.0441961
0.0472756
0.0504203
0.0536249
0.0568845
0.060195
0.0635523
0.0669516
0.070387
0.0738533
0.0773447
0.0808559
0.084382
0.0879182
0.0914587
0.0949987
0.0985341
0.102059
0.105565
0.109047
0.112498
0.115912
0.119285
0.122612
0.125888
0.129107
0.132263
0.135349
0.138361
0.141292
0.144136
0.14689
0.149551
0.152117
0.154585
0.156953
0.159217
0.161369
0.163407
0.165326
0.167121
0.168788
0.170323
0.171724
0.172989
0.174119
0.175113
0.175969
0.176686
0.177263
0.177701
0.178003
0.178172
0.17821
0.178121
0.17791
0.177581
0.177137
0.176579
0.175918
0.175159
0.174206
0.172976
0.00523458
0.00391075
0.00287018
0.00203346
0.00129658
0.000665424
0.00014813
-0.000254015
-0.000540914
-0.000711775
-0.000763092
-0.000690689
-0.000492407
-0.000167046
0.000287926
0.00087564
0.0015976
0.00245413
0.00344384
0.00456497
0.0058153
0.00719198
0.00869247
0.0103144
0.0120554
0.0139134
0.0158864
0.0179714
0.0201657
0.0224656
0.0248658
0.0273623
0.029952
0.032632
0.0353996
0.0382523
0.0411859
0.0441955
0.0472757
0.0504207
0.0536256
0.0568859
0.0601974
0.0635555
0.0669551
0.0703905
0.0738571
0.0773499
0.0808634
0.0843927
0.0879324
0.0914768
0.095021
0.0985601
0.102088
0.105596
0.109078
0.112528
0.115942
0.119316
0.122644
0.125922
0.129143
0.132301
0.135389
0.138403
0.141334
0.144178
0.146932
0.149593
0.15216
0.154629
0.156998
0.159262
0.161416
0.163455
0.165375
0.167171
0.168838
0.170374
0.171777
0.173046
0.174179
0.175174
0.176031
0.176746
0.17732
0.177755
0.178054
0.178218
0.178251
0.178153
0.177928
0.177579
0.177106
0.176511
0.175803
0.174987
0.173956
0.172621
0.0054449
0.00403503
0.00292901
0.00204108
0.00126197
0.000596172
4.98577e-05
-0.000375586
-0.000679354
-0.000861569
-0.000921422
-0.000855766
-0.00066128
-0.000336361
0.000120217
0.00071009
0.00143461
0.00229373
0.00328626
0.00441019
0.00566301
0.00704175
0.00854415
0.0101688
0.0119137
0.0137761
0.0157541
0.0178451
0.0200452
0.0223503
0.0247558
0.0272576
0.0298528
0.0325387
0.0353128
0.0381719
0.0411119
0.0441275
0.0472133
0.0503638
0.0535743
0.0568407
0.0601582
0.0635224
0.066928
0.0703697
0.0738432
0.0773436
0.0808655
0.0844033
0.0879519
0.0915057
0.0950594
0.0986073
0.102142
0.105657
0.109145
0.112601
0.116021
0.119401
0.122735
0.126018
0.129245
0.132408
0.135501
0.13852
0.141456
0.144305
0.147064
0.149732
0.152304
0.154779
0.157152
0.159419
0.161575
0.163617
0.165539
0.167339
0.16901
0.170551
0.171959
0.173233
0.174369
0.175366
0.176221
0.176933
0.177503
0.177934
0.178229
0.178388
0.178412
0.178303
0.178062
0.17769
0.177188
0.176556
0.175804
0.174934
0.173833
0.172408
0.00550801
0.00402375
0.00285875
0.00192214
0.00110139
0.000401517
-0.000172789
-0.000622446
-0.000945526
-0.00114112
-0.00121023
-0.00115161
-0.000961992
-0.000638906
-0.000181414
0.000410918
0.00113861
0.00200103
0.00299703
0.00412432
0.00538042
0.00676318
0.0082704
0.00990035
0.0116514
0.0135213
0.0155078
0.0176077
0.0198169
0.0221308
0.0245452
0.0270566
0.0296621
0.0323591
0.0351444
0.0380147
0.0409655
0.0439915
0.0470875
0.0502485
0.0534698
0.0567474
0.0600764
0.0634519
0.0668691
0.0703233
0.07381
0.077324
0.0808596
0.0844111
0.0879735
0.0915416
0.0951097
0.0986711
0.102219
0.105746
0.109246
0.112714
0.116147
0.119538
0.122882
0.126175
0.12941
0.132582
0.135685
0.138712
0.141658
0.144518
0.147289
0.149968
0.152552
0.155035
0.157415
0.159688
0.161849
0.163895
0.165824
0.16763
0.169308
0.170857
0.172272
0.173551
0.174691
0.175689
0.176542
0.17725
0.177818
0.178246
0.178536
0.178688
0.178702
0.178579
0.178319
0.177924
0.177392
0.176726
0.175931
0.175011
0.173848
0.172343
0.00541728
0.00386673
0.00264918
0.00166858
0.000807209
7.32475e-05
-0.000527953
-0.00100033
-0.00134325
-0.00155425
-0.00163365
-0.00158166
-0.00139636
-0.00107534
-0.000617659
-2.31202e-05
0.000707887
0.00157432
0.00257443
0.00370602
0.00496692
0.00635542
0.00786984
0.00950805
0.0112681
0.0131485
0.0151466
0.0172586
0.01948
0.0218065
0.0242342
0.0267597
0.0293803
0.032093
0.0348943
0.0377803
0.0407464
0.0437872
0.046898
0.0500742
0.0533115
0.0566054
0.059951
0.0633434
0.0667783
0.070251
0.0737567
0.0772896
0.0808439
0.0844142
0.0879956
0.0915829
0.09517
0.09875
0.102316
0.105862
0.109381
0.112868
0.116319
0.119727
0.123086
0.126393
0.129642
0.132827
0.135943
0.138984
0.141946
0.144822
0.14761
0.150306
0.152905
0.155401
0.157791
0.160073
0.162243
0.164299
0.166236
0.168052
0.16974
0.171297
0.172719
0.174004
0.175147
0.176146
0.176998
0.177706
0.178272
0.178697
0.178983
0.179126
0.179127
0.178988
0.178709
0.178289
0.17773
0.17703
0.176196
0.17523
0.17401
0.172436
0.00516888
0.00355742
0.00229222
0.00127193
0.000373447
-0.00039413
-0.00102221
-0.0015155
-0.00187675
-0.00210349
-0.00219405
-0.00214879
-0.0019672
-0.00164777
-0.00118971
-0.000593155
0.000141066
0.00101182
0.00201671
0.00315366
0.0044213
0.00581792
0.00734163
0.00899061
0.0107631
0.0126573
0.01467
0.016797
0.019034
0.0213771
0.0238226
0.0263671
0.0290074
0.0317403
0.034562
0.0374681
0.0404537
0.0435139
0.0466444
0.0498411
0.0530993
0.0564146
0.0597822
0.0631974
0.0666561
0.0701533
0.0736834
0.0772403
0.0808186
0.084413
0.0880187
0.0916304
0.0952417
0.0988457
0.102436
0.106007
0.109551
0.113064
0.116538
0.119968
0.123348
0.126675
0.129943
0.133147
0.136281
0.139342
0.142324
0.145221
0.148031
0.150747
0.153363
0.155875
0.15828
0.160577
0.162761
0.16483
0.16678
0.168607
0.170305
0.17187
0.173298
0.174588
0.175735
0.176736
0.177591
0.178301
0.178867
0.17929
0.179568
0.179701
0.179689
0.179534
0.179235
0.178794
0.178208
0.177476
0.176605
0.175596
0.174325
0.17269
0.00476052
0.00309306
0.00178197
0.000725195
-0.00020575
-0.00100452
-0.00165971
-0.0021737
-0.00255122
-0.00279192
-0.00289346
-0.00285508
-0.00267692
-0.00235875
-0.00189989
-0.0013009
-0.000563129
0.000311845
0.00132227
0.00246642
0.00374278
0.00514961
0.0066851
0.00834777
0.010136
0.0120469
0.0140771
0.0162223
0.0184786
0.0208426
0.0233103
0.025878
0.0285426
0.0313002
0.0341464
0.0370767
0.0400865
0.0431711
0.0463267
0.0495491
0.0528335
0.0561756
0.059571
0.0630151
0.0665034
0.0700306
0.0735904
0.0771765
0.0807842
0.0844083
0.0880437
0.0916852
0.095326
0.0989597
0.102581
0.106182
0.109757
0.1133
0.116804
0.120261
0.123668
0.12702
0.130314
0.133542
0.1367
0.139785
0.142792
0.145714
0.148547
0.151286
0.153924
0.156456
0.158882
0.161197
0.1634
0.165486
0.167451
0.169289
0.170997
0.172569
0.174004
0.175299
0.176452
0.177459
0.178319
0.179031
0.179598
0.180017
0.180289
0.180411
0.180386
0.180216
0.1799
0.179437
0.178826
0.178065
0.177158
0.17611
0.174794
0.173104
0.00419011
0.00247136
0.00111668
2.44229e-05
-0.000936174
-0.00176217
-0.00244321
-0.00297837
-0.00337135
-0.00362391
-0.00373489
-0.00370304
-0.00352816
-0.00321055
-0.00275048
-0.00214884
-0.00140705
-0.000526939
0.000490308
0.00164335
0.00293039
0.00434968
0.00589985
0.00757944
0.0093861
0.0113166
0.0133671
0.0155341
0.0178139
0.0202027
0.0226967
0.0252921
0.0279851
0.0307715
0.0336465
0.0366055
0.0396443
0.0427587
0.0459449
0.0491985
0.0525147
0.0558894
0.0593185
0.0627973
0.0663205
0.0698826
0.0734771
0.0770979
0.0807405
0.0843999
0.0880705
0.091747
0.0954227
0.0990915
0.102748
0.106386
0.109996
0.113573
0.117111
0.120602
0.124042
0.127426
0.130751
0.134009
0.137197
0.140311
0.143347
0.146297
0.149156
0.151921
0.154584
0.157142
0.159593
0.161934
0.16416
0.166265
0.168245
0.170096
0.171814
0.173395
0.174838
0.176142
0.177304
0.178318
0.179183
0.179898
0.180465
0.180881
0.181145
0.181257
0.18122
0.181037
0.180705
0.180223
0.179587
0.178796
0.177857
0.176773
0.175415
0.173676
0.00345415
0.0016904
0.000296281
-0.000831577
-0.00182159
-0.00267184
-0.00337591
-0.00393161
-0.00434007
-0.00460363
-0.00472251
-0.00469596
-0.00452372
-0.00420612
-0.00374436
-0.00313961
-0.00239319
-0.00150639
-0.000480496
0.000683094
0.00198285
0.00341734
0.00498528
0.00668469
0.0085125
0.0104653
0.0125397
0.0147324
0.0170396
0.0194574
0.0219819
0.024609
0.0273345
0.0301537
0.0330617
0.0360542
0.0391275
0.0422773
0.0454996
0.04879
0.0521436
0.0555565
0.059025
0.0625435
0.0661065
0.0697081
0.0733422
0.0770032
0.0806864
0.0843866
0.0880978
0.0918146
0.0955305
0.0992396
0.102937
0.106614
0.110264
0.113881
0.117458
0.120989
0.124468
0.127892
0.131254
0.134549
0.137772
0.14092
0.143988
0.146968
0.149858
0.152652
0.155346
0.157936
0.160418
0.162788
0.16504
0.167168
0.169166
0.171032
0.172763
0.174357
0.175811
0.177126
0.178297
0.179319
0.180189
0.180907
0.181473
0.181886
0.182144
0.182248
0.182202
0.182005
0.181657
0.181154
0.180494
0.179676
0.178705
0.177586
0.17619
0.174408
0.00255154
0.000748195
-0.000680709
-0.00184244
-0.00286316
-0.0037373
-0.00446168
-0.00503626
-0.00546001
-0.00573422
-0.00586012
-0.00583778
-0.00566721
-0.00534915
-0.00488515
-0.00427646
-0.00352413
-0.00262907
-0.00159275
-0.000416593
0.000898479
0.00235124
0.00393985
0.00566166
0.00751341
0.00949197
0.0115942
0.0138167
0.0161553
0.0186063
0.0211655
0.0238284
0.0265903
0.0294464
0.0323919
0.0354232
0.0385365
0.0417273
0.044991
0.0483235
0.0517202
0.0551771
0.05869
0.0622531
0.0658603
0.0695062
0.0731853
0.0768919
0.0806215
0.084368
0.0881252
0.0918878
0.0956493
0.0994037
0.103146
0.106868
0.110562
0.114222
0.117845
0.121422
0.124948
0.128417
0.131823
0.13516
0.138424
0.14161
0.144715
0.147732
0.150656
0.153486
0.156216
0.158842
0.16136
0.163762
0.166043
0.168195
0.170215
0.172101
0.17385
0.17546
0.17693
0.178257
0.179438
0.180467
0.18134
0.18206
0.182627
0.183039
0.183293
0.183391
0.183335
0.183126
0.182761
0.182237
0.181553
0.180707
0.179706
0.178556
0.177123
0.1753
0.00148622
-0.000356747
-0.00181731
-0.00300895
-0.00406061
-0.00496048
-0.00570447
-0.00629601
-0.00673432
-0.00701904
-0.00715145
-0.00713255
-0.00696305
-0.00664418
-0.00617712
-0.00556317
-0.00480329
-0.00389844
-0.00284989
-0.00165857
-0.000325153
0.00114877
0.00276063
0.00450752
0.00638659
0.00839489
0.0105291
0.0127854
0.0151597
0.0176481
0.0202462
0.0229488
0.0257511
0.0286485
0.0316367
0.0347122
0.037871
0.0411079
0.0444185
0.047799
0.0512445
0.0547507
0.0583131
0.0619254
0.0655816
0.0692773
0.0730071
0.0767653
0.0805469
0.0843452
0.088154
0.091968
0.0957807
0.0995853
0.103377
0.107148
0.110891
0.114603
0.118277
0.121906
0.125483
0.129003
0.132459
0.135843
0.139153
0.142384
0.145531
0.148589
0.151554
0.154425
0.157196
0.159862
0.162417
0.164854
0.167165
0.169346
0.171392
0.173303
0.175076
0.176705
0.178191
0.179531
0.180721
0.181756
0.182636
0.18336
0.183929
0.184342
0.184594
0.184686
0.18462
0.184398
0.184016
0.183472
0.182765
0.181893
0.180863
0.179682
0.178216
0.176353
0.000263168
-0.00162317
-0.00311616
-0.00433482
-0.00541524
-0.00634212
-0.00710714
-0.00771504
-0.00816688
-0.00846182
-0.00860058
-0.00858484
-0.00841614
-0.00809575
-0.0076246
-0.007004
-0.00623502
-0.00531858
-0.00425535
-0.00304592
-0.0016914
-0.000193918
0.00144376
0.003219
0.00512916
0.00717115
0.00934122
0.0116354
0.0140498
0.01658
0.0192209
0.0219672
0.0248143
0.0277581
0.0307945
0.0339196
0.037129
0.0404175
0.0437808
0.0472151
0.0507154
0.0542764
0.0578932
0.0615599
0.065271
0.0690225
0.072809
0.0766246
0.0804637
0.0843195
0.0881857
0.0920568
0.0959257
0.0997856
0.103632
0.107457
0.111256
0.115024
0.118756
0.122442
0.126075
0.12965
0.13316
0.136598
0.13996
0.143241
0.146437
0.149541
0.152553
0.15547
0.158285
0.160993
0.163586
0.166059
0.168405
0.170619
0.172698
0.174639
0.176438
0.17809
0.179593
0.180946
0.182145
0.183189
0.184076
0.184808
0.185382
0.185796
0.186046
0.186132
0.186057
0.185821
0.185423
0.18486
0.18413
0.183233
0.182176
0.180966
0.179466
0.177564
-0.00111527
-0.00304887
-0.00457836
-0.00582416
-0.0069309
-0.00788444
-0.00867211
-0.00929707
-0.00976184
-0.0100666
-0.0102119
-0.0101994
-0.010031
-0.009708
-0.00923164
-0.00860314
-0.00782341
-0.00689296
-0.00581217
-0.00458203
-0.00320421
-0.0016809
-1.4488e-05
0.00179262
0.00373755
0.00581683
0.00802664
0.010363
0.0128216
0.0153975
0.0180852
0.0208797
0.0237766
0.0267723
0.0298624
0.0330423
0.0363076
0.0396535
0.0430756
0.0465698
0.0501304
0.0537517
0.0574286
0.0611557
0.064928
0.0687416
0.0725907
0.0764692
0.0803714
0.0842903
0.0882195
0.0921531
0.0960835
0.100004
0.103911
0.107798
0.111659
0.115489
0.119283
0.123031
0.126724
0.130359
0.133928
0.137424
0.140843
0.144181
0.147431
0.150589
0.153653
0.15662
0.159483
0.162234
0.164869
0.167382
0.169767
0.172019
0.174135
0.17611
0.177938
0.179614
0.181136
0.182504
0.183717
0.184773
0.185672
0.186412
0.186992
0.187408
0.187655
0.187735
0.187651
0.187404
0.186991
0.186408
0.185656
0.184733
0.183648
0.182409
0.180876
0.178935
-0.00265194
-0.00463403
-0.00620382
-0.00747995
-0.00861277
-0.00959177
-0.0104024
-0.0110454
-0.0115234
-0.0118378
-0.0119896
-0.0119802
-0.0118114
-0.0114848
-0.011002
-0.0103639
-0.00957125
-0.00862412
-0.00752332
-0.00627041
-0.00486714
-0.00331535
-0.00161707
0.00022519
0.00220816
0.00432826
0.00658171
0.00896426
0.011471
0.0140964
0.0168353
0.019683
0.0226354
0.0256885
0.0288373
0.0320772
0.0354041
0.0388133
0.0423001
0.0458598
0.0494863
0.0531734
0.0569165
0.0607106
0.0645506
0.0684323
0.0723497
0.0762966
0.0802674
0.0842549
0.0882526
0.0922542
0.0962519
0.10024
0.104214
0.108169
0.112099
0.115998
0.119858
0.123672
0.12743
0.131129
0.134762
0.138323
0.141805
0.145206
0.148517
0.151734
0.154855
0.157876
0.160789
0.163588
0.166269
0.168826
0.171256
0.173552
0.175709
0.17772
0.179579
0.181281
0.182825
0.184213
0.185445
0.186518
0.18743
0.18818
0.188766
0.189183
0.189428
0.189505
0.189414
0.189156
0.188727
0.188125
0.187349
0.1864
0.185287
0.184017
0.182448
0.180466
-0.0043544
-0.00638286
-0.00799396
-0.00930451
-0.0104655
-0.011469
-0.012302
-0.0129635
-0.0134555
-0.0137796
-0.0139374
-0.0139305
-0.0137605
-0.0134293
-0.0129384
-0.0122887
-0.0114805
-0.0105144
-0.00939167
-0.00811393
-0.0066826
-0.00509929
-0.00336606
-0.00148562
0.000538647
0.00270323
0.00500413
0.0074365
0.00999495
0.0126741
0.0154692
0.0183756
0.0213889
0.0245044
0.0277171
0.0310223
0.0344164
0.0378945
0.0414513
0.0450818
0.0487795
0.0525384
0.0563542
0.0602218
0.0641357
0.0680914
0.0720827
0.0761037
0.0801488
0.0842106
0.0882824
0.0923579
0.0964294
0.100491
0.104541
0.108571
0.112576
0.116549
0.120481
0.124365
0.128193
0.131961
0.135665
0.139295
0.142847
0.146315
0.149693
0.152974
0.156156
0.159236
0.162205
0.165057
0.167788
0.170397
0.172876
0.175219
0.177419
0.179468
0.18136
0.183091
0.184663
0.186078
0.187333
0.188425
0.189352
0.190112
0.190704
0.191124
0.191371
0.191445
0.191349
0.191081
0.190636
0.190013
0.189213
0.188237
0.187094
0.185792
0.184186
0.18216
-0.00622982
-0.00830218
-0.0099533
-0.0113002
-0.0124919
-0.0135207
-0.0143754
-0.0150554
-0.0155617
-0.0158955
-0.0160587
-0.0160533
-0.0158813
-0.0155443
-0.0150433
-0.0143794
-0.0135534
-0.0125664
-0.0114197
-0.0101146
-0.00865208
-0.00703405
-0.00526274
-0.00334086
-0.00127171
0.000941058
0.00329292
0.00577859
0.00839272
0.0111304
0.013987
0.0169574
0.0200365
0.0232192
0.0265008
0.0298767
0.0333433
0.0368954
0.0405273
0.0442336
0.0480081
0.0518452
0.0557403
0.0596875
0.0636814
0.0677168
0.0717878
0.0758888
0.0800142
0.0841562
0.088308
0.0924636
0.0966158
0.100759
0.104891
0.109004
0.113089
0.117141
0.12115
0.12511
0.129014
0.132858
0.136637
0.140343
0.143969
0.14751
0.150958
0.154308
0.157557
0.1607
0.163729
0.16664
0.16943
0.172094
0.174626
0.177018
0.179262
0.181352
0.183281
0.185047
0.186653
0.188098
0.18938
0.190492
0.191434
0.192205
0.192805
0.193231
0.193482
0.193557
0.193456
0.193176
0.192715
0.192072
0.191247
0.190242
0.189068
0.187732
0.186087
0.184015
-0.00828081
-0.0103978
-0.0120876
-0.0134704
-0.0146944
-0.01575
-0.0166267
-0.0173247
-0.017845
-0.0181884
-0.0183567
-0.0183522
-0.0181768
-0.017832
-0.0173189
-0.0166389
-0.0157933
-0.0147832
-0.0136099
-0.0122741
-0.0107772
-0.00912105
-0.00730811
-0.00534101
-0.00322318
-0.000958718
0.00144749
0.00399022
0.00666459
0.0094659
0.012389
0.0154282
0.0185778
0.0218328
0.0251885
0.0286405
0.0321848
0.0358157
0.0395275
0.0433151
0.0471726
0.0510942
0.0550746
0.0591075
0.0631869
0.0673079
0.0714646
0.0756518
0.0798635
0.0840918
0.0883298
0.0925722
0.096812
0.101044
0.105264
0.109465
0.113637
0.117773
0.121866
0.125909
0.129896
0.133823
0.137683
0.141469
0.145173
0.14879
0.152314
0.155737
0.159058
0.162271
0.165368
0.168344
0.171196
0.17392
0.176508
0.178951
0.181242
0.183376
0.185348
0.187156
0.1888
0.190279
0.191588
0.192722
0.19368
0.194465
0.195076
0.195512
0.195768
0.195843
0.195736
0.195445
0.194967
0.194302
0.193451
0.192417
0.19121
0.189839
0.188153
0.186033
-0.010506
-0.0126719
-0.0144014
-0.015819
-0.0170756
-0.0181593
-0.0190588
-0.0197749
-0.0203089
-0.0206618
-0.0208349
-0.0208303
-0.02065
-0.0202957
-0.0197689
-0.0190713
-0.0182042
-0.0171684
-0.0159651
-0.0145954
-0.0130605
-0.0113626
-0.00950408
-0.00748778
-0.00531761
-0.00299801
-0.000533719
0.0020705
0.00481009
0.00768
0.0106743
0.0137869
0.0170119
0.0203446
0.02378
0.0273135
0.0309403
0.034655
0.0384522
0.042327
0.0462737
0.0502857
0.0543571
0.0584811
0.062652
0.0668647
0.0711135
0.075393
0.0796972
0.084018
0.088349
0.0926849
0.0970192
0.101346
0.105661
0.109955
0.114219
0.118447
0.122631
0.126765
0.130842
0.134858
0.138806
0.142677
0.146464
0.150163
0.153766
0.157269
0.160667
0.163956
0.167127
0.170173
0.173093
0.175879
0.178525
0.181023
0.183366
0.185551
0.187572
0.189427
0.191113
0.192627
0.193964
0.195121
0.1961
0.196902
0.197528
0.197974
0.198236
0.19831
0.198196
0.197893
0.197397
0.19671
0.195834
0.194769
0.193527
0.192118
0.190389
0.188219
-0.0129041
-0.0151242
-0.0168967
-0.0183496
-0.0196385
-0.0207509
-0.0216744
-0.0224094
-0.0229573
-0.0233194
-0.0234968
-0.0234913
-0.0233049
-0.02294
-0.0223984
-0.0216816
-0.0207907
-0.0197264
-0.01849
-0.0170829
-0.0155065
-0.0137628
-0.0118546
-0.00978542
-0.00755937
-0.00518084
-0.00265405
1.65927e-05
0.00282629
0.00576939
0.00883951
0.0120304
0.0153364
0.0187525
0.0222732
0.0258932
0.0296078
0.033412
0.0373006
0.0412689
0.0453107
0.0494188
0.0535866
0.0578073
0.0620755
0.0663864
0.0707339
0.0751124
0.0795156
0.0839358
0.0883669
0.0928034
0.0972387
0.101667
0.106082
0.110475
0.114839
0.119165
0.123449
0.127681
0.131856
0.135968
0.140009
0.14397
0.147846
0.151632
0.155321
0.158908
0.16239
0.165761
0.16901
0.172131
0.17512
0.177973
0.180682
0.18324
0.185642
0.187883
0.189958
0.191862
0.193592
0.195143
0.196511
0.197696
0.198699
0.199523
0.200166
0.200622
0.200887
0.20096
0.200839
0.200524
0.200012
0.199303
0.198399
0.197302
0.196024
0.194576
0.192802
0.190578
-0.0154762
-0.0177551
-0.019574
-0.0210643
-0.0223865
-0.0235283
-0.0244767
-0.0252317
-0.0257942
-0.0261651
-0.0263462
-0.0263393
-0.0261465
-0.0257704
-0.0252127
-0.024475
-0.0235581
-0.0224628
-0.0211905
-0.0197426
-0.0181208
-0.0163275
-0.0143661
-0.0122405
-0.00995473
-0.00751281
-0.0049186
-0.00217668
0.000707664
0.00372846
0.00687932
0.0101541
0.013547
0.0170521
0.0206635
0.0243755
0.0281837
0.0320836
0.0360702
0.0401382
0.0442807
0.0484904
0.0527603
0.0570839
0.0614561
0.0658718
0.0703248
0.0748092
0.0793186
0.0838456
0.0883841
0.0929284
0.097471
0.102006
0.106527
0.111027
0.115496
0.119929
0.124319
0.128657
0.132936
0.13715
0.14129
0.145348
0.149319
0.153198
0.156979
0.160658
0.164228
0.167684
0.171015
0.174214
0.177278
0.180202
0.18298
0.185604
0.188071
0.190373
0.192505
0.19446
0.196235
0.197826
0.199231
0.200449
0.201481
0.202327
0.202986
0.203452
0.203721
0.203792
0.203666
0.20334
0.202812
0.202081
0.20115
0.200021
0.198705
0.197217
0.195396
0.193115
-0.0182264
-0.0205667
-0.0224349
-0.0239655
-0.0253235
-0.0264961
-0.0274705
-0.0282462
-0.0288236
-0.0292037
-0.0293883
-0.0293798
-0.0291805
-0.0287925
-0.0282177
-0.0274573
-0.0265123
-0.0253836
-0.0240726
-0.0225807
-0.0209101
-0.0190639
-0.0170459
-0.01486
-0.0125101
-0.00999992
-0.00733345
-0.00451573
-0.00155228
0.00155109
0.00478817
0.00815268
0.0116381
0.0152377
0.0189453
0.0227553
0.0266637
0.0306662
0.0347573
0.0389311
0.0431803
0.0474974
0.0518758
0.056309
0.060792
0.0653194
0.0698848
0.0744823
0.0791053
0.0837463
0.0883994
0.0930581
0.0977143
0.102362
0.106996
0.111607
0.11619
0.120737
0.125239
0.129689
0.134079
0.138401
0.142647
0.146808
0.150882
0.154862
0.158743
0.162517
0.166182
0.169727
0.173144
0.176426
0.17957
0.182572
0.185424
0.188121
0.190656
0.193022
0.195213
0.197222
0.199047
0.200684
0.202131
0.203385
0.204448
0.205318
0.205992
0.206468
0.206742
0.206813
0.206682
0.206345
0.205801
0.205049
0.204091
0.202928
0.201575
0.200045
0.198174
0.195833
-0.0211594
-0.0235638
-0.0254837
-0.0270574
-0.028454
-0.0296596
-0.0306608
-0.0314577
-0.0320507
-0.0324403
-0.0326287
-0.0326186
-0.0324125
-0.0320119
-0.0314187
-0.030634
-0.029659
-0.0284946
-0.0271419
-0.025603
-0.0238806
-0.0219783
-0.0199
-0.0176495
-0.0152307
-0.0126475
-0.00990429
-0.00700631
-0.00395889
-0.000767476
0.0025616
0.00602144
0.00960474
0.0133044
0.0171141
0.0210289
0.0250446
0.0291565
0.0333587
0.0376445
0.0420066
0.0464376
0.0509314
0.0554813
0.0600819
0.0647277
0.0694124
0.0741301
0.0788739
0.0836361
0.0884103
0.0931896
0.0979659
0.102733
0.107486
0.112217
0.11692
0.121586
0.126207
0.130774
0.135281
0.139718
0.144078
0.148353
0.152538
0.156627
0.160613
0.164491
0.168254
0.171894
0.175402
0.178773
0.182004
0.18509
0.188024
0.190797
0.193404
0.195837
0.198091
0.200159
0.202039
0.203727
0.20522
0.206514
0.207607
0.208501
0.209193
0.20968
0.209961
0.210034
0.209898
0.209551
0.208991
0.208217
0.207231
0.206034
0.204642
0.203068
0.201144
0.198739
-0.0242801
-0.0267525
-0.0287272
-0.0303463
-0.0317836
-0.0330243
-0.0340539
-0.0348726
-0.0354816
-0.0358814
-0.036074
-0.0360622
-0.0358483
-0.035434
-0.0348209
-0.0340103
-0.0330031
-0.0318002
-0.0304032
-0.0288145
-0.0270374
-0.0250754
-0.0229326
-0.0206128
-0.0181204
-0.0154598
-0.0126353
-0.00965211
-0.00651519
-0.0032299
0.000196827
0.00375734
0.0074439
0.0112494
0.015168
0.0191946
0.0233245
0.0275525
0.0318721
0.0362765
0.0407583
0.0453105
0.0499265
0.0546
0.0593252
0.0640961
0.0689068
0.0737516
0.0786234
0.0835138
0.0884157
0.0933223
0.0982257
0.10312
0.107999
0.112858
0.117687
0.122479
0.127225
0.131916
0.136545
0.141106
0.145589
0.149986
0.154291
0.158497
0.162596
0.166582
0.17045
0.174192
0.177799
0.181266
0.18459
0.187766
0.190784
0.193637
0.196319
0.198824
0.201145
0.203278
0.205218
0.206961
0.208502
0.209836
0.210963
0.211883
0.212595
0.213097
0.213386
0.213461
0.213321
0.212963
0.212387
0.211591
0.210576
0.209345
0.207912
0.206291
0.204312
0.201838
-0.0275936
-0.0301392
-0.0321725
-0.0338394
-0.0353192
-0.0365966
-0.0376562
-0.038498
-0.0391235
-0.0395339
-0.0397307
-0.0397165
-0.0394937
-0.0390643
-0.0384296
-0.0375908
-0.0365489
-0.0353049
-0.0338608
-0.0322194
-0.0303839
-0.0283581
-0.0261464
-0.0237529
-0.0211824
-0.0184397
-0.0155289
-0.0124549
-0.0092225
-0.0058376
-0.00230783
0.0013587
0.00515432
0.00907215
0.0131063
0.0172515
0.0215024
0.0258529
0.0302964
0.0348263
0.0394353
0.0441159
0.0488614
0.0536653
0.058522
0.0634253
0.0683692
0.0733482
0.078355
0.0833806
0.0884175
0.0934588
0.0984974
0.103527
0.108542
0.113534
0.118496
0.12342
0.128297
0.133118
0.137879
0.142571
0.147185
0.151712
0.156144
0.160473
0.164691
0.168793
0.172773
0.176624
0.180336
0.183906
0.187329
0.190599
0.193707
0.196644
0.199405
0.201986
0.20438
0.206583
0.208587
0.210387
0.211977
0.213353
0.214516
0.215467
0.216203
0.216722
0.217019
0.217096
0.216951
0.216584
0.215991
0.215173
0.21413
0.212862
0.211386
0.209717
0.20768
0.205133
-0.0311058
-0.03373
-0.0358261
-0.0375439
-0.039068
-0.0403837
-0.0414748
-0.042341
-0.0429838
-0.0434047
-0.0436053
-0.0435879
-0.043355
-0.0429087
-0.0422502
-0.0413808
-0.0403015
-0.0390136
-0.0375195
-0.0358218
-0.0339238
-0.0318298
-0.0295446
-0.0270731
-0.02442
-0.0215901
-0.0185873
-0.0154162
-0.0120825
-0.00859249
-0.00495431
-0.00117605
0.00273492
0.00677176
0.0109282
0.0151983
0.0195764
0.024056
0.0286306
0.0332934
0.0380371
0.042854
0.0477364
0.052678
0.0576736
0.062717
0.0678018
0.0729223
0.0780711
0.0832392
0.0884189
0.0936032
0.0987854
0.103959
0.109117
0.114251
0.119353
0.124414
0.129428
0.134387
0.139286
0.144117
0.148868
0.153531
0.158095
0.162553
0.166897
0.171122
0.175223
0.179191
0.183017
0.186697
0.190224
0.193593
0.196793
0.19982
0.202668
0.205332
0.207805
0.21008
0.21215
0.214009
0.21565
0.217073
0.218276
0.219261
0.220023
0.220559
0.220866
0.220944
0.220796
0.220419
0.21981
0.218969
0.217895
0.216589
0.215069
0.21335
0.21125
0.208628
-0.0348241
-0.0375312
-0.0396939
-0.0414659
-0.043037
-0.0443926
-0.0455168
-0.0464087
-0.0470695
-0.0475008
-0.0477047
-0.0476832
-0.0474389
-0.0469738
-0.0462893
-0.0453868
-0.0442673
-0.0429325
-0.0413846
-0.0396265
-0.0376618
-0.0354954
-0.0331326
-0.0305785
-0.0278378
-0.0249149
-0.0218138
-0.0185398
-0.015099
-0.0114983
-0.00774589
-0.00384958
0.000183406
0.00434592
0.00863099
0.0130323
0.0175442
0.0221602
0.0268734
0.0316768
0.036563
0.0415236
0.0465507
0.051638
0.0567805
0.061972
0.0672055
0.0724749
0.0777726
0.0830904
0.0884208
0.0937565
0.0990906
0.104416
0.109725
0.115007
0.120255
0.125462
0.13062
0.135724
0.140768
0.145744
0.150639
0.155442
0.160145
0.164739
0.169217
0.173574
0.177804
0.181897
0.185845
0.189641
0.193278
0.196752
0.200053
0.203177
0.206119
0.208872
0.211428
0.213779
0.215917
0.217837
0.219535
0.221009
0.222257
0.223278
0.224067
0.22462
0.224937
0.22502
0.224868
0.224481
0.223854
0.222987
0.221879
0.220534
0.218967
0.217196
0.215032
0.212329
-0.0387557
-0.0415498
-0.0437822
-0.0456115
-0.0472327
-0.0486305
-0.0497891
-0.0507078
-0.0513875
-0.0518295
-0.0520362
-0.05201
-0.051753
-0.0512673
-0.0505547
-0.0496165
-0.048454
-0.0470687
-0.045463
-0.0436403
-0.0416049
-0.039362
-0.0369173
-0.0342756
-0.0314415
-0.0284195
-0.0252141
-0.0218313
-0.0182778
-0.0145604
-0.0106871
-0.00666587
-0.00250407
0.00179071
0.006211
0.0107503
0.0154029
0.0201628
0.0250225
0.0299742
0.0350101
0.0401221
0.0453019
0.0505429
0.0558404
0.0611878
0.0665778
0.0720034
0.0774573
0.0829322
0.088421
0.0939163
0.0994103
0.104895
0.110362
0.115801
0.121203
0.126563
0.131874
0.137132
0.142329
0.147455
0.152498
0.157448
0.162296
0.167034
0.171655
0.176153
0.180521
0.184747
0.188823
0.192741
0.196496
0.200083
0.203494
0.206723
0.209766
0.212613
0.215255
0.217683
0.219893
0.22188
0.22364
0.22517
0.226465
0.227523
0.228339
0.228912
0.229241
0.22933
0.229176
0.228777
0.22813
0.227234
0.226092
0.224705
0.22309
0.221263
0.219031
0.216241
-0.042907
-0.0457925
-0.0480977
-0.049987
-0.0516614
-0.0531041
-0.0542988
-0.0552456
-0.0559451
-0.0563985
-0.056608
-0.0565764
-0.0563058
-0.055798
-0.0550551
-0.0540785
-0.0528696
-0.0514299
-0.0497625
-0.0478714
-0.0457615
-0.043438
-0.0409065
-0.0381716
-0.035238
-0.0321108
-0.0287952
-0.0252977
-0.0216252
-0.0177843
-0.0137829
-0.00962953
-0.00533204
-0.00089826
0.00366426
0.00834882
0.0131498
0.0180611
0.0230747
0.0281818
0.0333746
0.0386454
0.0439859
0.0493891
0.0548496
0.0603607
0.0659147
0.0715042
0.0771221
0.0827617
0.0884166
0.0940791
0.0997406
0.105392
0.111025
0.116628
0.122196
0.127719
0.133193
0.138611
0.143968
0.149251
0.154449
0.159552
0.164552
0.169442
0.174214
0.178862
0.183374
0.18774
0.19195
0.195998
0.19988
0.20359
0.207119
0.210461
0.213609
0.216553
0.219285
0.221796
0.224084
0.226145
0.227972
0.22956
0.230903
0.231999
0.232845
0.23344
0.233785
0.23388
0.233722
0.23331
0.232641
0.231717
0.230538
0.229107
0.227441
0.225556
0.223252
0.22037
-0.0472836
-0.0502659
-0.0526477
-0.0545999
-0.0563302
-0.0578205
-0.0590537
-0.06003
-0.0607506
-0.0612162
-0.0614289
-0.0613915
-0.0611061
-0.0605747
-0.0597991
-0.058781
-0.0575221
-0.0560244
-0.0542917
-0.0523287
-0.0501401
-0.0477313
-0.0451073
-0.0422731
-0.0392339
-0.0359955
-0.0325636
-0.0289451
-0.0251465
-0.0211747
-0.0170378
-0.0127451
-0.00830484
-0.0037249
0.00098743
0.00582515
0.0107821
0.015852
0.0210263
0.0262958
0.0316528
0.0370899
0.0425992
0.0481729
0.0538047
0.0594873
0.0652131
0.0709747
0.0767649
0.0825773
0.0884057
0.0942426
0.100079
0.105905
0.111712
0.117489
0.123231
0.128928
0.134574
0.140162
0.145685
0.151132
0.156492
0.161757
0.166919
0.171969
0.1769
0.181702
0.186366
0.190878
0.19523
0.199417
0.203435
0.207277
0.210932
0.214393
0.217651
0.220698
0.223525
0.226127
0.228502
0.230641
0.232538
0.234185
0.235578
0.236716
0.237596
0.238218
0.238579
0.238679
0.238517
0.238091
0.237399
0.236443
0.235226
0.23375
0.23203
0.230083
0.2277
0.22472
-0.0518916
-0.0549768
-0.0574401
-0.0594585
-0.0612476
-0.0627884
-0.0640627
-0.0650706
-0.0658135
-0.0662921
-0.0665082
-0.0664643
-0.0661628
-0.0656056
-0.0647946
-0.0637318
-0.0624196
-0.0608607
-0.0590594
-0.0570204
-0.0547484
-0.0522483
-0.0495258
-0.0465861
-0.0434351
-0.0400793
-0.0365246
-0.0327777
-0.0288456
-0.0247355
-0.0204559
-0.0160164
-0.011426
-0.00669211
-0.00182195
0.00317699
0.00829758
0.013533
0.0188749
0.0243143
0.0298431
0.0354545
0.0411405
0.046893
0.0527044
0.0585668
0.0644726
0.0704147
0.0763858
0.0823792
0.0883887
0.0944068
0.100425
0.106434
0.112423
0.118385
0.12431
0.13019
0.136017
0.141784
0.147482
0.153101
0.158632
0.164068
0.1694
0.174619
0.179715
0.18468
0.189501
0.194167
0.198671
0.203007
0.20717
0.211151
0.214939
0.218524
0.221898
0.225054
0.227986
0.230688
0.233155
0.235377
0.237346
0.239055
0.240503
0.241688
0.242606
0.243256
0.243634
0.24374
0.243573
0.243132
0.242416
0.241429
0.240171
0.238646
0.236867
0.234853
0.232386
0.229301
-0.0567393
-0.0599339
-0.0624841
-0.0645731
-0.0664242
-0.0680185
-0.0693365
-0.0703779
-0.0711442
-0.0716362
-0.0718554
-0.071804
-0.0714845
-0.070899
-0.0700498
-0.0689394
-0.0675708
-0.0659474
-0.0640736
-0.0619537
-0.0595924
-0.056995
-0.0541675
-0.051116
-0.047847
-0.0443671
-0.0406824
-0.0367996
-0.0327264
-0.0284706
-0.0240411
-0.0194472
-0.0146983
-0.00980201
-0.00476573
0.000402458
0.00569441
0.0111028
0.0166199
0.0222368
0.0279459
0.0337396
0.0396101
0.0455492
0.0515485
0.0575994
0.063694
0.0698252
0.0759858
0.0821685
0.0883667
0.0945734
0.100781
0.106981
0.113162
0.119316
0.125434
0.131505
0.137522
0.143476
0.149359
0.155161
0.160874
0.166491
0.172002
0.177397
0.182666
0.187799
0.192785
0.197615
0.20228
0.206774
0.21109
0.215216
0.219141
0.222856
0.226354
0.22963
0.232675
0.235484
0.238047
0.240356
0.242401
0.244178
0.245686
0.246923
0.247883
0.248562
0.248958
0.24907
0.248899
0.248444
0.247705
0.246683
0.245383
0.243803
0.241961
0.239874
0.237319
0.234122
-0.061837
-0.0651476
-0.0677905
-0.0699548
-0.0718718
-0.0735224
-0.0748865
-0.0759632
-0.0767537
-0.0772591
-0.0774805
-0.0774201
-0.0770805
-0.0764642
-0.075574
-0.0744132
-0.0729852
-0.0712935
-0.069342
-0.0671355
-0.0646788
-0.0619778
-0.059039
-0.0558692
-0.0524752
-0.0488638
-0.0450415
-0.0410154
-0.0367936
-0.0323847
-0.0277973
-0.0230408
-0.0181245
-0.0130571
-0.00784632
-0.00250086
0.00297053
0.00856014
0.0142604
0.0200633
0.0259609
0.0319452
0.038008
0.0441413
0.0503367
0.056585
0.0628776
0.0692068
0.0755653
0.0819458
0.0883411
0.0947448
0.10115
0.107548
0.11393
0.120285
0.126603
0.132874
0.13909
0.14524
0.151318
0.157314
0.16322
0.169026
0.174724
0.180302
0.185751
0.191062
0.196223
0.201226
0.206061
0.210722
0.215197
0.219474
0.223542
0.227395
0.231027
0.234431
0.237598
0.240518
0.243182
0.245581
0.247709
0.249561
0.251136
0.252428
0.253431
0.25414
0.254556
0.254677
0.254504
0.254036
0.253271
0.252215
0.250867
0.249229
0.247319
0.245155
0.242506
0.23919
-0.0671966
-0.0706298
-0.0733708
-0.0756154
-0.0776025
-0.0793122
-0.0807244
-0.081838
-0.0826535
-0.0831718
-0.0833943
-0.0833233
-0.0829614
-0.0823119
-0.0813782
-0.0801641
-0.0786729
-0.076908
-0.0748735
-0.0725743
-0.0700159
-0.0672048
-0.0641483
-0.0608532
-0.0573265
-0.0535759
-0.0496083
-0.0454312
-0.0410531
-0.0364828
-0.0317292
-0.0268012
-0.0217087
-0.0164613
-0.0110678
-0.00553685
0.000122563
0.00590239
0.0117949
0.0177922
0.0238865
0.0300695
0.0363326
0.0426679
0.0490676
0.0555222
0.0620219
0.0685582
0.0751232
0.0817099
0.0883114
0.0949211
0.101533
0.108138
0.114727
0.12129
0.127817
0.134295
0.140717
0.147074
0.153358
0.159558
0.165665
0.17167
0.177563
0.183334
0.188973
0.194472
0.199819
0.205005
0.210019
0.214853
0.219493
0.223929
0.228151
0.232153
0.235929
0.239469
0.242763
0.245799
0.24857
0.251067
0.253285
0.255219
0.256865
0.258214
0.259263
0.260007
0.260445
0.260578
0.260403
0.259921
0.25913
0.258035
0.256636
0.254937
0.252954
0.250708
0.247958
0.244516
-0.0728294
-0.0763925
-0.079237
-0.0815663
-0.0836275
-0.0853996
-0.0868622
-0.088014
-0.0888552
-0.0893861
-0.0896087
-0.0895255
-0.0891396
-0.0884548
-0.087475
-0.0862039
-0.0846449
-0.0828013
-0.0806778
-0.0782799
-0.0756136
-0.0726858
-0.0695043
-0.0660763
-0.0624092
-0.0585112
-0.0543902
-0.0500541
-0.0455113
-0.0407708
-0.0358418
-0.0307336
-0.0254564
-0.0200206
-0.0144358
-0.00871068
-0.00285409
0.00312559
0.00921976
0.0154202
0.0217194
0.0281091
0.0345807
0.0411264
0.0477386
0.0544077
0.0611234
0.0678756
0.0746561
0.0814578
0.0882745
0.0950997
0.101926
0.108747
0.115551
0.122329
0.129071
0.135765
0.142403
0.148976
0.155474
0.161888
0.168207
0.174421
0.180519
0.186493
0.192334
0.198032
0.203577
0.208956
0.214158
0.219172
0.223987
0.228591
0.232978
0.237139
0.241067
0.24475
0.248176
0.251336
0.254221
0.256826
0.259142
0.261164
0.262883
0.264295
0.265393
0.266175
0.26664
0.266785
0.26661
0.266112
0.265293
0.264157
0.262705
0.26094
0.25888
0.256547
0.253689
0.250111
-0.0787456
-0.0824462
-0.0853999
-0.0878184
-0.089958
-0.0917962
-0.0933116
-0.0945032
-0.0953708
-0.0959147
-0.0961367
-0.0960402
-0.0956287
-0.0949063
-0.093877
-0.0925445
-0.0909125
-0.0889846
-0.0867663
-0.0842635
-0.0814827
-0.0784309
-0.0751165
-0.0715475
-0.0677319
-0.0636783
-0.0593953
-0.0548914
-0.0501749
-0.0452549
-0.0401413
-0.0348443
-0.0293742
-0.0237416
-0.0179563
-0.0120277
-0.00596426
0.00022502
0.0065305
0.0129431
0.0194554
0.0260601
0.0327487
0.0395134
0.0463462
0.0532378
0.0601774
0.0671543
0.0741594
0.0811856
0.0882267
0.0952768
0.102328
0.109372
0.116399
0.1234
0.130365
0.137284
0.144147
0.150946
0.157669
0.164306
0.170845
0.177278
0.183593
0.189782
0.195836
0.201746
0.207499
0.21308
0.218478
0.223683
0.228683
0.233468
0.23803
0.24236
0.246447
0.250279
0.253844
0.257136
0.260146
0.262866
0.265287
0.2674
0.269198
0.270677
0.271831
0.272656
0.273149
0.273308
0.273131
0.272618
0.27177
0.27059
0.269083
0.267248
0.265107
0.262679
0.259706
0.255983
-0.0849543
-0.0888007
-0.0918701
-0.0943825
-0.096605
-0.0985134
-0.100085
-0.101318
-0.102213
-0.102771
-0.102992
-0.102881
-0.102442
-0.101679
-0.100597
-0.0991979
-0.0974874
-0.0954695
-0.0931501
-0.0905357
-0.087633
-0.0844496
-0.0809943
-0.0772761
-0.0733035
-0.0690856
-0.0646315
-0.0599501
-0.0550501
-0.0499412
-0.0446341
-0.0391396
-0.0334682
-0.0276298
-0.0216345
-0.0154922
-0.0092123
-0.00280396
0.00372226
0.0103563
0.0170907
0.0239189
0.0308333
0.0378258
0.0448876
0.0520094
0.0591807
0.0663908
0.07363
0.0808906
0.0881661
0.0954504
0.102736
0.110012
0.117271
0.124503
0.131701
0.138853
0.145951
0.152985
0.159941
0.16681
0.173579
0.180241
0.186785
0.193201
0.199482
0.205614
0.211583
0.217376
0.222982
0.228389
0.233587
0.238565
0.243312
0.247819
0.252072
0.256062
0.259777
0.263212
0.266356
0.269199
0.271729
0.273939
0.275824
0.277376
0.27859
0.279461
0.279984
0.280157
0.27998
0.279451
0.278573
0.277349
0.275782
0.273873
0.271644
0.269115
0.26602
0.262143
-0.0914646
-0.0954661
-0.0986586
-0.101271
-0.103581
-0.105564
-0.107195
-0.108472
-0.109396
-0.109968
-0.110189
-0.110063
-0.109594
-0.108787
-0.107646
-0.106176
-0.104381
-0.102267
-0.0998398
-0.0971063
-0.094074
-0.090751
-0.0871468
-0.0832708
-0.0791324
-0.0747407
-0.0701053
-0.0652361
-0.0601427
-0.0548356
-0.049326
-0.0436252
-0.0377433
-0.0316897
-0.0254743
-0.0191083
-0.0126021
-0.00596554
0.000790639
0.00765591
0.0146223
0.0216834
0.0288325
0.0360615
0.0433611
0.0507213
0.0581323
0.0655839
0.0730666
0.0805716
0.0880915
0.0956195
0.103148
0.110667
0.118167
0.125641
0.13308
0.140475
0.147817
0.155093
0.162292
0.169402
0.176412
0.183314
0.190097
0.196753
0.20327
0.209634
0.215831
0.221847
0.227673
0.233296
0.238705
0.243887
0.248829
0.253521
0.257951
0.26211
0.265988
0.269576
0.272862
0.275834
0.278481
0.280797
0.282776
0.284409
0.285688
0.286605
0.28716
0.287349
0.287172
0.286628
0.285719
0.284448
0.282818
0.28083
0.278505
0.27587
0.272644
0.268604
-0.0982875
-0.102454
-0.105778
-0.108496
-0.110899
-0.112961
-0.114655
-0.115979
-0.116934
-0.11752
-0.11774
-0.117597
-0.117096
-0.116241
-0.115037
-0.11349
-0.111605
-0.109388
-0.106846
-0.103985
-0.100815
-0.0973446
-0.093583
-0.0895402
-0.085226
-0.0806502
-0.075823
-0.0707554
-0.0654588
-0.0599443
-0.0542228
-0.0483057
-0.0422032
-0.0359244
-0.0294791
-0.0228792
-0.0161371
-0.00926302
-0.0022675
0.00483908
0.012048
0.0193523
0.0267455
0.0342198
0.0417658
0.0493732
0.0570324
0.0647339
0.0724687
0.0802275
0.0880016
0.0957831
0.103564
0.111334
0.119087
0.126813
0.134504
0.142151
0.149745
0.157273
0.164724
0.172084
0.179346
0.186499
0.193534
0.200439
0.207201
0.213808
0.220243
0.226495
0.232554
0.238406
0.244038
0.249434
0.254582
0.259471
0.264091
0.268433
0.272485
0.276235
0.279671
0.28278
0.285555
0.287987
0.290067
0.291786
0.293132
0.2941
0.294689
0.294897
0.294722
0.294163
0.293221
0.291901
0.290203
0.288129
0.285705
0.282956
0.279593
0.275381
-0.105436
-0.109778
-0.113242
-0.116074
-0.118576
-0.120721
-0.122481
-0.123855
-0.124842
-0.125443
-0.12566
-0.125498
-0.124961
-0.124055
-0.122784
-0.121154
-0.119172
-0.116845
-0.114179
-0.111184
-0.107868
-0.104241
-0.100312
-0.0960925
-0.0915918
-0.0868209
-0.0817911
-0.0765149
-0.071005
-0.0652731
-0.0593296
-0.0531854
-0.0468511
-0.0403365
-0.0336514
-0.0268083
-0.0198203
-0.0126989
-0.00545404
0.00190416
0.00936643
0.0169246
0.0245716
0.0323
0.0401009
0.0479644
0.0558807
0.063841
0.0718362
0.0798573
0.0878947
0.0959393
0.103982
0.112015
0.12003
0.128019
0.135972
0.143882
0.151737
0.159526
0.167238
0.174861
0.182385
0.1898
0.197095
0.204258
0.211277
0.218136
0.224823
0.231324
0.237629
0.243722
0.249586
0.255208
0.260574
0.265674
0.270499
0.275036
0.279272
0.283194
0.286789
0.290048
0.292961
0.295518
0.297707
0.299515
0.300933
0.301958
0.302586
0.302815
0.302644
0.302069
0.301094
0.29972
0.29795
0.295787
0.293258
0.290391
0.286882
0.282487
-0.112927
-0.117455
-0.121068
-0.124021
-0.126628
-0.128861
-0.130691
-0.132115
-0.133135
-0.133751
-0.133966
-0.133783
-0.133208
-0.132245
-0.130901
-0.129183
-0.127097
-0.124651
-0.121854
-0.118715
-0.115244
-0.11145
-0.107344
-0.102937
-0.0982379
-0.0932607
-0.088018
-0.0825228
-0.0767886
-0.070828
-0.0646511
-0.058268
-0.0516903
-0.0449288
-0.0379941
-0.0308981
-0.0236544
-0.016275
-0.00877027
-0.00115005
0.00657601
0.0143985
0.0223094
0.0303011
0.0383656
0.046494
0.0546768
0.0629047
0.0711688
0.07946
0.0877689
0.0960859
0.104401
0.112706
0.120994
0.129255
0.137481
0.145663
0.153789
0.16185
0.169834
0.17773
0.185528
0.193215
0.200781
0.208213
0.215498
0.222623
0.229574
0.236338
0.2429
0.249245
0.255355
0.261215
0.266814
0.272141
0.277184
0.281928
0.28636
0.290465
0.294234
0.297656
0.300718
0.303408
0.30571
0.307614
0.309112
0.310198
0.31087
0.311124
0.310957
0.310367
0.309355
0.307924
0.306078
0.303822
0.301184
0.298191
0.294528
0.289937
-0.120775
-0.125503
-0.129274
-0.132356
-0.135074
-0.137399
-0.139301
-0.140779
-0.141834
-0.142465
-0.142676
-0.14247
-0.141853
-0.14083
-0.139408
-0.137593
-0.135395
-0.132822
-0.129885
-0.126593
-0.122957
-0.118985
-0.11469
-0.110082
-0.105174
-0.0999793
-0.0945126
-0.0887873
-0.082817
-0.076615
-0.0701918
-0.0635577
-0.0567247
-0.0497051
-0.0425102
-0.0351514
-0.0276417
-0.0199933
-0.0122176
-0.00432483
0.003675
0.0117719
0.0199567
0.0282216
0.0365593
0.0449616
0.0534196
0.061924
0.0704654
0.0790347
0.0876227
0.0962203
0.104818
0.113405
0.121974
0.130517
0.139025
0.147489
0.155899
0.164243
0.172511
0.180691
0.188773
0.196744
0.204592
0.212304
0.219869
0.227272
0.234499
0.241537
0.24837
0.254979
0.261347
0.267462
0.27331
0.27888
0.284154
0.289117
0.293757
0.298062
0.302019
0.305615
0.308836
0.311666
0.314091
0.3161
0.317686
0.318841
0.319561
0.319843
0.319681
0.319074
0.318023
0.316533
0.31461
0.312256
0.309501
0.306375
0.302546
0.297745
-0.128998
-0.133939
-0.13788
-0.141098
-0.143934
-0.146355
-0.148334
-0.149868
-0.150958
-0.151605
-0.151811
-0.151581
-0.150919
-0.149829
-0.148322
-0.146404
-0.144086
-0.141377
-0.13829
-0.134834
-0.13102
-0.126858
-0.122361
-0.117541
-0.112411
-0.106987
-0.101284
-0.0953164
-0.0890968
-0.0826396
-0.0759568
-0.0690591
-0.0619591
-0.0546699
-0.0472033
-0.0395707
-0.031784
-0.0238556
-0.0157979
-0.00762215
0.000661191
0.00904203
0.0175109
0.0260595
0.0346803
0.0433659
0.0521079
0.0608972
0.0697243
0.0785798
0.087455
0.0963411
0.105228
0.114107
0.122968
0.131803
0.140603
0.149359
0.158062
0.166702
0.175265
0.183741
0.192119
0.200384
0.208526
0.216533
0.22439
0.232085
0.239601
0.246925
0.254039
0.260926
0.267569
0.273955
0.280068
0.285892
0.291411
0.296609
0.301474
0.305994
0.310154
0.313937
0.317326
0.320306
0.322864
0.32499
0.326672
0.327902
0.328675
0.328987
0.328831
0.328208
0.327118
0.325569
0.323563
0.321106
0.318227
0.314957
0.310949
0.305922
-0.13761
-0.142781
-0.146903
-0.150266
-0.153225
-0.15575
-0.157809
-0.159403
-0.160532
-0.161196
-0.161396
-0.161138
-0.160425
-0.159264
-0.157664
-0.155635
-0.153188
-0.150334
-0.147084
-0.143452
-0.139446
-0.135081
-0.130368
-0.125323
-0.11996
-0.114294
-0.108341
-0.102117
-0.0956346
-0.0889082
-0.0819519
-0.074778
-0.0673988
-0.0598277
-0.0520772
-0.0441587
-0.0360837
-0.0278645
-0.0195141
-0.011045
-0.00246834
0.00620602
0.0149689
0.0238118
0.0327264
0.0417052
0.0507401
0.0598226
0.0689437
0.0780941
0.0872651
0.0964479
0.105633
0.114812
0.123974
0.13311
0.142211
0.15127
0.160278
0.169224
0.178095
0.186879
0.195564
0.204137
0.212586
0.220899
0.229063
0.237062
0.24488
0.252502
0.259912
0.267093
0.274028
0.280701
0.287093
0.293187
0.298966
0.304417
0.309526
0.314278
0.318653
0.322634
0.326203
0.329347
0.332052
0.334304
0.33609
0.337403
0.338234
0.338579
0.338432
0.337793
0.336664
0.335052
0.33296
0.330391
0.327378
0.323952
0.319751
0.314481
-0.146627
-0.152046
-0.156361
-0.159878
-0.162971
-0.165606
-0.167753
-0.169411
-0.170581
-0.171261
-0.171454
-0.171163
-0.170394
-0.169155
-0.167455
-0.165306
-0.16272
-0.159708
-0.156284
-0.152461
-0.14825
-0.143667
-0.138725
-0.133441
-0.127831
-0.121908
-0.115692
-0.109197
-0.102437
-0.0954271
-0.0881836
-0.0807198
-0.0730487
-0.065183
-0.0571355
-0.0489184
-0.0405435
-0.0320228
-0.0233695
-0.0145968
-0.00571655
0.00326138
0.0123284
0.0214759
0.0306951
0.0399773
0.0493146
0.0586991
0.0681226
0.0775765
0.0870522
0.0965407
0.106033
0.115519
0.12499
0.134436
0.14385
0.153222
0.162545
0.171808
0.180997
0.190101
0.199106
0.207999
0.21677
0.225404
0.233887
0.242203
0.250337
0.258273
0.265996
0.273488
0.28073
0.287704
0.294391
0.300772
0.306832
0.312556
0.317926
0.322924
0.327529
0.331721
0.335487
0.33881
0.341675
0.344064
0.345964
0.347365
0.348261
0.348643
0.348508
0.347855
0.346687
0.345009
0.342823
0.340133
0.336973
0.333378
0.328969
0.323439
-0.156064
-0.161749
-0.166274
-0.169957
-0.173194
-0.17595
-0.178192
-0.179918
-0.18113
-0.181826
-0.182008
-0.18168
-0.180849
-0.179524
-0.177716
-0.175436
-0.172699
-0.169517
-0.165904
-0.161875
-0.157445
-0.152629
-0.147443
-0.141906
-0.136033
-0.12984
-0.123344
-0.116562
-0.109509
-0.102202
-0.0946574
-0.0868897
-0.0789127
-0.0707389
-0.062381
-0.0538522
-0.0451653
-0.0363324
-0.0273663
-0.0182798
-0.00908524
0.000207043
0.00958851
0.0190508
0.0285847
0.0381806
0.0478302
0.0575259
0.0672606
0.0770267
0.0868161
0.0966194
0.106427
0.116229
0.126018
0.135783
0.145518
0.155215
0.164863
0.174452
0.18397
0.193405
0.202742
0.21197
0.221075
0.230042
0.238858
0.247505
0.25597
0.264237
0.27229
0.28011
0.287675
0.294967
0.301966
0.308654
0.315016
0.321031
0.326681
0.331941
0.336791
0.341213
0.345193
0.348711
0.351748
0.354286
0.35631
0.35781
0.358777
0.359203
0.359085
0.35842
0.35721
0.35546
0.353172
0.35035
0.347032
0.343256
0.338623
0.332812
-0.165941
-0.171911
-0.176662
-0.180527
-0.18392
-0.186807
-0.189151
-0.190951
-0.192206
-0.192916
-0.193084
-0.192714
-0.191814
-0.190394
-0.188467
-0.186046
-0.183144
-0.179777
-0.175959
-0.171709
-0.167044
-0.16198
-0.156535
-0.150728
-0.144576
-0.138095
-0.131302
-0.124217
-0.116857
-0.109238
-0.101377
-0.0932908
-0.0849929
-0.0764968
-0.0678151
-0.0589616
-0.0499502
-0.0407938
-0.0315044
-0.022094
-0.0125744
-0.00295658
0.00675005
0.0165369
0.0263948
0.036314
0.0462857
0.0563025
0.0663579
0.0764453
0.086557
0.0966839
0.106816
0.116943
0.127058
0.137151
0.147217
0.157246
0.167229
0.177156
0.187013
0.196789
0.206471
0.216044
0.225496
0.234811
0.243973
0.252967
0.26178
0.270395
0.278795
0.286959
0.294865
0.302493
0.309825
0.316843
0.323527
0.329853
0.335798
0.341339
0.346455
0.351129
0.355342
0.35907
0.362294
0.364993
0.367154
0.368763
0.369811
0.370288
0.370189
0.369513
0.368259
0.366431
0.364033
0.36107
0.357582
0.353609
0.348735
0.342621
-0.176277
-0.182556
-0.187552
-0.191614
-0.195178
-0.198206
-0.20066
-0.202537
-0.203837
-0.20456
-0.204709
-0.204291
-0.203314
-0.20179
-0.199732
-0.197154
-0.194073
-0.190505
-0.186467
-0.18198
-0.177062
-0.171734
-0.166012
-0.159917
-0.153468
-0.14668
-0.139575
-0.13217
-0.124485
-0.116539
-0.108346
-0.0999247
-0.0912901
-0.0824566
-0.0734375
-0.0642466
-0.0548982
-0.0454061
-0.0357822
-0.0260372
-0.0161822
-0.00622817
0.00381427
0.0139355
0.0241263
0.0343774
0.0446806
0.0550284
0.0654145
0.0758325
0.0862752
0.0967338
0.107199
0.11766
0.12811
0.138541
0.148946
0.159317
0.169644
0.179917
0.190125
0.200253
0.210289
0.22022
0.230032
0.239707
0.249232
0.25859
0.267768
0.276749
0.285513
0.294038
0.302303
0.31029
0.317979
0.325348
0.332373
0.339029
0.34529
0.351134
0.356541
0.361487
0.365951
0.369907
0.373334
0.376212
0.378523
0.380254
0.381392
0.381927
0.381853
0.381165
0.379864
0.377953
0.375437
0.372322
0.368651
0.364466
0.359331
0.35289
-0.187097
-0.193711
-0.198973
-0.203251
-0.207
-0.21018
-0.212751
-0.214709
-0.216055
-0.216789
-0.216915
-0.216441
-0.215378
-0.213737
-0.211534
-0.208785
-0.205508
-0.201722
-0.197447
-0.192704
-0.187516
-0.181903
-0.175885
-0.169483
-0.162716
-0.155604
-0.148167
-0.140424
-0.132397
-0.124105
-0.115565
-0.106792
-0.0978044
-0.0886181
-0.0792474
-0.0697061
-0.0600085
-0.0501682
-0.0401974
-0.0301066
-0.0199059
-0.00960604
0.00078189
0.011247
0.0217795
0.0323711
0.0430143
0.0537023
0.0644286
0.0751866
0.0859689
0.0967673
0.107573
0.118377
0.129172
0.13995
0.150703
0.161425
0.172105
0.182734
0.193301
0.203792
0.214195
0.224496
0.234679
0.24473
0.254633
0.264372
0.273933
0.283296
0.292441
0.301348
0.309995
0.318363
0.326431
0.334172
0.341559
0.348566
0.355168
0.361341
0.367061
0.372302
0.377036
0.38124
0.384891
0.387965
0.390444
0.39231
0.393549
0.394151
0.394105
0.393408
0.392058
0.39006
0.387419
0.38414
0.380271
0.375858
0.370439
0.363642
-0.198428
-0.205405
-0.210957
-0.215469
-0.219419
-0.222764
-0.225459
-0.227503
-0.228896
-0.229638
-0.229735
-0.229197
-0.228036
-0.226265
-0.223902
-0.220965
-0.217474
-0.213451
-0.208918
-0.203901
-0.198421
-0.192503
-0.186168
-0.179437
-0.172331
-0.164873
-0.157084
-0.148984
-0.140596
-0.13194
-0.123033
-0.113893
-0.104536
-0.0949816
-0.0852444
-0.0753393
-0.0652798
-0.055079
-0.0447489
-0.0343003
-0.0237435
-0.0130888
-0.00234709
0.00847049
0.0193537
0.0302943
0.0412858
0.0523222
0.063397
0.0745034
0.0856337
0.0967802
0.107935
0.119091
0.13024
0.141374
0.152485
0.163566
0.174609
0.185603
0.196538
0.207403
0.218183
0.228866
0.239435
0.249876
0.260173
0.27031
0.28027
0.290034
0.299581
0.308891
0.317944
0.326717
0.335185
0.343319
0.351091
0.358476
0.365446
0.371975
0.378032
0.383589
0.388619
0.393095
0.396991
0.400282
0.402946
0.404962
0.406316
0.406992
0.406981
0.406276
0.404879
0.40279
0.400015
0.396562
0.392478
0.387815
0.382088
0.374902
-0.210299
-0.217674
-0.223542
-0.228308
-0.232476
-0.235997
-0.238825
-0.240958
-0.242397
-0.243144
-0.243206
-0.242594
-0.241323
-0.239407
-0.236867
-0.233723
-0.229998
-0.225716
-0.220904
-0.215589
-0.209795
-0.203548
-0.196872
-0.189788
-0.182321
-0.174495
-0.166332
-0.157855
-0.149086
-0.140046
-0.130754
-0.121228
-0.111487
-0.101548
-0.0914293
-0.0811459
-0.0707112
-0.0601372
-0.0494357
-0.0386177
-0.0276943
-0.0166758
-0.00557262
0.00560515
0.0168475
0.028146
0.0394943
0.0508865
0.0623167
0.0737784
0.0852643
0.0967673
0.10828
0.119796
0.131307
0.142807
0.154285
0.165735
0.177149
0.188518
0.199833
0.211082
0.222252
0.233329
0.244299
0.255146
0.265853
0.276404
0.286781
0.296965
0.306936
0.316674
0.326155
0.335355
0.344245
0.352796
0.360981
0.368772
0.376139
0.383049
0.389469
0.39537
0.400722
0.405497
0.409663
0.413193
0.416061
0.418246
0.419727
0.420489
0.42052
0.419814
0.418369
0.416186
0.413268
0.409624
0.405308
0.400373
0.394308
0.386697
-0.222741
-0.230553
-0.236766
-0.241808
-0.24621
-0.249921
-0.252891
-0.255117
-0.256601
-0.257349
-0.257368
-0.256672
-0.255276
-0.253198
-0.250461
-0.247089
-0.243107
-0.238543
-0.233428
-0.22779
-0.221656
-0.215054
-0.20801
-0.200549
-0.192696
-0.184476
-0.175917
-0.167041
-0.157869
-0.148425
-0.138729
-0.128799
-0.118656
-0.108318
-0.0978024
-0.087126
-0.0763019
-0.0653418
-0.054257
-0.0430586
-0.0317582
-0.0203667
-0.00889377
0.00265176
0.0142611
0.0259259
0.037639
0.0493943
0.0611863
0.0730093
0.0848575
0.0967246
0.108604
0.120489
0.132371
0.144243
0.156097
0.167926
0.179721
0.191476
0.203181
0.214825
0.226397
0.237883
0.249267
0.260534
0.271667
0.28265
0.293463
0.304089
0.314507
0.324695
0.334627
0.344277
0.353614
0.36261
0.371238
0.379465
0.387256
0.394575
0.401388
0.407663
0.413369
0.418471
0.422934
0.426728
0.429824
0.432196
0.433821
0.434682
0.434766
0.434065
0.432572
0.430289
0.427218
0.423369
0.418799
0.413568
0.407133
0.399057
-0.23579
-0.244081
-0.250673
-0.256014
-0.260669
-0.264582
-0.267701
-0.270024
-0.271554
-0.272298
-0.272265
-0.271472
-0.269935
-0.267677
-0.264721
-0.261096
-0.256832
-0.25196
-0.246513
-0.240524
-0.234022
-0.227036
-0.219596
-0.211729
-0.203462
-0.194825
-0.185844
-0.176544
-0.166948
-0.157079
-0.146958
-0.136607
-0.126044
-0.115291
-0.104363
-0.0932788
-0.0820507
-0.070691
-0.059211
-0.0476219
-0.0359348
-0.0241607
-0.0123088
-0.000387142
0.0115967
0.0236349
0.0357199
0.047845
0.0600051
0.0721957
0.0844126
0.0966508
0.108904
0.121166
0.133427
0.145679
0.157916
0.170131
0.182318
0.194469
0.206576
0.218628
0.230614
0.24252
0.254333
0.266035
0.277611
0.289043
0.300313
0.311403
0.322291
0.332952
0.343359
0.353483
0.363296
0.372769
0.38187
0.390562
0.398807
0.406567
0.413808
0.420493
0.426585
0.432044
0.436834
0.44092
0.444269
0.446851
0.448641
0.449619
0.449769
0.449077
0.447538
0.445149
0.441914
0.437843
0.432997
0.427441
0.420601
0.412014
-0.249481
-0.258299
-0.265304
-0.270972
-0.275899
-0.280029
-0.283307
-0.285731
-0.287306
-0.28804
-0.287945
-0.28704
-0.285343
-0.282881
-0.279681
-0.275777
-0.271202
-0.265993
-0.260185
-0.253813
-0.24691
-0.239508
-0.231639
-0.223336
-0.214628
-0.205545
-0.196116
-0.186368
-0.176325
-0.166008
-0.155442
-0.144649
-0.13365
-0.122465
-0.11111
-0.0996021
-0.0879553
-0.0761825
-0.0642954
-0.052305
-0.040222
-0.0280558
-0.0158152
-0.00350833
0.00885767
0.0212756
0.0337381
0.0462389
0.0587736
0.0713386
0.0839308
0.0965462
0.109179
0.121822
0.134468
0.147108
0.159736
0.172347
0.184935
0.197492
0.210011
0.222482
0.234894
0.247235
0.259489
0.271643
0.283678
0.295578
0.307326
0.318902
0.330281
0.341439
0.352346
0.362974
0.373295
0.383276
0.392881
0.40207
0.410803
0.419042
0.426748
0.433879
0.440392
0.446244
0.451395
0.455805
0.459437
0.462257
0.464236
0.46535
0.465578
0.464904
0.463318
0.460819
0.457408
0.453097
0.447951
0.44204
0.434755
0.425605
-0.263856
-0.273252
-0.280709
-0.286733
-0.291957
-0.29632
-0.299766
-0.302295
-0.303913
-0.30463
-0.30446
-0.303423
-0.301544
-0.298852
-0.295381
-0.291167
-0.286251
-0.280671
-0.274466
-0.267675
-0.260336
-0.252483
-0.244152
-0.235381
-0.2262
-0.216643
-0.206738
-0.196514
-0.185997
-0.17521
-0.164178
-0.152924
-0.14147
-0.129836
-0.118038
-0.106091
-0.0940119
-0.0818128
-0.0695066
-0.0571043
-0.0446155
-0.032048
-0.0194097
-0.00670862
0.00604726
0.0188509
0.0316961
0.0445781
0.0574935
0.0704397
0.0834136
0.0964114
0.109428
0.122457
0.135491
0.148526
0.161553
0.174568
0.187565
0.200538
0.213479
0.226379
0.239229
0.252017
0.264728
0.277348
0.28986
0.302248
0.314494
0.326577
0.33847
0.350149
0.361585
0.372748
0.383608
0.394129
0.404271
0.413993
0.423254
0.432013
0.440224
0.44784
0.454814
0.461099
0.46665
0.471421
0.475371
0.478461
0.480657
0.481928
0.48225
0.481603
0.479974
0.47736
0.473762
0.469192
0.46372
0.457421
0.449645
0.439873
-0.278955
-0.288989
-0.296944
-0.303355
-0.308902
-0.313518
-0.317144
-0.319781
-0.321439
-0.322127
-0.321864
-0.320674
-0.318586
-0.315635
-0.31186
-0.307303
-0.302009
-0.29602
-0.289379
-0.28213
-0.274315
-0.265974
-0.257146
-0.24787
-0.238185
-0.228121
-0.21771
-0.206981
-0.195963
-0.184682
-0.173162
-0.161427
-0.149499
-0.137398
-0.12514
-0.11274
-0.100215
-0.087577
-0.0748402
-0.0620148
-0.0491096
-0.0361316
-0.0230873
-0.00998473
0.00316802
0.0163638
0.0295977
0.0428666
0.0561684
0.069501
0.0828614
0.0962455
0.109649
0.123067
0.136495
0.149928
0.163361
0.176788
0.190202
0.203598
0.21697
0.23031
0.243609
0.256857
0.270039
0.28314
0.296147
0.309041
0.321805
0.334416
0.346848
0.359075
0.371069
0.3828
0.394231
0.405325
0.416041
0.426337
0.43617
0.445492
0.454251
0.462395
0.469875
0.476639
0.482633
0.487809
0.492117
0.495514
0.497959
0.499413
0.499848
0.499241
0.497574
0.494843
0.491047
0.486198
0.48037
0.473645
0.465328
0.454866
-0.294827
-0.305568
-0.314071
-0.320909
-0.326808
-0.331698
-0.335515
-0.338263
-0.339952
-0.340596
-0.340219
-0.338849
-0.336522
-0.333278
-0.329163
-0.324223
-0.318509
-0.312068
-0.304947
-0.297196
-0.288863
-0.279993
-0.270629
-0.260814
-0.250586
-0.239981
-0.229031
-0.217767
-0.206221
-0.19442
-0.182389
-0.170153
-0.157731
-0.145144
-0.132408
-0.119541
-0.106556
-0.0934684
-0.0802898
-0.0670304
-0.0536982
-0.0403003
-0.026843
-0.0133331
0.00022211
0.0138163
0.0274456
0.0411078
0.0548013
0.0685242
0.0822735
0.0960463
0.10984
0.123651
0.137477
0.151313
0.165156
0.178999
0.192837
0.206664
0.220475
0.234264
0.248024
0.261743
0.275409
0.289007
0.302525
0.315944
0.329245
0.342406
0.355402
0.368206
0.380789
0.393118
0.405155
0.416859
0.428191
0.439107
0.449556
0.459486
0.46884
0.477563
0.485601
0.492894
0.499383
0.505012
0.509726
0.513472
0.516201
0.51787
0.518442
0.517891
0.516196
0.513347
0.509342
0.504192
0.497978
0.490784
0.481868
0.47064
-0.31153
-0.323056
-0.332167
-0.339476
-0.345759
-0.350943
-0.354962
-0.35782
-0.35953
-0.360112
-0.359594
-0.358013
-0.35541
-0.351833
-0.347335
-0.341967
-0.335784
-0.328842
-0.321193
-0.312893
-0.303997
-0.294555
-0.284613
-0.274217
-0.263407
-0.252224
-0.2407
-0.22887
-0.216766
-0.204418
-0.191852
-0.179092
-0.166156
-0.153064
-0.139834
-0.126484
-0.113028
-0.0994785
-0.0858474
-0.0721438
-0.0583754
-0.0445493
-0.0306722
-0.0167499
-0.00278757
0.0112106
0.0252414
0.0393029
0.0533927
0.0675085
0.0816484
0.0958115
0.109997
0.124205
0.138434
0.152678
0.166934
0.181197
0.195462
0.209725
0.223984
0.238232
0.252462
0.266665
0.280827
0.294937
0.308981
0.322943
0.336802
0.350536
0.36412
0.377529
0.390731
0.403691
0.416369
0.428726
0.44072
0.4523
0.463413
0.474
0.484004
0.493363
0.502016
0.509896
0.516937
0.523076
0.528248
0.532392
0.535449
0.537369
0.538111
0.537639
0.535927
0.532962
0.528739
0.523267
0.51663
0.508921
0.499339
0.487254
-0.329132
-0.341533
-0.351319
-0.359146
-0.365849
-0.371351
-0.37558
-0.378543
-0.38026
-0.380756
-0.380067
-0.378236
-0.375314
-0.371358
-0.366424
-0.360574
-0.353868
-0.346371
-0.338142
-0.329242
-0.319733
-0.30967
-0.299105
-0.288083
-0.27665
-0.264848
-0.252714
-0.240285
-0.227594
-0.214671
-0.201544
-0.188234
-0.174762
-0.161148
-0.147408
-0.13356
-0.11962
-0.105597
-0.0915035
-0.0773467
-0.0631344
-0.0488737
-0.034571
-0.020231
-0.00585666
0.00855002
0.0229868
0.037451
0.0519397
0.0664505
0.0809829
0.0955386
0.11012
0.124728
0.139361
0.154015
0.168687
0.183372
0.198069
0.212775
0.227488
0.242203
0.256913
0.271609
0.28628
0.300915
0.315502
0.330023
0.344458
0.358788
0.372987
0.387029
0.40088
0.414505
0.427865
0.440919
0.453619
0.465912
0.47774
0.489042
0.499755
0.509813
0.519144
0.527675
0.535333
0.542046
0.547737
0.552335
0.555772
0.557991
0.55894
0.558575
0.556865
0.553789
0.54934
0.543522
0.536425
0.528146
0.517825
0.504782
-0.347713
-0.361092
-0.371628
-0.380025
-0.387186
-0.393027
-0.397473
-0.400535
-0.40224
-0.402621
-0.401721
-0.399595
-0.396304
-0.39191
-0.386482
-0.380089
-0.372799
-0.364686
-0.355818
-0.346263
-0.336087
-0.325351
-0.31411
-0.302415
-0.290314
-0.277851
-0.265069
-0.252006
-0.238696
-0.22517
-0.211453
-0.197569
-0.183539
-0.169383
-0.155117
-0.140758
-0.12632
-0.111813
-0.0972466
-0.0826286
-0.0679666
-0.0532668
-0.0385339
-0.023771
-0.00897956
0.0058395
0.0206843
0.035552
0.0504398
0.0653466
0.080274
0.0952254
0.110205
0.125214
0.140252
0.155317
0.170405
0.185516
0.200649
0.215804
0.230977
0.246165
0.261361
0.27656
0.291751
0.306925
0.322068
0.337165
0.352196
0.367143
0.381982
0.396684
0.411217
0.425544
0.439628
0.453422
0.466876
0.479933
0.492533
0.504613
0.516103
0.526926
0.537006
0.546261
0.554611
0.56197
0.56825
0.573369
0.57725
0.579823
0.581026
0.580805
0.57912
0.575943
0.57126
0.565073
0.557474
0.548568
0.537422
0.523307
-0.367367
-0.381841
-0.39321
-0.402235
-0.409892
-0.416093
-0.420761
-0.423911
-0.425578
-0.425806
-0.424649
-0.422174
-0.418451
-0.413555
-0.407564
-0.400558
-0.392616
-0.383819
-0.374247
-0.363973
-0.353069
-0.341601
-0.32963
-0.31721
-0.304393
-0.291227
-0.277758
-0.264026
-0.250064
-0.235902
-0.221567
-0.207083
-0.192473
-0.177756
-0.162949
-0.148065
-0.133116
-0.118113
-0.103065
-0.0879783
-0.0728615
-0.0577188
-0.0425521
-0.0273624
-0.01215
0.00308374
0.0183369
0.0336072
0.0488933
0.0641967
0.0795208
0.0948703
0.110249
0.12566
0.141102
0.156576
0.172083
0.187622
0.203195
0.218801
0.234438
0.250104
0.265794
0.281503
0.297225
0.312949
0.328662
0.344349
0.359995
0.375581
0.391084
0.406475
0.421722
0.43679
0.451638
0.466218
0.480475
0.494353
0.507789
0.520714
0.53305
0.544713
0.555621
0.565685
0.574809
0.582895
0.589845
0.595564
0.599964
0.602959
0.604473
0.604442
0.602814
0.599551
0.594631
0.588051
0.579907
0.57031
0.558246
0.542927
-0.388204
-0.403903
-0.416199
-0.425912
-0.434107
-0.440688
-0.445576
-0.448796
-0.450393
-0.450422
-0.448952
-0.446062
-0.441835
-0.436359
-0.429727
-0.422029
-0.413357
-0.403802
-0.393451
-0.382388
-0.370688
-0.358425
-0.345663
-0.332463
-0.318881
-0.304968
-0.29077
-0.276329
-0.261679
-0.24685
-0.231869
-0.216761
-0.201548
-0.186252
-0.170886
-0.155463
-0.139992
-0.124483
-0.108944
-0.0933833
-0.0778068
-0.0622169
-0.0466132
-0.0309946
-0.0153607
0.000287249
0.0159475
0.0316191
0.0473031
0.0630031
0.0787241
0.0944712
0.110248
0.126058
0.141904
0.157788
0.173714
0.189683
0.205696
0.221754
0.237857
0.254004
0.270194
0.286422
0.302682
0.318964
0.335258
0.351551
0.36783
0.384076
0.400267
0.416376
0.432371
0.448217
0.46387
0.479282
0.494398
0.509158
0.523497
0.537337
0.550595
0.563183
0.575009
0.585971
0.595961
0.604869
0.612585
0.618999
0.624004
0.627501
0.629398
0.629615
0.628084
0.624758
0.619603
0.612608
0.603873
0.593516
0.580429
0.563759
-0.410353
-0.427425
-0.440749
-0.451217
-0.459989
-0.466967
-0.47207
-0.475335
-0.476818
-0.476591
-0.474738
-0.471354
-0.466538
-0.460395
-0.45303
-0.444551
-0.43506
-0.424661
-0.413449
-0.401516
-0.388947
-0.375818
-0.362201
-0.348163
-0.333764
-0.319057
-0.304087
-0.288897
-0.273522
-0.257993
-0.242338
-0.226582
-0.210747
-0.194852
-0.17891
-0.162933
-0.146929
-0.130904
-0.114869
-0.0988286
-0.0827876
-0.0667462
-0.0507027
-0.0346549
-0.0186016
-0.00254291
0.0135213
0.0295925
0.0456736
0.0617695
0.0778854
0.0940263
0.110198
0.126404
0.142652
0.158946
0.17529
0.191687
0.208139
0.224649
0.241218
0.25785
0.274543
0.291294
0.308097
0.324946
0.341831
0.358744
0.375672
0.392598
0.409501
0.426355
0.443131
0.459791
0.476293
0.492587
0.508618
0.524325
0.539635
0.554468
0.568734
0.582339
0.595179
0.60714
0.618101
0.627941
0.636534
0.643751
0.649467
0.653563
0.655929
0.656464
0.655085
0.651728
0.646346
0.638919
0.629547
0.618356
0.604132
0.585943
-0.433966
-0.452578
-0.467042
-0.478333
-0.487722
-0.495109
-0.500414
-0.503686
-0.505001
-0.504447
-0.502127
-0.498155
-0.49265
-0.485736
-0.477535
-0.46817
-0.457761
-0.44642
-0.434254
-0.421364
-0.407842
-0.393773
-0.379234
-0.364297
-0.349024
-0.333471
-0.317684
-0.301704
-0.285567
-0.269306
-0.252949
-0.236522
-0.220044
-0.203533
-0.186999
-0.170453
-0.153904
-0.137357
-0.120819
-0.104295
-0.0877861
-0.0712902
-0.0548056
-0.0383298
-0.0218605
-0.00539526
0.0110691
0.0275368
0.0440124
0.0605008
0.0770067
0.0935361
0.110096
0.126696
0.143342
0.160043
0.176802
0.193623
0.210511
0.22747
0.244506
0.261623
0.27882
0.296095
0.313445
0.330866
0.348352
0.365897
0.383489
0.401113
0.41875
0.436377
0.453964
0.471477
0.488872
0.5061
0.523105
0.539824
0.55618
0.572088
0.587455
0.602177
0.616137
0.62921
0.641264
0.652162
0.661759
0.669905
0.676454
0.681265
0.684204
0.685147
0.68399
0.68065
0.675059
0.667187
0.657135
0.645032
0.629544
0.609651
-0.459227
-0.479563
-0.495291
-0.507476
-0.51752
-0.525322
-0.530804
-0.534034
-0.535109
-0.534139
-0.53125
-0.526577
-0.520265
-0.512459
-0.503302
-0.492933
-0.481489
-0.469097
-0.455874
-0.44193
-0.427367
-0.412277
-0.396744
-0.38084
-0.364634
-0.34818
-0.331527
-0.314716
-0.297782
-0.280758
-0.263673
-0.246551
-0.229411
-0.212265
-0.195125
-0.177999
-0.160895
-0.143819
-0.126774
-0.109762
-0.0927826
-0.075832
-0.0589078
-0.0420069
-0.0251252
-0.00825714
0.00860348
0.0254631
0.0423272
0.0592008
0.0760894
0.0930007
0.109945
0.126932
0.143973
0.161074
0.178242
0.195481
0.2128
0.230206
0.247706
0.265305
0.283003
0.3008
0.318698
0.336696
0.354791
0.372978
0.391246
0.409584
0.427975
0.4464
0.464831
0.483233
0.501564
0.519778
0.537819
0.555618
0.573098
0.590172
0.606739
0.622684
0.63788
0.652193
0.665478
0.677577
0.688323
0.697546
0.705073
0.710738
0.714378
0.715842
0.714997
0.711735
0.70597
0.697649
0.686877
0.673783
0.656891
0.635085
-0.486353
-0.508621
-0.525747
-0.5389
-0.549632
-0.557844
-0.563466
-0.566587
-0.56733
-0.565832
-0.562247
-0.55674
-0.54948
-0.540641
-0.530387
-0.518879
-0.506271
-0.492705
-0.47831
-0.463207
-0.447507
-0.431309
-0.414702
-0.397762
-0.380558
-0.363147
-0.345579
-0.327893
-0.310127
-0.292312
-0.274474
-0.256635
-0.238811
-0.221016
-0.203258
-0.185543
-0.167878
-0.150268
-0.132711
-0.115209
-0.0977576
-0.0803545
-0.062995
-0.0456738
-0.0283839
-0.011117
0.0061353
0.0233803
0.0406243
0.0578732
0.0751352
0.0924208
0.109742
0.127112
0.144539
0.162032
0.179599
0.197249
0.214993
0.232841
0.250799
0.268872
0.287066
0.305383
0.32383
0.342408
0.361116
0.37995
0.398904
0.417968
0.437133
0.45638
0.475683
0.49501
0.514322
0.533575
0.55271
0.571661
0.590349
0.608682
0.626552
0.643835
0.6604
0.676098
0.690766
0.704226
0.716289
0.72676
0.735439
0.742125
0.746621
0.748743
0.748326
0.745229
0.739339
0.730582
0.719054
0.704886
0.686442
0.662489
-0.515608
-0.540038
-0.558707
-0.572903
-0.58435
-0.592956
-0.59866
-0.601581
-0.601872
-0.599706
-0.595272
-0.588767
-0.580394
-0.570356
-0.558845
-0.546043
-0.532124
-0.517247
-0.501555
-0.485178
-0.468236
-0.450836
-0.433071
-0.41502
-0.396753
-0.378326
-0.359792
-0.341192
-0.322559
-0.303924
-0.285308
-0.266732
-0.248208
-0.229749
-0.211363
-0.193054
-0.174825
-0.156677
-0.138607
-0.120613
-0.102693
-0.0848407
-0.0670509
-0.0493149
-0.0316223
-0.0139624
0.00367429
0.0212958
0.0389094
0.0565235
0.0741495
0.0918005
0.10949
0.127232
0.145034
0.162909
0.180867
0.19892
0.217081
0.23536
0.253766
0.272305
0.290988
0.309822
0.328815
0.347972
0.367292
0.386776
0.406422
0.426226
0.44618
0.466269
0.48647
0.506756
0.527092
0.547433
0.567725
0.587901
0.607881
0.627569
0.646852
0.665603
0.683679
0.700919
0.717139
0.732142
0.745717
0.757637
0.767669
0.775573
0.781114
0.784066
0.784224
0.78141
0.775471
0.766303
0.753994
0.738673
0.718515
0.692157
-0.547307
-0.574156
-0.594524
-0.609837
-0.622015
-0.630977
-0.63668
-0.639278
-0.638966
-0.635958
-0.630486
-0.622789
-0.613107
-0.601677
-0.588723
-0.574451
-0.559057
-0.542716
-0.525587
-0.507812
-0.489516
-0.470814
-0.451802
-0.432561
-0.413163
-0.393664
-0.374116
-0.354559
-0.335026
-0.315542
-0.296126
-0.276794
-0.257557
-0.238425
-0.219405
-0.200498
-0.181703
-0.163016
-0.144435
-0.125954
-0.107569
-0.0892728
-0.0710581
-0.052913
-0.0348246
-0.0167805
0.00123004
0.0192165
0.0371887
0.055158
0.0731383
0.0911446
0.109191
0.127291
0.145457
0.163702
0.18204
0.200486
0.219052
0.237749
0.25659
0.275586
0.29475
0.314094
0.333627
0.353356
0.373285
0.393419
0.413761
0.434312
0.455067
0.476014
0.497136
0.518413
0.539812
0.561292
0.5828
0.604272
0.625629
0.646773
0.667588
0.687943
0.707685
0.726636
0.744598
0.761352
0.776659
0.790261
0.801881
0.81124
0.818055
0.822051
0.822972
0.820591
0.814709
0.805181
0.792082
0.775532
0.753488
0.724441
-0.581834
-0.611384
-0.633618
-0.650114
-0.663023
-0.672278
-0.677862
-0.679975
-0.678865
-0.674799
-0.66806
-0.658937
-0.647715
-0.634669
-0.620058
-0.604117
-0.587062
-0.569089
-0.550371
-0.531061
-0.511293
-0.491184
-0.470832
-0.450321
-0.429723
-0.409096
-0.388486
-0.367934
-0.347467
-0.327108
-0.30687
-0.286768
-0.266809
-0.246999
-0.227341
-0.207834
-0.188474
-0.169253
-0.150165
-0.131204
-0.112362
-0.093631
-0.0749987
-0.0564522
-0.0379771
-0.0195599
-0.00118808
0.0171506
0.0354693
0.0537825
0.0721058
0.0904546
0.108844
0.127288
0.145804
0.164407
0.183113
0.201936
0.220892
0.239994
0.259257
0.278698
0.298333
0.318176
0.338239
0.35853
0.379062
0.399843
0.420882
0.442182
0.463743
0.485561
0.507626
0.52992
0.552417
0.57508
0.597861
0.620701
0.64352
0.666223
0.688694
0.710796
0.732366
0.753216
0.773131
0.791869
0.80916
0.824708
0.838193
0.849289
0.857656
0.862959
0.864879
0.863129
0.857451
0.847648
0.83377
0.815922
0.791814
0.759765
-0.619644
-0.65221
-0.676483
-0.69422
-0.707833
-0.717283
-0.722584
-0.724
-0.721846
-0.716454
-0.708171
-0.697343
-0.684309
-0.669387
-0.652874
-0.635036
-0.616114
-0.596323
-0.575851
-0.554862
-0.533495
-0.511868
-0.490082
-0.468222
-0.446357
-0.424546
-0.40283
-0.381245
-0.359814
-0.338556
-0.31748
-0.296596
-0.275909
-0.255419
-0.235126
-0.215023
-0.195101
-0.175352
-0.155766
-0.136335
-0.117047
-0.0978903
-0.0788516
-0.0599151
-0.0410658
-0.0222886
-0.00356871
0.0151094
0.0337619
0.0524056
0.0710573
0.0897332
0.10845
0.127225
0.146076
0.165022
0.184079
0.203264
0.222592
0.242083
0.261755
0.281627
0.301719
0.322045
0.342622
0.363465
0.38459
0.406012
0.427741
0.449788
0.472158
0.494855
0.517876
0.541209
0.564832
0.588718
0.612826
0.637101
0.661467
0.685833
0.710085
0.734082
0.757656
0.780609
0.802708
0.823688
0.843246
0.861046
0.876723
0.88989
0.900143
0.907075
0.910292
0.90943
0.904155
0.894202
0.879586
0.860387
0.834029
0.798638
-0.661286
-0.697215
-0.723707
-0.742723
-0.756979
-0.766475
-0.771274
-0.771719
-0.76821
-0.761162
-0.750997
-0.738133
-0.722966
-0.705865
-0.687169
-0.66718
-0.646163
-0.624352
-0.601948
-0.579125
-0.556025
-0.53277
-0.509457
-0.486169
-0.462974
-0.439924
-0.41706
-0.394409
-0.37199
-0.349814
-0.327888
-0.306216
-0.284799
-0.263632
-0.242707
-0.222015
-0.201542
-0.181275
-0.161203
-0.141313
-0.121592
-0.102023
-0.0825925
-0.0632817
-0.0440739
-0.024952
-0.0058982
0.0131057
0.0320781
0.0510369
0.0700004
0.0889864
0.108014
0.127103
0.146274
0.165545
0.184935
0.204462
0.224145
0.244008
0.264072
0.284358
0.304888
0.325679
0.346755
0.368134
0.389839
0.411887
0.434296
0.457081
0.480258
0.503836
0.52782
0.552204
0.576978
0.602122
0.627604
0.653375
0.679369
0.705501
0.73166
0.757706
0.78347
0.808743
0.833277
0.856784
0.878928
0.899331
0.917577
0.93321
0.945752
0.954709
0.959597
0.959953
0.955347
0.945426
0.930155
0.909576
0.88078
0.841677
-0.707415
-0.74709
-0.775987
-0.796294
-0.811085
-0.820415
-0.824416
-0.823536
-0.818282
-0.80917
-0.796716
-0.781417
-0.76374
-0.744113
-0.722917
-0.70049
-0.677127
-0.653077
-0.628553
-0.603734
-0.578767
-0.553769
-0.528836
-0.504047
-0.479461
-0.455125
-0.431075
-0.40733
-0.383903
-0.3608
-0.33802
-0.31556
-0.293415
-0.271576
-0.250029
-0.228758
-0.207747
-0.186979
-0.166436
-0.146104
-0.125965
-0.106002
-0.086196
-0.0665288
-0.0469805
-0.027531
-0.00815982
0.0111536
0.0304289
0.0496855
0.0689429
0.0882213
0.107542
0.126927
0.146398
0.165974
0.185676
0.205525
0.225546
0.245762
0.266198
0.286876
0.307822
0.329058
0.350612
0.37251
0.394775
0.417431
0.440503
0.464015
0.487989
0.512442
0.537387
0.562828
0.588769
0.615197
0.642091
0.669413
0.69711
0.725107
0.753299
0.781551
0.809695
0.837517
0.864757
0.891103
0.916191
0.939599
0.960849
0.979414
0.994728
1.0062
1.01322
1.01522
1.01163
1.002
0.986214
0.964257
0.932836
0.889616
-0.75882
-0.802667
-0.834154
-0.855728
-0.87088
-0.879748
-0.882561
-0.8799
-0.872408
-0.860729
-0.845489
-0.827283
-0.806658
-0.784102
-0.760049
-0.73487
-0.708886
-0.682363
-0.655522
-0.628542
-0.60157
-0.574718
-0.548077
-0.521717
-0.495687
-0.470027
-0.444761
-0.419903
-0.395458
-0.371422
-0.34779
-0.324549
-0.301686
-0.279186
-0.25703
-0.235196
-0.213664
-0.192412
-0.17142
-0.150666
-0.13013
-0.109793
-0.0896329
-0.0696292
-0.0497597
-0.0300016
-0.0103319
0.00927151
0.02883
0.0483643
0.067896
0.0874474
0.107042
0.126702
0.146451
0.16631
0.186302
0.206454
0.22679
0.247337
0.268121
0.289168
0.310506
0.332164
0.354173
0.376564
0.399365
0.422607
0.446322
0.470541
0.495294
0.520607
0.546503
0.573001
0.600114
0.627842
0.656176
0.685096
0.714563
0.744516
0.77486
0.805474
0.836193
0.866802
0.897035
0.926563
0.954991
0.981854
1.00661
1.02865
1.04732
1.06189
1.07163
1.07581
1.07371
1.06473
1.04864
1.02535
0.991124
0.943338
-0.816453
-0.864952
-0.89921
-0.921973
-0.937225
-0.945221
-0.946324
-0.941294
-0.930947
-0.91608
-0.897456
-0.875783
-0.851697
-0.825759
-0.798448
-0.770172
-0.741273
-0.71203
-0.682667
-0.65336
-0.624249
-0.595439
-0.567009
-0.539015
-0.5115
-0.484486
-0.457988
-0.43201
-0.406545
-0.381583
-0.357107
-0.333098
-0.309535
-0.286393
-0.263647
-0.241272
-0.219241
-0.197528
-0.176108
-0.154956
-0.134049
-0.113361
-0.0928706
-0.0725532
-0.0523843
-0.0323388
-0.0123919
0.00747997
0.0272995
0.0470896
0.0668737
0.0866762
0.106522
0.126435
0.146438
0.166557
0.186817
0.207247
0.227875
0.248728
0.269834
0.291222
0.312925
0.334978
0.357415
0.380271
0.40358
0.427379
0.451709
0.476608
0.502114
0.528265
0.555095
0.582637
0.610915
0.639945
0.669737
0.700291
0.731584
0.763572
0.796182
0.829307
0.862792
0.896433
0.929961
0.963036
0.99524
1.02606
1.0549
1.08106
1.10376
1.12216
1.13533
1.14238
1.14238
1.13453
1.11846
1.09396
1.05676
1.00392
-0.881469
-0.935168
-0.972369
-0.996164
-1.01113
-1.01769
-1.0164
-1.00824
-0.994258
-0.975441
-0.952714
-0.926914
-0.898779
-0.868941
-0.83793
-0.806184
-0.774059
-0.74184
-0.70975
-0.677955
-0.646581
-0.615718
-0.585429
-0.555757
-0.526724
-0.498343
-0.470611
-0.443518
-0.417047
-0.391174
-0.365874
-0.34112
-0.316879
-0.293121
-0.269813
-0.246924
-0.224423
-0.202277
-0.180457
-0.158935
-0.137681
-0.11667
-0.0958753
-0.07527
-0.0548266
-0.0345179
-0.0143177
0.00579862
0.0258552
0.045877
0.0658899
0.0859198
0.105992
0.126132
0.146365
0.166719
0.187223
0.207907
0.228799
0.24993
0.271328
0.293029
0.315068
0.337486
0.360318
0.383605
0.407389
0.431712
0.456623
0.482167
0.508393
0.53535
0.563086
0.591646
0.62107
0.651393
0.682649
0.714855
0.748013
0.782102
0.817076
0.852849
0.889289
0.926205
0.963338
1.00035
1.0368
1.07214
1.10571
1.13673
1.16428
1.18737
1.20488
1.21567
1.21857
1.21252
1.19694
1.17143
1.1311
1.07264
-0.955277
-1.01482
-1.05511
-1.07967
-1.09379
-1.09814
-1.09354
-1.08128
-1.06269
-1.03898
-1.01129
-0.980594
-0.947735
-0.913421
-0.878227
-0.842613
-0.806941
-0.771492
-0.736475
-0.70204
-0.668293
-0.635301
-0.603106
-0.571726
-0.541167
-0.51142
-0.482467
-0.45428
-0.426828
-0.400075
-0.373985
-0.348517
-0.323633
-0.299293
-0.275457
-0.252089
-0.229152
-0.206607
-0.18442
-0.162557
-0.140988
-0.119683
-0.0986121
-0.0777466
-0.0570559
-0.036511
-0.0160847
0.00424904
0.0245163
0.0447444
0.0649607
0.0851921
0.105465
0.125805
0.146242
0.166805
0.187526
0.208435
0.229562
0.250939
0.272599
0.294581
0.316925
0.339672
0.362864
0.386546
0.410765
0.435573
0.461023
0.48717
0.514075
0.541798
0.570399
0.599939
0.630476
0.66207
0.694776
0.728635
0.763677
0.799914
0.83733
0.875872
0.915437
0.955863
0.996913
1.03826
1.07945
1.11992
1.15896
1.19569
1.22906
1.25789
1.28084
1.29649
1.30334
1.29997
1.28554
1.25938
1.21581
1.15109
-1.03962
-1.10576
-1.14927
-1.17415
-1.18661
-1.18769
-1.17857
-1.16096
-1.13653
-1.1068
-1.07312
-1.03663
-0.998284
-0.958859
-0.918964
-0.879069
-0.839529
-0.800605
-0.76248
-0.725277
-0.68907
-0.653898
-0.619771
-0.586683
-0.554611
-0.523523
-0.49338
-0.464137
-0.435747
-0.40816
-0.381325
-0.355191
-0.329708
-0.304829
-0.280509
-0.256704
-0.23337
-0.210465
-0.187947
-0.165779
-0.143929
-0.122362
-0.101048
-0.0799521
-0.0590434
-0.0382919
-0.0176692
0.00285278
0.0233027
0.0437097
0.0641021
0.0845069
0.104951
0.125465
0.146078
0.166823
0.187732
0.208835
0.230165
0.251756
0.273646
0.295876
0.318488
0.341526
0.365037
0.389072
0.413684
0.438931
0.464872
0.491574
0.519107
0.547543
0.576957
0.607425
0.63903
0.671855
0.705975
0.741465
0.778388
0.816794
0.856705
0.898109
0.940948
0.985101
1.03037
1.07645
1.12291
1.16918
1.21449
1.25789
1.29821
1.33405
1.36381
1.38572
1.39788
1.39842
1.38607
1.35979
1.31292
1.2412
-1.13669
-1.21037
-1.25714
-1.28164
-1.29128
-1.28762
-1.27238
-1.2478
-1.216
-1.17886
-1.13798
-1.09467
-1.04999
-1.00477
-0.959634
-0.915046
-0.871332
-0.828714
-0.787333
-0.747268
-0.708551
-0.671181
-0.635133
-0.600364
-0.566821
-0.534443
-0.503167
-0.472928
-0.443661
-0.415301
-0.387781
-0.361039
-0.335015
-0.309654
-0.284903
-0.260711
-0.237027
-0.213802
-0.190994
-0.168562
-0.146468
-0.124677
-0.103153
-0.0818596
-0.0607654
-0.0398395
-0.0190517
0.00162858
0.0222323
0.0427893
0.0633279
0.0838762
0.104464
0.125122
0.145883
0.16678
0.187845
0.209109
0.230609
0.252382
0.274468
0.296908
0.319749
0.343037
0.366825
0.391168
0.416124
0.441757
0.468136
0.495336
0.523437
0.552522
0.582684
0.614018
0.646628
0.68062
0.716099
0.753173
0.791946
0.832509
0.874931
0.919256
0.965483
1.01355
1.06331
1.11452
1.16678
1.21953
1.272
1.32317
1.37174
1.4161
1.45436
1.48432
1.50359
1.50967
1.50073
1.47515
1.42502
1.34541
-1.24929
-1.33165
-1.38161
-1.40464
-1.40977
-1.39935
-1.37585
-1.34223
-1.30116
-1.25494
-1.20544
-1.15415
-1.10222
-1.05049
-0.999581
-0.94991
-0.901751
-0.855264
-0.810526
-0.767555
-0.726327
-0.686789
-0.648871
-0.612487
-0.577547
-0.543959
-0.511634
-0.480485
-0.450425
-0.421372
-0.393243
-0.365966
-0.33947
-0.313693
-0.288573
-0.26405
-0.240069
-0.216575
-0.193523
-0.17087
-0.148574
-0.126597
-0.1049
-0.0834456
-0.0622018
-0.0411358
-0.0202151
0.000593177
0.0213203
0.0419962
0.0626498
0.0833114
0.104013
0.124786
0.145665
0.166682
0.187869
0.209263
0.2309
0.25282
0.275063
0.297675
0.320703
0.344198
0.368216
0.392816
0.418063
0.444026
0.470783
0.498415
0.527014
0.556676
0.587509
0.61963
0.653162
0.688237
0.724994
0.763578
0.804134
0.846802
0.891713
0.938973
0.988653
1.04077
1.09526
1.15195
1.21053
1.27047
1.33104
1.39118
1.44949
1.50417
1.55298
1.59328
1.62199
1.63585
1.63222
1.6086
1.55539
1.46678
-1.38108
-1.47359
-1.52641
-1.54626
-1.54441
-1.52443
-1.48984
-1.44451
-1.39183
-1.33454
-1.27481
-1.21427
-1.15411
-1.09516
-1.03797
-0.982879
-0.930069
-0.879607
-0.83148
-0.785626
-0.741948
-0.700331
-0.660643
-0.622754
-0.586531
-0.551849
-0.51859
-0.486642
-0.455895
-0.426247
-0.397603
-0.369878
-0.342994
-0.316876
-0.291456
-0.266667
-0.242446
-0.21874
-0.195497
-0.172672
-0.15022
-0.128098
-0.106267
-0.0846916
-0.0633355
-0.0421643
-0.0211434
-0.000239663
0.0205781
0.0413402
0.0620778
0.0828229
0.103608
0.124466
0.145429
0.166532
0.18781
0.209299
0.231039
0.253069
0.275432
0.298174
0.321345
0.345
0.369198
0.394003
0.419484
0.445716
0.472782
0.500774
0.529791
0.559946
0.591361
0.624172
0.658525
0.694578
0.732503
0.772486
0.814719
0.859398
0.90672
0.956869
1.01001
1.06624
1.12563
1.1881
1.25346
1.3213
1.39094
1.46135
1.53108
1.59817
1.66005
1.71353
1.75476
1.77947
1.78385
1.76413
1.70833
1.60935
-1.53705
-1.64154
-1.69642
-1.71036
-1.69792
-1.66447
-1.61501
-1.55459
-1.48743
-1.41676
-1.34499
-1.27385
-1.20449
-1.13765
-1.07376
-1.01302
-0.955454
-0.901008
-0.849555
-0.800926
-0.754937
-0.711393
-0.670098
-0.630866
-0.59352
-0.557899
-0.523853
-0.491242
-0.459935
-0.429811
-0.400763
-0.372694
-0.345514
-0.319142
-0.293498
-0.268512
-0.24412
-0.220262
-0.196886
-0.173941
-0.15138
-0.12916
-0.107241
-0.0855847
-0.0641541
-0.0429129
-0.0218264
-0.00086187
0.0200124
0.0408286
0.0616193
0.082417
0.103254
0.124163
0.145178
0.166335
0.18767
0.209221
0.231027
0.253129
0.275571
0.2984
0.32167
0.345437
0.369763
0.394716
0.420368
0.446801
0.474103
0.502374
0.531724
0.562276
0.594171
0.627559
0.662609
0.699507
0.738462
0.779697
0.823455
0.869996
0.919591
0.972513
1.02903
1.08936
1.15372
1.22218
1.29471
1.37106
1.45072
1.53276
1.61577
1.69768
1.77563
1.84589
1.90369
1.94344
1.95976
1.94694
1.88956
1.7785
-1.72414
-1.84286
-1.8981
-1.90176
-1.87337
-1.82102
-1.75168
-1.67192
-1.58685
-1.50016
-1.41442
-1.33132
-1.25187
-1.1766
-1.10574
-1.03924
-0.97696
-0.918659
-0.864062
-0.812875
-0.764803
-0.719564
-0.67689
-0.636534
-0.598275
-0.561911
-0.527258
-0.494149
-0.462432
-0.431971
-0.402644
-0.374345
-0.346974
-0.320438
-0.294656
-0.269553
-0.245061
-0.221119
-0.197669
-0.17466
-0.152042
-0.129773
-0.107811
-0.0861161
-0.0646496
-0.0433758
-0.0222606
-0.00127079
0.0196265
0.0404646
0.0612765
0.0820941
0.10295
0.123877
0.144912
0.166091
0.187449
0.209027
0.230862
0.252997
0.275476
0.298349
0.32167
0.345498
0.369898
0.394939
0.420698
0.447259
0.474718
0.50318
0.532766
0.563612
0.595867
0.6297
0.665303
0.70289
0.7427
0.784998
0.830083
0.878278
0.929934
0.985424
1.04513
1.10943
1.17869
1.2532
1.33314
1.41852
1.50906
1.60408
1.70231
1.80175
1.89935
1.99085
2.0705
2.13108
2.16505
2.16387
2.10692
1.98171
-1.95251
-2.08798
-2.14006
-2.12636
-2.07407
-1.99524
-1.8995
-1.79513
-1.68814
-1.58257
-1.48091
-1.38461
-1.29437
-1.21036
-1.13245
-1.06032
-0.993556
-0.931699
-0.874289
-0.820883
-0.771064
-0.72445
-0.680697
-0.6395
-0.600585
-0.563712
-0.528664
-0.495248
-0.463294
-0.432651
-0.403187
-0.374782
-0.347329
-0.320731
-0.294903
-0.269766
-0.245251
-0.221293
-0.197834
-0.174818
-0.152199
-0.129932
-0.107973
-0.0862817
-0.0648203
-0.0435534
-0.022447
-0.00146732
0.0194194
0.0402464
0.0610462
0.0818506
0.102693
0.123607
0.144629
0.165796
0.187144
0.208712
0.230538
0.252666
0.27514
0.298012
0.321336
0.345173
0.36959
0.394656
0.420452
0.447065
0.474595
0.503156
0.532875
0.563894
0.596378
0.63051
0.6665
0.704587
0.745043
0.788174
0.834331
0.883904
0.937326
0.995077
1.05767
1.12566
1.19959
1.28001
1.3674
1.46208
1.56417
1.67337
1.78879
1.90867
2.03002
2.14823
2.25657
2.34594
2.406
2.42402
2.37143
2.22983
-2.2377
-2.39206
-2.4339
-2.39127
-2.3032
-2.18744
-2.05687
-1.92159
-1.78826
-1.66087
-1.54153
-1.4311
-1.3297
-1.23697
-1.15228
-1.07493
-1.00416
-0.939253
-0.879532
-0.824387
-0.773269
-0.725695
-0.681242
-0.639544
-0.600279
-0.563168
-0.527966
-0.494458
-0.462458
-0.431804
-0.402351
-0.373973
-0.346558
-0.320004
-0.294226
-0.269144
-0.244685
-0.220782
-0.197378
-0.174418
-0.151853
-0.129637
-0.107728
-0.0860845
-0.0646703
-0.0434503
-0.0223904
-0.00145647
0.0193851
0.0401671
0.0609213
0.08168
0.102476
0.123345
0.144323
0.165444
0.186746
0.208268
0.230047
0.252127
0.274553
0.297377
0.320656
0.344449
0.368823
0.393849
0.419609
0.446195
0.473708
0.502267
0.532004
0.56307
0.595636
0.6299
0.666088
0.704461
0.745317
0.789005
0.835921
0.886521
0.941322
1.00091
1.06594
1.13715
1.2153
1.30124
1.3958
1.49975
1.61372
1.73801
1.87236
2.01562
2.16525
2.31668
2.46244
2.59151
2.69008
2.73951
2.69899
2.53929
-2.60485
-2.77764
-2.79508
-2.70449
-2.56309
-2.3962
-2.22027
-2.04685
-1.88262
-1.73079
-1.59249
-1.46757
-1.35521
-1.25428
-1.16352
-1.0817
-1.0077
-0.940485
-0.879144
-0.82289
-0.77104
-0.723013
-0.678311
-0.636508
-0.59724
-0.560195
-0.525104
-0.491737
-0.459897
-0.429411
-0.400128
-0.371916
-0.344661
-0.318264
-0.292635
-0.267694
-0.243369
-0.219595
-0.196311
-0.173466
-0.15101
-0.128897
-0.107085
-0.0855345
-0.0642098
-0.0430766
-0.0221006
-0.00124826
0.0195133
0.0402161
0.0608919
0.0815729
0.102292
0.123084
0.143983
0.165025
0.186247
0.207685
0.229378
0.251369
0.273703
0.296435
0.319618
0.343311
0.36758
0.3925
0.41815
0.444624
0.472026
0.500477
0.530112
0.561085
0.593575
0.627789
0.663964
0.702378
0.743356
0.787276
0.834579
0.885779
0.941471
1.00235
1.0692
1.14294
1.2246
1.31534
1.4164
1.52909
1.65473
1.79445
1.94898
2.11826
2.30081
2.49284
2.68689
2.87039
3.02575
3.12645
3.11308
2.93649
-3.09713
-3.27886
-3.24354
-3.07387
-2.8535
-2.61676
-2.38299
-2.16385
-1.96462
-1.78662
-1.62907
-1.49021
-1.3679
-1.25997
-1.16437
-1.07931
-1.00318
-0.934659
-0.872586
-0.816003
-0.764104
-0.716216
-0.671776
-0.630309
-0.591418
-0.554767
-0.520072
-0.487095
-0.455628
-0.425494
-0.39654
-0.368636
-0.341667
-0.315536
-0.290154
-0.265443
-0.241331
-0.217754
-0.194656
-0.171984
-0.14969
-0.127729
-0.106061
-0.0846479
-0.0634543
-0.0424468
-0.021592
-0.000857242
0.0197895
0.0403799
0.0609455
0.0815176
0.102128
0.12281
0.143599
0.164529
0.185634
0.206951
0.228518
0.250378
0.272579
0.29517
0.318205
0.341743
0.365847
0.39059
0.416054
0.44233
0.469524
0.497755
0.52716
0.557893
0.590137
0.624102
0.660033
0.69822
0.739005
0.782789
0.830048
0.881342
0.937333
0.998806
1.06669
1.14206
1.2262
1.3206
1.42698
1.54726
1.68358
1.83817
2.01315
2.21019
2.42978
2.67017
2.92534
3.18258
3.42126
3.60552
3.64903
3.46645
-3.79292
-3.94761
-3.80267
-3.50352
-3.16806
-2.83825
-2.53325
-2.26175
-2.02513
-1.82101
-1.64558
-1.49473
-1.36458
-1.2517
-1.15316
-1.06652
-0.98975
-0.921183
-0.859461
-0.803471
-0.752306
-0.705219
-0.6616
-0.620945
-0.582833
-0.54692
-0.512916
-0.480578
-0.449699
-0.420102
-0.39164
-0.364183
-0.337623
-0.311866
-0.286825
-0.262427
-0.238602
-0.215291
-0.19244
-0.169997
-0.147917
-0.126157
-0.104679
-0.083445
-0.0624228
-0.0415793
-0.0208826
-0.000300571
0.0201982
0.0406445
0.0610682
0.0814995
0.10197
0.122511
0.143157
0.16394
0.184892
0.20605
0.227453
0.249143
0.271166
0.29357
0.316406
0.33973
0.363606
0.388103
0.413302
0.439292
0.466177
0.494073
0.523114
0.553453
0.58527
0.618775
0.654215
0.691883
0.73213
0.775368
0.822095
0.872902
0.9285
0.989744
1.05766
1.1335
1.21876
1.31524
1.42512
1.55101
1.69595
1.86349
2.05758
2.28232
2.54138
2.83687
3.16686
3.52174
3.881
4.20076
4.36017
4.21033
-4.83495
-4.85905
-4.4946
-3.98776
-3.4892
-3.0403
-2.65241
-2.32527
-2.05236
-1.82523
-1.63571
-1.47666
-1.34214
-1.22736
-1.12848
-1.04244
-0.966825
-0.899719
-0.839591
-0.785226
-0.735647
-0.69007
-0.647862
-0.608508
-0.571588
-0.536758
-0.503735
-0.472283
-0.442202
-0.413323
-0.385505
-0.35863
-0.332596
-0.307314
-0.282705
-0.258698
-0.235231
-0.21225
-0.189702
-0.167541
-0.145724
-0.124211
-0.102964
-0.081951
-0.0611387
-0.0404963
-0.0199924
0.000404043
0.0207229
0.0409931
0.0612438
0.081504
0.101803
0.122173
0.142643
0.163244
0.184008
0.204971
0.226172
0.247651
0.269452
0.291621
0.314206
0.337261
0.360846
0.385027
0.409882
0.435497
0.46197
0.489413
0.517953
0.547738
0.578941
0.611766
0.646455
0.683297
0.722636
0.764886
0.810548
0.860224
0.914647
0.974713
1.04152
1.11641
1.20107
1.29756
1.40846
1.53699
1.68716
1.86393
2.07337
2.32271
2.62017
2.97412
3.39084
3.87006
4.39926
4.93479
5.32302
5.3145
-6.48107
-6.11216
-5.33122
-4.50608
-3.78624
-3.1932
-2.71649
-2.33679
-2.03409
-1.79117
-1.59428
-1.43283
-1.29877
-1.186
-1.08991
-1.007
-0.934574
-0.870552
-0.813327
-0.761641
-0.714505
-0.671135
-0.630907
-0.593322
-0.557979
-0.524553
-0.492779
-0.462435
-0.433339
-0.405337
-0.378301
-0.352126
-0.326719
-0.302
-0.277899
-0.254352
-0.231305
-0.208708
-0.186514
-0.164682
-0.143171
-0.121943
-0.100966
-0.0802089
-0.0596404
-0.0392308
-0.01895
0.001231
0.0213407
0.0414068
0.0614564
0.0815172
0.101617
0.121785
0.142048
0.162435
0.18298
0.203715
0.224679
0.24591
0.267448
0.289338
0.311624
0.334356
0.357589
0.381389
0.405826
0.430981
0.456945
0.483822
0.51173
0.540808
0.571217
0.603148
0.636832
0.672542
0.710608
0.751426
0.795481
0.843361
0.895792
0.95367
1.01811
1.0905
1.1726
1.26665
1.3755
1.50285
1.6535
1.83374
2.05184
2.31859
2.64795
3.05734
3.56693
4.19617
4.95502
5.81936
6.63722
7.04047
-9.30736
-7.82953
-6.26412
-4.98503
-3.99266
-3.2455
-2.68981
-2.27334
-1.95627
-1.7106
-1.51674
-1.36094
-1.23348
-1.12741
-1.03772
-0.960694
-0.893582
-0.834306
-0.781286
-0.733308
-0.68943
-0.648917
-0.611192
-0.575799
-0.542377
-0.510636
-0.48034
-0.451296
-0.423344
-0.396353
-0.370213
-0.344834
-0.320138
-0.296055
-0.272526
-0.249496
-0.226919
-0.204753
-0.182955
-0.161489
-0.140318
-0.119411
-0.0987354
-0.0782638
-0.0579672
-0.0378174
-0.0177861
0.00215407
0.0220293
0.0418656
0.0616889
0.0815246
0.101398
0.121336
0.141365
0.161512
0.181807
0.202285
0.22298
0.243928
0.265167
0.286736
0.308678
0.331037
0.353866
0.377223
0.401173
0.425789
0.451154
0.47736
0.504515
0.532742
0.562187
0.593024
0.625462
0.659749
0.696187
0.73514
0.777056
0.822483
0.872101
0.926761
0.987533
1.05577
1.13319
1.22206
1.32528
1.44676
1.59174
1.76739
1.98369
2.25471
2.60043
3.04932
3.64186
4.43139
5.47253
6.80482
8.42722
9.97011
-14.8164
-10.0818
-6.94732
-5.10525
-3.88276
-3.04916
-2.47783
-2.07456
-1.77963
-1.55715
-1.38468
-1.24763
-1.13624
-1.04384
-0.965721
-0.898511
-0.839732
-0.787546
-0.740572
-0.697759
-0.658303
-0.621583
-0.587119
-0.554536
-0.523542
-0.493904
-0.465434
-0.437981
-0.411419
-0.385649
-0.360586
-0.336161
-0.312312
-0.288986
-0.266137
-0.243723
-0.221705
-0.20005
-0.178723
-0.157692
-0.136927
-0.116399
-0.0960823
-0.0759509
-0.0559782
-0.0361381
-0.0164052
0.00324562
0.0228386
0.0423976
0.0619465
0.0815085
0.101107
0.120765
0.140508
0.160362
0.180356
0.20052
0.220887
0.241489
0.262361
0.283537
0.305055
0.326956
0.349285
0.372095
0.395441
0.419387
0.444002
0.469366
0.49557
0.522717
0.550932
0.580361
0.61118
0.643599
0.677874
0.714314
0.753301
0.795306
0.840916
0.890869
0.946103
1.00781
1.07752
1.15724
1.24964
1.35828
1.48808
1.646
1.84206
2.09124
2.41648
2.85434
3.4656
4.34677
5.62851
7.54333
10.7665
15.6104
-24.1
-12.2855
-6.67203
-4.39343
-3.19051
-2.46524
-2.00836
-1.70154
-1.48184
-1.31692
-1.18864
-1.08593
-1.00161
-0.930847
-0.870236
-0.817335
-0.770355
-0.727968
-0.689181
-0.653244
-0.619586
-0.587775
-0.557483
-0.528461
-0.500514
-0.473494
-0.447282
-0.421785
-0.396926
-0.372644
-0.348891
-0.325622
-0.3028
-0.280391
-0.258365
-0.236695
-0.215355
-0.19432
-0.173563
-0.153061
-0.132789
-0.112724
-0.0928454
-0.073129
-0.053552
-0.0340915
-0.0147248
0.00456993
0.0238145
0.0430304
0.0622389
0.0814608
0.100717
0.120028
0.139417
0.158908
0.178526
0.1983
0.218257
0.238427
0.258839
0.279524
0.300513
0.321841
0.343546
0.36567
0.38826
0.411364
0.435036
0.459339
0.484342
0.510121
0.536771
0.564401
0.593141
0.623145
0.654604
0.687748
0.72286
0.760289
0.800479
0.843981
0.891498
0.943936
1.00245
1.06853
1.14418
1.23204
1.33575
1.46044
1.61362
1.80678
2.05855
2.40188
2.90048
3.6756
4.9459
7.31925
13.0484
24.9843
)
;

boundaryField
{
    movingWall
    {
        type            zeroGradient;
    }
    fixedWalls
    {
        type            zeroGradient;
    }
    frontAndBack
    {
        type            empty;
    }
}


// ************************************************************************* //
