/*--------------------------------*- C++ -*----------------------------------*\
| =========                 |                                                 |
| \\      /  F ield         | OpenFOAM: The Open Source CFD Toolbox           |
|  \\    /   O peration     | Version:  2212                                  |
|   \\  /    A nd           | Website:  www.openfoam.com                      |
|    \\/     M anipulation  |                                                 |
\*---------------------------------------------------------------------------*/
FoamFile
{
    version     2.0;
    format      ascii;
    arch        "LSB;label=32;scalar=64";
    class       volScalarField;
    location    "0.0185";
    object      p;
}
// * * * * * * * * * * * * * * * * * * * * * * * * * * * * * * * * * * * * * //

dimensions      [0 2 -2 0 0 0 0];

internalField   nonuniform List<scalar> 
10000
(
8.37708e-08
7.44096e-06
-0.000221695
-0.000669622
-0.0013034
-0.00208707
-0.00297599
-0.00392655
-0.00490025
-0.00586479
-0.00679311
-0.00766335
-0.00845662
-0.00915701
-0.00975132
-0.0102285
-0.0105801
-0.0107994
-0.0108808
-0.0108202
-0.0106157
-0.0102656
-0.00976925
-0.00912659
-0.00833854
-0.00740672
-0.00633326
-0.00512092
-0.00377299
-0.00229314
-0.000685549
0.00104492
0.00289327
0.00485471
0.00692447
0.0090974
0.011368
0.0137306
0.0161794
0.0187076
0.0213087
0.0239766
0.0267053
0.029489
0.0323207
0.035193
0.038099
0.0410318
0.0439842
0.0469493
0.0499201
0.0528899
0.0558519
0.0587988
0.0617232
0.0646177
0.0674759
0.070291
0.0730561
0.0757641
0.0784079
0.0809806
0.0834756
0.0858863
0.0882061
0.0904282
0.0925464
0.0945544
0.0964462
0.0982159
0.0998582
0.101368
0.102742
0.103975
0.105065
0.106009
0.106804
0.107448
0.107941
0.10828
0.108468
0.108505
0.108395
0.108142
0.107752
0.107232
0.106591
0.10584
0.104991
0.104061
0.10307
0.102041
0.101
0.099979
0.0990152
0.0981518
0.0974375
0.0969256
0.0966734
0.0966801
2.86532e-06
5.67519e-05
-0.000123149
-0.00049754
-0.00102891
-0.00168934
-0.00244137
-0.00324902
-0.00407964
-0.00490501
-0.00570112
-0.00644733
-0.00712667
-0.00772452
-0.00822759
-0.00862489
-0.00890783
-0.00906918
-0.00910314
-0.00900552
-0.00877342
-0.00840526
-0.00790022
-0.00725809
-0.00647921
-0.00556443
-0.00451521
-0.00333383
-0.00202321
-0.000586707
0.000971747
0.00264771
0.00443667
0.00633432
0.00833606
0.0104369
0.0126316
0.014915
0.0172815
0.0197247
0.0222382
0.0248164
0.0274537
0.0301438
0.03288
0.0356552
0.0384631
0.0412971
0.0441502
0.0470154
0.0498859
0.0527551
0.0556164
0.058463
0.0612877
0.0640836
0.0668444
0.0695632
0.0722332
0.0748479
0.0774008
0.0798851
0.0822945
0.0846227
0.086863
0.0890092
0.0910555
0.0929963
0.0948257
0.0965382
0.0981289
0.0995933
0.100928
0.102128
0.103193
0.10412
0.104906
0.105549
0.10605
0.106409
0.106625
0.106701
0.106641
0.106448
0.106131
0.105695
0.105149
0.104504
0.103773
0.102972
0.102119
0.101236
0.100347
0.0994796
0.0986657
0.0979402
0.0973401
0.0969035
0.096679
0.0966864
0.000286442
0.000334098
0.000163607
-0.000179567
-0.0006579
-0.00124562
-0.00191151
-0.00262479
-0.00335757
-0.00408572
-0.0047873
-0.0054435
-0.00603888
-0.00655959
-0.00699335
-0.0073296
-0.00755925
-0.00767532
-0.00767212
-0.00754516
-0.00729117
-0.00690841
-0.00639598
-0.00575355
-0.0049812
-0.00407925
-0.00304877
-0.00189166
-0.000610501
0.000791496
0.00231052
0.00394259
0.00568376
0.00753006
0.00947709
0.01152
0.0136538
0.0158735
0.0181733
0.0205473
0.0229897
0.0254952
0.0280582
0.0306725
0.033331
0.0360275
0.0387556
0.0415093
0.0442815
0.0470655
0.0498547
0.0526426
0.0554224
0.0581876
0.0609314
0.0636475
0.0663296
0.0689708
0.0715643
0.0741038
0.0765834
0.0789968
0.0813375
0.0835994
0.0857761
0.0878616
0.0898506
0.0917377
0.0935175
0.0951846
0.0967343
0.098163
0.0994668
0.100643
0.101688
0.102601
0.103379
0.104023
0.104531
0.104904
0.105143
0.105251
0.10523
0.105085
0.104824
0.104451
0.103978
0.103413
0.102769
0.102062
0.101309
0.100529
0.0997441
0.0989785
0.0982591
0.0976156
0.0970776
0.0966755
0.0964516
0.0964328
0.000868205
0.000838398
0.000629663
0.000276652
-0.000189098
-0.000744215
-0.00136252
-0.00201773
-0.00268662
-0.0033481
-0.00398301
-0.00457486
-0.00510851
-0.00557123
-0.00595209
-0.00624074
-0.00642849
-0.00650857
-0.00647542
-0.00632463
-0.0060531
-0.00565868
-0.00514025
-0.00449734
-0.00372979
-0.00283784
-0.0018224
-0.000685012
0.000571972
0.00194541
0.00343166
0.00502721
0.00672857
0.00853187
0.010433
0.0124275
0.0145106
0.0166771
0.018921
0.0212368
0.0236194
0.0260637
0.028564
0.0311141
0.0337073
0.0363374
0.0389986
0.0416844
0.0443883
0.0471038
0.0498246
0.0525442
0.0552558
0.0579527
0.0606286
0.0632776
0.0658935
0.0684697
0.0709993
0.0734765
0.0758952
0.0782494
0.0805329
0.0827395
0.0848633
0.0868986
0.0888402
0.0906831
0.0924219
0.0940517
0.0955682
0.0969678
0.0982469
0.0994023
0.100432
0.101334
0.102106
0.102749
0.103263
0.103649
0.103907
0.104039
0.10405
0.103944
0.103726
0.103403
0.102984
0.102479
0.101901
0.101263
0.100581
0.099872
0.0991556
0.098453
0.0977879
0.0971851
0.0966697
0.0962673
0.0960095
0.0959173
0.00166532
0.00150969
0.00122932
0.000841483
0.000365108
-0.000180397
-0.000772836
-0.00139121
-0.00201546
-0.00262755
-0.0032117
-0.00375282
-0.00423716
-0.00465298
-0.00498988
-0.0052385
-0.00539076
-0.00543989
-0.00538064
-0.00520888
-0.00492174
-0.00451712
-0.00399364
-0.00335049
-0.00258725
-0.00170424
-0.000702277
0.0004173
0.00165223
0.00299952
0.00445598
0.00601845
0.00768364
0.00944778
0.011307
0.0132572
0.0152938
0.0174113
0.019604
0.0218667
0.0241946
0.0265829
0.0290255
0.0315164
0.0340494
0.0366188
0.0392185
0.0418422
0.0444835
0.0471361
0.0497941
0.0524509
0.0550997
0.0577343
0.0603485
0.0629363
0.0654917
0.0680082
0.0704795
0.0728998
0.0752634
0.0775637
0.0797949
0.0819512
0.084027
0.0860167
0.0879155
0.0897185
0.0914203
0.0930165
0.0945032
0.0958768
0.0971336
0.0982705
0.0992854
0.100177
0.100945
0.101588
0.102107
0.102503
0.102777
0.102932
0.10297
0.102896
0.102715
0.102434
0.102061
0.101606
0.10108
0.100497
0.0998697
0.0992133
0.0985451
0.0978841
0.0972502
0.0966642
0.0961471
0.0957203
0.0954004
0.0951962
0.00260742
0.00230034
0.00192765
0.00148769
0.00098241
0.000428474
-0.000156712
-0.000755906
-0.00135261
-0.00193175
-0.0024793
-0.00298231
-0.00342886
-0.00380783
-0.00410949
-0.00432549
-0.00444836
-0.00447176
-0.00439065
-0.00420124
-0.00390072
-0.00348727
-0.0029595
-0.00231626
-0.00155705
-0.00068209
0.000307876
0.0014115
0.00262647
0.00395008
0.00537968
0.00691239
0.00854499
0.0102739
0.0120956
0.014006
0.0160004
0.0180731
0.0202192
0.0224341
0.0247129
0.0270503
0.0294406
0.0318778
0.0343564
0.0368705
0.0394143
0.0419817
0.0445664
0.0471624
0.0497635
0.0523631
0.0549551
0.0575335
0.0600921
0.0626248
0.0651257
0.0675885
0.0700071
0.0723762
0.0746898
0.0769418
0.079126
0.0812371
0.0832699
0.085219
0.0870797
0.0888469
0.0905157
0.092082
0.0935422
0.0948926
0.0961294
0.0972497
0.0982518
0.0991346
0.0998976
0.100541
0.101064
0.10147
0.101758
0.101931
0.101991
0.101944
0.101794
0.101547
0.101211
0.100796
0.100312
0.0997697
0.0991814
0.098561
0.0979237
0.0972856
0.0966634
0.0960739
0.0955351
0.0950644
0.0946619
0.0943224
0.00364421
0.00317587
0.00269824
0.00219307
0.00164461
0.00106593
0.000472349
-0.000123215
-0.000707863
-0.00126857
-0.00179299
-0.00227014
-0.00268957
-0.00304117
-0.00331609
-0.00350666
-0.00360607
-0.00360869
-0.00350994
-0.00330633
-0.00299517
-0.00257464
-0.00204334
-0.00140022
-0.000644785
0.000223013
0.0012024
0.0022918
0.00348906
0.00479182
0.00619772
0.007704
0.00930755
0.0110054
0.012794
0.014669
0.0166256
0.0186585
0.0207633
0.0229356
0.0251706
0.0274627
0.0298063
0.032196
0.0346262
0.037091
0.0395849
0.042102
0.0446364
0.0471819
0.0497324
0.0522815
0.054823
0.0573514
0.0598607
0.0623447
0.0647973
0.0672125
0.0695846
0.0719083
0.0741778
0.0763867
0.0785295
0.080601
0.0825963
0.0845099
0.086337
0.0880728
0.0897129
0.0912531
0.0926899
0.0940197
0.0952389
0.0963448
0.0973361
0.0982117
0.0989711
0.099614
0.100141
0.100554
0.100853
0.10104
0.101119
0.101093
0.100967
0.100748
0.100441
0.100056
0.0996014
0.0990872
0.0985245
0.0979255
0.0973034
0.0966717
0.0960442
0.0954345
0.0948579
0.0943284
0.0938299
0.0933426
0.00473686
0.00410489
0.00351578
0.00293657
0.00233374
0.00171804
0.00110264
0.000497255
-8.80024e-05
-0.000642418
-0.00115552
-0.0016175
-0.00201918
-0.0023519
-0.00260767
-0.00277942
-0.002861
-0.00284747
-0.00273495
-0.00252024
-0.0022009
-0.00177505
-0.00124123
-0.000598539
0.000153506
0.00101492
0.00198483
0.00306156
0.00424329
0.00552791
0.00691306
0.00839619
0.00997446
0.011645
0.0134045
0.0152483
0.0171714
0.0191693
0.0212381
0.0233731
0.0255693
0.0278214
0.0301239
0.0324717
0.0348592
0.0372808
0.0397308
0.0422036
0.0446936
0.0471947
0.0497006
0.0522052
0.0547027
0.0571876
0.0596536
0.0620947
0.0645049
0.0668787
0.0692102
0.0714942
0.0737249
0.0758963
0.078003
0.0800403
0.0820031
0.0838859
0.085684
0.0873928
0.0890079
0.0905255
0.0919419
0.0932537
0.0944577
0.0955514
0.0965337
0.0974036
0.09816
0.0988026
0.0993323
0.0997501
0.100057
0.100256
0.100349
0.10034
0.100233
0.100034
0.0997482
0.0993838
0.0989485
0.0984515
0.0979027
0.0973127
0.0966927
0.0960539
0.0954076
0.0947647
0.094138
0.0935394
0.0929369
0.0922975
0.00585234
0.00505997
0.00435684
0.00369719
0.00303233
0.00237036
0.00172229
0.00109605
0.000499586
-5.8818e-05
-0.000570385
-0.0010263
-0.00141856
-0.0017398
-0.00198294
-0.00214169
-0.00221072
-0.00218554
-0.00206287
-0.00183999
-0.00151465
-0.001085
-0.000549672
9.22665e-05
0.000841249
0.00169697
0.00265843
0.0037241
0.00489234
0.00616126
0.00752845
0.00899155
0.0105482
0.0121955
0.0139295
0.0157457
0.0176398
0.0196074
0.0216449
0.0237476
0.0259102
0.0281274
0.0303943
0.0327058
0.0350563
0.0374402
0.0398521
0.0422869
0.0447384
0.0472007
0.0496678
0.052134
0.0545937
0.057041
0.0594697
0.0618738
0.0642476
0.0665855
0.0688821
0.0711318
0.0733292
0.0754684
0.0775444
0.0795525
0.0814876
0.0833441
0.0851174
0.0868031
0.088397
0.0898951
0.091294
0.0925906
0.0937818
0.0948655
0.0958405
0.0967056
0.0974593
0.0981013
0.0986324
0.0990541
0.0993675
0.0995745
0.0996781
0.0996815
0.0995883
0.099403
0.0991308
0.0987787
0.0983541
0.0978652
0.0973203
0.0967287
0.0960998
0.0954431
0.0947675
0.0940815
0.0933961
0.0927216
0.0920112
0.0912199
0.00696443
0.00601715
0.00519978
0.00445602
0.00372355
0.00300808
0.00231939
0.0016636
0.00104689
0.000475919
-4.20825e-05
-0.000499678
-0.000889849
-0.00120605
-0.00144225
-0.00159316
-0.0016542
-0.00162157
-0.00149223
-0.00126387
-0.000934494
-0.000502424
3.36059e-05
0.000674544
0.00142067
0.00227123
0.00322526
0.00428158
0.0054384
0.00669379
0.00804575
0.00949209
0.0110305
0.012658
0.0143702
0.0161627
0.018032
0.0199742
0.0219851
0.0240599
0.0261937
0.0283815
0.0306182
0.0328987
0.0352176
0.0375695
0.0399492
0.0423515
0.0447703
0.0471997
0.0496341
0.0520678
0.0544954
0.0569109
0.0593081
0.0616809
0.064024
0.0663319
0.068599
0.0708199
0.0729893
0.0751017
0.0771521
0.0791358
0.0810477
0.0828823
0.084635
0.0863015
0.0878776
0.0893595
0.090744
0.092028
0.0932089
0.0942846
0.0952537
0.0961146
0.0968659
0.097507
0.098039
0.0984632
0.098781
0.0989941
0.0991049
0.0991165
0.0990317
0.0988542
0.098589
0.0982425
0.0978214
0.0973325
0.0967831
0.0961808
0.0955339
0.0948505
0.0941376
0.093401
0.092651
0.0918964
0.0910769
0.0901371
0.00805069
0.00695498
0.00602566
0.00519609
0.0043915
0.00361754
0.00288243
0.00219026
0.00154608
0.000955546
0.000424371
-4.13713e-05
-0.000435537
-0.000752371
-0.000986802
-0.00113447
-0.00119158
-0.00115507
-0.00102218
-0.000790767
-0.00045917
-2.58801e-05
0.000510341
0.00115011
0.00189339
0.00273944
0.00368718
0.00473562
0.00588299
0.00712716
0.00846654
0.00989944
0.011423
0.0130336
0.0147274
0.0165006
0.0183496
0.0202706
0.0222594
0.0243111
0.0264209
0.0285842
0.0307958
0.0330507
0.0353434
0.0376689
0.040022
0.0423974
0.0447892
0.0471914
0.0495989
0.052006
0.0544072
0.0567965
0.0591677
0.061515
0.0638331
0.0661166
0.0683597
0.0705572
0.072704
0.0747948
0.0768246
0.0787887
0.0806818
0.0824986
0.0842347
0.085886
0.0874481
0.0889172
0.0902904
0.0915648
0.0927376
0.093807
0.0947713
0.095629
0.0963782
0.0970185
0.0975509
0.0979769
0.0982977
0.0985147
0.0986297
0.0986451
0.0985637
0.0983888
0.0981253
0.0977786
0.0973546
0.0968589
0.0962975
0.0956771
0.095005
0.094288
0.0935311
0.0927386
0.0919199
0.0910829
0.0901552
0.0890718
0.00909223
0.00785526
0.0068171
0.00590124
0.00502244
0.00418628
0.00340021
0.00266673
0.00198971
0.00137386
0.000823864
0.000344699
-5.84939e-05
-0.000380888
-0.000618188
-0.000766782
-0.000823704
-0.00078634
-0.000652497
-0.000420173
-8.78483e-05
0.000345714
0.000881638
0.00152011
0.00226068
0.0031029
0.00404573
0.00508764
0.00622715
0.0074627
0.00879258
0.0102148
0.0117264
0.0133236
0.0150027
0.0167605
0.0185935
0.0204977
0.0224686
0.0245017
0.0265925
0.0287361
0.0309276
0.0331619
0.0354339
0.0377384
0.0400704
0.0424245
0.0447946
0.0471753
0.0495615
0.0519477
0.054328
0.0566966
0.0590474
0.0613748
0.0636736
0.0659382
0.0681629
0.0703425
0.0724721
0.0745464
0.0765605
0.0785095
0.0803882
0.0821914
0.0839151
0.0855551
0.0871071
0.0885672
0.0899322
0.0911995
0.0923666
0.0934314
0.0943922
0.0952474
0.0959951
0.0966349
0.0971678
0.0975952
0.0979176
0.0981361
0.0982519
0.0982673
0.0981852
0.0980088
0.0977425
0.0973906
0.096958
0.0964492
0.0958695
0.0952251
0.0945221
0.0937659
0.0929602
0.0921079
0.091218
0.0902979
0.0892644
0.0880432
0.0100744
0.00870235
0.00755839
0.00655762
0.00560391
0.00470295
0.00386264
0.00308429
0.00237036
0.00172466
0.00115132
0.000654351
0.000237863
-9.42298e-05
-0.000338411
-0.000491692
-0.000551749
-0.000516311
-0.000383661
-0.000152161
0.000179741
0.000612943
0.00114798
0.001785
0.00252346
0.0033626
0.00430145
0.00533852
0.00647225
0.00770148
0.00902466
0.0104392
0.0119416
0.0135286
0.015197
0.0169437
0.0187647
0.0206561
0.0226135
0.0246326
0.026709
0.0288377
0.0310139
0.0332327
0.0354891
0.0377782
0.0400944
0.0424323
0.0447863
0.0471511
0.0495217
0.0518922
0.054257
0.0566104
0.0589464
0.0612595
0.0635445
0.0657957
0.0680073
0.0701745
0.0722922
0.0743551
0.0763583
0.0782968
0.0801654
0.0819595
0.083675
0.0853078
0.0868535
0.0883079
0.0896678
0.0909307
0.0920942
0.0931562
0.0941149
0.0949685
0.0957153
0.0963552
0.0968888
0.0973169
0.0976395
0.0978569
0.0979706
0.097983
0.0978971
0.0977159
0.0974426
0.097081
0.0966346
0.0961075
0.0955047
0.0948314
0.0940929
0.0932933
0.0924351
0.0915204
0.0905581
0.0895554
0.0884189
0.087066
0.0109848
0.00948333
0.00823692
0.00715278
0.00612435
0.00515758
0.00426086
0.00343484
0.00268086
0.00200194
0.00140159
0.000883074
0.000449615
0.000104277
-0.000150196
-0.000311374
-0.000377299
-0.000346287
-0.000216673
1.2753e-05
0.000343189
0.000775442
0.00130941
0.00194491
0.00268172
0.00351884
0.00445482
0.00548848
0.00661882
0.00784448
0.00916341
0.0105727
0.0120691
0.0136496
0.0153112
0.0170506
0.0188636
0.0207463
0.0226946
0.0247043
0.0267708
0.0288894
0.0310551
0.0332635
0.0355096
0.0377881
0.0400937
0.0424209
0.0447643
0.0471187
0.0494789
0.0518392
0.0541939
0.0565374
0.0588642
0.0611686
0.0634451
0.0656882
0.0678921
0.0700521
0.0721632
0.0742198
0.0762167
0.0781491
0.0800121
0.0818014
0.0835131
0.0851428
0.0866857
0.0881376
0.0894954
0.0907566
0.0919188
0.0929799
0.093938
0.0947912
0.0955382
0.0961786
0.0967127
0.0971406
0.0974616
0.0976761
0.0977856
0.097793
0.0977008
0.0975115
0.0972275
0.0968516
0.0963871
0.0958377
0.0952077
0.0945018
0.0937241
0.0928776
0.0919644
0.0909857
0.0899507
0.0888666
0.0876302
0.0861516
0.0118129
0.010188
0.0088423
0.00767597
0.00657374
0.00554111
0.00458665
0.00371088
0.00291456
0.00219985
0.0015695
0.00102625
0.000572584
0.000210869
-5.68284e-05
-0.00022856
-0.000302613
-0.000277939
-0.000153009
7.34145e-05
0.000401739
0.000832217
0.00136495
0.00199957
0.00273529
0.00357099
0.00450548
0.00553785
0.00666712
0.00789155
0.00920859
0.0106153
0.012109
0.0136867
0.0153454
0.0170812
0.0188903
0.0207686
0.0227123
0.024717
0.0267782
0.0288912
0.0310515
0.0332546
0.0354954
0.0377685
0.0400685
0.0423903
0.0447286
0.047078
0.0494333
0.0517886
0.0541385
0.0564777
0.0588007
0.0611017
0.063375
0.0656151
0.0678166
0.0699747
0.0720842
0.0741393
0.0761346
0.0780655
0.0799276
0.0817166
0.0834286
0.0850588
0.0866023
0.088055
0.0894138
0.0906762
0.0918396
0.0929018
0.0938609
0.0947153
0.0954635
0.0961048
0.0966392
0.0970659
0.0973842
0.0975944
0.0976986
0.0976993
0.0975986
0.0973982
0.0970998
0.096706
0.0962198
0.0956448
0.0949845
0.0942427
0.0934226
0.0925268
0.0915566
0.0905131
0.0894055
0.0882413
0.0869082
0.0853093
0.0125501
0.0108076
0.00936572
0.00811884
0.0069435
0.00584516
0.0048324
0.00390554
0.00306507
0.00231244
0.00164975
0.00107912
0.000602415
0.000221595
-6.17036e-05
-0.000246194
-0.00033051
-0.000313452
-0.000194188
2.80672e-05
0.000353575
0.000782151
0.00131369
0.0019477
0.002683
0.00351837
0.00445304
0.00548631
0.00661674
0.00784204
0.00915961
0.0105669
0.0120613
0.0136398
0.0152991
0.0170352
0.0188444
0.0207227
0.0226662
0.0246704
0.0267309
0.0288432
0.0310031
0.0332059
0.0354464
0.0377191
0.0400188
0.0423406
0.0446792
0.0470289
0.0493844
0.0517402
0.0540909
0.0564314
0.058756
0.0610587
0.0633339
0.0655762
0.0677805
0.0699418
0.0720546
0.074113
0.0761115
0.0780458
0.0799117
0.0817048
0.083421
0.0850554
0.0866029
0.0880598
0.0894228
0.0906895
0.0918567
0.0929224
0.0938845
0.0947416
0.095492
0.0961346
0.0966688
0.0970938
0.0974089
0.0976145
0.0977125
0.0977051
0.0975936
0.0973791
0.0970633
0.0966487
0.0961382
0.095535
0.0948417
0.0940611
0.0931961
0.0922489
0.0912205
0.0901116
0.088932
0.0876888
0.0862621
0.0845479
0.013189
0.0113341
0.00979976
0.00847404
0.00722622
0.00606239
0.00499112
0.00401229
0.00312621
0.00233387
0.00163675
0.00103654
0.000534677
0.000132496
-0.000168588
-0.000367482
-0.00046343
-0.000455338
-0.000342645
-0.000125252
0.000196858
0.000623489
0.00115413
0.00178784
0.00252343
0.00336001
0.00429692
0.0053331
0.00646661
0.00769497
0.00901579
0.0104268
0.0119253
0.0135081
0.0151716
0.0169119
0.0187253
0.0206079
0.0225556
0.0245638
0.0266284
0.028745
0.0309095
0.0331168
0.0353619
0.0376393
0.0399441
0.0422713
0.0446155
0.0469708
0.049332
0.0516938
0.054051
0.0563983
0.0587297
0.0610391
0.0633213
0.0655712
0.0677834
0.069953
0.0720739
0.0741404
0.0761472
0.07809
0.0799643
0.0817659
0.0834901
0.0851323
0.0866876
0.0881521
0.0895228
0.0907967
0.0919707
0.0930423
0.0940096
0.0948709
0.0956243
0.0962687
0.0968029
0.0972264
0.0975383
0.0977391
0.0978302
0.097813
0.0976886
0.0974577
0.0971222
0.0966847
0.0961479
0.0955141
0.0947853
0.0939637
0.0930518
0.0920517
0.0909641
0.0897897
0.0885382
0.0872175
0.0856998
0.0838749
0.013724
0.0117612
0.0101376
0.00873487
0.00741541
0.00618624
0.0050563
0.00402485
0.00309185
0.00225828
0.00152507
0.000893364
0.000364507
-6.06038e-05
-0.000381056
-0.000595866
-0.000704337
-0.000706135
-0.00060104
-0.000389067
-7.04568e-05
0.000354274
0.000884189
0.00151816
0.0022553
0.00309493
0.00403605
0.00507697
0.00621548
0.00744932
0.0087764
0.0101944
0.0117003
0.0132906
0.0149618
0.0167103
0.0185321
0.0204233
0.0223794
0.0243963
0.0264698
0.0285958
0.0307697
0.0329865
0.0352411
0.0375285
0.0398437
0.0421817
0.0445366
0.046903
0.0492755
0.051649
0.0540182
0.0563777
0.058721
0.0610425
0.0633371
0.0655996
0.0678249
0.0700076
0.0721417
0.0742214
0.0762415
0.0781976
0.0800851
0.0818992
0.0836355
0.0852892
0.086856
0.0883318
0.0897136
0.0909979
0.0921814
0.0932614
0.0942359
0.0951028
0.0958605
0.0965073
0.0970424
0.0974649
0.097774
0.0979697
0.098053
0.0980246
0.0978855
0.0976367
0.0972801
0.0968182
0.0962532
0.0955867
0.0948202
0.0939556
0.0929953
0.0919411
0.0907938
0.0895536
0.0882308
0.0868337
0.0852273
0.0832956
0.0141512
0.012084
0.0103732
0.00889523
0.00750516
0.00621075
0.00502167
0.00393699
0.00295615
0.0020799
0.00130917
0.000644705
8.73284e-05
-0.000362138
-0.000702949
-0.000934569
-0.00105658
-0.00106909
-0.000972163
-0.000765906
-0.000450829
-2.79294e-05
0.000501612
0.00113692
0.00187733
0.00272187
0.00366889
0.00471633
0.00586211
0.00710427
0.00844068
0.00986866
0.011385
0.0129863
0.0146691
0.0164296
0.018264
0.0201678
0.0221369
0.0241672
0.0262546
0.0283948
0.0305829
0.032814
0.0350834
0.037386
0.0397169
0.0420708
0.0444419
0.0468248
0.0492143
0.0516051
0.0539919
0.0563688
0.0587295
0.0610684
0.0633806
0.0656611
0.0679044
0.0701051
0.0722573
0.0743552
0.0763937
0.0783679
0.0802728
0.0821037
0.0838561
0.0855255
0.0871076
0.0885985
0.0899946
0.0912924
0.0924881
0.0935789
0.0945625
0.0954369
0.0962002
0.0968508
0.0973879
0.0978103
0.0981169
0.0983073
0.0983819
0.0983415
0.0981869
0.0979192
0.0975405
0.0970529
0.096458
0.0957568
0.0949508
0.0940418
0.0930319
0.0919228
0.0907151
0.0894089
0.0880151
0.0865426
0.0848492
0.0828136
0.0144674
0.0122977
0.0105015
0.00894949
0.00748957
0.00613011
0.00488149
0.00374276
0.00271325
0.00179339
0.000983932
0.000285537
-0.00030133
-0.000776064
-0.00113813
-0.00138727
-0.00152368
-0.00154755
-0.00145901
-0.00125853
-0.00094706
-0.000525794
4.31575e-06
0.000642583
0.00138804
0.00223906
0.00319361
0.00424969
0.00540547
0.00665892
0.00800759
0.00944855
0.0109786
0.0125945
0.0142926
0.0160692
0.0179199
0.0198406
0.0218273
0.0238758
0.025982
0.028141
0.0303482
0.0325988
0.0348882
0.0372114
0.0395633
0.0419383
0.044331
0.0467359
0.049148
0.0515618
0.0539715
0.0563712
0.0587547
0.0611165
0.0634517
0.0657553
0.0680216
0.0702453
0.0724205
0.0745416
0.0766032
0.0786001
0.0805269
0.0823789
0.0841516
0.085841
0.0874424
0.088952
0.0903658
0.0916798
0.0928903
0.0939943
0.0949894
0.0958734
0.0966443
0.0973005
0.0978409
0.098264
0.0985684
0.0987534
0.0988192
0.0987665
0.0985962
0.0983094
0.0979077
0.097393
0.0967665
0.0960292
0.0951824
0.0942278
0.0931672
0.0920024
0.0907336
0.0893611
0.0878964
0.0863489
0.0845698
0.0824327
0.0146688
0.0123988
0.0105181
0.00889249
0.00736313
0.0059386
0.00463012
0.00343674
0.00235773
0.00139351
0.000544536
-0.000188716
-0.000805807
-0.0013064
-0.00169044
-0.00195794
-0.00210927
-0.00214472
-0.00206471
-0.00187012
-0.00156212
-0.00114169
-0.000609533
3.3382e-05
0.000785397
0.00164442
0.00260845
0.00367576
0.00484442
0.00611204
0.00747587
0.00893295
0.0104802
0.0121143
0.0138316
0.015628
0.0174991
0.0194412
0.0214501
0.0235217
0.0256512
0.027834
0.0300653
0.0323406
0.0346553
0.0370043
0.0393823
0.0417839
0.0442036
0.0466362
0.0490764
0.0515185
0.0539565
0.0563844
0.0587964
0.0611867
0.0635505
0.0658822
0.0681767
0.0704283
0.0726315
0.0747806
0.07687
0.0788941
0.0808474
0.082725
0.0845228
0.0862363
0.0878612
0.089393
0.0908276
0.0921609
0.093389
0.0945089
0.0955181
0.0964141
0.0971948
0.0978584
0.0984033
0.098828
0.0991308
0.0993108
0.0993682
0.0993037
0.0991178
0.0988115
0.098386
0.097843
0.0971837
0.0964092
0.0955205
0.0945191
0.0934068
0.0921852
0.0908546
0.0894155
0.0878798
0.0862573
0.0843934
0.0821562
0.0147521
0.0123834
0.0104188
0.00871961
0.00712079
0.00563107
0.00426226
0.00301376
0.0018847
0.000875394
-1.37574e-05
-0.000782408
-0.00143029
-0.00195747
-0.00236413
-0.00265053
-0.00281701
-0.00286417
-0.00279284
-0.00260404
-0.00229875
-0.00187776
-0.00134199
-0.000693065
6.68816e-05
0.000935744
0.00191173
0.00299303
0.00417735
0.00546196
0.00684401
0.00832065
0.00988879
0.0115449
0.013285
0.015105
0.0170009
0.0189688
0.0210047
0.0231039
0.0252615
0.0274729
0.0297335
0.0320389
0.0343843
0.0367643
0.0391738
0.0416073
0.0440596
0.0465255
0.0489992
0.0514749
0.0539466
0.0564085
0.0588546
0.0612792
0.0636769
0.0660423
0.06837
0.0706547
0.072891
0.075073
0.0771949
0.0792508
0.0812352
0.0831433
0.0849708
0.086713
0.0883653
0.0899229
0.0913815
0.0927371
0.0939859
0.0951246
0.0961507
0.0970613
0.0978538
0.0985263
0.0990771
0.0995044
0.0998065
0.0999825
0.100033
0.0999567
0.0997554
0.099429
0.0989789
0.0984068
0.097714
0.0969013
0.0959695
0.0949201
0.0937549
0.0924756
0.0910825
0.089576
0.0879687
0.0862712
0.0843229
0.0819866
0.014714
0.0122475
0.0101997
0.00842662
0.00675782
0.00520264
0.00377316
0.00246902
0.00128934
0.000234381
-0.000695481
-0.00150006
-0.00217939
-0.00273385
-0.00316362
-0.00346912
-0.00365089
-0.00370992
-0.00364719
-0.00346347
-0.00315955
-0.00273648
-0.00219583
-0.00153967
-0.000770136
0.000110866
0.00110146
0.00219942
0.00340209
0.00470665
0.0061103
0.00761014
0.00920279
0.0108844
0.0126511
0.0144989
0.0164241
0.0184225
0.0204898
0.0226211
0.0248116
0.0270567
0.0293519
0.0316928
0.034074
0.0364905
0.0389368
0.0414079
0.0438985
0.046403
0.0489155
0.0514303
0.0539413
0.0564429
0.058929
0.0613937
0.063831
0.0662354
0.0686018
0.070925
0.0731995
0.0754194
0.0775786
0.0796712
0.0816916
0.083635
0.0854969
0.0872722
0.0889558
0.0905427
0.0920288
0.0934101
0.0946828
0.0958436
0.0968893
0.0978167
0.0986231
0.0993061
0.0998642
0.100295
0.100598
0.100772
0.100815
0.100729
0.100512
0.100165
0.09969
0.0990884
0.0983614
0.0975095
0.0965334
0.0954347
0.0942155
0.0928774
0.0914208
0.0898462
0.0881665
0.0863938
0.084361
0.081926
0.0145517
0.0119873
0.00985622
0.00800918
0.00626989
0.00464877
0.00315821
0.00179782
0.000566924
-0.000534211
-0.00150535
-0.00234657
-0.00305813
-0.0036403
-0.00409346
-0.00441818
-0.00461541
-0.00468623
-0.00463137
-0.00445145
-0.00414748
-0.00372113
-0.00317446
-0.00250955
-0.00172828
-0.000832649
0.000175058
0.00129223
0.00251609
0.00384386
0.00527268
0.00679928
0.00841996
0.0101308
0.0119281
0.0138081
0.015767
0.0178003
0.0199035
0.0220716
0.0242998
0.0265839
0.0289191
0.0313005
0.033723
0.0361812
0.0386701
0.0411846
0.0437189
0.0462674
0.0488241
0.0513834
0.0539396
0.0564868
0.0590188
0.0615291
0.0640117
0.0664609
0.0688716
0.0712388
0.0735569
0.0758198
0.0780213
0.0801555
0.0822169
0.0842006
0.0861016
0.0879142
0.089633
0.0912531
0.0927705
0.0941813
0.0954816
0.0966676
0.0977356
0.0986821
0.0995042
0.1002
0.100767
0.101204
0.10151
0.101682
0.10172
0.101623
0.101391
0.101024
0.100524
0.0998926
0.0991308
0.0982386
0.097217
0.0960678
0.0947934
0.0933955
0.0918743
0.0902303
0.0884775
0.0866288
0.0845109
0.0819768
0.0142627
0.0115995
0.00938458
0.0074632
0.0056529
0.00396507
0.00241271
0.000995424
-0.00028732
-0.00143536
-0.00244864
-0.0033273
-0.0040716
-0.00468181
-0.00515857
-0.00550273
-0.00571533
-0.00579719
-0.00574893
-0.00557144
-0.0052663
-0.00483565
-0.00428154
-0.00360581
-0.00281045
-0.00189783
-0.000870626
0.000268441
0.00151665
0.00287108
0.00432852
0.00588531
0.00753761
0.00928168
0.0111139
0.0130306
0.0150275
0.0171
0.0192435
0.0214532
0.0237244
0.0260526
0.0284329
0.0308602
0.0333292
0.0358349
0.0383722
0.0409355
0.043519
0.0461169
0.0487233
0.0513328
0.05394
0.0565388
0.0591223
0.0616838
0.0642174
0.0667172
0.0691783
0.0715953
0.0739625
0.0762736
0.0785226
0.0807037
0.0828113
0.0848401
0.0867846
0.0886389
0.0903973
0.092055
0.0936079
0.0950523
0.0963838
0.0975982
0.0986913
0.0996594
0.1005
0.10121
0.101789
0.102235
0.102545
0.102717
0.10275
0.102643
0.102396
0.10201
0.101486
0.100825
0.100027
0.0990937
0.0980256
0.0968251
0.0954945
0.0940355
0.0924482
0.0907336
0.0889066
0.0869806
0.0847766
0.0821419
0.013845
0.0110812
0.00878126
0.00678475
0.00490252
0.00314698
0.00153191
5.68983e-05
-0.00127867
-0.00247466
-0.00353099
-0.00444773
-0.00522513
-0.00586377
-0.0063644
-0.00672794
-0.0069552
-0.00704689
-0.00700393
-0.00682782
-0.00652055
-0.00608422
-0.00552069
-0.00483188
-0.00402016
-0.00308829
-0.00203903
-0.000875033
0.000400843
0.0017853
0.00327468
0.00486515
0.00655298
0.00833457
0.0102062
0.0121638
0.0142031
0.0163192
0.0185078
0.0207641
0.0230834
0.0254609
0.0278913
0.0303696
0.0328909
0.0354498
0.0380411
0.0406588
0.043297
0.0459498
0.0486116
0.0512773
0.0539412
0.056597
0.0592376
0.0618561
0.0644465
0.0670031
0.0695206
0.0719934
0.0744153
0.0767802
0.0790823
0.0813157
0.0834747
0.0855535
0.0875463
0.0894469
0.0912495
0.0929495
0.0945427
0.0960249
0.0973913
0.0986374
0.0997586
0.100751
0.101613
0.102342
0.102935
0.103391
0.103707
0.10388
0.103909
0.103794
0.103533
0.103128
0.10258
0.101889
0.101055
0.10008
0.0989643
0.0977115
0.0963235
0.0948019
0.0931472
0.0913604
0.0894576
0.0874528
0.085161
0.0824235
0.0132962
0.0104294
0.00804262
0.00596958
0.00401417
0.00218967
0.000510673
-0.00102332
-0.00241298
-0.00365801
-0.00475817
-0.00571355
-0.00652457
-0.00719202
-0.00771653
-0.0080988
-0.0083396
-0.00843997
-0.0084014
-0.00822573
-0.00791497
-0.00747104
-0.00689587
-0.00619177
-0.0053615
-0.00440789
-0.00333363
-0.00214148
-0.000834681
0.000583036
0.00210778
0.00373578
0.00546339
0.0072869
0.00920226
0.0112052
0.0132911
0.0154557
0.0176944
0.0200025
0.0223749
0.0248066
0.0272923
0.0298273
0.0324064
0.0350244
0.0376752
0.0403529
0.0430513
0.0457649
0.0484881
0.0512158
0.053942
0.0566603
0.0593636
0.062045
0.0646983
0.0673179
0.069898
0.0724324
0.0749151
0.0773397
0.0797007
0.081992
0.0842076
0.0863416
0.0883876
0.0903394
0.0921914
0.0939387
0.0955768
0.0971011
0.0985063
0.0997875
0.10094
0.101961
0.102848
0.103598
0.104209
0.104677
0.105
0.105176
0.105202
0.105079
0.104806
0.104383
0.103811
0.103089
0.102218
0.1012
0.100037
0.0987312
0.0972844
0.0956987
0.0939748
0.0921142
0.0901336
0.0880481
0.0856659
0.0828231
0.0126132
0.00964062
0.00716461
0.00501317
0.00298295
0.00108785
-0.00065677
-0.00225133
-0.00369635
-0.00499136
-0.00613614
-0.00713086
-0.00797607
-0.00867235
-0.00922021
-0.00962028
-0.00987366
-0.00998197
-0.00994695
-0.00977042
-0.00945428
-0.00900056
-0.00841159
-0.00769005
-0.00683878
-0.00586053
-0.0047581
-0.00353462
-0.00219374
-0.000739424
0.000824465
0.0024942
0.00426599
0.00613577
0.00809918
0.0101518
0.0122894
0.0145075
0.0168015
0.0191663
0.0215969
0.0240879
0.0266345
0.0292318
0.0318746
0.0345571
0.0372732
0.0400165
0.0427811
0.0455615
0.0483523
0.0511478
0.053942
0.0567285
0.0595002
0.0622504
0.0649729
0.0676616
0.0703103
0.0729126
0.0754621
0.0779527
0.0803784
0.0827334
0.0850111
0.0872055
0.08931
0.0913185
0.0932251
0.0950247
0.0967125
0.0982831
0.0997311
0.101052
0.10224
0.103294
0.104209
0.104983
0.105614
0.106096
0.106428
0.106608
0.106634
0.106505
0.10622
0.10578
0.105182
0.104429
0.103522
0.102461
0.10125
0.0998891
0.0983818
0.0967302
0.0949353
0.0929987
0.090938
0.0887695
0.0862941
0.0833428
0.0117923
0.00871083
0.0061429
0.00391069
0.00180347
-0.000164357
-0.00197653
-0.00363322
-0.00513481
-0.00648083
-0.00767115
-0.00870593
-0.0095855
-0.0103102
-0.0108807
-0.0112979
-0.0115633
-0.0116789
-0.0116462
-0.011467
-0.0111434
-0.0106777
-0.0100728
-0.00933144
-0.0084563
-0.00745029
-0.00631655
-0.00505863
-0.00368039
-0.00218577
-0.000578601
0.0011372
0.00295748
0.00487785
0.00689381
0.00900108
0.0111954
0.0134722
0.0158266
0.0182533
0.0207471
0.0233031
0.0259162
0.0285815
0.0312936
0.0340464
0.0368334
0.0396485
0.0424856
0.0453392
0.0482036
0.0510729
0.0539409
0.0568014
0.0596476
0.0624728
0.0652706
0.0680345
0.0707579
0.0734342
0.076057
0.0786197
0.0811165
0.0835408
0.0858864
0.0881467
0.0903154
0.0923861
0.0943527
0.0962098
0.0979519
0.0995733
0.101069
0.102433
0.103662
0.104752
0.1057
0.106502
0.107154
0.107654
0.107997
0.108183
0.10821
0.108076
0.107781
0.107322
0.1067
0.105916
0.104972
0.103868
0.102607
0.10119
0.0996213
0.0979019
0.0960337
0.0940185
0.0918752
0.0896208
0.087049
0.0839849
0.0108297
0.0076357
0.00497266
0.00265675
0.000469839
-0.00157301
-0.00345465
-0.00517502
-0.00673455
-0.0081328
-0.00936952
-0.0104447
-0.0113584
-0.0121112
-0.0127039
-0.0131379
-0.0134148
-0.0135365
-0.0135044
-0.0133206
-0.0129875
-0.0125079
-0.0118847
-0.0111206
-0.0102185
-0.00918165
-0.00801352
-0.00671791
-0.00529865
-0.00375966
-0.00210496
-0.000338848
0.00153418
0.00350957
0.0055829
0.00774992
0.0100062
0.0123469
0.0147669
0.0172608
0.0198234
0.02245
0.0251355
0.0278746
0.0306615
0.0334902
0.0363543
0.0392474
0.0421634
0.0450966
0.0480408
0.05099
0.053938
0.0568788
0.0598058
0.0627123
0.0655915
0.0684366
0.0712409
0.0739975
0.0766998
0.0793412
0.0819152
0.0844151
0.0868344
0.0891666
0.0914053
0.0935439
0.095576
0.0974956
0.0992969
0.100974
0.102522
0.103935
0.105209
0.106341
0.107325
0.108157
0.108835
0.109353
0.109711
0.109906
0.109936
0.109798
0.109492
0.109016
0.10837
0.107556
0.106574
0.105426
0.104114
0.102641
0.101008
0.0992184
0.0972743
0.095178
0.092949
0.0906053
0.0879334
0.0847513
0.00972123
0.00641037
0.00364852
0.00124563
-0.00102383
-0.00314405
-0.00509716
-0.006883
-0.00850204
-0.00995364
-0.0112373
-0.0123529
-0.0133007
-0.0140815
-0.0146964
-0.0151468
-0.0154342
-0.0155605
-0.0155273
-0.0153369
-0.0149924
-0.0144965
-0.0138522
-0.0130624
-0.0121303
-0.0110595
-0.00985376
-0.00851681
-0.0070525
-0.00546493
-0.00375852
-0.00193792
-7.80173e-06
0.00202734
0.00416312
0.00639512
0.00871858
0.0111284
0.0136193
0.0161859
0.0188231
0.0215261
0.0242897
0.0271082
0.0299758
0.0328864
0.0358337
0.0388112
0.0418127
0.0448317
0.047862
0.0508975
0.0539322
0.0569599
0.0599742
0.0629682
0.065935
0.0688676
0.071759
0.0746023
0.0773907
0.080117
0.0827746
0.0853564
0.0878556
0.090266
0.0925808
0.0947932
0.0968963
0.0988838
0.10075
0.102488
0.104094
0.105561
0.106885
0.108062
0.109086
0.109953
0.110659
0.111201
0.111576
0.111782
0.111816
0.111676
0.11136
0.110866
0.110197
0.109353
0.108334
0.107141
0.105777
0.104244
0.102546
0.100684
0.0986614
0.0964808
0.0941628
0.091726
0.0889493
0.0856436
0.0084625
0.0050297
0.00216497
-0.000328299
-0.00268327
-0.00488348
-0.00691038
-0.0087637
-0.0104437
-0.0119496
-0.0132807
-0.014437
-0.0154192
-0.0162281
-0.0168649
-0.0173309
-0.0176276
-0.0177568
-0.0177207
-0.017522
-0.0171638
-0.016649
-0.0159807
-0.0151621
-0.014197
-0.013089
-0.011842
-0.0104597
-0.00894607
-0.00730575
-0.00554349
-0.0036641
-0.00167224
0.000427621
0.00263098
0.00493311
0.00732892
0.00981313
0.0123805
0.0150256
0.0177434
0.0205287
0.023376
0.0262796
0.0292338
0.0322323
0.0352691
0.0383374
0.0414306
0.0445418
0.0476648
0.0507934
0.0539216
0.0570432
0.0601515
0.0632395
0.0663
0.0693263
0.0723114
0.0752481
0.078129
0.0809469
0.0836945
0.0863646
0.0889505
0.0914455
0.0938427
0.0961349
0.0983149
0.100376
0.102312
0.104118
0.105787
0.107314
0.108693
0.109919
0.110987
0.111893
0.112632
0.113201
0.113597
0.113816
0.113856
0.113715
0.11339
0.112881
0.112188
0.111314
0.110256
0.109018
0.107601
0.106008
0.104241
0.102305
0.1002
0.097932
0.0955211
0.092987
0.0900997
0.0866644
0.007049
0.00348866
0.000516668
-0.00207058
-0.0045144
-0.00679762
-0.00890091
-0.0108237
-0.0125661
-0.0141271
-0.0155065
-0.0167043
-0.0177213
-0.0185584
-0.0192165
-0.0196969
-0.0200013
-0.0201319
-0.0200912
-0.0198822
-0.0195078
-0.0189712
-0.018276
-0.0174257
-0.0164242
-0.0152754
-0.013983
-0.012551
-0.0109839
-0.00928668
-0.00746424
-0.00552142
-0.00346285
-0.00129316
0.000982859
0.00336021
0.00583362
0.00839776
0.0110474
0.0137771
0.0165814
0.0194547
0.0223915
0.0253861
0.0284329
0.0315257
0.0346582
0.0378234
0.0410145
0.0442244
0.0474468
0.0506755
0.0539043
0.0571268
0.060336
0.0635245
0.0666855
0.0698122
0.0728977
0.0759343
0.0789145
0.0818305
0.0846748
0.0874402
0.0901195
0.0927058
0.095192
0.0975704
0.0998336
0.101975
0.103988
0.105867
0.107605
0.109197
0.110636
0.111916
0.113033
0.113982
0.114759
0.115359
0.115779
0.116014
0.116062
0.115921
0.115589
0.115066
0.114351
0.113446
0.11235
0.111066
0.109595
0.107939
0.106102
0.104087
0.101898
0.0995382
0.0970297
0.0943932
0.0913898
0.0878177
0.00547638
0.00178231
-0.00130183
-0.00398714
-0.00652361
-0.00889312
-0.0110754
-0.0130697
-0.0148761
-0.0164939
-0.0179227
-0.0191629
-0.020215
-0.0210798
-0.0217583
-0.0222518
-0.0225626
-0.0226931
-0.022646
-0.0224241
-0.0220308
-0.0214696
-0.0207445
-0.0198592
-0.0188178
-0.017624
-0.0162819
-0.014796
-0.0131711
-0.0114125
-0.00952517
-0.00751389
-0.00538347
-0.00313883
-0.000785045
0.00167275
0.00422929
0.00687922
0.0096171
0.0124373
0.0153339
0.0183012
0.0213335
0.0244253
0.027571
0.0307644
0.0339987
0.037267
0.0405622
0.0438775
0.0472063
0.0505422
0.0538788
0.0572091
0.060526
0.0638221
0.0670906
0.0703247
0.0735175
0.076661
0.0797473
0.0827683
0.0857162
0.0885838
0.0913635
0.0940482
0.0966302
0.0991016
0.101455
0.103683
0.10578
0.107738
0.109551
0.111213
0.112718
0.114058
0.11523
0.116227
0.117046
0.117681
0.118127
0.118381
0.118441
0.118303
0.117966
0.11743
0.116693
0.115757
0.114623
0.113291
0.111764
0.110044
0.108134
0.106039
0.103761
0.101305
0.0986946
0.0959499
0.0928244
0.0891075
0.0037399
-9.47804e-05
-0.00329655
-0.00608448
-0.00871767
-0.0111769
-0.0134411
-0.0155094
-0.0173821
-0.0190584
-0.0205382
-0.0218213
-0.0229083
-0.0238001
-0.0244979
-0.0250036
-0.0253194
-0.025448
-0.0253922
-0.025155
-0.02474
-0.0241514
-0.0233932
-0.0224693
-0.0213837
-0.0201406
-0.0187445
-0.0172002
-0.0155131
-0.0136882
-0.0117308
-0.00964581
-0.0074383
-0.00511351
-0.00267666
-0.000132858
0.00251268
0.00525443
0.00808663
0.0110033
0.0139982
0.0170656
0.0201998
0.0233953
0.0266463
0.0299464
0.0332889
0.0366664
0.0400722
0.0434996
0.0469418
0.050392
0.0538433
0.0572886
0.0607203
0.0641313
0.0675147
0.0708636
0.0741708
0.0774283
0.0806276
0.0837606
0.0868194
0.0897963
0.0926838
0.095474
0.0981589
0.10073
0.103181
0.105503
0.10769
0.109734
0.111629
0.113368
0.114943
0.11635
0.117581
0.118632
0.119497
0.12017
0.120648
0.120925
0.120999
0.120867
0.120527
0.119978
0.11922
0.118254
0.117081
0.115701
0.114117
0.11233
0.110345
0.108166
0.105796
0.10324
0.100521
0.0976627
0.094408
0.090538
0.00183404
-0.00214881
-0.0054742
-0.00836956
-0.0111037
-0.0136565
-0.016006
-0.0181515
-0.0200931
-0.0218298
-0.0233614
-0.0246877
-0.0258093
-0.0267276
-0.0274441
-0.0279608
-0.0282801
-0.0284047
-0.0283377
-0.0280825
-0.0276432
-0.027024
-0.0262292
-0.0252626
-0.0241285
-0.0228317
-0.021377
-0.0197698
-0.0180154
-0.016119
-0.014086
-0.0119219
-0.00963202
-0.00722162
-0.004696
-0.00206024
0.000680382
0.00352007
0.00645263
0.00947175
0.0125713
0.0157453
0.0189881
0.0222939
0.0256567
0.02907
0.0325268
0.0360202
0.0395432
0.0430895
0.046652
0.0502234
0.0537965
0.0573637
0.0609177
0.0644511
0.067957
0.0714282
0.0748572
0.0782358
0.0815554
0.0848078
0.0879848
0.0910786
0.0940811
0.0969842
0.0997796
0.102459
0.105014
0.107437
0.109721
0.111859
0.113842
0.115663
0.117317
0.118795
0.120092
0.121202
0.122118
0.122835
0.123347
0.123651
0.123743
0.123619
0.123278
0.122718
0.121941
0.120946
0.119734
0.118305
0.116661
0.114806
0.112743
0.110477
0.108011
0.105348
0.102516
0.099538
0.0961462
0.0921141
-0.000247502
-0.00438659
-0.007842
-0.01085
-0.01369
-0.0163408
-0.0187796
-0.0210055
-0.0230183
-0.024817
-0.0264011
-0.0277709
-0.0289273
-0.0298717
-0.030606
-0.0311323
-0.0314532
-0.0315716
-0.0314909
-0.0312151
-0.0307484
-0.030095
-0.0292594
-0.0282458
-0.0270589
-0.025704
-0.0241862
-0.022511
-0.0206838
-0.0187103
-0.0165963
-0.0143476
-0.0119696
-0.00946775
-0.00684724
-0.00411328
-0.00127141
0.00167229
0.00471133
0.00783924
0.0110499
0.0143373
0.0176955
0.0211183
0.0245995
0.0281325
0.0317105
0.0353264
0.0389737
0.0426456
0.0463351
0.0500345
0.0537362
0.0574327
0.0611163
0.0647798
0.0684159
0.072017
0.0755754
0.0790826
0.08253
0.0859094
0.0892124
0.0924308
0.0955561
0.0985799
0.101494
0.104288
0.106956
0.109488
0.111877
0.114115
0.116193
0.118105
0.119843
0.1214
0.122769
0.123943
0.124915
0.12568
0.126233
0.126568
0.126681
0.126569
0.126229
0.125661
0.124865
0.123841
0.12259
0.121111
0.119407
0.117482
0.115338
0.112981
0.110413
0.107639
0.104688
0.101583
0.0980457
0.093841
-0.00251163
-0.00681563
-0.010408
-0.0135345
-0.0164858
-0.0192395
-0.0217714
-0.0240807
-0.0261669
-0.028029
-0.0296667
-0.0310805
-0.0322718
-0.033242
-0.0339931
-0.0345274
-0.0348478
-0.0349576
-0.0348607
-0.0345612
-0.0340634
-0.0333719
-0.0324912
-0.0314263
-0.0301823
-0.0287645
-0.0271785
-0.0254298
-0.0235243
-0.021468
-0.0192673
-0.0169282
-0.0144562
-0.0118565
-0.00913475
-0.00629629
-0.00334701
-0.000293182
0.00285861
0.00610186
0.00943033
0.0128379
0.0163183
0.019865
0.0234714
0.027131
0.030837
0.0345826
0.0383611
0.0421655
0.0459886
0.0498227
0.0536601
0.0574931
0.061314
0.0651152
0.0688891
0.0726279
0.0763234
0.079967
0.0835502
0.0870646
0.0905017
0.0938528
0.097109
0.100262
0.103302
0.10622
0.109008
0.111657
0.114159
0.116506
0.118688
0.120698
0.122527
0.124169
0.125616
0.12686
0.127895
0.128714
0.129312
0.129682
0.129821
0.129723
0.129388
0.128815
0.128002
0.12695
0.125659
0.124129
0.122364
0.120366
0.118138
0.115685
0.113011
0.110121
0.107043
0.103803
0.100113
0.0957245
-0.00496605
-0.00944439
-0.0131816
-0.016433
-0.0195011
-0.0223623
-0.0249912
-0.0273866
-0.0295485
-0.0314758
-0.0331684
-0.0346271
-0.0358532
-0.0368485
-0.0376151
-0.0381556
-0.0384733
-0.0385721
-0.0384559
-0.038129
-0.0375961
-0.0368621
-0.0359322
-0.0348116
-0.0335057
-0.03202
-0.0303603
-0.0285325
-0.026543
-0.0243983
-0.022105
-0.0196693
-0.0170967
-0.0143928
-0.0115633
-0.00861396
-0.00555103
-0.0023808
0.00089024
0.00425553
0.00770865
0.0112432
0.0148525
0.0185298
0.0222684
0.0260618
0.0299031
0.0337856
0.0377022
0.041646
0.0456096
0.0495853
0.0535655
0.0575424
0.0615081
0.0654546
0.069374
0.0732581
0.0770987
0.080887
0.0846144
0.0882722
0.0918518
0.095344
0.0987396
0.10203
0.105204
0.108255
0.111172
0.113948
0.116571
0.119034
0.121328
0.123444
0.125373
0.127107
0.128639
0.12996
0.131065
0.131944
0.132592
0.133002
0.13317
0.133092
0.132765
0.132189
0.131361
0.130282
0.128951
0.127371
0.125542
0.123469
0.121153
0.118601
0.115815
0.112802
0.10959
0.106209
0.102355
0.0977716
-0.00761957
-0.0122824
-0.0161725
-0.0195555
-0.0227458
-0.0257192
-0.0284489
-0.0309336
-0.0331736
-0.0351682
-0.0369172
-0.0384213
-0.0396821
-0.0407017
-0.0414823
-0.0420271
-0.0423399
-0.0424245
-0.0422855
-0.0419272
-0.041355
-0.0405742
-0.0395904
-0.0384093
-0.0370363
-0.0354772
-0.0337381
-0.0318255
-0.0297463
-0.0275073
-0.0251152
-0.0225762
-0.0198964
-0.0170816
-0.0141378
-0.0110712
-0.00788818
-0.00459494
-0.00119795
0.00229616
0.00588067
0.00954882
0.0132938
0.0171087
0.0209867
0.0249212
0.0289053
0.0329317
0.0369937
0.0410838
0.0451949
0.0493195
0.0534498
0.057578
0.061696
0.0657954
0.0698679
0.0739054
0.0778992
0.0818407
0.0857209
0.0895309
0.0932616
0.0969037
0.100448
0.103884
0.107202
0.110394
0.11345
0.11636
0.119115
0.121704
0.124118
0.126347
0.128384
0.130219
0.131844
0.13325
0.13443
0.135376
0.13608
0.136536
0.136739
0.136685
0.136371
0.135794
0.134953
0.133847
0.132478
0.130846
0.128953
0.126801
0.124395
0.121738
0.118835
0.115692
0.11234
0.108809
0.104782
0.0999913
-0.0104818
-0.0153396
-0.019391
-0.0229121
-0.0262304
-0.0293206
-0.0321553
-0.034733
-0.0370542
-0.0391181
-0.0409246
-0.0424746
-0.0437697
-0.0448125
-0.0456057
-0.0461528
-0.0464577
-0.0465248
-0.0463588
-0.045965
-0.045349
-0.0445168
-0.0434743
-0.0422273
-0.0407815
-0.0391431
-0.0373189
-0.0353157
-0.0331407
-0.030801
-0.0283033
-0.0256544
-0.0228605
-0.0199281
-0.0168635
-0.013673
-0.010363
-0.00693978
-0.00340995
0.000219729
0.00394231
0.0077508
0.0116382
0.0155978
0.0196226
0.0237057
0.0278398
0.0320176
0.036232
0.0404759
0.0447421
0.0490229
0.0533108
0.0575978
0.0618755
0.0661354
0.0703689
0.0745678
0.0787233
0.0828266
0.0868685
0.0908397
0.0947306
0.0985315
0.102233
0.105824
0.109296
0.112639
0.115843
0.118898
0.121792
0.124516
0.12706
0.129413
0.131566
0.13351
0.135237
0.136736
0.137999
0.139018
0.139785
0.140293
0.140537
0.140512
0.140215
0.13964
0.138789
0.13766
0.136253
0.134569
0.132609
0.130377
0.127875
0.12511
0.122084
0.118805
0.115304
0.111614
0.107404
0.102393
-0.0135625
-0.0186263
-0.0228476
-0.0265137
-0.0299661
-0.0331787
-0.0361231
-0.0387978
-0.041203
-0.043338
-0.045203
-0.0467991
-0.0481282
-0.0491931
-0.049997
-0.0505437
-0.0508375
-0.0508833
-0.0506864
-0.0502526
-0.0495882
-0.0486995
-0.0475926
-0.0462737
-0.044749
-0.0430255
-0.0411101
-0.0390102
-0.0367329
-0.0342856
-0.0316754
-0.0289095
-0.0259947
-0.0229378
-0.0197455
-0.016424
-0.0129798
-0.00941944
-0.00574979
-0.00197773
0.00188969
0.00584541
0.00988241
0.0139938
0.0181727
0.0224117
0.0267032
0.0310397
0.0354141
0.0398194
0.0442483
0.0486932
0.0531464
0.0575997
0.0620446
0.0664727
0.0708753
0.0752438
0.0795697
0.0838436
0.0880561
0.0921974
0.0962577
0.100227
0.104095
0.107852
0.111487
0.114991
0.118353
0.121562
0.124606
0.127475
0.130158
0.132644
0.134924
0.136987
0.138824
0.140425
0.141779
0.142878
0.143716
0.144283
0.144575
0.144585
0.144307
0.14374
0.142881
0.14173
0.140286
0.13855
0.136523
0.134208
0.131608
0.128729
0.125574
0.122151
0.118495
0.114637
0.110233
0.104987
-0.0168722
-0.0221536
-0.0265537
-0.0303725
-0.0339661
-0.0373071
-0.0403659
-0.0431413
-0.0456332
-0.0478412
-0.0497656
-0.0514079
-0.0527703
-0.053856
-0.0546684
-0.0552117
-0.0554909
-0.0555115
-0.0552793
-0.0548009
-0.0540828
-0.0531317
-0.0519544
-0.0505574
-0.0489477
-0.0471327
-0.0451197
-0.042916
-0.0405294
-0.0379674
-0.0352376
-0.0323477
-0.029305
-0.0261165
-0.022789
-0.019329
-0.0157431
-0.0120383
-0.00822167
-0.00430026
-0.000281018
0.00382905
0.00802284
0.0122933
0.0166334
0.0210355
0.0254917
0.0299944
0.0345364
0.0391109
0.0437104
0.0483274
0.0529536
0.0575809
0.0622008
0.066805
0.0713849
0.0759318
0.0804366
0.0848899
0.089282
0.0936027
0.0978419
0.101989
0.106034
0.109967
0.113776
0.117451
0.120981
0.124355
0.127559
0.130584
0.133416
0.136047
0.138463
0.140656
0.142612
0.144323
0.145777
0.146967
0.147883
0.148517
0.148863
0.148913
0.148662
0.148106
0.147243
0.146073
0.144593
0.142805
0.140709
0.138308
0.135607
0.132609
0.12932
0.125747
0.121926
0.117891
0.11328
0.107785
-0.020422
-0.0259338
-0.0305229
-0.0345025
-0.0382446
-0.0417201
-0.0448982
-0.0477779
-0.0503593
-0.052642
-0.0546267
-0.0563151
-0.0577099
-0.0588143
-0.0596326
-0.0601695
-0.0604304
-0.0604216
-0.0601496
-0.0596212
-0.0588435
-0.0578238
-0.0565695
-0.055088
-0.0533867
-0.0514732
-0.0493553
-0.0470407
-0.0445372
-0.0418531
-0.0389966
-0.0359755
-0.0327974
-0.0294696
-0.0259992
-0.022393
-0.0186579
-0.0148012
-0.0108303
-0.00675223
-0.00257388
0.00169785
0.00605573
0.0104925
0.0150007
0.0195729
0.024201
0.0288775
0.033595
0.0383465
0.0431246
0.0479213
0.0527284
0.0575377
0.0623408
0.0671294
0.0718951
0.0766289
0.0813215
0.0859632
0.0905439
0.0950534
0.0994812
0.103817
0.108049
0.112168
0.116161
0.120019
0.123728
0.127277
0.130653
0.133844
0.136838
0.139623
0.142188
0.14452
0.146607
0.148438
0.150003
0.151292
0.152296
0.153006
0.153413
0.153509
0.15329
0.152751
0.151889
0.150701
0.149187
0.147348
0.145183
0.142695
0.139887
0.136766
0.133337
0.129606
0.125612
0.12139
0.116559
0.110798
-0.0242251
-0.0299812
-0.0347701
-0.0389191
-0.042817
-0.0464332
-0.0497355
-0.0527231
-0.0553967
-0.0577558
-0.0598013
-0.0615354
-0.062961
-0.0640822
-0.0649036
-0.0654306
-0.0656694
-0.0656266
-0.0653094
-0.0647251
-0.0638814
-0.0627865
-0.0614485
-0.0598754
-0.0580752
-0.0560557
-0.0538251
-0.0513916
-0.0487636
-0.0459499
-0.0429591
-0.0397992
-0.0364781
-0.0330031
-0.0293818
-0.0256215
-0.0217296
-0.0177134
-0.0135806
-0.00933828
-0.00499324
-0.000552439
0.00397676
0.00858681
0.0132703
0.0180195
0.0228268
0.0276844
0.0325851
0.0375214
0.0424858
0.0474701
0.0524662
0.0574657
0.0624604
0.0674421
0.0724022
0.0773317
0.0822211
0.0870602
0.091839
0.096547
0.101174
0.105708
0.110139
0.114455
0.118643
0.122694
0.126593
0.130329
0.133888
0.137259
0.140426
0.143379
0.146103
0.148586
0.150814
0.152778
0.154464
0.155864
0.156965
0.157759
0.158235
0.158386
0.158206
0.15769
0.156832
0.155631
0.154086
0.152195
0.149961
0.147383
0.144467
0.141218
0.137642
0.133746
0.129569
0.125149
0.120085
0.114039
-0.0282959
-0.034311
-0.039311
-0.0436382
-0.0476993
-0.0514626
-0.0548944
-0.0579939
-0.0607621
-0.063199
-0.0653055
-0.0670843
-0.0685391
-0.0696746
-0.070496
-0.0710094
-0.0712214
-0.0711394
-0.070771
-0.0701243
-0.069208
-0.068031
-0.0666021
-0.0649298
-0.0630225
-0.0608887
-0.0585371
-0.0559766
-0.0532163
-0.0502651
-0.0471319
-0.0438251
-0.0403527
-0.0367224
-0.0329423
-0.0290201
-0.0249636
-0.0207802
-0.0164776
-0.0120631
-0.00754361
-0.0029263
0.0017814
0.00657187
0.0114376
0.0163711
0.0213647
0.0264109
0.0315022
0.0366309
0.0417892
0.046969
0.052162
0.0573602
0.0625553
0.0677389
0.0729024
0.0780366
0.0831317
0.0881777
0.0931643
0.0980811
0.102917
0.107661
0.112301
0.116825
0.121221
0.125476
0.129578
0.133513
0.137269
0.140831
0.144184
0.147316
0.150212
0.152859
0.155242
0.15735
0.159171
0.160692
0.161901
0.162789
0.163344
0.163559
0.163425
0.162937
0.162089
0.160879
0.159305
0.157366
0.155061
0.152392
0.149364
0.145983
0.142254
0.138184
0.133814
0.129183
0.123872
0.117524
-0.0326504
-0.0389394
-0.0441625
-0.0486772
-0.0529094
-0.0568264
-0.0603929
-0.063608
-0.0664732
-0.0689887
-0.0711561
-0.0729786
-0.0744608
-0.0756077
-0.0764255
-0.0769207
-0.0771006
-0.0769733
-0.0765472
-0.0758314
-0.0748353
-0.0735687
-0.0720408
-0.0702608
-0.0682378
-0.065981
-0.0634998
-0.0608039
-0.0579027
-0.0548056
-0.0515214
-0.0480591
-0.044427
-0.0406332
-0.0366862
-0.0325942
-0.028365
-0.0240064
-0.019526
-0.0149312
-0.0102294
-0.00542804
-0.000534538
0.00444357
0.00949886
0.0146239
0.0198112
0.0250532
0.0303422
0.0356707
0.0410305
0.0464136
0.0518119
0.0572173
0.0626215
0.068016
0.0733919
0.0787398
0.0840501
0.0893126
0.0945172
0.0996534
0.10471
0.109674
0.114535
0.119279
0.123893
0.128366
0.132682
0.13683
0.140795
0.144562
0.148115
0.15144
0.154521
0.157345
0.159897
0.162164
0.164131
0.165785
0.167115
0.168107
0.168753
0.16904
0.168962
0.168509
0.167678
0.166464
0.164865
0.162878
0.160503
0.157742
0.1546
0.151081
0.147192
0.142939
0.138366
0.133513
0.127939
0.12127
-0.0373054
-0.043884
-0.0493425
-0.0540547
-0.0584665
-0.0625439
-0.0662502
-0.0695845
-0.0725487
-0.0751437
-0.0773718
-0.0792368
-0.0807438
-0.0818988
-0.0827084
-0.08318
-0.0833217
-0.0831425
-0.0826517
-0.0818594
-0.0807757
-0.079411
-0.0777753
-0.0758785
-0.0737307
-0.0713417
-0.068722
-0.0658815
-0.0628304
-0.059578
-0.0561338
-0.052507
-0.0487065
-0.0447408
-0.0406187
-0.0363485
-0.0319384
-0.0273962
-0.0227298
-0.0179468
-0.0130549
-0.00806169
-0.0029748
0.00219846
0.00745084
0.012775
0.0181632
0.0236081
0.029102
0.0346374
0.0402063
0.0458007
0.0514125
0.0570335
0.0626555
0.0682697
0.073867
0.079438
0.084973
0.0904621
0.0958951
0.101261
0.106549
0.111746
0.116838
0.121814
0.126659
0.131362
0.135907
0.140281
0.144469
0.148454
0.152221
0.155753
0.159034
0.162051
0.164786
0.167225
0.169353
0.171155
0.172618
0.173728
0.174475
0.174846
0.174832
0.174424
0.173617
0.172405
0.170784
0.168752
0.166308
0.163455
0.160195
0.156535
0.152479
0.148034
0.143247
0.13816
0.132307
0.125296
-0.0422798
-0.0491645
-0.0548713
-0.0597913
-0.0643912
-0.0686357
-0.0724867
-0.0759438
-0.0790092
-0.0816845
-0.0839727
-0.0858783
-0.0874071
-0.0885658
-0.0893619
-0.0898038
-0.0899006
-0.0896622
-0.089099
-0.0882219
-0.0870418
-0.0855697
-0.0838166
-0.0817934
-0.0795111
-0.0769805
-0.0742125
-0.0712177
-0.0680065
-0.0645891
-0.0609753
-0.0571747
-0.0531967
-0.0490504
-0.0447445
-0.0402875
-0.0356878
-0.0309536
-0.026093
-0.0211138
-0.0160239
-0.010831
-0.00554285
-0.000166632
0.0052905
0.0108212
0.0164178
0.0220728
0.0277787
0.0335282
0.0393137
0.0451272
0.0509606
0.0568055
0.0626536
0.0684961
0.0743239
0.0801275
0.0858971
0.091623
0.097295
0.102902
0.108432
0.113872
0.119209
0.124428
0.129518
0.134464
0.139252
0.143866
0.148291
0.15251
0.156504
0.160259
0.163757
0.166981
0.169916
0.172543
0.174846
0.176811
0.178421
0.179664
0.180525
0.180991
0.181052
0.180699
0.179924
0.17872
0.177083
0.17501
0.172499
0.169553
0.166173
0.162366
0.158136
0.153492
0.14848
0.143145
0.136997
0.129623
-0.0475938
-0.0548021
-0.0607705
-0.0659088
-0.0707055
-0.075124
-0.0791249
-0.0827083
-0.085877
-0.0886332
-0.0909804
-0.0929241
-0.0944707
-0.095628
-0.0964045
-0.0968099
-0.0968543
-0.0965487
-0.0959043
-0.094933
-0.0936466
-0.0920571
-0.0901765
-0.0880167
-0.0855897
-0.0829071
-0.0799802
-0.0768203
-0.0734386
-0.0698458
-0.0660522
-0.0620681
-0.0579032
-0.0535668
-0.0490679
-0.0444152
-0.0396172
-0.0346826
-0.0296195
-0.0244362
-0.0191403
-0.0137397
-0.00824217
-0.00265504
0.00301455
0.00875927
0.0145716
0.0204439
0.0263692
0.0323403
0.0383498
0.0443901
0.0504528
0.0565297
0.0626122
0.0686916
0.0747588
0.0808044
0.0868188
0.0927919
0.0987134
0.104572
0.110355
0.116051
0.121644
0.127121
0.132468
0.137672
0.142716
0.147586
0.152263
0.15673
0.160969
0.164963
0.168694
0.172143
0.175293
0.178125
0.180621
0.182764
0.184539
0.185928
0.186917
0.187492
0.187642
0.187355
0.186621
0.185433
0.183786
0.181676
0.179101
0.176061
0.17256
0.168602
0.164192
0.159338
0.15409
0.148494
0.142034
0.134274
-0.0532692
-0.0608198
-0.0670639
-0.0724307
-0.0774334
-0.0820331
-0.0861892
-0.0899024
-0.0931762
-0.0960132
-0.0984177
-0.100396
-0.101956
-0.103106
-0.103856
-0.104217
-0.104201
-0.103819
-0.103083
-0.102007
-0.100604
-0.0988862
-0.0968672
-0.09456
-0.0919771
-0.0891309
-0.0860338
-0.0826975
-0.0791341
-0.075355
-0.0713713
-0.0671934
-0.0628313
-0.0582949
-0.0535933
-0.0487356
-0.0437306
-0.038587
-0.0333133
-0.0279176
-0.0224077
-0.0167913
-0.0110764
-0.00527041
0.000619306
0.00658552
0.0126209
0.0187181
0.0248702
0.0310703
0.0373114
0.0435858
0.0498855
0.0562021
0.0625271
0.0688519
0.0751675
0.0814646
0.0877335
0.0939641
0.100146
0.106267
0.112315
0.118278
0.12414
0.129888
0.135507
0.140983
0.146299
0.151439
0.156384
0.161117
0.165618
0.169869
0.17385
0.177542
0.180925
0.18398
0.186686
0.189027
0.190982
0.192535
0.193668
0.194368
0.19462
0.194411
0.193729
0.192567
0.190918
0.188776
0.18614
0.183008
0.179383
0.175271
0.170675
0.165603
0.160107
0.154236
0.147444
0.139274
-0.0593298
-0.0672423
-0.0737767
-0.0793834
-0.0846011
-0.0893896
-0.0937062
-0.0975525
-0.100932
-0.103849
-0.106309
-0.108318
-0.109885
-0.111022
-0.111738
-0.112046
-0.111959
-0.11149
-0.110652
-0.109461
-0.107928
-0.106071
-0.103902
-0.101435
-0.0986836
-0.0956616
-0.0923819
-0.0888574
-0.0851007
-0.081124
-0.0769388
-0.072556
-0.0679861
-0.0632391
-0.0583249
-0.0532527
-0.0480316
-0.0426704
-0.0371775
-0.0315612
-0.0258291
-0.019989
-0.0140488
-0.00801633
-0.00189891
0.00429628
0.0105621
0.0168917
0.0232782
0.0297149
0.0361949
0.0427107
0.0492546
0.0558186
0.0623942
0.0689729
0.0755458
0.0821036
0.0886367
0.0951348
0.101587
0.107982
0.114307
0.120549
0.126694
0.132726
0.138632
0.144395
0.149998
0.155425
0.160656
0.165672
0.170453
0.174979
0.17923
0.183183
0.186819
0.190116
0.193053
0.195609
0.197764
0.199499
0.200796
0.201637
0.202006
0.201889
0.201272
0.200147
0.198504
0.196338
0.193644
0.190422
0.186674
0.182403
0.177615
0.172315
0.166559
0.160398
0.153256
0.144651
-0.0658014
-0.0740964
-0.0809369
-0.0867953
-0.0922376
-0.0972222
-0.101704
-0.105686
-0.109173
-0.112169
-0.11468
-0.116715
-0.118284
-0.119399
-0.120072
-0.120317
-0.120149
-0.119581
-0.118629
-0.117309
-0.115635
-0.113625
-0.111292
-0.108652
-0.105719
-0.102508
-0.0990332
-0.0953079
-0.0913456
-0.087159
-0.0827603
-0.078161
-0.0733718
-0.0684035
-0.0632662
-0.0579698
-0.0525233
-0.0469355
-0.0412147
-0.0353692
-0.0294067
-0.023335
-0.0171621
-0.0108957
-0.00454305
0.00188863
0.00839251
0.0149619
0.0215902
0.0282709
0.0349971
0.0417616
0.0485571
0.0553758
0.0622098
0.0690507
0.0758897
0.0827174
0.0895241
0.0962994
0.103033
0.109713
0.116327
0.122861
0.129301
0.135633
0.141839
0.147905
0.153812
0.159543
0.165077
0.170395
0.175475
0.180297
0.184837
0.189073
0.192983
0.196544
0.199732
0.202525
0.2049
0.206838
0.208316
0.209317
0.209821
0.209812
0.209275
0.208199
0.206573
0.20439
0.201645
0.198336
0.194464
0.190032
0.185045
0.179509
0.17348
0.167014
0.159502
0.150436
-0.0727128
-0.0814122
-0.0885753
-0.0946977
-0.100374
-0.105562
-0.110214
-0.114334
-0.117927
-0.121
-0.123558
-0.125614
-0.127177
-0.128262
-0.128882
-0.129053
-0.12879
-0.128111
-0.127031
-0.125569
-0.12374
-0.121562
-0.11905
-0.116223
-0.113094
-0.10968
-0.105996
-0.102056
-0.0978751
-0.0934656
-0.0888407
-0.0840125
-0.0789924
-0.0737916
-0.0684206
-0.0628896
-0.0572078
-0.0513839
-0.0454262
-0.0393429
-0.0331418
-0.0268308
-0.0204178
-0.01391
-0.00731488
-0.000639224
0.00611016
0.0129267
0.0198041
0.0267358
0.0337154
0.0407358
0.0477902
0.0548712
0.0619714
0.0690827
0.0761961
0.0833025
0.0903919
0.0974543
0.104479
0.111455
0.11837
0.12521
0.131959
0.138604
0.145126
0.15151
0.157738
0.163791
0.169648
0.175287
0.180687
0.185825
0.190676
0.195217
0.199424
0.203271
0.206733
0.209785
0.212404
0.214567
0.216249
0.21743
0.218088
0.218205
0.217764
0.216751
0.215155
0.212965
0.210175
0.206783
0.202788
0.198193
0.193002
0.187219
0.180906
0.174119
0.166216
0.156661
-0.0800959
-0.0892222
-0.0967249
-0.103124
-0.109045
-0.114442
-0.119269
-0.123529
-0.127228
-0.130374
-0.132975
-0.135043
-0.136592
-0.137636
-0.138191
-0.138275
-0.137906
-0.1371
-0.135878
-0.134258
-0.132257
-0.129895
-0.12719
-0.124158
-0.120818
-0.117186
-0.113278
-0.109109
-0.104695
-0.100048
-0.0951839
-0.090114
-0.0848509
-0.0794059
-0.07379
-0.0680136
-0.062086
-0.0560162
-0.0498123
-0.0434825
-0.0370347
-0.0304766
-0.0238159
-0.0170597
-0.0102148
-0.00328794
0.00371417
0.010785
0.0179183
0.025108
0.0323478
0.0396313
0.0469519
0.0543028
0.0616768
0.069066
0.076462
0.0838554
0.0912367
0.0985958
0.105923
0.113206
0.120433
0.127591
0.134663
0.141635
0.148489
0.155208
0.161774
0.168168
0.174366
0.180348
0.186089
0.191565
0.196751
0.201621
0.206148
0.210306
0.214066
0.217403
0.220291
0.222703
0.224613
0.225996
0.226831
0.227094
0.226768
0.225835
0.224281
0.222096
0.219271
0.215801
0.211685
0.206925
0.201523
0.195486
0.188876
0.181753
0.173438
0.163365
-0.0879852
-0.097562
-0.105422
-0.11211
-0.118285
-0.1239
-0.128905
-0.133305
-0.137109
-0.140325
-0.142962
-0.145035
-0.146558
-0.147549
-0.148027
-0.14801
-0.147517
-0.14657
-0.145189
-0.143393
-0.141203
-0.13864
-0.135722
-0.132469
-0.128901
-0.125034
-0.120885
-0.116472
-0.111809
-0.106911
-0.101793
-0.0964684
-0.0909494
-0.0852481
-0.0793756
-0.0733423
-0.0671581
-0.0608321
-0.0543726
-0.0477876
-0.0410848
-0.0342717
-0.0273558
-0.0203438
-0.0132421
-0.00605718
0.00120436
0.00853613
0.015932
0.0233862
0.0308928
0.0384462
0.0460401
0.053668
0.0613232
0.068998
0.0766841
0.0843727
0.0920545
0.0997199
0.107359
0.114961
0.122512
0.13
0.137409
0.144722
0.151923
0.158994
0.165917
0.17267
0.179231
0.185576
0.191681
0.197519
0.203064
0.208287
0.213161
0.217656
0.221743
0.225392
0.228576
0.231263
0.233426
0.235038
0.236073
0.236507
0.236316
0.235481
0.233987
0.23182
0.22897
0.225429
0.221195
0.216269
0.210653
0.204353
0.197435
0.189959
0.181209
0.170588
-0.0964176
-0.10647
-0.114705
-0.121697
-0.128136
-0.133974
-0.139162
-0.143703
-0.147609
-0.150888
-0.153553
-0.15562
-0.157107
-0.158032
-0.158416
-0.158282
-0.15765
-0.156542
-0.154982
-0.152992
-0.150593
-0.147809
-0.14466
-0.141168
-0.137352
-0.133232
-0.128825
-0.124149
-0.119221
-0.114057
-0.108671
-0.103078
-0.0972893
-0.0913187
-0.0851771
-0.0788753
-0.0724235
-0.0658308
-0.059106
-0.0522567
-0.0452904
-0.0382144
-0.0310355
-0.0237603
-0.016395
-0.0089457
-0.00141855
0.00618026
0.0138449
0.0215698
0.0293498
0.0371794
0.045053
0.0529648
0.0609079
0.0688753
0.0768591
0.0848507
0.0928415
0.100822
0.108784
0.116714
0.124602
0.132432
0.14019
0.14786
0.155424
0.162865
0.170162
0.177294
0.184238
0.19097
0.197461
0.203687
0.209616
0.215221
0.220469
0.22533
0.229772
0.233764
0.237272
0.240265
0.242711
0.24458
0.245842
0.24647
0.246439
0.245725
0.24431
0.242177
0.239313
0.23571
0.231363
0.226272
0.220439
0.213868
0.206629
0.198784
0.189576
0.178376
-0.105434
-0.115988
-0.124619
-0.131926
-0.13864
-0.144709
-0.150081
-0.154763
-0.158766
-0.162103
-0.164787
-0.166836
-0.168272
-0.169115
-0.16939
-0.169119
-0.168327
-0.167038
-0.165279
-0.163072
-0.160444
-0.157417
-0.154016
-0.150263
-0.14618
-0.141786
-0.137102
-0.132146
-0.126936
-0.121489
-0.11582
-0.109942
-0.10387
-0.0976168
-0.0911934
-0.0846111
-0.0778804
-0.0710106
-0.0640104
-0.0568875
-0.049649
-0.0423017
-0.0348521
-0.0273067
-0.0196712
-0.0119513
-0.0041528
0.00371872
0.0116578
0.0196594
0.0277185
0.0358303
0.0439897
0.0521912
0.0604287
0.0686953
0.0769838
0.0852863
0.0935943
0.1019
0.110193
0.118463
0.126697
0.134883
0.143004
0.151044
0.158987
0.166814
0.174505
0.182037
0.189386
0.196526
0.20343
0.210068
0.21641
0.222424
0.228077
0.233336
0.238165
0.24253
0.246395
0.249726
0.252486
0.254644
0.256164
0.257016
0.257171
0.256602
0.255287
0.253207
0.250345
0.24669
0.242237
0.236985
0.230932
0.224084
0.216511
0.208281
0.198591
0.186777
-0.115077
-0.126163
-0.135208
-0.142847
-0.149845
-0.156151
-0.16171
-0.16653
-0.170626
-0.174011
-0.176702
-0.178721
-0.18009
-0.180833
-0.180977
-0.180548
-0.179574
-0.178081
-0.176099
-0.173652
-0.17077
-0.167479
-0.163802
-0.159766
-0.155392
-0.150704
-0.145722
-0.140466
-0.134956
-0.129208
-0.123238
-0.117061
-0.110691
-0.10414
-0.0974219
-0.090547
-0.083526
-0.0763684
-0.0690826
-0.0616764
-0.0541566
-0.0465297
-0.0388021
-0.0309795
-0.0230673
-0.015071
-0.00699553
0.00115404
0.00937285
0.0176563
0.0259999
0.0343993
0.0428497
0.0513463
0.0598837
0.0684558
0.0770557
0.0856762
0.0943095
0.102948
0.111582
0.120201
0.128794
0.137346
0.145844
0.15427
0.162608
0.170839
0.178942
0.186894
0.194671
0.202244
0.209586
0.216664
0.223447
0.229901
0.23599
0.24168
0.24693
0.251704
0.255961
0.259665
0.262776
0.265256
0.267068
0.268176
0.268548
0.268152
0.266963
0.264956
0.262113
0.258421
0.253872
0.248462
0.242188
0.235056
0.227138
0.218505
0.208308
0.195846
-0.125396
-0.137043
-0.146526
-0.15451
-0.161803
-0.168351
-0.174098
-0.179054
-0.183235
-0.186659
-0.189344
-0.191315
-0.192598
-0.193219
-0.19321
-0.192599
-0.191417
-0.189695
-0.187462
-0.184751
-0.181589
-0.178006
-0.174029
-0.169683
-0.164996
-0.15999
-0.154688
-0.149112
-0.143281
-0.137213
-0.130925
-0.124432
-0.117747
-0.110885
-0.103859
-0.0966785
-0.0893557
-0.0818993
-0.0743176
-0.0666183
-0.0588082
-0.0508937
-0.0428806
-0.0347742
-0.0265793
-0.0183008
-0.00994293
-0.00151027
0.006993
0.0155629
0.0241955
0.0328869
0.041633
0.0504297
0.0592721
0.068155
0.0770724
0.0860176
0.0949836
0.103963
0.112946
0.121925
0.130886
0.139818
0.148705
0.157532
0.166282
0.174934
0.183469
0.191862
0.200089
0.20812
0.215925
0.223472
0.230726
0.237653
0.244213
0.250368
0.256077
0.261296
0.265985
0.270101
0.273601
0.276442
0.278583
0.279984
0.280607
0.280416
0.27938
0.277473
0.274671
0.270958
0.266323
0.260761
0.254268
0.246846
0.238571
0.229518
0.218788
0.205641
-0.136444
-0.148683
-0.158626
-0.16697
-0.174568
-0.181364
-0.187299
-0.192387
-0.196645
-0.200095
-0.202758
-0.204661
-0.205836
-0.206311
-0.206122
-0.205301
-0.203883
-0.201901
-0.199391
-0.196384
-0.192914
-0.18901
-0.184704
-0.180023
-0.174996
-0.169647
-0.164002
-0.158083
-0.15191
-0.145502
-0.138877
-0.132049
-0.125035
-0.117846
-0.110497
-0.102999
-0.0953627
-0.0875964
-0.0797086
-0.0717067
-0.0635975
-0.0553873
-0.0470817
-0.0386851
-0.0302017
-0.0216354
-0.0129902
-0.00426973
0.00452229
0.0133825
0.0223078
0.0312949
0.0403407
0.0494416
0.0585935
0.0677922
0.0770323
0.0863081
0.0956131
0.10494
0.114282
0.123628
0.132969
0.142292
0.151582
0.160824
0.170001
0.179093
0.188079
0.196935
0.205635
0.214149
0.222445
0.230491
0.238249
0.245682
0.252749
0.259408
0.265613
0.271319
0.276482
0.281053
0.284984
0.288229
0.290742
0.292476
0.293388
0.293438
0.292588
0.290809
0.288072
0.284359
0.279654
0.273949
0.267238
0.259521
0.250879
0.241388
0.230098
0.216227
-0.148278
-0.161144
-0.17157
-0.18029
-0.188203
-0.195251
-0.201373
-0.206586
-0.210911
-0.214371
-0.216992
-0.218806
-0.219845
-0.220147
-0.219747
-0.218685
-0.216999
-0.214726
-0.211904
-0.20857
-0.204758
-0.200503
-0.195837
-0.190791
-0.185396
-0.179678
-0.173664
-0.167377
-0.160839
-0.15407
-0.147087
-0.139907
-0.132545
-0.125015
-0.11733
-0.109501
-0.101538
-0.0934504
-0.0852462
-0.0769327
-0.0685162
-0.0600029
-0.0513977
-0.0427047
-0.0339271
-0.0250682
-0.0161309
-0.00711856
0.00196594
0.0111199
0.020341
0.0296269
0.0389753
0.0483837
0.0578489
0.0673674
0.0769348
0.0865462
0.0961959
0.105878
0.115585
0.125308
0.135038
0.144763
0.154468
0.16414
0.17376
0.183309
0.192766
0.202106
0.211303
0.220326
0.229143
0.237718
0.246013
0.253989
0.2616
0.268802
0.275547
0.281785
0.287466
0.292538
0.296949
0.300645
0.303576
0.305688
0.306932
0.307263
0.306638
0.305021
0.302379
0.298689
0.293931
0.288094
0.28117
0.273155
0.264135
0.254189
0.242311
0.227676
-0.160961
-0.17449
-0.185424
-0.194536
-0.202774
-0.210077
-0.216385
-0.221714
-0.226092
-0.229543
-0.2321
-0.233796
-0.234672
-0.234767
-0.234123
-0.232784
-0.230792
-0.228191
-0.225021
-0.221322
-0.217133
-0.212491
-0.207433
-0.201991
-0.196197
-0.190081
-0.18367
-0.17699
-0.170062
-0.162908
-0.155547
-0.147995
-0.140268
-0.132381
-0.124344
-0.11617
-0.107869
-0.0994494
-0.0909191
-0.0822851
-0.0735537
-0.0647301
-0.0558188
-0.0468233
-0.0377463
-0.0285901
-0.019357
-0.0100493
-0.000669351
0.00878114
0.0183006
0.0278877
0.0375411
0.0472594
0.0570406
0.0668821
0.0767804
0.0867314
0.0967305
0.106772
0.116851
0.126959
0.137087
0.147225
0.157358
0.167472
0.177551
0.187575
0.197522
0.207369
0.217087
0.226645
0.236012
0.245148
0.254016
0.262571
0.270767
0.278556
0.285886
0.292703
0.298953
0.304577
0.309519
0.313719
0.317118
0.319659
0.321285
0.321943
0.321586
0.32017
0.317657
0.314018
0.309229
0.303275
0.296143
0.28783
0.278422
0.268003
0.255508
0.240066
-0.174562
-0.188793
-0.200262
-0.209784
-0.218355
-0.225917
-0.232404
-0.237839
-0.242252
-0.245673
-0.248137
-0.249685
-0.250362
-0.250212
-0.249285
-0.247629
-0.245291
-0.242319
-0.238759
-0.234655
-0.23005
-0.224984
-0.219496
-0.213623
-0.207398
-0.200853
-0.194015
-0.186913
-0.179569
-0.172007
-0.164245
-0.156302
-0.148192
-0.139929
-0.131526
-0.122994
-0.114342
-0.105579
-0.0967132
-0.0877504
-0.0786965
-0.069556
-0.0603327
-0.0510293
-0.0416481
-0.0321908
-0.0226586
-0.0130531
-0.00337543
0.00637355
0.0161932
0.0260832
0.0360433
0.0460733
0.0561723
0.0663387
0.0765703
0.086864
0.0972162
0.107623
0.118079
0.128578
0.139113
0.149672
0.160244
0.170814
0.181367
0.191882
0.202339
0.212713
0.222977
0.233099
0.243045
0.252777
0.262252
0.271426
0.28025
0.288672
0.296636
0.304084
0.310955
0.317187
0.322716
0.327477
0.331403
0.334429
0.336491
0.337531
0.33749
0.33632
0.333976
0.330421
0.325627
0.319574
0.312245
0.303634
0.29383
0.282921
0.269779
0.253485
-0.189158
-0.204133
-0.216166
-0.226113
-0.235028
-0.242848
-0.249509
-0.255035
-0.259462
-0.262824
-0.265164
-0.266527
-0.266965
-0.266529
-0.265273
-0.263253
-0.260522
-0.257133
-0.253137
-0.248583
-0.243518
-0.237986
-0.232029
-0.225686
-0.218994
-0.211985
-0.204689
-0.197135
-0.189349
-0.181354
-0.173169
-0.164812
-0.156299
-0.147644
-0.138859
-0.129954
-0.120939
-0.111823
-0.102612
-0.0933123
-0.0839287
-0.074465
-0.0649244
-0.0553089
-0.04562
-0.0358584
-0.0260248
-0.0161196
-0.00614274
0.00390578
0.0140265
0.0242202
0.0344879
0.0448304
0.055248
0.0657404
0.0763066
0.0869447
0.0976525
0.108427
0.119265
0.130162
0.14111
0.1521
0.163121
0.174159
0.185199
0.196222
0.207208
0.218132
0.228966
0.239679
0.250235
0.260596
0.270717
0.280552
0.290048
0.299151
0.307801
0.315934
0.323485
0.330386
0.336566
0.34195
0.346466
0.350041
0.352603
0.354082
0.354415
0.353543
0.351414
0.347983
0.343215
0.337086
0.329573
0.320666
0.310459
0.299042
0.285222
0.268027
-0.204832
-0.220597
-0.233224
-0.243615
-0.252881
-0.260959
-0.267783
-0.273382
-0.277797
-0.281069
-0.283246
-0.284381
-0.284533
-0.283761
-0.282126
-0.27969
-0.276513
-0.272654
-0.268171
-0.263116
-0.257543
-0.251498
-0.245029
-0.238175
-0.230976
-0.223466
-0.215679
-0.207643
-0.199386
-0.190931
-0.182298
-0.173506
-0.164571
-0.155505
-0.146321
-0.137031
-0.127642
-0.118162
-0.108597
-0.0989522
-0.0892321
-0.0794397
-0.0695773
-0.0596464
-0.0496471
-0.0395795
-0.0294429
-0.0192368
-0.00896032
0.00138792
0.0118096
0.0223068
0.0328818
0.0435365
0.0542726
0.0650909
0.0759918
0.0869751
0.09804
0.109185
0.120409
0.131707
0.143074
0.154502
0.165981
0.177498
0.189038
0.200585
0.212118
0.223613
0.235042
0.246374
0.257572
0.268597
0.279403
0.289941
0.300158
0.309993
0.319384
0.328262
0.336557
0.344192
0.351089
0.357167
0.362345
0.366539
0.36967
0.371658
0.372429
0.371914
0.370053
0.366792
0.362089
0.355911
0.348231
0.339035
0.32842
0.316478
0.301945
0.283798
-0.221676
-0.238282
-0.251537
-0.262389
-0.272014
-0.280347
-0.287321
-0.29297
-0.297342
-0.300484
-0.302453
-0.30331
-0.303122
-0.301956
-0.299883
-0.296971
-0.293289
-0.288902
-0.283873
-0.278263
-0.272128
-0.26552
-0.258489
-0.251079
-0.243332
-0.235283
-0.226968
-0.218418
-0.209659
-0.200717
-0.191612
-0.182362
-0.172983
-0.163489
-0.153892
-0.144201
-0.134426
-0.124572
-0.114645
-0.104649
-0.094586
-0.0844602
-0.0742726
-0.0640237
-0.0537127
-0.0433381
-0.0328983
-0.0223915
-0.0118158
-0.00116863
0.0095529
0.0203523
0.0312331
0.0421986
0.0532517
0.0643948
0.0756297
0.0869579
0.0983805
0.109898
0.121509
0.133212
0.145002
0.156874
0.168818
0.180824
0.192877
0.204963
0.21706
0.229147
0.241195
0.253173
0.265045
0.276769
0.288301
0.299588
0.310574
0.321196
0.331387
0.341074
0.350179
0.358619
0.366308
0.373157
0.379075
0.383969
0.387748
0.39032
0.391603
0.391515
0.389984
0.386948
0.382354
0.376162
0.368337
0.358862
0.347834
0.33535
0.32007
0.300914
-0.239792
-0.257295
-0.271213
-0.282546
-0.292537
-0.30112
-0.308226
-0.313897
-0.318187
-0.321153
-0.32286
-0.32338
-0.322789
-0.321164
-0.318585
-0.31513
-0.310875
-0.305894
-0.300256
-0.294028
-0.287272
-0.280046
-0.272401
-0.264386
-0.256044
-0.247415
-0.238535
-0.229435
-0.220144
-0.210686
-0.201083
-0.191352
-0.18151
-0.17157
-0.161544
-0.151441
-0.141267
-0.13103
-0.120732
-0.110377
-0.0999674
-0.0895046
-0.0789895
-0.0684212
-0.0577977
-0.0471164
-0.0363742
-0.0255682
-0.014695
-0.003751
0.00726815
0.0183672
0.0295512
0.0408246
0.052192
0.0636574
0.0752245
0.0868965
0.0986761
0.110565
0.122565
0.134674
0.146891
0.159211
0.171626
0.184129
0.196707
0.209344
0.222023
0.234722
0.247412
0.260064
0.272642
0.285103
0.297401
0.309483
0.32129
0.332756
0.343809
0.354372
0.36436
0.373683
0.382246
0.389951
0.396696
0.402378
0.406893
0.410138
0.412015
0.412433
0.411305
0.408557
0.404125
0.397961
0.39002
0.380278
0.368836
0.355793
0.339729
0.319504
-0.259294
-0.277756
-0.292377
-0.30421
-0.314573
-0.323396
-0.330613
-0.33627
-0.340432
-0.343166
-0.344548
-0.344662
-0.343594
-0.341435
-0.338274
-0.334198
-0.329295
-0.323644
-0.317326
-0.310411
-0.30297
-0.295063
-0.286748
-0.278075
-0.269092
-0.259838
-0.250352
-0.240667
-0.23081
-0.220808
-0.21068
-0.200446
-0.190121
-0.179718
-0.169248
-0.158718
-0.148136
-0.137506
-0.12683
-0.116111
-0.105351
-0.0945487
-0.0837047
-0.0728165
-0.061881
-0.0508942
-0.0398517
-0.0287492
-0.0175819
-0.00634448
0.00496863
0.0163636
0.0278466
0.0394239
0.0511016
0.0628857
0.0747818
0.0867949
0.0989294
0.111189
0.123576
0.136092
0.148736
0.161507
0.1744
0.187407
0.200518
0.21372
0.226996
0.240325
0.253681
0.267034
0.280348
0.293583
0.30669
0.319614
0.332296
0.344666
0.356648
0.368159
0.379107
0.389395
0.398921
0.407575
0.415245
0.421814
0.427164
0.431181
0.43375
0.434763
0.434123
0.431737
0.427532
0.421444
0.413422
0.403432
0.391577
0.377958
0.361071
0.33971
-0.280309
-0.2998
-0.315168
-0.327522
-0.338259
-0.34731
-0.354607
-0.360207
-0.364185
-0.366621
-0.367604
-0.367231
-0.365603
-0.362821
-0.358988
-0.354205
-0.348566
-0.342163
-0.335084
-0.327408
-0.319209
-0.310555
-0.301508
-0.292122
-0.282445
-0.27252
-0.262386
-0.252077
-0.241622
-0.231045
-0.220367
-0.209607
-0.198779
-0.187896
-0.176968
-0.166001
-0.155
-0.143969
-0.132909
-0.121822
-0.110708
-0.0995654
-0.0883924
-0.0771852
-0.0659393
-0.0546495
-0.0433101
-0.031915
-0.020458
-0.00893221
0.00266955
0.0143548
0.0261313
0.038007
0.0499899
0.0620879
0.0743085
0.0866584
0.0991438
0.11177
0.124542
0.137464
0.150536
0.16376
0.177133
0.19065
0.204302
0.218079
0.231966
0.245942
0.259986
0.274066
0.288149
0.302194
0.316152
0.329968
0.34358
0.356916
0.369896
0.382431
0.394423
0.405768
0.416353
0.426059
0.43476
0.442325
0.448624
0.453524
0.456893
0.458609
0.458552
0.456617
0.452713
0.446763
0.438702
0.428488
0.416224
0.402015
0.384261
0.361692
-0.30298
-0.323578
-0.33974
-0.352636
-0.363749
-0.373009
-0.38035
-0.38584
-0.389567
-0.391625
-0.392121
-0.391167
-0.388878
-0.385373
-0.380767
-0.375175
-0.368703
-0.361455
-0.353527
-0.345005
-0.335972
-0.3265
-0.316654
-0.306493
-0.296067
-0.285423
-0.274597
-0.263626
-0.252537
-0.241355
-0.230102
-0.218794
-0.207445
-0.196066
-0.184666
-0.17325
-0.161821
-0.150383
-0.138935
-0.127477
-0.116008
-0.104525
-0.093024
-0.0815
-0.069947
-0.0583584
-0.0467267
-0.0350445
-0.0233035
-0.0114957
0.000387876
0.0123563
0.0244191
0.0365862
0.0488677
0.0612732
0.073812
0.0864926
0.0993232
0.112312
0.125465
0.138788
0.152287
0.165964
0.179818
0.193848
0.208048
0.222409
0.236919
0.25156
0.26631
0.281144
0.296026
0.310917
0.325769
0.340527
0.355126
0.369493
0.383543
0.397182
0.410308
0.422808
0.434558
0.445427
0.455277
0.463963
0.471336
0.477245
0.481541
0.484078
0.484719
0.483338
0.479824
0.474084
0.466038
0.455632
0.442967
0.428152
0.409487
0.385629
-0.327468
-0.349262
-0.366271
-0.379731
-0.391217
-0.400661
-0.407999
-0.413313
-0.416707
-0.418295
-0.418199
-0.416551
-0.413487
-0.409141
-0.403646
-0.397131
-0.389718
-0.38152
-0.372644
-0.363186
-0.353233
-0.342863
-0.332148
-0.321148
-0.309916
-0.298499
-0.286937
-0.275263
-0.263506
-0.251691
-0.239837
-0.227959
-0.216071
-0.204181
-0.192297
-0.180422
-0.16856
-0.15671
-0.144872
-0.133042
-0.121218
-0.109396
-0.0975689
-0.0857319
-0.0738767
-0.0619949
-0.0500774
-0.0381147
-0.0260973
-0.0140153
-0.00185827
0.0103847
0.0227253
0.0351755
0.0477471
0.0604517
0.0733004
0.0863038
0.0994722
0.112816
0.126344
0.140065
0.153987
0.168114
0.182449
0.196994
0.211745
0.226697
0.24184
0.257159
0.272636
0.288246
0.303956
0.31973
0.335519
0.351269
0.366913
0.382377
0.397573
0.412403
0.426758
0.440517
0.453545
0.465701
0.476832
0.486775
0.495364
0.502427
0.507792
0.51129
0.512761
0.512054
0.509036
0.503594
0.495628
0.48507
0.472019
0.456584
0.436958
0.411721
-0.353954
-0.377047
-0.394962
-0.409007
-0.420861
-0.430455
-0.437731
-0.442788
-0.445751
-0.446754
-0.445943
-0.443471
-0.439496
-0.434174
-0.427657
-0.420091
-0.411613
-0.402349
-0.392416
-0.38192
-0.370955
-0.359605
-0.347944
-0.336036
-0.323938
-0.311696
-0.29935
-0.286934
-0.274475
-0.261996
-0.249517
-0.237049
-0.224605
-0.212192
-0.199813
-0.187473
-0.175172
-0.162908
-0.150678
-0.138478
-0.126301
-0.114142
-0.101995
-0.0898502
-0.0776993
-0.0655315
-0.053336
-0.0411015
-0.0288168
-0.0164703
-0.00404969
0.008458
0.0210665
0.0337896
0.0466411
0.0596343
0.0727825
0.0860987
0.0995956
0.113286
0.127182
0.141294
0.155632
0.170205
0.185018
0.200077
0.215381
0.230928
0.246712
0.262722
0.278942
0.29535
0.311917
0.328607
0.345375
0.362166
0.378915
0.395545
0.411966
0.428077
0.443762
0.458891
0.473322
0.4869
0.499455
0.510809
0.520773
0.529152
0.53575
0.540371
0.542826
0.542936
0.54054
0.535501
0.527696
0.517037
0.503621
0.487554
0.466911
0.440193
-0.382647
-0.407156
-0.426044
-0.440696
-0.452905
-0.462605
-0.469746
-0.474446
-0.476858
-0.477139
-0.475464
-0.472014
-0.466971
-0.460517
-0.452826
-0.444063
-0.434381
-0.423922
-0.412813
-0.401168
-0.389091
-0.37667
-0.363983
-0.351098
-0.338071
-0.32495
-0.311773
-0.298574
-0.285379
-0.27221
-0.259081
-0.246006
-0.232991
-0.220042
-0.207162
-0.194352
-0.181609
-0.168931
-0.156311
-0.143742
-0.131218
-0.118729
-0.106267
-0.0938229
-0.0813845
-0.0689397
-0.0564757
-0.0439797
-0.0314386
-0.0188388
-0.00616607
0.00659493
0.0194597
0.0324438
0.0455628
0.0588323
0.0722679
0.0858851
0.0996993
0.113726
0.127978
0.142472
0.157219
0.172231
0.187517
0.203087
0.218943
0.235087
0.251518
0.268227
0.285204
0.30243
0.319879
0.337519
0.355306
0.373187
0.391099
0.408965
0.426693
0.444178
0.461299
0.477921
0.493889
0.509035
0.523174
0.536108
0.547626
0.557507
0.565525
0.571455
0.575073
0.576168
0.574546
0.570038
0.562493
0.551798
0.538045
0.521336
0.499617
0.471302
-0.413786
-0.439847
-0.459784
-0.475065
-0.487609
-0.497356
-0.504266
-0.508488
-0.5102
-0.509596
-0.506881
-0.502271
-0.495978
-0.488212
-0.479173
-0.469047
-0.458007
-0.446208
-0.433791
-0.420879
-0.407581
-0.393994
-0.380198
-0.366262
-0.352242
-0.338186
-0.324132
-0.310112
-0.296149
-0.282261
-0.268463
-0.254763
-0.241165
-0.227673
-0.214287
-0.201005
-0.187822
-0.174731
-0.161725
-0.148793
-0.135927
-0.123117
-0.110351
-0.0976165
-0.0849011
-0.0721902
-0.0594694
-0.046724
-0.0339391
-0.0210988
-0.00818668
0.00481443
0.0179219
0.031153
0.0445253
0.0580569
0.071766
0.0856708
0.0997889
0.114138
0.128736
0.143599
0.158744
0.174185
0.189938
0.206012
0.222416
0.239156
0.256236
0.273651
0.291396
0.309456
0.32781
0.346429
0.365274
0.384294
0.403428
0.4226
0.441717
0.460674
0.479345
0.497586
0.515235
0.532109
0.548007
0.562711
0.575983
0.587576
0.59723
0.604684
0.609676
0.611956
0.611288
0.607465
0.600301
0.589654
0.575603
0.558245
0.535385
0.50534
-0.447648
-0.475421
-0.496492
-0.51242
-0.525268
-0.534985
-0.541547
-0.545136
-0.54597
-0.544281
-0.540318
-0.534333
-0.526577
-0.517292
-0.506707
-0.495031
-0.482459
-0.469161
-0.455291
-0.440982
-0.426351
-0.411498
-0.396505
-0.381442
-0.366365
-0.351321
-0.336344
-0.321464
-0.306703
-0.292075
-0.277589
-0.263251
-0.249062
-0.235022
-0.221128
-0.207375
-0.193754
-0.180257
-0.166871
-0.153586
-0.140389
-0.127267
-0.114208
-0.101197
-0.0882172
-0.0752538
-0.0622901
-0.0493096
-0.036295
-0.0232284
-0.0100915
0.00313465
0.0164691
0.0299312
0.043541
0.0573191
0.0712862
0.0854628
0.0998694
0.114526
0.129454
0.144673
0.160202
0.176062
0.192269
0.208838
0.225784
0.243116
0.260844
0.278969
0.297489
0.316396
0.335674
0.355299
0.375237
0.395441
0.415854
0.436402
0.456994
0.477523
0.49786
0.517856
0.53734
0.556115
0.573965
0.590647
0.6059
0.619443
0.630981
0.640209
0.646822
0.650521
0.651024
0.648074
0.641442
0.630948
0.616653
0.598645
0.574569
0.54264
-0.484553
-0.514226
-0.536528
-0.55312
-0.566226
-0.575811
-0.581875
-0.58464
-0.584376
-0.581364
-0.575902
-0.568291
-0.558823
-0.54778
-0.535421
-0.521986
-0.507687
-0.492716
-0.477237
-0.461394
-0.445309
-0.429085
-0.412805
-0.39654
-0.380342
-0.364256
-0.348314
-0.332542
-0.316956
-0.301566
-0.286379
-0.271394
-0.256609
-0.242021
-0.227621
-0.213402
-0.199351
-0.185455
-0.171701
-0.158074
-0.144559
-0.131141
-0.117803
-0.104529
-0.0913006
-0.0781007
-0.0649105
-0.051711
-0.0384829
-0.0252064
-0.0118614
0.00157255
0.0151165
0.0287922
0.0426222
0.0566293
0.0708367
0.0852675
0.0999446
0.114892
0.130132
0.145691
0.16159
0.177852
0.194499
0.211552
0.229029
0.246946
0.265317
0.284149
0.303448
0.323211
0.343428
0.364082
0.385144
0.406576
0.428322
0.450315
0.472466
0.494669
0.516794
0.538687
0.560169
0.581033
0.601044
0.619938
0.637424
0.653187
0.666892
0.678185
0.68671
0.69211
0.694043
0.692196
0.686283
0.676075
0.661609
0.642956
0.617581
0.583589
-0.52488
-0.556674
-0.580318
-0.597583
-0.610883
-0.620203
-0.625575
-0.62728
-0.625647
-0.621022
-0.613763
-0.604227
-0.592758
-0.579681
-0.565292
-0.54986
-0.533623
-0.516787
-0.499532
-0.482008
-0.464343
-0.44664
-0.428984
-0.41144
-0.39406
-0.376883
-0.359938
-0.343243
-0.326811
-0.310645
-0.294747
-0.279112
-0.263732
-0.248599
-0.233701
-0.219024
-0.204553
-0.190272
-0.176164
-0.162211
-0.148395
-0.134696
-0.121097
-0.107578
-0.0941199
-0.0807018
-0.0673032
-0.053903
-0.0404798
-0.0270122
-0.0134783
0.000144215
0.0138786
0.027749
0.04178
0.0559968
0.0704249
0.0850899
0.100018
0.115236
0.130771
0.146649
0.162898
0.179545
0.196616
0.214137
0.232131
0.250621
0.269626
0.28916
0.309236
0.329857
0.351024
0.372724
0.394938
0.417634
0.440765
0.464269
0.488062
0.512042
0.536079
0.560017
0.583671
0.606824
0.629225
0.650586
0.670589
0.688879
0.705076
0.718773
0.729551
0.736986
0.740666
0.740203
0.735242
0.725491
0.71095
0.691668
0.664903
0.628636
-0.569074
-0.603256
-0.628365
-0.646304
-0.659704
-0.668583
-0.673019
-0.673366
-0.670032
-0.663441
-0.654027
-0.642215
-0.628408
-0.612981
-0.596271
-0.57858
-0.560169
-0.541263
-0.522052
-0.502694
-0.483319
-0.464029
-0.444906
-0.426012
-0.407392
-0.389081
-0.371099
-0.353458
-0.336164
-0.319214
-0.302602
-0.286319
-0.270351
-0.254683
-0.239297
-0.224177
-0.209302
-0.194654
-0.18021
-0.16595
-0.151852
-0.137894
-0.124054
-0.110312
-0.0966439
-0.0830284
-0.0694421
-0.0558618
-0.0422644
-0.0286269
-0.0149254
-0.00113533
0.0127688
0.026813
0.0410239
0.055429
0.0700561
0.0849337
0.100091
0.115558
0.131365
0.147541
0.164119
0.181129
0.198604
0.216574
0.235068
0.254114
0.273738
0.293963
0.314808
0.336287
0.358406
0.381165
0.404551
0.428544
0.453106
0.478182
0.503697
0.529555
0.555629
0.581764
0.607773
0.633429
0.658466
0.682577
0.705412
0.726577
0.745639
0.762134
0.775568
0.785439
0.791247
0.792516
0.7888
0.779725
0.765239
0.745358
0.717099
0.678309
-0.617672
-0.654557
-0.681275
-0.699872
-0.71324
-0.721444
-0.724628
-0.723241
-0.717794
-0.70881
-0.696813
-0.68231
-0.665774
-0.647635
-0.628278
-0.608035
-0.587196
-0.565999
-0.544645
-0.523295
-0.502078
-0.481094
-0.460418
-0.440106
-0.420197
-0.400714
-0.381669
-0.363067
-0.344904
-0.327169
-0.309849
-0.292927
-0.276383
-0.260195
-0.24434
-0.228796
-0.21354
-0.198546
-0.18379
-0.169246
-0.15489
-0.140695
-0.126639
-0.112696
-0.0988429
-0.0850535
-0.0713028
-0.0575658
-0.0438179
-0.0300337
-0.0161876
-0.00225272
0.0117984
0.0259934
0.0403611
0.0549309
0.0697336
0.0848004
0.100163
0.115855
0.131908
0.148359
0.165241
0.182591
0.200445
0.21884
0.23781
0.257391
0.277616
0.298516
0.320117
0.342444
0.365512
0.389333
0.413906
0.439221
0.465252
0.491955
0.519267
0.5471
0.575335
0.603823
0.632374
0.660759
0.688699
0.715868
0.741885
0.766316
0.788673
0.808422
0.82499
0.837778
0.846181
0.849612
0.847509
0.839393
0.82514
0.80471
0.774845
0.733233
-0.67132
-0.711292
-0.739776
-0.758991
-0.772139
-0.779358
-0.780881
-0.777287
-0.769218
-0.757319
-0.742226
-0.724544
-0.704826
-0.683565
-0.661193
-0.63808
-0.614537
-0.590816
-0.567124
-0.543621
-0.520433
-0.497652
-0.475345
-0.453558
-0.432317
-0.411635
-0.391512
-0.371942
-0.352912
-0.334401
-0.316387
-0.298843
-0.281743
-0.265058
-0.24876
-0.232819
-0.217208
-0.201896
-0.186855
-0.172055
-0.157467
-0.143064
-0.128818
-0.114702
-0.100689
-0.0867521
-0.0728633
-0.0589959
-0.0451232
-0.0312178
-0.0172519
-0.0031969
0.0109763
0.0252971
0.0397962
0.0545057
0.0694587
0.0846889
0.100231
0.11612
0.132394
0.14909
0.166249
0.183911
0.202117
0.220909
0.240328
0.260418
0.281218
0.302768
0.325105
0.348263
0.37227
0.397149
0.422913
0.449565
0.477094
0.505471
0.534646
0.564545
0.595062
0.626056
0.657342
0.688691
0.719819
0.75038
0.779967
0.808104
0.834245
0.857782
0.878048
0.894332
0.905901
0.912029
0.912009
0.905221
0.891439
0.870544
0.838947
0.794154
-0.730812
-0.774334
-0.804762
-0.824514
-0.837175
-0.84299
-0.842324
-0.835922
-0.824595
-0.809145
-0.790344
-0.76891
-0.745487
-0.720639
-0.694849
-0.668518
-0.641978
-0.615491
-0.589262
-0.563449
-0.538166
-0.513496
-0.489491
-0.466182
-0.44358
-0.421684
-0.40048
-0.379948
-0.360064
-0.340796
-0.322111
-0.303973
-0.286347
-0.269196
-0.252486
-0.236182
-0.220249
-0.204652
-0.189358
-0.174334
-0.159546
-0.144965
-0.13056
-0.116301
-0.102159
-0.0881029
-0.0741047
-0.0601352
-0.0461655
-0.0321662
-0.0181076
-0.00395945
0.0103087
0.0247282
0.039332
0.0541542
0.0692299
0.0845953
0.100287
0.116345
0.132809
0.149722
0.167127
0.185069
0.203594
0.222751
0.242587
0.263153
0.284496
0.306666
0.32971
0.353674
0.378599
0.404522
0.43147
0.459463
0.488507
0.518592
0.549687
0.581733
0.614644
0.648292
0.682507
0.717063
0.751675
0.785988
0.81957
0.851905
0.88239
0.910334
0.934965
0.955443
0.97088
0.980377
0.983039
0.978062
0.965077
0.943849
0.910384
0.861976
-0.797127
-0.844767
-0.877328
-0.897474
-0.909272
-0.91312
-0.909572
-0.899596
-0.884222
-0.864446
-0.841205
-0.815348
-0.787623
-0.758668
-0.729014
-0.699093
-0.66925
-0.63975
-0.610791
-0.582519
-0.555032
-0.528394
-0.502638
-0.477776
-0.4538
-0.43069
-0.408416
-0.386944
-0.366232
-0.346238
-0.326917
-0.308223
-0.29011
-0.272534
-0.255453
-0.238825
-0.222609
-0.206766
-0.191257
-0.176045
-0.161094
-0.14637
-0.13184
-0.117471
-0.103231
-0.0890885
-0.0750121
-0.0609708
-0.0469337
-0.0328696
-0.0187474
-0.00453537
0.00979879
0.0242884
0.0389681
0.0538737
0.0690424
0.0845126
0.100324
0.116519
0.133142
0.150238
0.167854
0.18604
0.204848
0.224332
0.244547
0.265549
0.287397
0.310149
0.333863
0.358598
0.38441
0.411349
0.439461
0.468786
0.499348
0.53116
0.564214
0.598475
0.633879
0.670322
0.707651
0.745657
0.784062
0.822509
0.860547
0.897628
0.933091
0.966159
0.995945
1.02146
1.04163
1.05534
1.06146
1.05893
1.04719
1.02583
0.990358
0.937804
-0.871496
-0.92395
-0.958842
-0.979144
-0.989537
-0.990656
-0.983316
-0.968788
-0.948382
-0.923335
-0.894782
-0.863724
-0.831019
-0.797379
-0.763382
-0.72948
-0.696023
-0.663267
-0.631396
-0.600531
-0.570748
-0.542084
-0.514546
-0.488121
-0.462777
-0.438473
-0.41516
-0.392783
-0.371287
-0.350613
-0.330703
-0.311501
-0.292951
-0.274999
-0.257596
-0.240691
-0.224239
-0.208194
-0.192514
-0.177156
-0.162082
-0.147254
-0.132636
-0.118193
-0.103891
-0.0896962
-0.0755748
-0.061494
-0.0474211
-0.0333236
-0.0191689
-0.00492365
0.00944613
0.0239754
0.0387001
0.053658
0.0688879
0.0844308
0.100329
0.116628
0.133374
0.150616
0.168405
0.186796
0.205846
0.225615
0.246164
0.267557
0.289863
0.313149
0.337487
0.362948
0.389601
0.417516
0.446758
0.477387
0.509452
0.542991
0.578024
0.614547
0.652525
0.691885
0.732504
0.774197
0.816707
0.859683
0.902674
0.945102
0.986256
1.02528
1.06115
1.09272
1.11868
1.13768
1.14825
1.14903
1.13916
1.11799
1.08036
1.02301
-0.955479
-1.01361
-1.05102
-1.07109
-1.07931
-1.07665
-1.06432
-1.04399
-1.01732
-0.985856
-0.950959
-0.913802
-0.875356
-0.836402
-0.797554
-0.759271
-0.721894
-0.685655
-0.650709
-0.617145
-0.585001
-0.55428
-0.524956
-0.496984
-0.470304
-0.444848
-0.420546
-0.397321
-0.375099
-0.353806
-0.33337
-0.313722
-0.294795
-0.276526
-0.258857
-0.241731
-0.225096
-0.2089
-0.193097
-0.17764
-0.162487
-0.147598
-0.132933
-0.118456
-0.10413
-0.0899185
-0.0757871
-0.0617009
-0.0476259
-0.0335281
-0.0193735
-0.0051272
0.00924622
0.0237829
0.0385202
0.0534973
0.0687553
0.0843369
0.100287
0.116653
0.133484
0.150832
0.168753
0.187306
0.206552
0.226557
0.247389
0.269121
0.29183
0.315595
0.340499
0.366626
0.394064
0.422899
0.453218
0.485104
0.518635
0.553878
0.590885
0.62969
0.670297
0.712672
0.756733
0.802335
0.849253
0.897164
0.945626
0.994054
1.0417
1.08761
1.13067
1.16951
1.2026
1.22823
1.24457
1.2498
1.24268
1.22217
1.18227
1.11931
-1.05109
-1.11598
-1.15607
-1.17527
-1.18019
-1.17233
-1.15341
-1.12566
-1.0912
-1.05194
-1.00949
-0.965207
-0.92018
-0.875242
-0.83102
-0.787963
-0.746378
-0.706459
-0.668311
-0.631975
-0.597442
-0.56467
-0.533589
-0.504118
-0.476163
-0.449626
-0.424408
-0.400412
-0.377543
-0.355709
-0.334823
-0.314803
-0.295572
-0.277055
-0.259187
-0.241902
-0.225142
-0.208853
-0.19298
-0.177476
-0.162293
-0.147389
-0.132722
-0.118252
-0.103942
-0.0897526
-0.0756483
-0.0615928
-0.0475509
-0.0334873
-0.0193666
-0.00515277
0.00919073
0.0237011
0.038417
0.0533791
0.0686302
0.0842147
0.100179
0.116573
0.133448
0.15086
0.168867
0.187534
0.206925
0.227112
0.248171
0.270182
0.293231
0.317409
0.342809
0.369531
0.397679
0.42736
0.458683
0.491758
0.526691
0.563585
0.602531
0.643606
0.68686
0.732312
0.779934
0.829636
0.881245
0.934487
0.988953
1.04407
1.09908
1.15297
1.20448
1.25207
1.29391
1.3279
1.35171
1.36297
1.35984
1.34072
1.2985
1.22891
-1.16099
-1.23398
-1.27679
-1.29412
-1.29411
-1.27906
-1.25145
-1.21421
-1.17007
-1.12133
-1.06993
-1.01738
-0.964868
-0.913251
-0.86314
-0.814942
-0.768904
-0.725154
-0.683727
-0.644598
-0.607696
-0.572922
-0.540156
-0.509271
-0.480135
-0.452615
-0.426584
-0.401918
-0.3785
-0.356221
-0.334977
-0.314674
-0.29522
-0.276535
-0.258541
-0.241168
-0.224351
-0.20803
-0.192148
-0.176651
-0.161491
-0.146621
-0.131998
-0.117581
-0.103328
-0.0892015
-0.0751631
-0.061176
-0.0472037
-0.0332099
-0.0191582
-0.00501155
0.00926722
0.0237164
0.0383758
0.0532874
0.068495
0.0840444
0.0999834
0.116363
0.133239
0.150669
0.168714
0.187442
0.206922
0.227233
0.248455
0.270678
0.293995
0.318507
0.344321
0.371552
0.40032
0.430754
0.462985
0.497152
0.533395
0.571854
0.612665
0.655955
0.70183
0.750373
0.801626
0.855572
0.912115
0.971055
1.03205
1.09458
1.15788
1.22094
1.28238
1.34047
1.39307
1.43762
1.47117
1.49059
1.49323
1.47665
1.43216
1.35468
-1.28874
-1.37152
-1.41688
-1.43072
-1.42338
-1.39837
-1.35925
-1.30989
-1.25373
-1.19355
-1.1316
-1.06953
-1.00859
-0.949601
-0.893124
-0.839476
-0.788805
-0.741141
-0.696427
-0.654549
-0.615359
-0.578688
-0.544358
-0.512188
-0.482004
-0.453634
-0.426919
-0.401708
-0.377862
-0.355251
-0.333758
-0.313271
-0.293691
-0.274925
-0.256889
-0.239506
-0.222704
-0.206419
-0.190591
-0.175161
-0.160079
-0.145296
-0.130767
-0.116447
-0.102297
-0.0882744
-0.0743423
-0.0604623
-0.0465971
-0.0327096
-0.0187628
-0.00471924
0.00945915
0.0238115
0.0383784
0.0532025
0.0683283
0.0838024
0.0996745
0.115998
0.132828
0.150226
0.168256
0.186989
0.206499
0.226867
0.248183
0.270541
0.294044
0.318803
0.344937
0.372574
0.401854
0.432924
0.465942
0.501077
0.538503
0.578403
0.62096
0.666358
0.714771
0.766357
0.821242
0.879508
0.941163
1.00611
1.07412
1.14476
1.21734
1.29087
1.36391
1.43458
1.50039
1.55829
1.60457
1.63509
1.64608
1.63385
1.58739
1.50044
-1.43924
-1.5339
-1.58121
-1.58893
-1.57072
-1.5319
-1.47752
-1.41268
-1.34165
-1.26775
-1.19346
-1.12055
-1.05023
-0.983249
-0.920012
-0.860699
-0.805315
-0.753753
-0.705833
-0.661334
-0.62001
-0.581613
-0.545895
-0.51262
-0.481561
-0.452509
-0.42527
-0.399666
-0.375533
-0.352724
-0.331104
-0.310549
-0.290947
-0.272199
-0.254211
-0.236902
-0.220194
-0.204018
-0.188309
-0.17301
-0.158064
-0.143422
-0.129037
-0.114864
-0.10086
-0.086986
-0.0732014
-0.0594681
-0.0457482
-0.0320044
-0.0181994
-0.00429524
0.00974667
0.0239658
0.038403
0.0531011
0.0681052
0.083463
0.0992249
0.115445
0.132181
0.149496
0.167455
0.186132
0.205606
0.225963
0.247295
0.269705
0.293302
0.318208
0.344552
0.372478
0.402141
0.43371
0.467369
0.503315
0.54176
0.582929
0.627061
0.6744
0.725197
0.779698
0.838132
0.9007
0.967543
1.03872
1.11414
1.19354
1.27638
1.36174
1.44825
1.53388
1.6159
1.69068
1.75364
1.79934
1.82247
1.81742
1.7698
1.67139
-1.61944
-1.72853
-1.77624
-1.77361
-1.73924
-1.68122
-1.60663
-1.52208
-1.43278
-1.34255
-1.25403
-1.16896
-1.08841
-1.01291
-0.94266
-0.877613
-0.817576
-0.76226
-0.711332
-0.664438
-0.621222
-0.581344
-0.544479
-0.510328
-0.478615
-0.449086
-0.421515
-0.395694
-0.371438
-0.34858
-0.326971
-0.306474
-0.286967
-0.268343
-0.250502
-0.233355
-0.216823
-0.200831
-0.185314
-0.170209
-0.15546
-0.141015
-0.126826
-0.112849
-0.099039
-0.0853563
-0.071761
-0.0582143
-0.0446785
-0.0311162
-0.01749
-0.00376184
0.0101069
0.0241555
0.0384247
0.0529575
0.0677992
0.0829979
0.0986046
0.114674
0.131265
0.148441
0.16627
0.184828
0.204196
0.224464
0.24573
0.268099
0.29169
0.316631
0.343064
0.371144
0.401043
0.43295
0.467073
0.503638
0.542896
0.585117
0.630592
0.679636
0.732581
0.789772
0.85156
0.918286
0.990259
1.06773
1.15083
1.23952
1.33351
1.43208
1.53402
1.63734
1.73911
1.83521
1.92004
1.9866
2.02745
2.03413
1.98713
1.87489
-1.83958
-1.96592
-2.01072
-1.99075
-1.93234
-1.8476
-1.74629
-1.63681
-1.5253
-1.41591
-1.31124
-1.21282
-1.12135
-1.03704
-0.95974
-0.889096
-0.824649
-0.765887
-0.712287
-0.663343
-0.618576
-0.577543
-0.539839
-0.5051
-0.472996
-0.443233
-0.415551
-0.389715
-0.36552
-0.342781
-0.321333
-0.301032
-0.281746
-0.263359
-0.245767
-0.228878
-0.212607
-0.196879
-0.181624
-0.16678
-0.152288
-0.138097
-0.124159
-0.110426
-0.0968569
-0.08341
-0.0700458
-0.056726
-0.0434132
-0.0300701
-0.0166598
-0.00314442
0.0105139
0.0243541
0.0384166
0.0527439
0.0673815
0.0823774
0.0977825
0.113652
0.130044
0.147024
0.164661
0.183033
0.202221
0.222319
0.243428
0.265658
0.289132
0.313987
0.340373
0.368457
0.398425
0.430484
0.464865
0.501824
0.541645
0.584644
0.631168
0.681602
0.736364
0.795907
0.860717
0.931299
1.00816
1.09179
1.18262
1.28091
1.38675
1.49979
1.61915
1.74311
1.86876
1.99161
2.10512
2.2004
2.26725
2.29304
2.25035
2.12168
-2.11538
-2.26142
-2.29639
-2.24759
-2.15335
-2.0315
-1.8951
-1.75442
-1.61631
-1.48487
-1.36232
-1.24963
-1.14691
-1.05383
-0.969752
-0.89392
-0.825541
-0.763835
-0.708062
-0.657547
-0.611677
-0.569903
-0.531738
-0.496753
-0.464568
-0.434851
-0.407308
-0.381683
-0.35775
-0.335311
-0.314189
-0.294229
-0.275295
-0.257265
-0.24003
-0.223495
-0.207574
-0.192188
-0.177269
-0.162753
-0.148581
-0.134701
-0.121065
-0.107627
-0.0943442
-0.0811767
-0.0680852
-0.055032
-0.0419805
-0.0288941
-0.0157365
-0.00247099
0.0109397
0.0245334
0.0383499
0.0524314
0.0668228
0.0815712
0.0967271
0.112345
0.128484
0.145209
0.16259
0.180703
0.199635
0.219477
0.240333
0.262317
0.285557
0.310193
0.336384
0.364306
0.394157
0.42616
0.460566
0.497656
0.537747
0.581196
0.628406
0.679829
0.735971
0.7974
0.864741
0.938682
1.01996
1.10935
1.20763
1.31551
1.43355
1.56201
1.70061
1.84821
2.00231
2.15846
2.30936
2.44421
2.54935
2.60629
2.57534
2.42817
-2.47226
-2.63779
-2.64894
-2.55237
-2.40479
-2.23166
-2.04969
-1.87064
-1.70138
-1.54531
-1.40364
-1.27632
-1.16256
-1.06123
-0.971061
-0.890797
-0.819247
-0.755324
-0.698058
-0.646593
-0.60018
-0.558167
-0.519988
-0.485154
-0.45324
-0.423879
-0.396752
-0.371583
-0.34813
-0.326183
-0.305558
-0.286093
-0.267647
-0.250095
-0.233327
-0.217245
-0.201761
-0.1868
-0.17229
-0.158167
-0.144376
-0.130863
-0.117582
-0.104486
-0.0915358
-0.0786902
-0.0659118
-0.0531642
-0.0404116
-0.0276186
-0.0147503
-0.00177116
0.0113545
0.0246638
0.0381957
0.0519912
0.0660937
0.0805494
0.0954078
0.110723
0.126553
0.142962
0.16002
0.177803
0.196395
0.215892
0.236395
0.258021
0.2809
0.305177
0.331014
0.358595
0.388127
0.419845
0.454014
0.490939
0.530963
0.574481
0.621944
0.673868
0.730844
0.793547
0.86275
0.939329
1.02427
1.11867
1.22372
1.34066
1.47073
1.61501
1.77416
1.9481
2.13538
2.33228
2.53148
2.7206
2.88225
2.99004
2.98565
2.82078
-2.95378
-3.12955
-3.08862
-2.91321
-2.68668
-2.4436
-2.20361
-1.97863
-1.77417
-1.59172
-1.43064
-1.28924
-1.16542
-1.05701
-0.961966
-0.878438
-0.804798
-0.739636
-0.681746
-0.630096
-0.583811
-0.542145
-0.504463
-0.470225
-0.43897
-0.410305
-0.38389
-0.359436
-0.336691
-0.315437
-0.295485
-0.276672
-0.258853
-0.241902
-0.22571
-0.210178
-0.195222
-0.180763
-0.166733
-0.153071
-0.139719
-0.126628
-0.113751
-0.101045
-0.08847
-0.0759875
-0.0635614
-0.0511568
-0.0387392
-0.0262754
-0.0137322
-0.0010756
0.0117289
0.024717
0.0379259
0.051395
0.0651663
0.0792844
0.0937972
0.108757
0.124222
0.140253
0.15692
0.174297
0.192468
0.211525
0.231572
0.252724
0.275112
0.298881
0.324197
0.351247
0.380242
0.411425
0.445074
0.481507
0.521089
0.564244
0.611462
0.663313
0.720461
0.783684
0.853887
0.932133
1.01966
1.1179
1.22851
1.35335
1.49447
1.65402
1.83407
2.03619
2.26089
2.5064
2.76682
3.02959
3.27423
3.46506
3.51675
3.3447
-3.63883
-3.78899
-3.63918
-3.33455
-2.99297
-2.65672
-2.34532
-2.06777
-1.8257
-1.61691
-1.43774
-1.28415
-1.15233
-1.03884
-0.940767
-0.855613
-0.781312
-0.716145
-0.658689
-0.60776
-0.562375
-0.521716
-0.485096
-0.451939
-0.421761
-0.394151
-0.36876
-0.345291
-0.323487
-0.303131
-0.284033
-0.266027
-0.248973
-0.232747
-0.217239
-0.202355
-0.188011
-0.174133
-0.160653
-0.147513
-0.134659
-0.122041
-0.109617
-0.097345
-0.0851869
-0.0731067
-0.06107
-0.049044
-0.0369968
-0.0248971
-0.0127135
-0.000413949
0.0120342
0.0246646
0.0375129
0.0506164
0.0640145
0.0777501
0.0918692
0.106422
0.121465
0.137056
0.153263
0.170158
0.187822
0.206345
0.22583
0.246388
0.268149
0.291258
0.315878
0.342196
0.370426
0.400812
0.433637
0.469225
0.507955
0.550269
0.596685
0.64781
0.704365
0.767206
0.837353
0.916031
1.00471
1.10515
1.21946
1.35018
1.50029
1.67323
1.87287
2.1032
2.36786
2.66888
3.00437
3.36482
3.72979
4.05558
4.22219
4.08132
-4.67079
-4.69182
-4.3232
-3.81111
-3.30643
-2.85096
-2.45646
-2.12301
-1.84434
-1.61224
-1.41867
-1.2566
-1.12016
-1.00456
-0.905973
-0.821311
-0.748118
-0.684419
-0.628621
-0.579433
-0.535803
-0.496868
-0.461913
-0.430349
-0.401682
-0.375497
-0.351447
-0.329235
-0.308609
-0.289355
-0.271286
-0.254244
-0.23809
-0.222706
-0.207988
-0.193845
-0.180196
-0.166972
-0.154109
-0.141551
-0.129247
-0.117153
-0.105227
-0.0934304
-0.0817282
-0.0700868
-0.0584747
-0.0468616
-0.035218
-0.023515
-0.0117239
0.000185277
0.0122433
0.0244816
0.0369329
0.0496321
0.0626164
0.0759258
0.089604
0.103699
0.118263
0.133352
0.14903
0.165367
0.182439
0.200334
0.219148
0.238992
0.25999
0.282282
0.306028
0.331411
0.35864
0.387957
0.41964
0.454014
0.49146
0.532424
0.577433
0.627115
0.682221
0.743655
0.812517
0.890145
0.978189
1.07869
1.19416
1.32777
1.48344
1.66604
1.88154
2.13706
2.44072
2.80079
3.22346
3.70847
4.24332
4.78444
5.17882
5.17747
-6.30825
-5.93755
-5.15305
-4.3228
-3.59676
-2.99692
-2.51326
-2.12685
-1.81797
-1.56963
-1.36827
-1.20339
-1.06704
-0.953153
-0.857125
-0.775426
-0.705326
-0.644695
-0.591854
-0.545466
-0.504458
-0.467962
-0.435268
-0.405792
-0.379052
-0.354644
-0.332232
-0.311531
-0.2923
-0.274333
-0.257454
-0.241514
-0.226382
-0.211947
-0.198111
-0.184789
-0.171908
-0.159401
-0.147211
-0.135285
-0.123578
-0.112048
-0.100658
-0.0893717
-0.0781578
-0.066986
-0.0558277
-0.0446557
-0.0334436
-0.0221654
-0.0107943
0.000696935
0.0123362
0.0241522
0.0361751
0.0484365
0.0609711
0.0738158
0.0870111
0.100602
0.114636
0.129168
0.144255
0.159964
0.176366
0.193544
0.211589
0.230606
0.250713
0.272042
0.294747
0.319002
0.345006
0.372991
0.403228
0.43603
0.471768
0.510877
0.553876
0.601388
0.654164
0.713118
0.779375
0.854328
0.939723
1.03777
1.15128
1.2839
1.44035
1.62684
1.85152
2.12508
2.46134
2.87755
3.39375
4.02928
4.79397
5.66368
6.48673
6.89524
-9.12809
-7.64938
-6.08078
-4.79653
-3.79771
-3.04333
-2.48015
-2.05635
-1.73246
-1.48074
-1.2818
-1.12203
-0.9918
-0.884228
-0.794291
-0.718273
-0.653379
-0.597474
-0.548901
-0.506362
-0.468823
-0.435454
-0.405584
-0.378661
-0.354233
-0.331925
-0.311422
-0.29246
-0.274816
-0.258302
-0.242755
-0.228038
-0.214033
-0.200636
-0.187761
-0.17533
-0.163275
-0.151539
-0.140068
-0.128817
-0.117743
-0.10681
-0.0959855
-0.0852377
-0.0745381
-0.0638602
-0.0531791
-0.0424712
-0.0317129
-0.0208812
-0.00995239
0.00109798
0.0122949
0.0236637
0.0352315
0.047027
0.0590811
0.0714276
0.0841036
0.0971494
0.11061
0.124533
0.138974
0.153992
0.169654
0.186036
0.203222
0.22131
0.240408
0.260641
0.28215
0.305095
0.329666
0.356077
0.38458
0.415471
0.449096
0.485866
0.52627
0.5709
0.620472
0.675865
0.738167
0.808741
0.889317
0.982122
1.09006
1.21696
1.36802
1.55032
1.77374
2.05221
2.40557
2.86212
3.46212
4.2587
5.30622
6.64401
8.27096
9.81742
-14.6337
-9.89856
-6.76089
-4.91323
-3.68356
-2.84181
-2.26196
-1.85029
-1.54748
-1.31796
-1.13952
-0.997722
-0.882931
-0.788517
-0.709796
-0.643368
-0.586712
-0.537921
-0.495525
-0.458377
-0.42557
-0.396373
-0.370197
-0.346561
-0.325068
-0.30539
-0.287252
-0.270424
-0.254711
-0.239948
-0.225996
-0.212733
-0.200057
-0.187881
-0.176128
-0.164732
-0.153635
-0.142786
-0.132141
-0.121661
-0.11131
-0.101057
-0.0908749
-0.0807371
-0.0706198
-0.0605009
-0.0503597
-0.0401765
-0.0299315
-0.0196052
-0.00917756
0.00137232
0.0120658
0.0229245
0.0339717
0.0452322
0.0567332
0.0685041
0.0805774
0.092989
0.105778
0.118988
0.132666
0.146866
0.161647
0.177078
0.193232
0.210198
0.228072
0.246965
0.267001
0.288327
0.311107
0.335535
0.361835
0.390267
0.421141
0.454819
0.491738
0.532419
0.577497
0.627754
0.684155
0.747915
0.820584
0.904165
1.0013
1.11553
1.25173
1.41675
1.62054
1.87795
2.21177
2.65836
3.27825
4.16766
5.45688
7.37798
10.6058
15.4522
-23.9168
-12.1017
-6.48475
-4.19959
-2.98807
-2.25298
-1.78581
-1.46887
-1.23968
-1.06626
-0.930754
-0.822256
-0.733707
-0.660311
-0.598678
-0.546335
-0.501428
-0.462544
-0.428583
-0.398677
-0.372134
-0.348393
-0.326998
-0.307573
-0.28981
-0.273448
-0.258273
-0.2441
-0.230776
-0.218169
-0.206168
-0.194679
-0.183619
-0.172918
-0.162517
-0.152364
-0.142412
-0.132622
-0.122959
-0.113394
-0.103899
-0.0944504
-0.0850268
-0.0756083
-0.066177
-0.0567162
-0.0472105
-0.0376448
-0.028004
-0.0182732
-0.00843641
0.00152243
0.01162
0.0218738
0.0323023
0.0429256
0.053766
0.0648477
0.0761975
0.0878452
0.0998236
0.112169
0.124921
0.138124
0.151829
0.166092
0.180978
0.196559
0.212916
0.230141
0.248341
0.267634
0.288159
0.310076
0.333568
0.358849
0.386171
0.415827
0.448167
0.483607
0.522651
0.565911
0.61414
0.668275
0.729503
0.79934
0.879769
0.973427
1.08392
1.2163
1.378
1.5804
1.84197
2.19547
2.70435
3.48952
4.76913
7.15038
12.8851
24.8236
)
;

boundaryField
{
    movingWall
    {
        type            zeroGradient;
    }
    fixedWalls
    {
        type            zeroGradient;
    }
    frontAndBack
    {
        type            empty;
    }
}


// ************************************************************************* //
