/*--------------------------------*- C++ -*----------------------------------*\
| =========                 |                                                 |
| \\      /  F ield         | OpenFOAM: The Open Source CFD Toolbox           |
|  \\    /   O peration     | Version:  2212                                  |
|   \\  /    A nd           | Website:  www.openfoam.com                      |
|    \\/     M anipulation  |                                                 |
\*---------------------------------------------------------------------------*/
FoamFile
{
    version     2.0;
    format      ascii;
    arch        "LSB;label=32;scalar=64";
    class       volScalarField;
    location    "0.0095";
    object      p;
}
// * * * * * * * * * * * * * * * * * * * * * * * * * * * * * * * * * * * * * //

dimensions      [0 2 -2 0 0 0 0];

internalField   nonuniform List<scalar> 
10000
(
-1.45847e-07
-4.2503e-05
-0.000359569
-0.00093802
-0.00169322
-0.00254637
-0.00343758
-0.00432016
-0.00515877
-0.00592598
-0.00660068
-0.00716649
-0.00761031
-0.00792128
-0.00809119
-0.00811487
-0.00798968
-0.0077147
-0.00728921
-0.00671288
-0.00598678
-0.00511342
-0.00409518
-0.00293396
-0.00163145
-0.000190259
0.00138519
0.00308886
0.00491436
0.00685634
0.00891043
0.0110728
0.0133391
0.0157045
0.0181635
0.02071
0.0233383
0.0260429
0.028819
0.0316626
0.0345694
0.0375348
0.0405539
0.0436208
0.0467296
0.0498745
0.0530497
0.0562496
0.0594687
0.0627007
0.0659391
0.0691776
0.0724096
0.0756294
0.078831
0.0820084
0.0851555
0.0882666
0.0913357
0.0943571
0.0973251
0.100234
0.103078
0.105851
0.108548
0.111165
0.113696
0.116135
0.118477
0.120717
0.122848
0.124863
0.126758
0.128526
0.130163
0.131663
0.133022
0.134238
0.135306
0.136225
0.136992
0.137605
0.138061
0.138362
0.138509
0.138506
0.138356
0.138067
0.137646
0.137103
0.136451
0.135707
0.134894
0.134039
0.133179
0.132357
0.131627
0.131056
0.130723
0.130664
8.964e-05
2.94334e-05
-0.000252999
-0.000737359
-0.00135728
-0.00205669
-0.00279014
-0.00352036
-0.00421682
-0.00485446
-0.00541299
-0.00587638
-0.00623166
-0.00646854
-0.00657832
-0.00655415
-0.00639211
-0.00609029
-0.00564761
-0.00506356
-0.00433786
-0.00347137
-0.00246623
-0.00132466
-4.86451e-05
0.00135958
0.00289697
0.00455923
0.00634094
0.00823663
0.0102414
0.0123508
0.0145609
0.0168671
0.0192647
0.0217485
0.0243127
0.026952
0.0296613
0.0324364
0.0352733
0.0381681
0.0411158
0.0441112
0.0471482
0.0502206
0.0533229
0.0564493
0.0595943
0.0627521
0.0659165
0.0690809
0.0722391
0.075385
0.0785125
0.0816154
0.0846884
0.0877257
0.0907213
0.0936696
0.0965652
0.0994025
0.102176
0.104881
0.107512
0.110064
0.112531
0.114909
0.117193
0.119377
0.121455
0.123422
0.125271
0.126998
0.128597
0.130065
0.131398
0.132593
0.133646
0.134557
0.135323
0.135943
0.136416
0.136744
0.13693
0.136977
0.13689
0.136676
0.136343
0.135903
0.135367
0.134752
0.134079
0.133375
0.13267
0.132
0.131408
0.130941
0.130659
0.1306
0.000447349
0.000321132
2.34013e-05
-0.000425726
-0.000975748
-0.00158478
-0.00221845
-0.00284732
-0.00344574
-0.00399174
-0.00446648
-0.00485418
-0.0051426
-0.00532195
-0.00538393
-0.00532172
-0.00513014
-0.00480622
-0.00434898
-0.00375768
-0.00303159
-0.00217036
-0.00117496
-4.74673e-05
0.00120962
0.0025938
0.00410241
0.0057321
0.00747862
0.00933708
0.0113025
0.0133703
0.0155363
0.0177963
0.0201455
0.0225793
0.0250924
0.0276793
0.0303356
0.0330564
0.035838
0.0386766
0.0415673
0.0445048
0.0474836
0.0504975
0.0535408
0.0566083
0.0596943
0.0627927
0.0658977
0.069003
0.072102
0.0751885
0.0782564
0.0812995
0.0843121
0.0872893
0.0902255
0.0931148
0.0959519
0.0987319
0.10145
0.104101
0.106679
0.10918
0.111598
0.113928
0.116165
0.118305
0.120342
0.122271
0.124084
0.125779
0.127351
0.128794
0.130107
0.131286
0.132329
0.133234
0.134
0.134627
0.135115
0.135466
0.135684
0.135771
0.135734
0.135577
0.135311
0.134945
0.134492
0.133967
0.13339
0.132785
0.132176
0.131595
0.131075
0.130652
0.13037
0.13026
0.00101781
0.000781491
0.000431395
-2.06294e-05
-0.000544661
-0.0011082
-0.0016847
-0.00225008
-0.00278349
-0.00326614
-0.00368117
-0.00401417
-0.00425294
-0.00438778
-0.00441155
-0.00431816
-0.00410239
-0.00376062
-0.00329102
-0.00269283
-0.00196552
-0.00110838
-0.000121213
0.000994846
0.00223767
0.00360444
0.0050918
0.0066963
0.00841433
0.0102418
0.0121745
0.014208
0.0163383
0.0185611
0.0208715
0.0232646
0.0257356
0.0282793
0.0308914
0.0335678
0.0363043
0.0390968
0.0419408
0.0448303
0.0477601
0.0507251
0.0537196
0.0567382
0.0597756
0.0628256
0.0658816
0.068938
0.0719882
0.0750256
0.0780437
0.0810368
0.0839993
0.086926
0.089812
0.0926522
0.0954412
0.0981743
0.100847
0.103453
0.105989
0.108448
0.110826
0.113117
0.115317
0.117422
0.119425
0.121322
0.123108
0.124778
0.126328
0.127753
0.129051
0.130218
0.131252
0.132153
0.13292
0.133554
0.134056
0.134428
0.134672
0.134792
0.134793
0.13468
0.134462
0.13415
0.133755
0.133292
0.132778
0.132233
0.131678
0.131139
0.130643
0.13022
0.129893
0.129679
0.00173019
0.00135937
0.000936092
0.000459357
-6.29231e-05
-0.000606645
-0.00115021
-0.00167474
-0.00216278
-0.00259823
-0.00296707
-0.0032567
-0.00345571
-0.00355467
-0.00354649
-0.00342601
-0.00318899
-0.00283171
-0.00235135
-0.00174675
-0.00101722
-0.00016231
0.00081818
0.0019239
0.00315361
0.00450481
0.00597395
0.0075572
0.00925093
0.0110513
0.0129548
0.0149576
0.0170559
0.0192454
0.0215214
0.0238786
0.0263122
0.0288173
0.0313897
0.0340259
0.0367218
0.039473
0.0422746
0.0451212
0.0480073
0.0509279
0.0538784
0.0568533
0.0598467
0.062853
0.0658658
0.0688783
0.0718841
0.074877
0.0778503
0.0807981
0.083715
0.0865965
0.0894374
0.092233
0.0949786
0.0976702
0.100302
0.10287
0.105367
0.107789
0.110132
0.112389
0.114556
0.116629
0.118603
0.120473
0.122235
0.123884
0.125415
0.126824
0.128108
0.129264
0.130292
0.131191
0.13196
0.132602
0.133117
0.133507
0.133774
0.133921
0.133953
0.133875
0.133696
0.133426
0.133076
0.132659
0.132189
0.131683
0.131158
0.130635
0.130136
0.129686
0.129286
0.128936
0.00253405
0.00201598
0.00150604
0.000987634
0.000447235
-9.6662e-05
-0.000627195
-0.00112946
-0.00158923
-0.00199291
-0.00232815
-0.00258439
-0.00275218
-0.0028229
-0.0027895
-0.00264705
-0.00239201
-0.00202135
-0.00153212
-0.000922301
-0.000190729
0.000663193
0.00163941
0.00273741
0.00395607
0.0052933
0.00674608
0.00831072
0.00998354
0.011761
0.0136395
0.0156158
0.0176862
0.0198464
0.0220919
0.0244175
0.0268181
0.0292894
0.0318274
0.034428
0.0370878
0.0398024
0.0425664
0.0453748
0.0482227
0.0511048
0.0540164
0.0569525
0.0599074
0.062875
0.0658489
0.0688229
0.0717898
0.0747427
0.0776759
0.0805837
0.0834608
0.0863021
0.0891033
0.0918601
0.094568
0.0972226
0.0998192
0.102352
0.104816
0.107206
0.109517
0.111745
0.113884
0.115931
0.11788
0.119726
0.121467
0.123097
0.124612
0.126007
0.127279
0.128427
0.129451
0.130348
0.131121
0.131769
0.132296
0.132701
0.132986
0.133155
0.133211
0.133161
0.133012
0.132775
0.132457
0.132071
0.131628
0.131142
0.130628
0.130101
0.12958
0.129084
0.128594
0.128092
0.00338381
0.00271556
0.00211035
0.0015368
0.000962825
0.000402133
-0.000131289
-0.000626259
-0.00107198
-0.00145711
-0.00177082
-0.00200373
-0.00214813
-0.00219717
-0.00214455
-0.00198525
-0.00171592
-0.00133394
-0.000836994
-0.000222763
0.00051035
0.00136337
0.00233651
0.00342905
0.00463943
0.00596538
0.00740427
0.00895286
0.0106077
0.0123655
0.0142233
0.0161774
0.0182245
0.0203599
0.0225791
0.0248773
0.0272496
0.0296915
0.0321997
0.0347704
0.0373992
0.0400821
0.042814
0.0455896
0.0484044
0.0512539
0.0541327
0.0570355
0.059957
0.0628913
0.0658318
0.0687718
0.0717046
0.0746234
0.0775219
0.0803951
0.0832377
0.086045
0.0888128
0.0915365
0.094212
0.096835
0.0994007
0.101904
0.104339
0.106702
0.108988
0.111191
0.113307
0.115331
0.11726
0.119087
0.120809
0.122423
0.123922
0.125305
0.126568
0.127711
0.128731
0.129629
0.130405
0.13106
0.131595
0.132011
0.13231
0.132495
0.13257
0.13254
0.132414
0.132199
0.131902
0.131534
0.131104
0.130623
0.130103
0.129557
0.129
0.128445
0.127855
0.127197
0.00423944
0.00342353
0.00271944
0.00208273
0.00146418
0.000874563
0.000325672
-0.000174156
-0.000616701
-0.000993432
-0.00129534
-0.001514
-0.00164268
-0.00167597
-0.00160899
-0.00143728
-0.00115737
-0.00076658
-0.000262886
0.000355608
0.00109055
0.00194314
0.00291382
0.00400193
0.00520582
0.00652302
0.00795076
0.00948618
0.0111261
0.0128678
0.0147083
0.0166442
0.0186718
0.0207869
0.0229842
0.025259
0.0276073
0.0300247
0.0325077
0.035053
0.0376563
0.0403127
0.0430176
0.0457663
0.0485539
0.0513758
0.0542271
0.0571023
0.0599958
0.0629017
0.0658135
0.0687247
0.0716284
0.0745179
0.0773875
0.080232
0.0830461
0.0858252
0.0885651
0.0912616
0.0939101
0.0965065
0.0990461
0.101524
0.103935
0.106276
0.108541
0.110725
0.112822
0.114829
0.116741
0.118552
0.120259
0.121858
0.123345
0.124718
0.125974
0.127113
0.128133
0.129032
0.129811
0.13047
0.131011
0.131435
0.131744
0.13194
0.132028
0.132014
0.131903
0.131702
0.131416
0.131054
0.130625
0.130138
0.129601
0.129024
0.12842
0.127798
0.127105
0.126295
0.00506762
0.00411018
0.00330725
0.0026028
0.00193312
0.00130666
0.000733077
0.000218798
-0.000229733
-0.000606035
-0.000903469
-0.00111521
-0.00123505
-0.0012583
-0.00118132
-0.00100068
-0.000713126
-0.000316042
0.00019283
0.000815193
0.00155248
0.00240563
0.00337495
0.00445973
0.0056584
0.00696865
0.00838759
0.00991255
0.0115409
0.0132698
0.0150966
0.0170181
0.0190301
0.0211282
0.0233077
0.0255637
0.0278921
0.0302896
0.0327525
0.035277
0.0378591
0.0404944
0.0431779
0.0459049
0.0486709
0.051471
0.0543
0.0571523
0.0600228
0.0629056
0.0657938
0.068681
0.0715606
0.0744264
0.0772726
0.0800942
0.0828857
0.0856425
0.0883606
0.0910353
0.093662
0.0962368
0.0987554
0.101213
0.103606
0.105929
0.108178
0.110347
0.11243
0.114424
0.116322
0.11812
0.119814
0.121402
0.12288
0.124245
0.125498
0.126635
0.127655
0.128555
0.129335
0.129998
0.130543
0.130972
0.131287
0.131492
0.13159
0.131585
0.131483
0.131287
0.131003
0.130639
0.130203
0.1297
0.129137
0.128522
0.127863
0.12717
0.126374
0.125419
0.00584269
0.00475168
0.00385228
0.00307811
0.00235342
0.00168495
0.00108082
0.000545172
8.32277e-05
-0.000299622
-0.000598712
-0.000809106
-0.000925678
-0.000944203
-0.0008615
-0.000674945
-0.000381978
1.97817e-05
0.000532503
0.00115802
0.0018977
0.00275216
0.00372128
0.00480416
0.00599914
0.00730413
0.00871648
0.0102335
0.0118532
0.0135729
0.0153895
0.0172999
0.0193
0.0213848
0.0235499
0.0257912
0.0281044
0.0304863
0.0329336
0.0354425
0.0380084
0.0406273
0.0432946
0.0460056
0.0487552
0.0515386
0.0543504
0.0571852
0.0600379
0.0629024
0.0657721
0.0686405
0.0715015
0.074349
0.0771775
0.0799819
0.0827566
0.0854971
0.0881989
0.0908574
0.0934676
0.0960261
0.098529
0.100972
0.103351
0.105661
0.107899
0.110057
0.11213
0.114113
0.116001
0.11779
0.119475
0.121054
0.122526
0.123888
0.125138
0.126274
0.127293
0.128194
0.128975
0.12964
0.130188
0.130621
0.130941
0.131151
0.131254
0.131253
0.131152
0.130956
0.130668
0.130296
0.129845
0.129319
0.128725
0.128065
0.127349
0.126583
0.125688
0.124598
0.00654457
0.00532893
0.00433702
0.00349357
0.00271153
0.00199761
0.00135902
0.000797617
0.000316918
-7.85135e-05
-0.000384719
-0.000598402
-0.00071605
-0.000734103
-0.000649561
-0.000460098
-0.000163806
0.000241449
0.00075743
0.0013858
0.00212788
0.00298403
0.00395372
0.00503597
0.00622897
0.00753048
0.00893842
0.0104504
0.0120641
0.0137774
0.0155874
0.01749
0.0194813
0.0215568
0.0237116
0.0259419
0.0282443
0.0306155
0.0330518
0.0355494
0.0381042
0.040712
0.0433683
0.0460682
0.0488065
0.0515782
0.0543781
0.0572006
0.0600405
0.062892
0.0657483
0.0686033
0.0714513
0.0742861
0.0771023
0.0798949
0.0826584
0.0853878
0.088079
0.0907267
0.0933261
0.0958736
0.0983661
0.100799
0.103169
0.105471
0.107701
0.109851
0.111917
0.113894
0.115776
0.117559
0.119238
0.120814
0.122282
0.123642
0.12489
0.126025
0.127044
0.127945
0.128727
0.129393
0.129943
0.130379
0.130702
0.130914
0.131018
0.131016
0.130912
0.13071
0.130414
0.130029
0.129558
0.129006
0.128375
0.127668
0.126893
0.126055
0.125066
0.123849
0.00715773
0.00582637
0.00474702
0.00383606
0.00299645
0.00223488
0.00155876
0.00096854
0.000465531
5.31442e-05
-0.000265002
-0.000486358
-0.00060869
-0.000629408
-0.000545987
-0.000356268
-5.85312e-05
0.000348944
0.000867763
0.00149908
0.00224373
0.00310199
0.00407305
0.00515565
0.00634816
0.00764823
0.00905384
0.0105633
0.0121743
0.0138842
0.0156903
0.0175885
0.0195745
0.0216439
0.0237924
0.0260164
0.0283126
0.0306774
0.0331074
0.0355987
0.0381474
0.0407492
0.0433995
0.0460932
0.048825
0.0515901
0.0543832
0.0571986
0.0600311
0.0628747
0.065723
0.0685701
0.0714103
0.0742377
0.0770469
0.0798329
0.0825902
0.0853138
0.0879994
0.0906417
0.0932356
0.0957779
0.0982653
0.100694
0.103058
0.105356
0.107581
0.109727
0.11179
0.113764
0.115643
0.117424
0.119102
0.120676
0.122145
0.123504
0.124751
0.125885
0.126904
0.127804
0.128588
0.129255
0.129808
0.130246
0.130569
0.13078
0.130881
0.130876
0.130766
0.130555
0.130246
0.129844
0.12935
0.128768
0.128097
0.127342
0.126509
0.125601
0.124523
0.123189
0.00767072
0.00623217
0.00506997
0.00409407
0.00319834
0.00238852
0.0016726
0.00105074
0.000522873
9.06337e-05
-0.000243186
-0.000476084
-0.000606376
-0.000632404
-0.000552276
-0.00036419
-6.64102e-05
0.00034229
0.000863334
0.00149756
0.00224506
0.00310585
0.0040792
0.00516334
0.00635656
0.00765717
0.00906311
0.0105725
0.0121834
0.0138931
0.0156983
0.0175951
0.0195791
0.0216463
0.0237928
0.026015
0.0283095
0.0306727
0.0331012
0.0355912
0.0381387
0.0407394
0.0433885
0.046081
0.0488113
0.0515748
0.0543662
0.0571797
0.0600101
0.0628512
0.0656969
0.0685415
0.0713793
0.0742042
0.0770112
0.0797955
0.0825516
0.0852744
0.0879594
0.0906015
0.0931955
0.0957378
0.0982252
0.100653
0.103017
0.105314
0.107538
0.109684
0.111747
0.113721
0.115602
0.117385
0.119065
0.120642
0.122112
0.123472
0.12472
0.125854
0.126873
0.127775
0.128561
0.129231
0.129785
0.130223
0.130544
0.130752
0.130849
0.130837
0.130719
0.130497
0.130174
0.129752
0.129232
0.128616
0.127905
0.1271
0.126209
0.125235
0.124072
0.122632
0.00807474
0.00653692
0.0052964
0.00425803
0.00330778
0.00245054
0.00169383
0.001038
0.000482869
2.85807e-05
-0.000323338
-0.000570645
-0.000711742
-0.000745439
-0.000670389
-0.00048522
-0.000188432
0.000221022
0.000743826
0.00138063
0.00213138
0.00299527
0.00397143
0.00505841
0.00625421
0.00755716
0.0089657
0.0104778
0.0120913
0.0138035
0.0156108
0.0175093
0.0194951
0.0215641
0.0237129
0.0259378
0.0282353
0.0306017
0.0330335
0.0355271
0.0380784
0.0406829
0.0433356
0.0460316
0.0487655
0.0515325
0.0543275
0.0571443
0.0599778
0.062822
0.0656707
0.0685181
0.0713586
0.0741862
0.0769959
0.0797834
0.0825432
0.0852702
0.0879598
0.0906068
0.093206
0.0957536
0.0982459
0.100678
0.103046
0.105346
0.107573
0.109722
0.111789
0.113768
0.115655
0.117443
0.119129
0.12071
0.122184
0.123547
0.124798
0.125934
0.126956
0.127861
0.12865
0.129322
0.129876
0.130313
0.130631
0.130835
0.130926
0.130908
0.13078
0.130545
0.130204
0.129758
0.129211
0.12856
0.127808
0.126955
0.126006
0.124968
0.123726
0.122187
0.00836185
0.00673276
0.00541896
0.00432008
0.00331644
0.00241281
0.00161557
0.000924505
0.000339869
-0.000138466
-0.000510143
-0.000773688
-0.000927602
-0.000970823
-0.00090228
-0.000720909
-0.000425884
-1.6153e-05
0.000508444
0.00114778
0.00190177
0.00276955
0.00374955
0.00484037
0.00604051
0.00734818
0.00876166
0.010279
0.0118978
0.0136151
0.0154275
0.0173311
0.0193223
0.0213974
0.0235528
0.0257848
0.0280898
0.0304642
0.0329043
0.0354064
0.0379662
0.0405791
0.0432403
0.0459448
0.0486874
0.0514632
0.0542669
0.0570925
0.0599346
0.0627874
0.0656445
0.0685001
0.0713486
0.074184
0.0770017
0.0797975
0.0825661
0.0853023
0.0880016
0.0906585
0.0932679
0.0958256
0.0983274
0.100768
0.103144
0.105452
0.107687
0.109844
0.111919
0.113906
0.115802
0.117598
0.119292
0.120881
0.122361
0.12373
0.124986
0.126127
0.127153
0.128062
0.128854
0.129527
0.130081
0.130515
0.130831
0.13103
0.131117
0.131091
0.130952
0.130701
0.130339
0.12987
0.129292
0.128607
0.127814
0.126912
0.125908
0.124807
0.123492
0.121862
0.00852535
0.00681256
0.00543046
0.00427378
0.00321764
0.00226788
0.00143059
0.000704063
8.85643e-05
-0.0004155
-0.000808375
-0.0010894
-0.00125725
-0.00131105
-0.00125002
-0.00107317
-0.000780056
-0.000370485
0.000155657
0.000797985
0.00155572
0.00242781
0.00341279
0.00450912
0.00571542
0.00702997
0.0084508
0.00997584
0.0116025
0.0133278
0.0151482
0.0170604
0.0190609
0.0211461
0.0233124
0.0255558
0.0278728
0.0302598
0.032713
0.0352282
0.0378013
0.0404275
0.0431021
0.0458202
0.0485766
0.0513665
0.0541842
0.0570238
0.0598801
0.062747
0.0656179
0.068487
0.0713489
0.0741977
0.0770289
0.0798383
0.0826208
0.0853713
0.0880851
0.0907567
0.0933808
0.0959531
0.0984691
0.100924
0.103312
0.105632
0.10788
0.110049
0.112136
0.114135
0.116042
0.11785
0.119554
0.121153
0.122642
0.124019
0.125283
0.126432
0.127464
0.128378
0.129171
0.129845
0.130398
0.130831
0.131144
0.13134
0.131421
0.131386
0.131234
0.130965
0.130583
0.130088
0.129481
0.12876
0.127925
0.126975
0.125918
0.124759
0.123374
0.121661
0.00856061
0.00676971
0.00532375
0.00411262
0.0030054
0.00200954
0.00113223
0.000370503
-0.000276273
-0.000807233
-0.00122235
-0.00152164
-0.00170426
-0.00176914
-0.00171578
-0.00154393
-0.00125308
-0.000843502
-0.00031564
0.000329884
0.00109196
0.0019693
0.00296055
0.00406421
0.0052787
0.00660226
0.00803283
0.00956807
0.0112052
0.0129412
0.014773
0.0166974
0.0187111
0.0208104
0.0229916
0.0252508
0.0275843
0.0299885
0.0324592
0.0349923
0.0375833
0.0402276
0.0429207
0.0456576
0.048433
0.051242
0.054079
0.056938
0.0598136
0.0626999
0.06559
0.0684781
0.0713588
0.0742266
0.0770769
0.0799055
0.0827071
0.0854766
0.0882096
0.0909005
0.0935438
0.0961351
0.0986698
0.101143
0.10355
0.105887
0.108152
0.110338
0.11244
0.114454
0.116374
0.118195
0.119913
0.121524
0.123026
0.124415
0.125689
0.126848
0.127887
0.128806
0.129602
0.130277
0.130831
0.131264
0.131575
0.131768
0.131842
0.131796
0.131629
0.131343
0.130939
0.130419
0.12978
0.129024
0.128147
0.12715
0.126041
0.124826
0.123376
0.121585
0.00846452
0.00659946
0.00509254
0.00382957
0.00267359
0.00163229
0.000714648
-8.21526e-05
-0.00075987
-0.00131804
-0.00175617
-0.00207412
-0.00227162
-0.00234793
-0.0023025
-0.00213544
-0.00184691
-0.00143722
-0.000907223
-0.000258061
0.00050909
0.00139292
0.00239201
0.00350483
0.00472963
0.00606447
0.00750714
0.00905504
0.0107054
0.0124553
0.0143019
0.0162423
0.018273
0.0203904
0.0225906
0.0248699
0.0272244
0.0296502
0.032143
0.0346984
0.0373121
0.0399796
0.0426962
0.045457
0.0482565
0.0510897
0.053951
0.0568344
0.0597345
0.0626453
0.0655598
0.0684723
0.0713776
0.0742701
0.0771451
0.0799983
0.0828241
0.0856176
0.0883745
0.0910892
0.0937563
0.0963712
0.0989295
0.101426
0.103856
0.106217
0.108503
0.110709
0.112831
0.114863
0.1168
0.118638
0.120372
0.121999
0.123516
0.12492
0.126207
0.127376
0.128425
0.129349
0.130151
0.130829
0.131385
0.131818
0.132129
0.132317
0.132383
0.132325
0.132143
0.131839
0.131413
0.130866
0.130197
0.129403
0.128485
0.127442
0.126283
0.125015
0.123503
0.121638
0.00823436
0.00629858
0.00473222
0.00341879
0.0022161
0.00113074
0.000173058
-0.000658893
-0.00136735
-0.00195232
-0.0024134
-0.00275026
-0.00296258
-0.00305014
-0.00301276
-0.00285045
-0.00256393
-0.00215387
-0.00162138
-0.000967874
-0.000194614
0.000697112
0.00170577
0.00282968
0.00406697
0.00541543
0.00687259
0.00843577
0.0101023
0.0118696
0.0137348
0.015695
0.0177466
0.019886
0.0221095
0.0244132
0.026793
0.0292448
0.0317641
0.0343465
0.0369879
0.0396835
0.0424288
0.0452185
0.048047
0.0509093
0.0538
0.0567128
0.0596423
0.0625824
0.0655266
0.0684692
0.0714049
0.0743279
0.0772334
0.0801165
0.0829718
0.0857945
0.0885803
0.0913238
0.0940195
0.0966631
0.0992501
0.101776
0.104235
0.106623
0.108935
0.111166
0.11331
0.115364
0.117322
0.11918
0.120934
0.12258
0.124116
0.125536
0.126838
0.12802
0.129078
0.130012
0.13082
0.131504
0.132064
0.132498
0.132807
0.13299
0.133047
0.132977
0.13278
0.132457
0.132009
0.131435
0.130733
0.129903
0.128944
0.127856
0.126648
0.125328
0.123758
0.121822
0.00786672
0.00586378
0.00423962
0.00287616
0.00162792
0.000500114
-0.000496862
-0.00136371
-0.00210264
-0.00271408
-0.00319769
-0.00355319
-0.0037803
-0.00387897
-0.00384936
-0.00369177
-0.00340699
-0.00299619
-0.00246071
-0.00180194
-0.00102126
-0.000120092
0.000899935
0.00203697
0.00328895
0.00465338
0.00612759
0.00770896
0.00939503
0.0111833
0.0130709
0.0150547
0.0171311
0.0192967
0.0215478
0.0238803
0.0262897
0.0287717
0.0313221
0.0339363
0.0366103
0.0393392
0.042118
0.0449415
0.0478041
0.0507006
0.0536256
0.0565728
0.0595367
0.0625114
0.0654908
0.0684692
0.0714411
0.0744003
0.0773417
0.0802604
0.0831509
0.0860083
0.0888285
0.091606
0.0943356
0.0970132
0.0996343
0.102194
0.104686
0.107107
0.10945
0.111709
0.11388
0.11596
0.117944
0.119826
0.121603
0.123271
0.124826
0.126265
0.127583
0.12878
0.129851
0.130795
0.131613
0.132305
0.132869
0.133305
0.13361
0.133787
0.133835
0.133754
0.133543
0.133201
0.132729
0.132126
0.131392
0.130525
0.129525
0.128392
0.127137
0.125767
0.12414
0.122138
0.00735783
0.00529131
0.00361192
0.00219877
0.000905124
-0.000263745
-0.00129879
-0.0022001
-0.00296916
-0.00360666
-0.00411247
-0.00448633
-0.00472808
-0.00483777
-0.00481565
-0.00466251
-0.00437926
-0.00396729
-0.00342804
-0.00276287
-0.00197332
-0.00106101
-2.77276e-05
0.00112451
0.00239337
0.00377617
0.00527019
0.00687297
0.00858209
0.0103949
0.0123085
0.0143197
0.0164251
0.0186212
0.0209041
0.0232695
0.0257128
0.0282297
0.0308158
0.0334669
0.0361785
0.0389455
0.0417629
0.0446254
0.0475271
0.0504629
0.0534272
0.0564138
0.0594174
0.0624323
0.0654526
0.0684726
0.0714863
0.0744872
0.0774701
0.0804301
0.0833617
0.0862598
0.08912
0.0919372
0.0947063
0.0974233
0.100084
0.102682
0.105212
0.107669
0.110047
0.112339
0.114542
0.116653
0.118666
0.120576
0.122379
0.124071
0.125648
0.127107
0.128444
0.129658
0.130744
0.131702
0.132531
0.133232
0.133801
0.134238
0.134541
0.134713
0.134753
0.13466
0.134432
0.13407
0.133574
0.132942
0.132174
0.131271
0.130231
0.129055
0.127753
0.126335
0.124653
0.122587
0.00670581
0.00457795
0.00284567
0.00138427
4.52845e-05
-0.00116428
-0.00223627
-0.00317133
-0.00397021
-0.00463345
-0.0051612
-0.00555328
-0.00580951
-0.00593
-0.00591526
-0.00576625
-0.00548415
-0.00507031
-0.0045262
-0.00385337
-0.00305344
-0.00212818
-0.00107964
8.98845e-05
0.00137786
0.00278156
0.00429839
0.00592592
0.00766156
0.00950247
0.0114457
0.0134882
0.0156268
0.0178577
0.0201766
0.0225791
0.0250607
0.027617
0.0302438
0.0329366
0.0356907
0.0385009
0.041362
0.0442686
0.0472148
0.0501951
0.0532038
0.0562352
0.059284
0.0623448
0.0654117
0.0684787
0.0715397
0.0745878
0.077618
0.0806251
0.0836037
0.0865485
0.0894549
0.0923176
0.0951319
0.0978938
0.100598
0.10324
0.105812
0.10831
0.110727
0.113057
0.115298
0.117444
0.11949
0.121432
0.123264
0.124982
0.126584
0.128066
0.129425
0.130658
0.131762
0.132736
0.133578
0.134288
0.134862
0.135301
0.135604
0.135771
0.135803
0.135698
0.135454
0.135071
0.134549
0.133888
0.133088
0.132147
0.131067
0.129848
0.128501
0.127035
0.125299
0.12317
0.00591111
0.00372194
0.00193798
0.000430123
-0.000953615
-0.00220402
-0.00331252
-0.00428069
-0.0051092
-0.00579818
-0.00634778
-0.00675791
-0.00702846
-0.00715957
-0.00715204
-0.00700679
-0.0067251
-0.00630837
-0.00575819
-0.00507626
-0.0042643
-0.00332426
-0.00225849
-0.00106955
0.000239946
0.00166738
0.00321018
0.00486572
0.00663117
0.00850367
0.0104804
0.0125584
0.0147343
0.017004
0.0193632
0.0218072
0.0243317
0.0269323
0.0296046
0.0323439
0.0351455
0.0380039
0.0409139
0.0438698
0.0468657
0.0498958
0.0529544
0.056036
0.0591358
0.0622484
0.0653674
0.0684868
0.0716002
0.0747012
0.0777842
0.0808444
0.083876
0.0868736
0.0898323
0.0927467
0.095612
0.0984241
0.101178
0.103867
0.106486
0.109029
0.11149
0.113864
0.116147
0.118333
0.120418
0.122394
0.124258
0.126007
0.127637
0.129145
0.130528
0.131784
0.132909
0.1339
0.134756
0.135475
0.136057
0.1365
0.136803
0.136968
0.136992
0.136874
0.136613
0.136208
0.135661
0.134971
0.134137
0.13316
0.13204
0.130778
0.129386
0.127872
0.126083
0.123891
0.00497514
0.00272289
0.000886957
-0.000666325
-0.00209402
-0.00338537
-0.00453064
-0.00553186
-0.00639
-0.00710489
-0.00767642
-0.00810451
-0.00838919
-0.00853078
-0.00853
-0.00838787
-0.00810565
-0.00768485
-0.0071272
-0.00643454
-0.0056088
-0.00465216
-0.00356718
-0.00235651
-0.00102274
0.000431469
0.00200337
0.00369008
0.00548872
0.00739658
0.00941087
0.0115285
0.0137459
0.0160587
0.0184625
0.0209527
0.0235248
0.0261746
0.0288972
0.0316879
0.0345418
0.0374535
0.0404177
0.0434282
0.046479
0.0495642
0.0526783
0.0558162
0.0589729
0.0621427
0.0653193
0.0684964
0.0716677
0.074827
0.0779688
0.081088
0.0841785
0.0872349
0.090252
0.0932242
0.0961463
0.099014
0.101822
0.104564
0.107234
0.109828
0.112338
0.114761
0.117091
0.119322
0.121448
0.123463
0.125363
0.127147
0.128809
0.130347
0.131758
0.133039
0.134186
0.135195
0.136066
0.136798
0.137389
0.137838
0.138143
0.138304
0.13832
0.138189
0.13791
0.137484
0.136912
0.136193
0.135325
0.134312
0.133152
0.131847
0.13041
0.128849
0.127006
0.124751
0.00389828
0.0015808
-0.000308661
-0.00190753
-0.00337882
-0.00471137
-0.00589413
-0.00692893
-0.00781695
-0.0085579
-0.0091515
-0.00959764
-0.00989632
-0.010048
-0.0100533
-0.00991336
-0.00962951
-0.00920333
-0.00863669
-0.00793162
-0.0070903
-0.00611515
-0.00500876
-0.00377372
-0.00241271
-0.000928626
0.000675498
0.00239669
0.00423222
0.00617949
0.00823559
0.0103971
0.0126602
0.0150205
0.0174734
0.0200146
0.0226394
0.025343
0.0281207
0.0309677
0.0338792
0.0368495
0.039873
0.0429434
0.0460544
0.0492005
0.0523761
0.0555761
0.0587954
0.0620282
0.0652679
0.0685082
0.071743
0.0749663
0.0781727
0.0813567
0.0845119
0.0876329
0.0907143
0.0937501
0.0967347
0.0996635
0.102531
0.105331
0.108059
0.110708
0.113273
0.115749
0.11813
0.12041
0.122582
0.12464
0.126582
0.128404
0.130103
0.131675
0.133117
0.134424
0.135594
0.136624
0.137512
0.138259
0.138862
0.139317
0.139624
0.139782
0.13979
0.139646
0.13935
0.138903
0.138305
0.137556
0.136656
0.135605
0.134406
0.133058
0.131575
0.129966
0.128069
0.12575
0.00267896
0.000294746
-0.00165012
-0.00329593
-0.00481143
-0.0061858
-0.00740694
-0.00847616
-0.00939456
-0.0101619
-0.0107777
-0.0112419
-0.0115544
-0.0117155
-0.0117261
-0.0115873
-0.0113006
-0.0108676
-0.0102904
-0.00957129
-0.00871257
-0.00771673
-0.00658636
-0.0053241
-0.00393285
-0.00241582
-0.000776186
0.000983176
0.00285963
0.00485049
0.00695257
0.0091622
0.0114754
0.0138878
0.0163949
0.018992
0.0216742
0.0244366
0.0272745
0.030183
0.0331572
0.0361915
0.0392797
0.0424153
0.0455923
0.0488051
0.0520483
0.0553164
0.0586041
0.0619055
0.0652141
0.0685235
0.0718277
0.0751208
0.0783974
0.0816517
0.0848774
0.0880687
0.09122
0.094325
0.0973779
0.100374
0.103306
0.106171
0.108961
0.111671
0.114296
0.11683
0.119266
0.121598
0.123821
0.125928
0.127916
0.129783
0.131522
0.133131
0.134606
0.135942
0.137137
0.13819
0.1391
0.139864
0.140479
0.140942
0.141251
0.141406
0.141406
0.141251
0.140939
0.140471
0.139847
0.139067
0.138133
0.137046
0.135807
0.134416
0.132886
0.131228
0.129276
0.126892
0.00131434
-0.00113764
-0.00313958
-0.00483449
-0.00639574
-0.00781293
-0.00907337
-0.0101779
-0.0111274
-0.0119214
-0.0125597
-0.0130417
-0.0133676
-0.0135376
-0.0135526
-0.0134138
-0.0131229
-0.0126818
-0.0120925
-0.0113576
-0.0104795
-0.00946046
-0.00830332
-0.00701096
-0.00558653
-0.00403339
-0.00235466
-0.000553136
0.00136842
0.00340702
0.00555925
0.00782136
0.0101893
0.0126588
0.0152251
0.017883
0.0206275
0.0234538
0.0263571
0.0293325
0.032375
0.0354786
0.0386369
0.0418436
0.0450924
0.048378
0.0516948
0.055037
0.0583991
0.0617751
0.0651586
0.0685434
0.0719231
0.0752918
0.0786442
0.0819745
0.0852761
0.0885432
0.0917699
0.0949497
0.0980766
0.101145
0.104149
0.107083
0.109942
0.112719
0.115408
0.118004
0.1205
0.12289
0.125168
0.12733
0.12937
0.131284
0.133068
0.134717
0.136227
0.137596
0.138821
0.139901
0.140834
0.141616
0.142245
0.142716
0.143028
0.143182
0.143176
0.14301
0.142682
0.142192
0.141542
0.140733
0.139765
0.13864
0.13736
0.135925
0.134348
0.13264
0.130631
0.12818
-0.000198863
-0.00271991
-0.00478052
-0.00652679
-0.00813585
-0.0095972
-0.010898
-0.0120386
-0.0130198
-0.0138411
-0.0145017
-0.0150015
-0.0153403
-0.0155185
-0.015537
-0.0153972
-0.0151009
-0.0146501
-0.0140472
-0.0132947
-0.0123948
-0.01135
-0.0101633
-0.00883802
-0.00737738
-0.0057847
-0.00406303
-0.00221528
-0.000244551
0.0018459
0.0040526
0.00637182
0.00879949
0.011331
0.0139612
0.0166849
0.0194969
0.0223924
0.0253666
0.0284145
0.0315307
0.034709
0.0379432
0.0412269
0.0445537
0.0479182
0.0513145
0.0547369
0.0581795
0.0616363
0.065101
0.0685675
0.0720291
0.0754795
0.0789135
0.0823253
0.0857085
0.089057
0.0923646
0.0956248
0.0988315
0.101979
0.105061
0.108071
0.111003
0.113852
0.11661
0.119272
0.121833
0.124286
0.126626
0.128847
0.130943
0.132909
0.134741
0.136434
0.137984
0.13939
0.140649
0.141759
0.142717
0.143519
0.144162
0.144643
0.14496
0.145115
0.145105
0.144928
0.144583
0.144072
0.143396
0.142556
0.141554
0.140392
0.13907
0.13759
0.135964
0.134204
0.132137
0.129615
-0.00186379
-0.0044562
-0.00657732
-0.00837693
-0.0100358
-0.011543
-0.0128852
-0.0140629
-0.0150764
-0.0159251
-0.0166083
-0.0171256
-0.0174768
-0.0176626
-0.0176837
-0.0175418
-0.0172389
-0.0167771
-0.0161589
-0.0153865
-0.0144623
-0.0133892
-0.0121704
-0.0108092
-0.00930897
-0.00767299
-0.00590444
-0.00400653
-0.00198263
0.000163868
0.00242955
0.00481069
0.00730291
0.00990123
0.0126004
0.0153949
0.0182796
0.0212499
0.0243005
0.0274264
0.0306218
0.0338806
0.0371965
0.0405632
0.0439741
0.0474234
0.0509053
0.0544139
0.0579435
0.0614877
0.0650402
0.0685948
0.0721444
0.0756828
0.0792044
0.0827036
0.0861742
0.0896099
0.0930041
0.0963504
0.0996426
0.102875
0.10604
0.109132
0.112143
0.115069
0.117901
0.120636
0.123267
0.125789
0.128196
0.13048
0.132636
0.134659
0.136542
0.138283
0.139879
0.141326
0.142623
0.143765
0.14475
0.145573
0.146233
0.146725
0.147051
0.147208
0.147194
0.147007
0.146646
0.146113
0.145412
0.144542
0.143505
0.142304
0.140939
0.139411
0.137735
0.135922
0.133793
0.131198
-0.00368323
-0.00635044
-0.00853449
-0.0103893
-0.0121
-0.0136545
-0.0150395
-0.016255
-0.0173014
-0.018178
-0.0188838
-0.0194185
-0.0197819
-0.0199745
-0.0199975
-0.0198526
-0.0195418
-0.0190674
-0.0184317
-0.0176371
-0.0166863
-0.0155823
-0.0143284
-0.0129281
-0.0113846
-0.00970146
-0.00788213
-0.00593014
-0.00384897
-0.00164198
0.000687393
0.00313521
0.00569676
0.00836674
0.0111397
0.0140104
0.0169735
0.0200239
0.0231564
0.0263658
0.0296461
0.0329912
0.0363948
0.0398505
0.0433515
0.0468916
0.0504651
0.0540662
0.0576891
0.0613273
0.0649741
0.068623
0.072267
0.0758996
0.0795153
0.0831082
0.0866721
0.0902009
0.0936877
0.097126
0.10051
0.103832
0.107087
0.110266
0.113362
0.11637
0.119282
0.122096
0.124804
0.127401
0.129878
0.13223
0.134451
0.136534
0.138475
0.14027
0.141916
0.14341
0.144746
0.145923
0.146937
0.147784
0.148463
0.148971
0.149306
0.149467
0.14945
0.149253
0.148876
0.148324
0.147596
0.146696
0.145623
0.144381
0.142972
0.141396
0.139666
0.137797
0.135603
0.132931
-0.00565991
-0.00840614
-0.0106561
-0.0125684
-0.0143326
-0.0159362
-0.0173651
-0.0186196
-0.0196997
-0.0206046
-0.0213334
-0.0218854
-0.0222607
-0.0224598
-0.0224839
-0.0223349
-0.0220147
-0.0215257
-0.0208703
-0.0200512
-0.0190712
-0.0179335
-0.0166415
-0.0151984
-0.0136078
-0.0118735
-0.00999946
-0.00798929
-0.00584642
-0.00357424
-0.00117641
0.0013428
0.00397845
0.00672508
0.00957723
0.0125294
0.0155763
0.0187125
0.0219324
0.0252308
0.0286019
0.0320393
0.0355366
0.0390871
0.042684
0.046321
0.0499922
0.0536921
0.0574147
0.0611532
0.0649007
0.0686502
0.0723948
0.0761283
0.0798446
0.0835379
0.0872017
0.0908299
0.0944156
0.0979521
0.101433
0.104852
0.108201
0.111473
0.114661
0.117757
0.120757
0.123655
0.126446
0.129122
0.131677
0.134101
0.136391
0.138541
0.140545
0.1424
0.144101
0.145643
0.147023
0.148238
0.149283
0.150159
0.15086
0.151386
0.151733
0.151897
0.151878
0.151672
0.151282
0.15071
0.149957
0.149024
0.147915
0.146631
0.145175
0.143547
0.141763
0.139834
0.137571
0.134818
-0.00779689
-0.0106267
-0.012946
-0.014918
-0.0167379
-0.0183924
-0.019867
-0.0211617
-0.0222767
-0.0232107
-0.0239628
-0.0245324
-0.0249193
-0.0251243
-0.0251486
-0.0249941
-0.0246629
-0.0241573
-0.02348
-0.022634
-0.0216221
-0.0204476
-0.0191136
-0.017624
-0.0159824
-0.014193
-0.0122601
-0.0101873
-0.00797797
-0.00563576
-0.00316466
-0.000569232
0.0021455
0.00497409
0.0079109
0.0109502
0.0140864
0.0173139
0.0206269
0.0240202
0.0274879
0.0310236
0.0346205
0.0382717
0.0419705
0.0457106
0.049486
0.0532909
0.0571193
0.0609643
0.0648185
0.0686751
0.072527
0.0763679
0.080192
0.0839928
0.0877634
0.0914976
0.0951886
0.0988297
0.102414
0.105935
0.109385
0.112756
0.116042
0.119234
0.122328
0.125317
0.128197
0.130958
0.133593
0.136096
0.138461
0.140683
0.142756
0.144675
0.146435
0.14803
0.149457
0.150713
0.151795
0.152702
0.15343
0.153975
0.154333
0.154503
0.154483
0.154271
0.153868
0.153276
0.152497
0.151532
0.150384
0.149057
0.147551
0.14587
0.144026
0.142035
0.1397
0.136861
-0.0100975
-0.0130156
-0.0154078
-0.0174423
-0.0193205
-0.0210283
-0.0225506
-0.0238873
-0.0250384
-0.0260025
-0.0267786
-0.0273659
-0.0277642
-0.0279744
-0.0279978
-0.0278363
-0.0274922
-0.026968
-0.0262667
-0.0253912
-0.0243444
-0.0231295
-0.0217499
-0.0202097
-0.0185131
-0.0166646
-0.0146682
-0.012528
-0.0102473
-0.00783017
-0.00528088
-0.00260411
0.000195103
0.00311123
0.00613836
0.00927043
0.0125016
0.015826
0.0192381
0.0227323
0.0263028
0.0299429
0.0336454
0.0374034
0.0412103
0.0450598
0.0489458
0.0528623
0.0568027
0.0607601
0.0647274
0.0686975
0.0726634
0.0766189
0.0805577
0.0844731
0.0883578
0.0922051
0.096008
0.0997601
0.103455
0.107084
0.110641
0.114118
0.117508
0.120803
0.123997
0.127084
0.130058
0.132909
0.135632
0.138219
0.140665
0.142964
0.145111
0.147099
0.148922
0.150574
0.152052
0.153354
0.154477
0.155419
0.156175
0.15674
0.157113
0.15729
0.157271
0.157053
0.156638
0.156026
0.15522
0.154222
0.153035
0.151662
0.150105
0.148367
0.146461
0.144404
0.141993
0.139063
-0.0125654
-0.0155766
-0.0180458
-0.0201461
-0.0220857
-0.0238496
-0.0254221
-0.026803
-0.0279918
-0.028987
-0.0297876
-0.0303926
-0.0308021
-0.0310167
-0.0310378
-0.0308678
-0.0305091
-0.0299644
-0.0292368
-0.028329
-0.027244
-0.025985
-0.0245561
-0.0229615
-0.0212057
-0.0192934
-0.0172289
-0.0150161
-0.0126592
-0.0101621
-0.00752939
-0.00476577
-0.00187639
0.00113301
0.00425617
0.00748669
0.0108186
0.0142461
0.0177635
0.021365
0.0250444
0.028795
0.0326095
0.0364808
0.0404024
0.0443679
0.0483712
0.0524055
0.0564642
0.0605403
0.064627
0.0687173
0.0728041
0.076881
0.0809416
0.0849787
0.0889846
0.092952
0.0968739
0.100744
0.104555
0.1083
0.111971
0.11556
0.119061
0.122465
0.125766
0.128957
0.13203
0.134978
0.137794
0.140472
0.143005
0.145388
0.147614
0.149674
0.151565
0.153279
0.154815
0.156168
0.157336
0.158315
0.1591
0.159688
0.160077
0.160265
0.160249
0.160027
0.159599
0.158967
0.158135
0.157103
0.155875
0.154454
0.152843
0.151044
0.149073
0.146946
0.144455
0.141428
-0.0152047
-0.0183144
-0.020865
-0.0230352
-0.0250396
-0.0268631
-0.0284886
-0.0299157
-0.0311439
-0.0321714
-0.0329968
-0.0336194
-0.0340394
-0.0342574
-0.0342753
-0.0340955
-0.0337206
-0.0331534
-0.0323968
-0.0314537
-0.030327
-0.0290205
-0.0275384
-0.0258854
-0.0240661
-0.0220853
-0.0199476
-0.0176574
-0.0152191
-0.0126368
-0.00991511
-0.00705884
-0.00407349
-0.000965066
0.0022599
0.00559482
0.00903364
0.0125706
0.0161998
0.019915
0.0237098
0.0275773
0.0315103
0.0355018
0.0395449
0.0436332
0.0477602
0.051919
0.0561025
0.0603039
0.0645165
0.0687336
0.0729482
0.0771534
0.0813426
0.0855081
0.0896422
0.093737
0.097785
0.10178
0.105714
0.109582
0.113374
0.117084
0.120702
0.124222
0.127636
0.130937
0.134117
0.137169
0.140085
0.14286
0.145487
0.147958
0.150267
0.152406
0.15437
0.156153
0.157751
0.15916
0.160377
0.161396
0.162213
0.162827
0.163236
0.163436
0.163424
0.163198
0.162758
0.162107
0.161247
0.160181
0.15891
0.157439
0.155771
0.153909
0.151869
0.149668
0.147092
0.143961
-0.0180205
-0.0212345
-0.0238717
-0.0261162
-0.0281896
-0.030076
-0.0317573
-0.0332329
-0.034502
-0.0355625
-0.036413
-0.0370531
-0.037483
-0.0377037
-0.0377174
-0.0375265
-0.0371337
-0.0365417
-0.0357534
-0.0347717
-0.0336001
-0.0322426
-0.0307035
-0.0289878
-0.0271004
-0.0250463
-0.0228305
-0.0204578
-0.0179328
-0.0152597
-0.0124431
-0.0094883
-0.00640114
-0.00318792
0.000144789
0.00359036
0.00714259
0.0107956
0.0145431
0.0183786
0.0222954
0.0262865
0.0303449
0.0344635
0.0386352
0.042853
0.0471104
0.0514003
0.0557154
0.0600489
0.0643943
0.0687451
0.0730942
0.0774346
0.0817591
0.08606
0.0903292
0.0945587
0.0987405
0.102868
0.106934
0.110931
0.114853
0.118689
0.122433
0.126076
0.129609
0.133027
0.136322
0.139484
0.142508
0.145386
0.148112
0.150678
0.153076
0.1553
0.157343
0.1592
0.160866
0.162335
0.163603
0.164666
0.16552
0.166164
0.166595
0.166808
0.166801
0.166571
0.166121
0.165451
0.164564
0.163461
0.162146
0.160623
0.158895
0.156966
0.154854
0.152573
0.149905
0.146664
-0.0210188
-0.0243436
-0.0270729
-0.0293965
-0.0315431
-0.0334959
-0.0352359
-0.0367619
-0.038073
-0.0391673
-0.0400434
-0.0407009
-0.0411404
-0.0413633
-0.0413718
-0.0411683
-0.0407556
-0.0401362
-0.0393132
-0.0382899
-0.03707
-0.0356576
-0.0340575
-0.0322746
-0.0303144
-0.0281822
-0.0258834
-0.023423
-0.0208055
-0.0180356
-0.0151183
-0.012059
-0.00886416
-0.00554016
-0.0020935
0.00146921
0.0051415
0.00891711
0.0127895
0.0167521
0.0207977
0.0249193
0.02911
0.0333627
0.0376698
0.0420242
0.0464188
0.0508468
0.0553008
0.0597738
0.0642593
0.0687507
0.0732412
0.0777237
0.0821905
0.0866338
0.0910453
0.0954168
0.0997401
0.104008
0.108213
0.112349
0.116407
0.120378
0.124254
0.128027
0.131688
0.135231
0.138647
0.141928
0.145066
0.148055
0.150885
0.153552
0.156046
0.15836
0.16049
0.162426
0.164164
0.165696
0.16702
0.168132
0.169028
0.169705
0.170159
0.170387
0.170386
0.170154
0.169694
0.169005
0.16809
0.166949
0.165588
0.16401
0.16222
0.160221
0.15803
0.155665
0.152899
0.149541
-0.0242064
-0.027649
-0.0304762
-0.0328838
-0.0351078
-0.0371303
-0.0389316
-0.04051
-0.0418645
-0.0429934
-0.0438956
-0.0445708
-0.0450199
-0.0452445
-0.0452466
-0.0450288
-0.0445937
-0.0439442
-0.0430834
-0.0420152
-0.0407432
-0.039272
-0.0376065
-0.035752
-0.0337142
-0.031499
-0.0291119
-0.0265579
-0.023842
-0.0209693
-0.0179452
-0.0147755
-0.0114669
-0.00802573
-0.0044586
-0.000772107
0.00302698
0.00693192
0.010936
0.0150323
0.0192139
0.0234732
0.0278032
0.0321968
0.0366463
0.0411442
0.0456834
0.0502569
0.0548574
0.0594777
0.0641108
0.0687501
0.0733891
0.0780205
0.0826369
0.0872299
0.0917911
0.0963121
0.100785
0.105201
0.109554
0.113836
0.118037
0.122151
0.126167
0.130078
0.133875
0.137551
0.141097
0.144503
0.147763
0.150868
0.153811
0.156584
0.159181
0.161594
0.163815
0.165836
0.16765
0.169252
0.170638
0.171803
0.172744
0.173457
0.173937
0.174182
0.174189
0.173957
0.173486
0.172778
0.171833
0.170654
0.169245
0.16761
0.165754
0.163679
0.161405
0.158951
0.15608
0.152597
-0.0275898
-0.031158
-0.0340893
-0.0365857
-0.0388912
-0.0409867
-0.0428519
-0.0444849
-0.0458846
-0.0470495
-0.0479787
-0.0486723
-0.0491311
-0.0493565
-0.0493508
-0.0491165
-0.0486564
-0.0479736
-0.0470719
-0.045955
-0.0446269
-0.0430925
-0.0413571
-0.0394262
-0.037306
-0.0350024
-0.0325211
-0.0298677
-0.0270472
-0.0240655
-0.0209284
-0.0176421
-0.0142131
-0.010648
-0.0069536
-0.00313654
0.000796171
0.00483737
0.00898004
0.0132173
0.0175419
0.0219462
0.0264226
0.030964
0.0355629
0.0402117
0.0449031
0.0496299
0.0543846
0.0591598
0.0639484
0.0687434
0.0735382
0.078326
0.0830992
0.0878494
0.0925679
0.097246
0.101875
0.106448
0.110956
0.115392
0.119746
0.124009
0.128174
0.132232
0.136173
0.13999
0.143673
0.147213
0.150601
0.15383
0.156893
0.159782
0.162489
0.165006
0.167324
0.169436
0.171333
0.17301
0.174463
0.175687
0.176677
0.177428
0.177937
0.178201
0.178218
0.177987
0.177506
0.176778
0.175803
0.174584
0.173125
0.171431
0.169505
0.16735
0.164987
0.162437
0.159456
0.15584
-0.0311757
-0.0348777
-0.0379194
-0.0405096
-0.0429008
-0.0450731
-0.0470052
-0.0486955
-0.0501427
-0.0513455
-0.0523031
-0.0530156
-0.0534838
-0.0537091
-0.0536938
-0.0534407
-0.0529528
-0.0522337
-0.0512872
-0.0501175
-0.048729
-0.0471268
-0.0453166
-0.0433044
-0.0410963
-0.0386985
-0.036117
-0.0333576
-0.0304263
-0.0273291
-0.0240725
-0.0206628
-0.0171064
-0.0134104
-0.00958153
-0.00562689
-0.00155353
0.00263118
0.00691986
0.0113054
0.0157803
0.0203367
0.0249667
0.029663
0.0344185
0.0392257
0.044077
0.0489649
0.0538817
0.0588196
0.0637715
0.0687301
0.0736886
0.0786405
0.0835781
0.0884931
0.0933766
0.0982194
0.103013
0.10775
0.112421
0.117019
0.121533
0.125956
0.130278
0.13449
0.138584
0.142551
0.146379
0.15006
0.153585
0.156947
0.160138
0.163151
0.165975
0.168602
0.171024
0.173231
0.175218
0.176978
0.178504
0.179791
0.180832
0.181625
0.182166
0.182452
0.182482
0.182251
0.181761
0.181012
0.180007
0.178747
0.177236
0.175478
0.173478
0.171238
0.168782
0.166131
0.163033
0.159276
-0.0349705
-0.0388152
-0.0419738
-0.0446632
-0.047145
-0.0493983
-0.0514011
-0.0531518
-0.0546494
-0.0558923
-0.0568797
-0.0576117
-0.0580889
-0.058313
-0.0582863
-0.0580118
-0.0574932
-0.0567341
-0.0557389
-0.054512
-0.0530585
-0.0513836
-0.0494935
-0.0473943
-0.0450924
-0.0425941
-0.0399059
-0.0370342
-0.0339854
-0.030766
-0.0273827
-0.0238422
-0.020151
-0.0163165
-0.0123459
-0.00824633
-0.00402493
0.000310841
0.00475319
0.0092945
0.013927
0.0186427
0.0234335
0.0282921
0.0332116
0.0381846
0.0432036
0.0482604
0.0533469
0.0584554
0.0635783
0.0687086
0.0738393
0.0789633
0.0840733
0.0891608
0.0942169
0.0992324
0.104199
0.109107
0.11395
0.118717
0.123401
0.127991
0.132478
0.136854
0.141109
0.145233
0.149216
0.153047
0.156718
0.160222
0.16355
0.166693
0.169642
0.172387
0.174919
0.177231
0.179315
0.181162
0.182767
0.184121
0.185219
0.186058
0.186635
0.186947
0.18699
0.186761
0.186262
0.185493
0.184455
0.183152
0.181586
0.179762
0.177683
0.175353
0.172798
0.17004
0.166817
0.16291
-0.0389811
-0.0429777
-0.0462606
-0.0490549
-0.0516328
-0.0539722
-0.0560502
-0.0578652
-0.0594162
-0.0607015
-0.06172
-0.0624718
-0.0629576
-0.0631792
-0.0631392
-0.0628409
-0.0622883
-0.0614855
-0.0604372
-0.0591486
-0.0576251
-0.0558723
-0.0538965
-0.0517043
-0.0493021
-0.0466967
-0.0438951
-0.0409043
-0.037731
-0.034382
-0.0308644
-0.0271852
-0.0233516
-0.019371
-0.0152508
-0.0109986
-0.00662148
-0.00212691
0.00247687
0.00718158
0.0119791
0.0168614
0.0218205
0.0268491
0.0319401
0.0370865
0.0422805
0.0475138
0.0527779
0.0580646
0.0633665
0.0686767
0.0739878
0.0792924
0.0845829
0.0898509
0.0950875
0.100284
0.10543
0.110519
0.11554
0.120487
0.125348
0.130115
0.134777
0.139325
0.14375
0.14804
0.152186
0.156177
0.160005
0.16366
0.167133
0.170415
0.173496
0.176367
0.179019
0.181444
0.183631
0.185573
0.187261
0.188687
0.189848
0.190739
0.191357
0.191697
0.191754
0.191529
0.191021
0.190231
0.189162
0.187813
0.186188
0.184293
0.182131
0.179707
0.177047
0.174176
0.170819
0.16675
-0.0432148
-0.0473735
-0.050789
-0.053695
-0.0563751
-0.0588064
-0.0609645
-0.0628478
-0.0644553
-0.065785
-0.0668359
-0.0676078
-0.0681017
-0.0683196
-0.0682642
-0.0679394
-0.0673494
-0.0664988
-0.0653931
-0.0640379
-0.062439
-0.0606024
-0.0585348
-0.0562428
-0.0537336
-0.0510143
-0.0480924
-0.0449752
-0.0416699
-0.0381835
-0.0345235
-0.0306976
-0.0267136
-0.0225789
-0.0183012
-0.0138882
-0.00934719
-0.00468596
8.70172e-05
0.00496291
0.00993316
0.0149897
0.0201248
0.0253312
0.0306017
0.0359288
0.0413052
0.0467223
0.0521715
0.0576443
0.0631333
0.0686313
0.0741311
0.0796249
0.0851044
0.0905611
0.0959864
0.101371
0.106707
0.111984
0.117195
0.122328
0.127376
0.132328
0.137174
0.141903
0.146507
0.150973
0.155292
0.159454
0.163447
0.167263
0.170891
0.174321
0.177544
0.18055
0.183331
0.185876
0.188175
0.190217
0.191995
0.193501
0.19473
0.195679
0.196341
0.196711
0.196786
0.196565
0.19605
0.19524
0.194136
0.192739
0.191053
0.189083
0.186834
0.184309
0.181537
0.178544
0.175045
0.170802
-0.0476803
-0.0520123
-0.0555693
-0.0585949
-0.0613841
-0.0639132
-0.0661566
-0.0681123
-0.0697792
-0.0711553
-0.0722395
-0.0730319
-0.0735333
-0.073746
-0.0736731
-0.0733188
-0.0726878
-0.0717855
-0.0706177
-0.0691906
-0.0675104
-0.0655836
-0.0634173
-0.0610187
-0.0583954
-0.055555
-0.0525053
-0.0492539
-0.0458084
-0.0421764
-0.0383658
-0.034385
-0.0302422
-0.0259452
-0.0215016
-0.0169194
-0.0122063
-0.00737035
-0.00242032
0.00263471
0.00778578
0.0130246
0.0183438
0.023736
0.0291937
0.0347094
0.0402754
0.0458837
0.0515255
0.0571923
0.0628765
0.0685705
0.074267
0.0799581
0.0856352
0.0912895
0.0969123
0.102495
0.108028
0.113504
0.118912
0.124242
0.129486
0.134632
0.13967
0.144591
0.149383
0.154036
0.158538
0.162879
0.167048
0.171034
0.174826
0.178415
0.18179
0.184942
0.187861
0.190534
0.192951
0.195102
0.196977
0.198571
0.199877
0.200887
0.201596
0.202
0.202097
0.201884
0.201362
0.200531
0.19939
0.197943
0.196192
0.194144
0.191801
0.18917
0.186279
0.183154
0.179502
0.175075
-0.0523876
-0.0569048
-0.0606134
-0.063767
-0.0666727
-0.0693058
-0.0716397
-0.0736718
-0.0754011
-0.0768256
-0.0779442
-0.078757
-0.0792651
-0.079471
-0.0793781
-0.0789912
-0.0783155
-0.0773571
-0.0761221
-0.0746173
-0.0728494
-0.0708255
-0.0685533
-0.0660406
-0.0632956
-0.0603264
-0.0571408
-0.053747
-0.0501528
-0.0463667
-0.0423971
-0.0382528
-0.0339426
-0.0294746
-0.0248565
-0.0200965
-0.0152027
-0.0101839
-0.00504867
0.00019371
0.00553404
0.0109637
0.0164752
0.0220611
0.0277141
0.0334262
0.0391897
0.0449967
0.0508388
0.0567075
0.0625948
0.068493
0.0743943
0.0802909
0.086174
0.0920348
0.0978643
0.103654
0.109395
0.115078
0.120693
0.12623
0.131678
0.137027
0.142268
0.147389
0.15238
0.15723
0.161926
0.166457
0.170811
0.174977
0.178945
0.182703
0.186241
0.189549
0.192615
0.195425
0.19797
0.200238
0.202221
0.20391
0.205297
0.206375
0.207137
0.20758
0.207702
0.207499
0.206971
0.206118
0.20494
0.20344
0.201622
0.199489
0.197048
0.194302
0.191283
0.18802
0.184204
0.179579
-0.0573479
-0.0620633
-0.0659341
-0.0692246
-0.0722548
-0.0749985
-0.0774279
-0.0795407
-0.0813355
-0.0828103
-0.0839641
-0.0847971
-0.0853107
-0.0855077
-0.0853923
-0.0849694
-0.0842451
-0.0832256
-0.0819177
-0.0803287
-0.0784661
-0.0763378
-0.0739521
-0.0713176
-0.0684427
-0.0653361
-0.062006
-0.0584607
-0.0547091
-0.05076
-0.0466224
-0.0423058
-0.0378191
-0.0331711
-0.0283697
-0.0234232
-0.0183403
-0.0131299
-0.00780108
-0.00236286
0.00317533
0.00880454
0.0145168
0.0203048
0.0261611
0.0320778
0.0380471
0.0440609
0.050111
0.0561893
0.0622876
0.0683978
0.0745121
0.0806222
0.0867198
0.0927959
0.0988414
0.104848
0.110805
0.116705
0.122537
0.128289
0.133953
0.139516
0.144969
0.150301
0.155502
0.160558
0.165459
0.17019
0.17474
0.179097
0.183251
0.187191
0.190904
0.194378
0.1976
0.200558
0.203241
0.205637
0.207736
0.209528
0.211004
0.212155
0.212977
0.213465
0.213615
0.213425
0.212892
0.212018
0.210802
0.209248
0.207357
0.205136
0.202588
0.19972
0.196564
0.193153
0.189162
0.184325
-0.0625728
-0.0675005
-0.0715448
-0.0749815
-0.0781445
-0.0810059
-0.0835368
-0.0857346
-0.087598
-0.0891249
-0.0903144
-0.0911672
-0.0916849
-0.0918709
-0.0917299
-0.0912674
-0.0904897
-0.0894035
-0.0880164
-0.0863364
-0.0843717
-0.0821311
-0.0796238
-0.0768587
-0.0738451
-0.0705918
-0.0671077
-0.0634016
-0.059483
-0.0553616
-0.0510469
-0.0465485
-0.041876
-0.0370387
-0.032045
-0.0269034
-0.0216225
-0.0162117
-0.0106804
-0.00503766
0.000707008
0.00654439
0.0124661
0.0184647
0.0245327
0.0306625
0.036846
0.0430749
0.0493411
0.0556367
0.0619536
0.0682838
0.074619
0.080951
0.0872714
0.0935714
0.099842
0.106074
0.112258
0.118384
0.124442
0.13042
0.136309
0.142096
0.147773
0.153327
0.158748
0.164022
0.169136
0.174079
0.178837
0.183398
0.187751
0.191884
0.195782
0.199433
0.202823
0.20594
0.208772
0.211307
0.213532
0.215434
0.217006
0.218239
0.219129
0.219667
0.21985
0.219675
0.21914
0.218245
0.216992
0.21538
0.213414
0.211098
0.208437
0.205439
0.202137
0.198566
0.194389
0.189323
-0.0680743
-0.0732298
-0.0774599
-0.0810528
-0.0843574
-0.0873443
-0.0899828
-0.0922703
-0.0942055
-0.0957863
-0.097012
-0.0978838
-0.0984041
-0.0985766
-0.0984065
-0.0978999
-0.0970634
-0.0959044
-0.0944312
-0.0926526
-0.0905778
-0.0882164
-0.0855785
-0.0826736
-0.0795113
-0.0761013
-0.0724532
-0.0685764
-0.064481
-0.0601772
-0.0556754
-0.0509856
-0.0461178
-0.0410817
-0.0358864
-0.0305404
-0.0250527
-0.0194325
-0.0136896
-0.00783368
-0.00187407
0.00417999
0.0103199
0.0165378
0.0228262
0.0291775
0.0355836
0.0420362
0.0485268
0.0550475
0.0615907
0.0681485
0.0747128
0.0812751
0.0878268
0.0943593
0.100864
0.107331
0.113751
0.120113
0.126406
0.132621
0.138745
0.144768
0.150679
0.156466
0.162118
0.167621
0.172961
0.178127
0.183106
0.187885
0.192449
0.196786
0.200881
0.204721
0.208292
0.211581
0.214575
0.217259
0.219618
0.221641
0.223319
0.224644
0.225607
0.226202
0.226423
0.226268
0.225733
0.22482
0.223527
0.221855
0.219808
0.217392
0.214611
0.211474
0.208018
0.204276
0.199896
0.194584
-0.0738651
-0.0792652
-0.0836944
-0.0874545
-0.0909104
-0.094031
-0.0967839
-0.099166
-0.101176
-0.102813
-0.104075
-0.104965
-0.105486
-0.105642
-0.105439
-0.104883
-0.103981
-0.102743
-0.101176
-0.0992904
-0.0970968
-0.0946055
-0.0918271
-0.0887721
-0.0854508
-0.0818734
-0.0780505
-0.0739924
-0.0697095
-0.0652129
-0.0605136
-0.0556222
-0.0505492
-0.0453046
-0.039898
-0.0343383
-0.0286343
-0.0227957
-0.0168324
-0.0107545
-0.00457146
0.00170765
0.00807431
0.0145204
0.021038
0.0276193
0.0342564
0.0409408
0.0476641
0.0544184
0.061196
0.0679894
0.0747908
0.0815917
0.0883834
0.095157
0.101904
0.108614
0.115279
0.121887
0.128427
0.134888
0.141259
0.147529
0.153686
0.159718
0.165613
0.171357
0.176936
0.182339
0.187552
0.192561
0.19735
0.201904
0.206209
0.210252
0.214018
0.217492
0.220659
0.223503
0.226008
0.228163
0.229958
0.231383
0.232429
0.233088
0.233353
0.233222
0.232692
0.231761
0.230427
0.228693
0.226562
0.224039
0.221131
0.217846
0.214223
0.210298
0.205699
0.200121
-0.0799589
-0.0856218
-0.0902648
-0.0942039
-0.0978216
-0.101085
-0.103959
-0.106441
-0.10853
-0.110224
-0.111523
-0.112431
-0.11295
-0.113086
-0.112844
-0.112233
-0.11126
-0.109933
-0.108264
-0.106263
-0.103942
-0.10131
-0.0983807
-0.0951647
-0.0916731
-0.087917
-0.0839079
-0.0796571
-0.0751757
-0.0704752
-0.0655675
-0.060464
-0.0551755
-0.0497122
-0.0440842
-0.0383008
-0.0323711
-0.0263049
-0.0201124
-0.0138038
-0.00738875
-0.000876132
0.00572573
0.0124086
0.019164
0.025984
0.0328603
0.0397847
0.0467491
0.0537453
0.0607659
0.0678034
0.0748502
0.081898
0.0889381
0.0959615
0.102959
0.109923
0.116841
0.123705
0.130502
0.13722
0.14385
0.150377
0.156792
0.163081
0.169231
0.175229
0.181062
0.186716
0.192177
0.197429
0.202456
0.207242
0.211773
0.216034
0.220009
0.223681
0.227034
0.230049
0.232714
0.235014
0.236938
0.238473
0.23961
0.24034
0.240658
0.240557
0.240034
0.239086
0.237712
0.235913
0.233693
0.231059
0.228016
0.224574
0.220771
0.216647
0.211813
0.205946
-0.086371
-0.0923163
-0.0971889
-0.10132
-0.105111
-0.108526
-0.111529
-0.114116
-0.116287
-0.118041
-0.119378
-0.120301
-0.120816
-0.120927
-0.120641
-0.119968
-0.118915
-0.117493
-0.115712
-0.113586
-0.111125
-0.108343
-0.105251
-0.101862
-0.0981881
-0.0942414
-0.0900341
-0.0855786
-0.0808869
-0.075971
-0.0708435
-0.0655167
-0.0600019
-0.0543093
-0.0484493
-0.0424319
-0.0362668
-0.0299639
-0.0235331
-0.0169849
-0.010329
-0.00357425
0.00327118
0.010199
0.0172007
0.0242675
0.0313914
0.0385641
0.0457778
0.0530247
0.0602971
0.0675874
0.0748882
0.0821913
0.0894882
0.0967701
0.104028
0.111253
0.118435
0.125564
0.132628
0.139615
0.146513
0.15331
0.159994
0.166553
0.172972
0.179239
0.18534
0.19126
0.196982
0.202492
0.207772
0.212806
0.217578
0.222073
0.226271
0.230156
0.233708
0.236911
0.23975
0.242208
0.244272
0.245929
0.247168
0.24798
0.248357
0.248293
0.247781
0.246818
0.245403
0.243538
0.241226
0.238474
0.235288
0.231675
0.227679
0.223341
0.218254
0.212076
-0.0931184
-0.0993675
-0.104487
-0.108824
-0.112799
-0.116376
-0.119515
-0.122214
-0.124471
-0.126286
-0.12766
-0.128598
-0.129104
-0.129185
-0.12885
-0.128106
-0.126965
-0.125437
-0.123535
-0.121272
-0.118661
-0.115715
-0.112449
-0.108874
-0.105006
-0.100856
-0.0964376
-0.0917648
-0.0868504
-0.0817072
-0.0763482
-0.0707863
-0.0650334
-0.0591003
-0.0529976
-0.0467357
-0.040325
-0.0337756
-0.0270975
-0.0203006
-0.0133947
-0.00638897
0.000708395
0.00788921
0.0151449
0.0224668
0.0298464
0.0372758
0.0447473
0.0522533
0.0597863
0.0673385
0.0749021
0.0824692
0.0900315
0.0975806
0.105108
0.112603
0.120059
0.127462
0.134803
0.142069
0.149248
0.156326
0.163292
0.170133
0.176836
0.183386
0.189769
0.195968
0.201968
0.207752
0.213301
0.2186
0.223631
0.228375
0.232813
0.236926
0.240696
0.244103
0.247131
0.249762
0.25198
0.253771
0.255124
0.256029
0.256474
0.256452
0.255956
0.254981
0.253527
0.251595
0.249187
0.246311
0.24297
0.239175
0.234972
0.230404
0.225042
0.218529
-0.10022
-0.106796
-0.11218
-0.116738
-0.120911
-0.12466
-0.127944
-0.130759
-0.133106
-0.134984
-0.136395
-0.137345
-0.137838
-0.137884
-0.13749
-0.136667
-0.135428
-0.133784
-0.131748
-0.129337
-0.126563
-0.123441
-0.119986
-0.116213
-0.112136
-0.107769
-0.103127
-0.0982236
-0.0930737
-0.0876905
-0.0820875
-0.0762781
-0.070275
-0.0640896
-0.057733
-0.0512159
-0.0445491
-0.0377431
-0.0308077
-0.0237528
-0.0165878
-0.00932216
-0.0019644
0.00547734
0.0129948
0.0205796
0.0282232
0.0359176
0.0436552
0.0514287
0.0592307
0.0670533
0.0748887
0.0827288
0.0905654
0.0983904
0.106196
0.113972
0.12171
0.129399
0.137027
0.144581
0.152051
0.159422
0.166683
0.17382
0.18082
0.187668
0.194348
0.200843
0.207136
0.213211
0.219048
0.224629
0.229935
0.234946
0.239641
0.244001
0.248006
0.251636
0.25487
0.257689
0.260076
0.262017
0.263499
0.264508
0.26503
0.265058
0.264583
0.263601
0.26211
0.260109
0.257602
0.254594
0.25109
0.2471
0.242674
0.23786
0.232203
0.225326
-0.107697
-0.114626
-0.120295
-0.125089
-0.129473
-0.133405
-0.136841
-0.13978
-0.14222
-0.144162
-0.145609
-0.146566
-0.147042
-0.147045
-0.146584
-0.145673
-0.144324
-0.142551
-0.14037
-0.137796
-0.134845
-0.131533
-0.127876
-0.123889
-0.119588
-0.114991
-0.11011
-0.104963
-0.0995638
-0.0939271
-0.088067
-0.0819971
-0.0757311
-0.0692814
-0.0626594
-0.055876
-0.0489422
-0.0418688
-0.0346658
-0.027343
-0.0199098
-0.0123755
-0.00474877
0.00296206
0.0107491
0.0186044
0.0265198
0.0344873
0.0424993
0.0505485
0.0586274
0.0667287
0.0748443
0.0829663
0.0910863
0.0991965
0.107289
0.115355
0.123385
0.131369
0.139294
0.147148
0.15492
0.162596
0.170165
0.177612
0.184924
0.192084
0.199075
0.205882
0.212486
0.21887
0.225013
0.230895
0.236495
0.241791
0.246764
0.251391
0.255652
0.259522
0.26298
0.266005
0.268581
0.270689
0.272313
0.273438
0.274049
0.274137
0.273691
0.272707
0.271181
0.269111
0.2665
0.263353
0.259675
0.255479
0.250815
0.245735
0.239759
0.232489
-0.115572
-0.122882
-0.128859
-0.133906
-0.138515
-0.142641
-0.146238
-0.149305
-0.151841
-0.153848
-0.155329
-0.156291
-0.156743
-0.156694
-0.156157
-0.155146
-0.153675
-0.151761
-0.149419
-0.146668
-0.143524
-0.140006
-0.136129
-0.131913
-0.127374
-0.12253
-0.117397
-0.11199
-0.106327
-0.100423
-0.0942915
-0.0879479
-0.0814062
-0.0746796
-0.0677803
-0.0607192
-0.0535071
-0.0461551
-0.0386737
-0.0310729
-0.0233621
-0.0155504
-0.00764624
0.000342169
0.00840696
0.0165406
0.0247353
0.0329835
0.0412775
0.04961
0.0579736
0.0663612
0.0747651
0.0831773
0.0915897
0.0999942
0.108383
0.116748
0.12508
0.133368
0.141601
0.149766
0.157851
0.165845
0.173734
0.181505
0.189143
0.19663
0.20395
0.211086
0.218019
0.22473
0.231198
0.237399
0.243313
0.248916
0.254188
0.259105
0.263641
0.267773
0.271476
0.27473
0.277513
0.279807
0.28159
0.282846
0.283559
0.283718
0.283311
0.282331
0.280772
0.278633
0.275914
0.272622
0.268761
0.264345
0.259427
0.254062
0.24774
0.240043
-0.123872
-0.131595
-0.137902
-0.143221
-0.148069
-0.152401
-0.156168
-0.159369
-0.162004
-0.164075
-0.165587
-0.166549
-0.166969
-0.166859
-0.166235
-0.165111
-0.163504
-0.161433
-0.158915
-0.15597
-0.152616
-0.148873
-0.144761
-0.140298
-0.135503
-0.130396
-0.124994
-0.119313
-0.11337
-0.107183
-0.100766
-0.0941348
-0.0873043
-0.0802882
-0.0730989
-0.0657478
-0.0582459
-0.0506041
-0.0428335
-0.0349444
-0.0269466
-0.0188485
-0.0106581
-0.00238356
0.00596745
0.0143873
0.0228688
0.0314046
0.0399876
0.0486105
0.0572663
0.0659478
0.0746475
0.0833577
0.0920706
0.100778
0.109473
0.118146
0.126789
0.135391
0.143942
0.152429
0.160841
0.169165
0.177389
0.185497
0.193475
0.201305
0.20897
0.216453
0.223734
0.230792
0.237603
0.244145
0.250394
0.256328
0.261922
0.26715
0.271986
0.276402
0.280374
0.283879
0.286893
0.28939
0.291351
0.292756
0.293588
0.293831
0.293474
0.292505
0.290918
0.28871
0.285881
0.282437
0.278385
0.273734
0.268544
0.262871
0.256175
0.248013
-0.132627
-0.140796
-0.147459
-0.153069
-0.158173
-0.162722
-0.166668
-0.170008
-0.172744
-0.174879
-0.176419
-0.177372
-0.177751
-0.177571
-0.176846
-0.175595
-0.173837
-0.171591
-0.168879
-0.165721
-0.162138
-0.158152
-0.153784
-0.149056
-0.143988
-0.1386
-0.13291
-0.126938
-0.120699
-0.114212
-0.107494
-0.100562
-0.0934289
-0.0861099
-0.0786176
-0.0709639
-0.0631602
-0.0552175
-0.0471472
-0.0389598
-0.0306649
-0.022271
-0.0137856
-0.00521624
0.00342935
0.0121435
0.020919
0.0297493
0.0386277
0.0475477
0.0565026
0.0654851
0.0744879
0.0835035
0.0925244
0.101543
0.110552
0.119542
0.128506
0.137433
0.146313
0.155134
0.163884
0.172552
0.181123
0.189583
0.197916
0.206106
0.214134
0.221983
0.22963
0.237054
0.24423
0.251135
0.257744
0.264032
0.269972
0.275536
0.280696
0.285423
0.289691
0.293472
0.296738
0.299463
0.301624
0.303198
0.304166
0.30451
0.304213
0.303264
0.301655
0.29938
0.296441
0.29284
0.288584
0.283685
0.278202
0.272197
0.265096
0.256428
-0.141866
-0.150518
-0.157566
-0.163488
-0.168864
-0.173645
-0.177779
-0.181263
-0.184102
-0.186298
-0.187859
-0.188797
-0.189125
-0.18886
-0.18802
-0.186626
-0.184699
-0.18226
-0.179333
-0.175941
-0.172108
-0.167858
-0.163214
-0.158201
-0.152839
-0.14715
-0.141154
-0.134871
-0.128319
-0.121516
-0.114482
-0.107232
-0.0997824
-0.0921467
-0.084338
-0.0763689
-0.0682513
-0.0599967
-0.0516164
-0.0431205
-0.0345187
-0.0258192
-0.0170294
-0.00815674
0.000791448
0.00980754
0.0188845
0.0280161
0.0371965
0.04642
0.0556801
0.0649702
0.0742829
0.0836109
0.0929469
0.102284
0.111615
0.120932
0.130226
0.139488
0.148708
0.157874
0.166975
0.175998
0.184931
0.193757
0.202462
0.211029
0.219438
0.22767
0.235704
0.243515
0.251079
0.258371
0.265365
0.272032
0.278344
0.284271
0.289783
0.294851
0.299443
0.303526
0.307071
0.31005
0.312436
0.314203
0.315328
0.315789
0.315568
0.31465
0.313025
0.310688
0.307637
0.303874
0.299404
0.294239
0.288444
0.28208
0.27454
0.265322
-0.151626
-0.160801
-0.168264
-0.17452
-0.180188
-0.185214
-0.189545
-0.193179
-0.19612
-0.198374
-0.19995
-0.200862
-0.201126
-0.200762
-0.19979
-0.198233
-0.196116
-0.193462
-0.190298
-0.18665
-0.182544
-0.178008
-0.173066
-0.167745
-0.162067
-0.156056
-0.149733
-0.143119
-0.136235
-0.129099
-0.121731
-0.114148
-0.106366
-0.0983993
-0.0902605
-0.081963
-0.0735196
-0.0649421
-0.0562412
-0.0474269
-0.0385082
-0.0294933
-0.0203899
-0.0112054
-0.00194691
0.00737843
0.016764
0.026204
0.0356932
0.0452263
0.0547977
0.0644011
0.0740297
0.0836764
0.0933343
0.102997
0.112657
0.122308
0.131942
0.141549
0.151119
0.160642
0.170105
0.179498
0.188805
0.198014
0.207107
0.216067
0.224876
0.233511
0.241952
0.250172
0.258149
0.265853
0.273257
0.28033
0.287043
0.293363
0.299259
0.304698
0.309642
0.314059
0.317914
0.321176
0.323815
0.3258
0.327105
0.327705
0.327577
0.326704
0.325075
0.322681
0.319517
0.315586
0.310892
0.305445
0.299313
0.292565
0.284549
0.274734
-0.161946
-0.171687
-0.179597
-0.186213
-0.192192
-0.197479
-0.202016
-0.205803
-0.208847
-0.211154
-0.212736
-0.213609
-0.213794
-0.213313
-0.212189
-0.210448
-0.208117
-0.205224
-0.201798
-0.197869
-0.193466
-0.188618
-0.183354
-0.177701
-0.171683
-0.165327
-0.158654
-0.151689
-0.144452
-0.136965
-0.129245
-0.121312
-0.113181
-0.104867
-0.096384
-0.0877453
-0.0789641
-0.0700522
-0.0610202
-0.0518772
-0.0426319
-0.0332924
-0.0238664
-0.0143618
-0.00478538
0.00485629
0.0145574
0.0243127
0.0341173
0.0439664
0.0538548
0.0637769
0.0737267
0.0836978
0.0936838
0.103678
0.113676
0.123669
0.13365
0.143611
0.153541
0.163431
0.173269
0.183043
0.19274
0.202345
0.211842
0.221214
0.23044
0.239499
0.248368
0.257023
0.265436
0.273579
0.28142
0.288929
0.296074
0.30282
0.309133
0.314975
0.320306
0.325089
0.329288
0.332868
0.335791
0.338024
0.339536
0.340298
0.340285
0.339475
0.337854
0.335409
0.332135
0.328031
0.323101
0.317356
0.310866
0.303702
0.295172
0.284708
-0.172868
-0.183224
-0.191618
-0.19862
-0.204932
-0.210494
-0.215246
-0.21919
-0.222333
-0.224686
-0.226263
-0.227084
-0.227172
-0.226552
-0.225253
-0.223302
-0.220732
-0.217572
-0.213857
-0.20962
-0.204892
-0.199706
-0.194092
-0.18808
-0.181697
-0.17497
-0.167925
-0.160585
-0.152975
-0.145115
-0.137025
-0.128722
-0.120225
-0.111548
-0.102706
-0.0937134
-0.0845821
-0.0753241
-0.0659496
-0.0564676
-0.0468862
-0.0372135
-0.0274571
-0.0176245
-0.00772265
0.0022425
0.0122659
0.0223429
0.032469
0.0426399
0.0528508
0.0630968
0.0733729
0.0836735
0.093993
0.104326
0.114666
0.125008
0.135344
0.145666
0.155966
0.166234
0.176457
0.186625
0.196724
0.206741
0.216658
0.226458
0.236121
0.245625
0.254946
0.264059
0.272935
0.281544
0.289853
0.29783
0.305441
0.312648
0.319413
0.325694
0.331449
0.336638
0.341219
0.345152
0.348395
0.35091
0.352661
0.353614
0.35374
0.353014
0.351416
0.34893
0.345549
0.34127
0.336095
0.330034
0.323162
0.315553
0.306467
0.295296
-0.184445
-0.195468
-0.204384
-0.211801
-0.218467
-0.224319
-0.229295
-0.233398
-0.236637
-0.239027
-0.240585
-0.241335
-0.241304
-0.240521
-0.239019
-0.23683
-0.23399
-0.230534
-0.2265
-0.221923
-0.21684
-0.211286
-0.205293
-0.198893
-0.192116
-0.184993
-0.17755
-0.169812
-0.161805
-0.153551
-0.145069
-0.136378
-0.127496
-0.118439
-0.109224
-0.099863
-0.0903689
-0.0807526
-0.0710243
-0.0611929
-0.0512665
-0.0412526
-0.0311584
-0.0209909
-0.0107565
-0.00046088
0.00989116
0.0202956
0.0307484
0.0412461
0.0517845
0.0623595
0.0729668
0.0836016
0.0942593
0.104935
0.115624
0.12632
0.137018
0.14771
0.158388
0.169041
0.17966
0.190233
0.200749
0.211191
0.221544
0.23179
0.241909
0.251879
0.261676
0.271272
0.280638
0.289743
0.298552
0.307032
0.315145
0.32285
0.330104
0.336865
0.343086
0.348723
0.353729
0.358056
0.361659
0.364495
0.366521
0.3677
0.367995
0.367377
0.365821
0.363307
0.359825
0.35537
0.349942
0.343549
0.33627
0.328184
0.318495
0.306556
-0.196735
-0.208482
-0.217962
-0.225824
-0.232866
-0.239024
-0.244231
-0.248492
-0.251822
-0.254236
-0.255758
-0.256416
-0.25624
-0.255266
-0.253529
-0.251069
-0.247925
-0.244139
-0.239751
-0.234801
-0.229329
-0.223373
-0.216968
-0.210149
-0.202949
-0.195401
-0.187532
-0.179371
-0.170943
-0.16227
-0.153374
-0.144275
-0.13499
-0.125537
-0.115932
-0.106188
-0.0963179
-0.0863311
-0.0762379
-0.0660472
-0.055767
-0.0454043
-0.0349655
-0.0244567
-0.0138834
-0.00325127
0.00743511
0.0181719
0.028956
0.0397845
0.0506547
0.0615631
0.072506
0.0834795
0.0944796
0.105502
0.116544
0.127601
0.138667
0.149735
0.160797
0.171845
0.182869
0.193859
0.204802
0.215684
0.226489
0.237198
0.247793
0.25825
0.268546
0.278652
0.288537
0.298169
0.307513
0.316531
0.325184
0.333426
0.341213
0.348499
0.355233
0.361364
0.366839
0.371607
0.375617
0.378818
0.381163
0.382606
0.383105
0.382624
0.381133
0.378609
0.375036
0.370407
0.364719
0.357979
0.350267
0.341668
0.331328
0.318553
-0.209805
-0.222337
-0.232427
-0.240765
-0.248206
-0.254683
-0.260127
-0.264545
-0.267955
-0.27038
-0.271844
-0.272383
-0.272032
-0.270832
-0.268826
-0.266057
-0.262572
-0.258417
-0.253636
-0.248275
-0.242376
-0.23598
-0.229128
-0.221856
-0.214201
-0.206197
-0.197874
-0.189262
-0.180386
-0.17127
-0.161937
-0.152408
-0.142701
-0.132835
-0.122824
-0.112682
-0.102421
-0.0920516
-0.0815827
-0.0710235
-0.0603812
-0.0496623
-0.0388722
-0.028016
-0.0170987
-0.00612521
0.00489988
0.0159731
0.0270922
0.0382553
0.0494606
0.0607058
0.0719879
0.0833035
0.0946496
0.106024
0.117423
0.128844
0.140282
0.151732
0.163186
0.174636
0.186074
0.19749
0.208872
0.220207
0.231479
0.242669
0.253759
0.264726
0.275545
0.286186
0.29662
0.306813
0.316728
0.326323
0.335555
0.344379
0.352746
0.360605
0.367901
0.374577
0.380574
0.385836
0.390304
0.393921
0.396632
0.398384
0.399127
0.398819
0.397423
0.394911
0.391262
0.386465
0.380512
0.373408
0.365239
0.356091
0.345046
0.331363
-0.223733
-0.237116
-0.247862
-0.256709
-0.264572
-0.271381
-0.277065
-0.281635
-0.285114
-0.287527
-0.288909
-0.289298
-0.288737
-0.287273
-0.284956
-0.281836
-0.277966
-0.273397
-0.26818
-0.262364
-0.255996
-0.249121
-0.241783
-0.234021
-0.225876
-0.217382
-0.208573
-0.19948
-0.190128
-0.180544
-0.170751
-0.160771
-0.150624
-0.140325
-0.129892
-0.119336
-0.10867
-0.0979054
-0.0870506
-0.0761138
-0.0651017
-0.0540193
-0.0428712
-0.031662
-0.0203962
-0.00907805
0.0022886
0.0137012
0.0251583
0.0366589
0.0482022
0.0597865
0.0714098
0.0830699
0.0947648
0.106493
0.118253
0.130043
0.141858
0.153694
0.165544
0.177404
0.189264
0.201116
0.212948
0.224748
0.236501
0.248189
0.259794
0.271292
0.282658
0.293864
0.304878
0.315666
0.326187
0.336399
0.346255
0.355707
0.364704
0.373189
0.381101
0.388378
0.394956
0.40077
0.405756
0.409847
0.412979
0.415091
0.416126
0.416033
0.414769
0.412297
0.408591
0.403634
0.397414
0.389933
0.381279
0.371545
0.359741
0.345071
-0.238603
-0.25291
-0.264363
-0.273751
-0.282059
-0.28921
-0.295135
-0.299848
-0.303378
-0.305757
-0.307025
-0.307227
-0.306414
-0.304641
-0.301966
-0.298447
-0.294142
-0.28911
-0.283408
-0.277089
-0.270205
-0.262806
-0.254939
-0.246648
-0.237973
-0.228955
-0.219626
-0.210019
-0.200163
-0.190085
-0.179808
-0.169355
-0.158746
-0.147997
-0.137124
-0.126139
-0.115055
-0.103883
-0.0926319
-0.0813088
-0.0699188
-0.058466
-0.0469541
-0.0353871
-0.0237692
-0.012104
-0.000393953
0.0113597
0.0231567
0.0349968
0.0468796
0.0588044
0.07077
0.0827758
0.0948213
0.106906
0.11903
0.13119
0.143385
0.155611
0.167864
0.180138
0.192427
0.204723
0.217016
0.229294
0.241542
0.253744
0.265881
0.277932
0.289871
0.30167
0.313296
0.324713
0.335879
0.346749
0.357276
0.367408
0.377089
0.386255
0.394843
0.402783
0.410007
0.41644
0.422008
0.426638
0.430254
0.432787
0.434171
0.434344
0.433255
0.430859
0.42712
0.422017
0.415531
0.40766
0.398497
0.388137
0.375515
0.359775
-0.254513
-0.269821
-0.282034
-0.291998
-0.30077
-0.308275
-0.314438
-0.319281
-0.32284
-0.325153
-0.326268
-0.326239
-0.325126
-0.322992
-0.319905
-0.31593
-0.311136
-0.305585
-0.299343
-0.292467
-0.285016
-0.277044
-0.268601
-0.259736
-0.250492
-0.240909
-0.231024
-0.220871
-0.210481
-0.19988
-0.189095
-0.178147
-0.167055
-0.155837
-0.144507
-0.133079
-0.121563
-0.109973
-0.0983155
-0.086597
-0.0748214
-0.0629918
-0.0511112
-0.0391829
-0.0272103
-0.015196
-0.00314116
0.00895458
0.021092
0.0332718
0.0454942
0.0577594
0.0700677
0.0824197
0.0948164
0.107259
0.119747
0.13228
0.144857
0.157476
0.170134
0.182828
0.195553
0.2083
0.221062
0.233828
0.246584
0.259316
0.272005
0.28463
0.297167
0.309587
0.321857
0.333939
0.34579
0.357364
0.368611
0.379476
0.389896
0.399806
0.409135
0.417809
0.425749
0.432873
0.439098
0.44434
0.448513
0.451537
0.453335
0.453835
0.452973
0.450695
0.446956
0.441726
0.43498
0.42671
0.417012
0.405988
0.392487
0.375587
-0.271572
-0.287964
-0.300993
-0.311567
-0.320825
-0.328689
-0.335084
-0.34004
-0.343598
-0.345806
-0.346722
-0.346409
-0.344939
-0.342384
-0.338823
-0.33433
-0.328981
-0.32285
-0.316005
-0.308513
-0.300438
-0.291839
-0.28277
-0.273283
-0.263424
-0.253236
-0.242757
-0.232023
-0.221066
-0.209916
-0.198596
-0.18713
-0.175535
-0.163828
-0.152025
-0.140139
-0.128181
-0.116161
-0.104088
-0.0919648
-0.0797962
-0.0675841
-0.055331
-0.043039
-0.0307102
-0.0183455
-0.00594473
0.00649344
0.0189707
0.0314888
0.0440492
0.0566535
0.0693035
0.0820012
0.0947486
0.107547
0.120399
0.133304
0.146264
0.159278
0.172345
0.185463
0.198627
0.211832
0.225071
0.238335
0.251612
0.264889
0.278148
0.291368
0.304527
0.317596
0.330541
0.343324
0.355902
0.368228
0.380246
0.391899
0.40312
0.41384
0.423983
0.433465
0.442201
0.450097
0.457062
0.462999
0.467813
0.471409
0.473698
0.474596
0.474024
0.471916
0.468217
0.462887
0.455892
0.447217
0.436964
0.425237
0.410791
0.392637
-0.289904
-0.307469
-0.321374
-0.332594
-0.342357
-0.350584
-0.3572
-0.362241
-0.365761
-0.367817
-0.368477
-0.367818
-0.365923
-0.362878
-0.35877
-0.353687
-0.347712
-0.340928
-0.333413
-0.325239
-0.316478
-0.307193
-0.297442
-0.287282
-0.27676
-0.265922
-0.254809
-0.243458
-0.231902
-0.220172
-0.208291
-0.196282
-0.184162
-0.171949
-0.159658
-0.147301
-0.134889
-0.12243
-0.109931
-0.097396
-0.084828
-0.072229
-0.0596004
-0.0469431
-0.0342571
-0.0215415
-0.00879487
0.00398495
0.0168004
0.0296544
0.0425501
0.0554909
0.0684802
0.0815212
0.0946168
0.10777
0.120983
0.134259
0.147601
0.16101
0.174486
0.188029
0.201636
0.215303
0.229026
0.242797
0.256607
0.270442
0.284287
0.298124
0.311929
0.325674
0.339327
0.352849
0.366197
0.379321
0.392164
0.404664
0.416753
0.428356
0.439389
0.449762
0.459379
0.468139
0.475937
0.482665
0.488214
0.492476
0.495346
0.496724
0.496517
0.494643
0.491036
0.48564
0.478415
0.469337
0.458509
0.446039
0.430582
0.411072
-0.30965
-0.328485
-0.343329
-0.35523
-0.365516
-0.374105
-0.380923
-0.386016
-0.389449
-0.391293
-0.39163
-0.390551
-0.388153
-0.384536
-0.379799
-0.374042
-0.367359
-0.359843
-0.35158
-0.342652
-0.333136
-0.3231
-0.312609
-0.301719
-0.290483
-0.278948
-0.267159
-0.255153
-0.242964
-0.230623
-0.218153
-0.205577
-0.192913
-0.180177
-0.167382
-0.154542
-0.141664
-0.128757
-0.115825
-0.102872
-0.0898998
-0.0769109
-0.0639048
-0.0508809
-0.0378371
-0.0247711
-0.0116802
0.0014388
0.0145894
0.0277761
0.0410038
0.0542775
0.0676021
0.0809819
0.094421
0.107924
0.121495
0.13514
0.148862
0.162664
0.176548
0.190516
0.204567
0.2187
0.232912
0.247198
0.261549
0.275955
0.290402
0.304873
0.319347
0.333797
0.34819
0.362489
0.376649
0.39062
0.404344
0.417755
0.430781
0.443343
0.45535
0.466703
0.477297
0.487021
0.495758
0.503385
0.509778
0.514814
0.518369
0.520324
0.520571
0.51901
0.515557
0.510144
0.502716
0.493241
0.481823
0.468572
0.452034
0.431058
-0.33097
-0.351179
-0.36703
-0.37965
-0.390472
-0.399416
-0.406409
-0.411509
-0.414795
-0.416355
-0.416288
-0.4147
-0.411707
-0.407422
-0.401961
-0.395434
-0.387951
-0.379613
-0.370517
-0.360755
-0.350408
-0.339552
-0.328253
-0.316574
-0.304569
-0.29229
-0.27978
-0.267079
-0.254223
-0.241239
-0.228153
-0.214987
-0.201758
-0.188481
-0.17517
-0.161834
-0.148481
-0.135116
-0.121745
-0.10837
-0.0949918
-0.0816115
-0.068227
-0.0548358
-0.0414347
-0.02802
-0.0145879
-0.00113381
0.0123477
0.0258628
0.0394182
0.05302
0.0666743
0.0803865
0.0941628
0.10801
0.121934
0.135943
0.15004
0.164232
0.178521
0.192912
0.207407
0.222007
0.236712
0.251517
0.266418
0.281406
0.296469
0.311592
0.326756
0.341936
0.357101
0.372214
0.387231
0.402099
0.416761
0.431149
0.445187
0.458789
0.471858
0.484289
0.495966
0.506767
0.516559
0.525207
0.532569
0.538502
0.542861
0.54551
0.546317
0.545162
0.541942
0.536572
0.528981
0.519124
0.507105
0.493038
0.475345
0.452786
-0.354049
-0.375746
-0.392676
-0.406049
-0.417417
-0.426701
-0.433831
-0.43888
-0.441945
-0.443134
-0.442564
-0.440363
-0.436665
-0.431602
-0.425305
-0.4179
-0.40951
-0.40025
-0.390228
-0.379541
-0.368281
-0.356528
-0.344353
-0.331821
-0.318991
-0.305914
-0.292638
-0.279203
-0.265642
-0.251984
-0.238255
-0.224475
-0.210662
-0.19683
-0.182989
-0.169146
-0.155308
-0.14148
-0.127665
-0.113865
-0.100081
-0.086309
-0.0725467
-0.0587895
-0.0450332
-0.0312732
-0.0175043
-0.00372006
0.010087
0.023925
0.0378019
0.0517251
0.0657015
0.0797388
0.0938452
0.10803
0.122301
0.136666
0.151132
0.165707
0.180397
0.195207
0.210144
0.225211
0.240409
0.255737
0.271193
0.286771
0.302462
0.318254
0.334129
0.350064
0.36603
0.381994
0.39791
0.413727
0.429387
0.44482
0.459946
0.474674
0.488902
0.502517
0.515393
0.527393
0.538373
0.548179
0.55665
0.56362
0.568925
0.572402
0.573896
0.573261
0.570372
0.565122
0.55742
0.547206
0.534582
0.519663
0.500739
0.476472
-0.379097
-0.402406
-0.42049
-0.434651
-0.446569
-0.456169
-0.463384
-0.468308
-0.47106
-0.47177
-0.47058
-0.467642
-0.463111
-0.457139
-0.449877
-0.44147
-0.432055
-0.421761
-0.410707
-0.399
-0.386736
-0.374002
-0.360875
-0.347423
-0.333707
-0.319782
-0.305692
-0.29148
-0.277179
-0.262817
-0.248418
-0.234003
-0.219588
-0.205184
-0.1908
-0.176441
-0.162113
-0.147817
-0.133556
-0.119332
-0.10514
-0.0909783
-0.0768404
-0.0627209
-0.0486142
-0.0345144
-0.0204144
-0.00630576
0.00782073
0.0219746
0.0361648
0.0504003
0.06469
0.0790439
0.0934724
0.107986
0.122595
0.137308
0.152135
0.167085
0.182168
0.197394
0.212768
0.228299
0.243988
0.25984
0.275854
0.292029
0.308358
0.324831
0.341433
0.358146
0.374944
0.391793
0.408651
0.425469
0.442187
0.458734
0.475027
0.490973
0.506464
0.521377
0.535576
0.548913
0.561226
0.572343
0.582082
0.590254
0.596667
0.601131
0.603461
0.603484
0.601045
0.596012
0.588268
0.577735
0.56451
0.548708
0.528472
0.502362
-0.406354
-0.431412
-0.45073
-0.465711
-0.478176
-0.488053
-0.495286
-0.499991
-0.502316
-0.502417
-0.500466
-0.496643
-0.491126
-0.484095
-0.475722
-0.466172
-0.455598
-0.444145
-0.431942
-0.419105
-0.405739
-0.391936
-0.377778
-0.363335
-0.348672
-0.333842
-0.318892
-0.303862
-0.288785
-0.273688
-0.258595
-0.243524
-0.22849
-0.2135
-0.198563
-0.183681
-0.168857
-0.154092
-0.139386
-0.124737
-0.110141
-0.0955919
-0.0810827
-0.0666068
-0.0521568
-0.0377246
-0.0233008
-0.00887515
0.00556284
0.0200236
0.0345174
0.049055
0.0636481
0.0783089
0.0930497
0.107882
0.122818
0.137868
0.153045
0.168362
0.183832
0.199464
0.215269
0.231257
0.247434
0.263808
0.280382
0.297157
0.314129
0.331294
0.348639
0.366151
0.383807
0.401575
0.419417
0.437285
0.45512
0.472851
0.490396
0.507655
0.524517
0.54085
0.556509
0.571331
0.58514
0.59774
0.608928
0.618487
0.626196
0.631832
0.635178
0.636024
0.634181
0.629485
0.62179
0.61099
0.597179
0.580467
0.558838
0.530738
-0.436094
-0.463054
-0.483691
-0.499519
-0.512517
-0.522619
-0.529781
-0.53415
-0.535906
-0.535241
-0.532359
-0.527473
-0.520794
-0.512529
-0.502876
-0.492022
-0.480139
-0.467386
-0.453905
-0.439821
-0.425247
-0.41028
-0.395006
-0.3795
-0.363825
-0.348035
-0.332177
-0.316288
-0.300401
-0.284542
-0.268732
-0.252987
-0.237318
-0.221732
-0.206232
-0.190821
-0.1755
-0.160266
-0.145117
-0.130048
-0.115051
-0.10012
-0.0852468
-0.0704224
-0.0556376
-0.0408817
-0.0261432
-0.0114104
0.0033285
0.0180849
0.032871
0.0476999
0.0625856
0.0775422
0.0925832
0.107722
0.122972
0.138348
0.153865
0.169538
0.185382
0.201411
0.217638
0.234075
0.250734
0.267625
0.284756
0.30213
0.31975
0.337613
0.355714
0.374042
0.392579
0.411297
0.430161
0.449128
0.46814
0.487127
0.506007
0.524679
0.543026
0.560909
0.578175
0.594647
0.610128
0.624404
0.637245
0.648404
0.657627
0.664653
0.669225
0.671092
0.670024
0.665815
0.658284
0.647292
0.632922
0.615279
0.59217
0.561921
-0.468634
-0.497664
-0.519713
-0.536412
-0.549914
-0.560167
-0.567144
-0.571029
-0.572042
-0.570417
-0.5664
-0.560243
-0.552194
-0.542493
-0.531366
-0.519025
-0.505664
-0.491455
-0.476554
-0.461096
-0.4452
-0.428969
-0.412493
-0.395846
-0.379094
-0.362289
-0.345476
-0.32869
-0.311961
-0.295314
-0.278766
-0.262331
-0.246015
-0.229823
-0.213757
-0.197816
-0.181998
-0.166298
-0.150709
-0.135225
-0.119835
-0.104531
-0.089303
-0.0741402
-0.0590306
-0.0439614
-0.0289193
-0.0138914
0.00113518
0.0161741
0.0312398
0.0463478
0.0615137
0.0767527
0.0920798
0.107511
0.123061
0.13875
0.154594
0.17061
0.186817
0.20323
0.219866
0.236742
0.253874
0.271275
0.288956
0.306926
0.325192
0.343758
0.362623
0.381781
0.401218
0.420913
0.440836
0.460948
0.481194
0.501509
0.52181
0.541996
0.561947
0.58152
0.600549
0.618846
0.636196
0.652361
0.667085
0.680088
0.691076
0.699747
0.705794
0.708921
0.708844
0.705309
0.698088
0.687003
0.67212
0.653532
0.628855
0.59628
-0.504336
-0.535628
-0.559188
-0.576774
-0.590736
-0.601041
-0.607685
-0.610898
-0.610953
-0.608134
-0.602737
-0.595061
-0.585398
-0.574026
-0.561204
-0.547171
-0.532141
-0.516305
-0.499828
-0.482858
-0.46552
-0.447921
-0.430152
-0.412288
-0.394393
-0.376518
-0.358704
-0.340985
-0.323387
-0.30593
-0.288627
-0.271488
-0.254517
-0.237716
-0.221083
-0.204614
-0.188302
-0.172141
-0.156119
-0.140227
-0.124454
-0.108788
-0.0932179
-0.077729
-0.062307
-0.0469372
-0.0316053
-0.0162969
-0.000997214
0.0143097
0.0296409
0.0450135
0.0604443
0.0759499
0.0915474
0.107255
0.123092
0.139078
0.155234
0.171578
0.188131
0.204913
0.221945
0.239248
0.25684
0.274739
0.29296
0.311519
0.330428
0.349697
0.369329
0.389325
0.409677
0.430372
0.451387
0.472686
0.494223
0.515934
0.537742
0.559546
0.581224
0.602631
0.623591
0.643903
0.663335
0.681628
0.698494
0.713616
0.726659
0.737271
0.745091
0.749762
0.75094
0.748312
0.741588
0.73054
0.71521
0.695676
0.669337
0.634241
-0.543624
-0.577397
-0.602573
-0.621053
-0.635409
-0.645631
-0.651751
-0.654057
-0.652887
-0.648588
-0.641517
-0.632029
-0.620468
-0.607155
-0.592385
-0.576427
-0.559516
-0.541862
-0.523644
-0.505015
-0.486109
-0.467033
-0.447879
-0.428721
-0.409619
-0.390621
-0.371766
-0.353082
-0.33459
-0.316305
-0.298235
-0.280386
-0.262756
-0.245346
-0.228149
-0.211156
-0.194359
-0.177744
-0.161299
-0.145011
-0.128868
-0.112855
-0.0969559
-0.0811552
-0.0654358
-0.0497814
-0.0341762
-0.0186038
-0.00304717
0.0125121
0.0280925
0.0437126
0.0593905
0.075145
0.0909957
0.106964
0.12307
0.139338
0.155787
0.172441
0.189323
0.206458
0.22387
0.241582
0.259618
0.277999
0.296747
0.315885
0.335428
0.355394
0.375791
0.396629
0.417908
0.439622
0.461755
0.48428
0.507157
0.530332
0.55373
0.577256
0.600788
0.624177
0.647244
0.669776
0.691525
0.712207
0.731503
0.749059
0.764491
0.77739
0.787333
0.793891
0.796646
0.795209
0.789219
0.778382
0.762701
0.742234
0.714134
0.676296
-0.586991
-0.623498
-0.650407
-0.669775
-0.684426
-0.694386
-0.699735
-0.700839
-0.698113
-0.691985
-0.682886
-0.67124
-0.657447
-0.641881
-0.624876
-0.606731
-0.587707
-0.568029
-0.54789
-0.52745
-0.506843
-0.486181
-0.46555
-0.445022
-0.424653
-0.404486
-0.384552
-0.364876
-0.345471
-0.326346
-0.307503
-0.288941
-0.270657
-0.252642
-0.234889
-0.217383
-0.20011
-0.183055
-0.166202
-0.149534
-0.133037
-0.116692
-0.100481
-0.084385
-0.0683859
-0.0524656
-0.0366058
-0.0207878
-0.00499215
0.0108012
0.0266122
0.0424604
0.0583661
0.0743506
0.0904363
0.106646
0.123003
0.139531
0.156254
0.173199
0.190392
0.20786
0.225631
0.243732
0.262191
0.281037
0.300296
0.319996
0.340161
0.360812
0.381968
0.403646
0.425856
0.4486
0.471872
0.495656
0.519921
0.544621
0.56969
0.595039
0.620551
0.646077
0.671436
0.696405
0.720722
0.74408
0.76613
0.786474
0.804678
0.820269
0.832748
0.841603
0.846329
0.846441
0.841484
0.831082
0.815186
0.793817
0.763854
0.723022
-0.635018
-0.674558
-0.703326
-0.723555
-0.738361
-0.74782
-0.752082
-0.751607
-0.746915
-0.738533
-0.726982
-0.712766
-0.696355
-0.678177
-0.658611
-0.637989
-0.616596
-0.594674
-0.572424
-0.550012
-0.527573
-0.505213
-0.483017
-0.461048
-0.439357
-0.417979
-0.396938
-0.37625
-0.355921
-0.33595
-0.316334
-0.297066
-0.278136
-0.25953
-0.241233
-0.223229
-0.205497
-0.188019
-0.170776
-0.153749
-0.136917
-0.12026
-0.103756
-0.0873855
-0.0711272
-0.0549613
-0.0388672
-0.0228236
-0.00680924
0.00919735
0.0252174
0.0412727
0.0573856
0.0735801
0.0898803
0.106311
0.122896
0.139663
0.156639
0.173852
0.191333
0.209112
0.227219
0.245686
0.264547
0.283835
0.303585
0.323827
0.344593
0.365913
0.387816
0.410326
0.433464
0.457243
0.481668
0.506736
0.532427
0.558708
0.585523
0.612793
0.640409
0.668228
0.696068
0.723703
0.750858
0.777207
0.802367
0.825901
0.847315
0.866067
0.881572
0.89322
0.900395
0.902497
0.898956
0.889283
0.873358
0.851147
0.819214
0.775094
-0.6884
-0.731328
-0.762093
-0.783127
-0.797889
-0.80653
-0.80929
-0.806761
-0.799594
-0.788437
-0.773923
-0.756653
-0.737173
-0.715973
-0.693482
-0.670063
-0.646025
-0.621623
-0.597066
-0.57252
-0.548115
-0.523952
-0.500106
-0.476634
-0.453575
-0.430954
-0.408786
-0.387076
-0.365819
-0.345007
-0.324628
-0.304667
-0.285107
-0.265928
-0.247109
-0.228627
-0.210459
-0.192582
-0.174973
-0.157608
-0.140465
-0.123519
-0.106746
-0.0901238
-0.0736296
-0.0572408
-0.0409344
-0.0246875
-0.00847706
0.00771966
0.0239259
0.0401657
0.056464
0.0728463
0.0893384
0.105966
0.122757
0.139739
0.156944
0.174402
0.192146
0.210209
0.228626
0.247434
0.266671
0.286376
0.306589
0.327347
0.348691
0.370658
0.393288
0.416615
0.440671
0.465481
0.491064
0.517431
0.544578
0.572485
0.601113
0.630396
0.660236
0.690502
0.721017
0.751555
0.781835
0.811513
0.840179
0.867351
0.892476
0.914933
0.934043
0.949078
0.959289
0.963935
0.962295
0.953734
0.938033
0.915078
0.881063
0.833312
-0.747973
-0.794717
-0.827629
-0.849369
-0.863806
-0.8712
-0.871922
-0.866735
-0.856457
-0.841889
-0.823802
-0.802905
-0.779835
-0.755151
-0.729327
-0.702763
-0.675785
-0.648659
-0.621593
-0.59475
-0.568252
-0.542187
-0.51662
-0.491593
-0.467132
-0.443249
-0.419945
-0.397214
-0.375038
-0.3534
-0.332277
-0.311645
-0.29148
-0.271754
-0.25244
-0.233509
-0.214934
-0.196687
-0.17874
-0.161067
-0.143639
-0.126431
-0.109416
-0.0925688
-0.0758646
-0.059278
-0.0427843
-0.0263587
-0.00997706
0.00638534
0.0227539
0.0391548
0.0556147
0.0721606
0.0888196
0.10562
0.12259
0.139763
0.157171
0.174847
0.192827
0.211146
0.229845
0.248964
0.268548
0.28864
0.309285
0.330529
0.352421
0.375008
0.398338
0.422458
0.447411
0.473238
0.499975
0.527646
0.556265
0.585833
0.616329
0.647704
0.679881
0.712742
0.746124
0.779808
0.813512
0.846883
0.879485
0.910795
0.940201
0.966997
0.990393
1.00953
1.0235
1.03138
1.03226
1.02532
1.01019
0.986638
0.950426
0.898632
-0.814758
-0.86584
-0.901057
-0.923338
-0.937054
-0.942625
-0.940609
-0.931992
-0.91781
-0.899057
-0.876663
-0.851469
-0.824213
-0.795521
-0.76592
-0.735835
-0.705608
-0.675506
-0.645733
-0.616438
-0.58773
-0.55968
-0.532334
-0.505716
-0.479835
-0.454686
-0.430253
-0.406515
-0.383443
-0.361005
-0.339169
-0.3179
-0.297163
-0.276926
-0.257152
-0.237809
-0.218863
-0.20028
-0.18203
-0.16408
-0.1464
-0.128961
-0.111735
-0.094692
-0.0778061
-0.0610496
-0.044396
-0.027819
-0.0112927
0.00520964
0.0217154
0.0382523
0.0548485
0.071532
0.0883317
0.105278
0.122402
0.139739
0.157321
0.175186
0.193371
0.211916
0.230866
0.250266
0.270163
0.290607
0.311649
0.333343
0.355747
0.378918
0.402914
0.427793
0.453615
0.480435
0.508305
0.537271
0.567367
0.598615
0.631017
0.664551
0.699162
0.734756
0.771191
0.808264
0.845702
0.883148
0.920151
0.956154
0.990483
1.02235
1.05084
1.07493
1.09355
1.10553
1.10973
1.10507
1.09098
1.06707
1.02855
0.972215
-0.890018
-0.946082
-0.983764
-1.00632
-1.01875
-1.02172
-1.01605
-1.00302
-0.983945
-0.960059
-0.932486
-0.902214
-0.870089
-0.836812
-0.802948
-0.768947
-0.735154
-0.701829
-0.669159
-0.637274
-0.606258
-0.576159
-0.546997
-0.518774
-0.491475
-0.465074
-0.439537
-0.414825
-0.390893
-0.367696
-0.34519
-0.323328
-0.302066
-0.281362
-0.261174
-0.241461
-0.222186
-0.203309
-0.184795
-0.166607
-0.148712
-0.131078
-0.113673
-0.0964678
-0.0794316
-0.0625356
-0.0457517
-0.0290523
-0.0124093
0.00420586
0.020822
0.0374682
0.0541734
0.0709674
0.0878807
0.104946
0.122196
0.139666
0.157393
0.175415
0.193774
0.212514
0.231682
0.251326
0.271499
0.292256
0.313655
0.335759
0.358633
0.382344
0.406962
0.432559
0.459208
0.486983
0.515954
0.546189
0.577747
0.610675
0.645004
0.680742
0.717867
0.756315
0.795975
0.836671
0.878152
0.920071
0.961971
1.00327
1.04325
1.08101
1.11554
1.14564
1.16998
1.18716
1.19571
1.19421
1.18183
1.1579
1.11696
1.05548
-0.975341
-1.03719
-1.07748
-1.09989
-1.11025
-1.10956
-1.09901
-1.08031
-1.05511
-1.02494
-0.991149
-0.954899
-0.91714
-0.878641
-0.840002
-0.801679
-0.764007
-0.727225
-0.69149
-0.656901
-0.623506
-0.59132
-0.560333
-0.530515
-0.501825
-0.474211
-0.447616
-0.421981
-0.397244
-0.373346
-0.350226
-0.327829
-0.306098
-0.284983
-0.264434
-0.244405
-0.22485
-0.205726
-0.186992
-0.168609
-0.15054
-0.132751
-0.115206
-0.0978738
-0.0807217
-0.0637194
-0.0468372
-0.0300457
-0.0133153
0.00338408
0.0200823
0.0368093
0.0535953
0.0704715
0.0874703
0.104625
0.121971
0.139545
0.157385
0.175532
0.194032
0.212932
0.23228
0.25213
0.272538
0.293565
0.315276
0.337743
0.361038
0.385238
0.410425
0.436686
0.464109
0.492786
0.522809
0.55427
0.587255
0.621841
0.658092
0.696054
0.735744
0.777141
0.820175
0.864713
0.910538
0.957331
1.00465
1.0519
1.09832
1.14295
1.18462
1.22195
1.25337
1.27713
1.29136
1.29422
1.28445
1.26101
1.21759
1.1502
-1.07276
-1.14139
-1.1844
-1.20601
-1.21314
-1.20734
-1.19032
-1.16432
-1.13146
-1.09361
-1.05239
-1.00914
-0.964897
-0.920499
-0.876555
-0.833508
-0.791663
-0.751217
-0.712284
-0.674912
-0.639104
-0.604833
-0.572046
-0.540677
-0.510651
-0.481889
-0.454306
-0.427822
-0.402356
-0.37783
-0.354171
-0.331308
-0.309177
-0.287717
-0.26687
-0.246583
-0.226805
-0.207487
-0.188585
-0.170055
-0.151858
-0.133956
-0.116313
-0.0988924
-0.0816614
-0.0645882
-0.0476414
-0.03079
-0.0140031
0.00275035
0.0195008
0.036279
0.0531166
0.0700462
0.0871012
0.104316
0.121727
0.139371
0.157292
0.175531
0.194137
0.213159
0.232648
0.252661
0.273259
0.29451
0.316484
0.33926
0.362919
0.387548
0.413242
0.440101
0.46823
0.497741
0.528749
0.561371
0.595723
0.631916
0.670055
0.710228
0.752501
0.796906
0.843431
0.891997
0.942444
0.9945
1.04776
1.10165
1.15539
1.20795
1.25806
1.30411
1.34425
1.37634
1.398
1.40682
1.40094
1.37879
1.33287
1.25863
-1.18492
-1.26162
-1.30734
-1.3271
-1.32935
-1.31643
-1.29082
-1.25545
-1.21302
-1.16583
-1.11577
-1.06435
-1.01271
-0.961712
-0.911938
-0.863793
-0.817522
-0.773255
-0.731038
-0.690856
-0.652651
-0.61634
-0.58182
-0.548983
-0.517713
-0.487898
-0.459425
-0.43219
-0.40609
-0.381031
-0.356921
-0.333679
-0.311228
-0.289499
-0.268426
-0.24795
-0.228012
-0.20856
-0.189544
-0.170921
-0.152645
-0.134678
-0.116978
-0.0995109
-0.0822404
-0.0651334
-0.0481573
-0.0312796
-0.0144685
0.00230701
0.0190784
0.0358775
0.0527369
0.06969
0.0867706
0.104014
0.121457
0.13914
0.157107
0.175404
0.194078
0.213182
0.232769
0.2529
0.273641
0.295063
0.317246
0.340271
0.36423
0.38922
0.415347
0.442726
0.47148
0.501739
0.533643
0.567335
0.602966
0.640686
0.680641
0.722972
0.767802
0.815228
0.865308
0.918042
0.973347
1.03103
1.09075
1.15199
1.21398
1.27567
1.33568
1.39223
1.44312
1.48576
1.51714
1.53408
1.53394
1.51426
1.46595
1.38367
-1.31537
-1.40175
-1.44997
-1.46621
-1.46116
-1.43835
-1.40131
-1.35392
-1.29958
-1.24106
-1.18056
-1.11971
-1.05973
-1.00142
-0.945331
-0.891769
-0.840884
-0.792708
-0.747194
-0.704241
-0.663716
-0.625467
-0.589333
-0.555154
-0.522771
-0.492033
-0.462799
-0.434937
-0.408322
-0.382841
-0.358386
-0.334864
-0.312187
-0.290276
-0.269058
-0.248466
-0.228438
-0.208916
-0.189849
-0.171188
-0.152887
-0.134902
-0.117193
-0.0997221
-0.082453
-0.0653508
-0.0483816
-0.0315125
-0.0147115
0.00205301
0.0188134
0.0356024
0.0524529
0.0693982
0.0864723
0.103712
0.121155
0.138844
0.156823
0.175139
0.193842
0.212984
0.232624
0.252825
0.273658
0.295197
0.317526
0.340734
0.364921
0.390194
0.41667
0.444478
0.473757
0.504659
0.537347
0.571995
0.608786
0.647912
0.68957
0.733957
0.781261
0.83166
0.885298
0.94227
1.0026
1.06621
1.13287
1.20215
1.27336
1.34548
1.41707
1.48617
1.55029
1.60629
1.65042
1.67847
1.68668
1.67131
1.62101
1.52916
-1.46899
-1.56706
-1.6171
-1.62719
-1.61126
-1.57469
-1.52246
-1.45968
-1.39057
-1.31843
-1.24569
-1.17408
-1.10479
-1.03854
-0.975733
-0.916533
-0.860948
-0.808873
-0.760141
-0.714541
-0.671849
-0.631832
-0.594261
-0.558916
-0.525594
-0.494102
-0.464268
-0.43593
-0.408941
-0.383168
-0.358491
-0.334801
-0.312003
-0.290006
-0.268732
-0.248106
-0.228063
-0.208542
-0.189487
-0.170848
-0.152575
-0.134624
-0.116954
-0.0995246
-0.0822988
-0.0652407
-0.048316
-0.031492
-0.0147362
0.00198393
0.0187011
0.0354481
0.0522574
0.0691625
0.0861979
0.103401
0.120811
0.13847
0.156425
0.174721
0.193411
0.212548
0.232194
0.252414
0.273282
0.294876
0.317285
0.340604
0.364939
0.390407
0.417135
0.445266
0.474956
0.506375
0.539711
0.575168
0.612966
0.653339
0.696535
0.742817
0.792449
0.845694
0.902803
0.963993
1.02942
1.09917
1.17315
1.25111
1.33251
1.41641
1.50141
1.58547
1.6658
1.73871
1.79955
1.84284
1.86322
1.85508
1.80364
1.70036
-1.65267
-1.76489
-1.81518
-1.81482
-1.78273
-1.72698
-1.6546
-1.57219
-1.48491
-1.39652
-1.30963
-1.22594
-1.14647
-1.07175
-1.00196
-0.93705
-0.876818
-0.820986
-0.769231
-0.721214
-0.676598
-0.635058
-0.596291
-0.560014
-0.525972
-0.493934
-0.463691
-0.435055
-0.407855
-0.381941
-0.357179
-0.333448
-0.310642
-0.288665
-0.267429
-0.246857
-0.22688
-0.207432
-0.188457
-0.169901
-0.151714
-0.13385
-0.116266
-0.0989236
-0.0817833
-0.0648096
-0.0479681
-0.031226
-0.0145503
0.00209175
0.0187327
0.0354047
0.0521402
0.0689724
0.0859365
0.10307
0.120412
0.138007
0.155898
0.174134
0.192767
0.211853
0.231455
0.25164
0.272483
0.294068
0.316484
0.339834
0.364229
0.389794
0.416667
0.445001
0.474967
0.506756
0.540579
0.576668
0.615279
0.656691
0.701208
0.749158
0.800888
0.856762
0.917149
0.982411
1.05288
1.12882
1.21038
1.29753
1.38998
1.48702
1.58741
1.68913
1.78921
1.88346
1.96624
2.03046
2.06864
2.07232
2.0216
1.9046
-1.87658
-2.00571
-2.05287
-2.03508
-1.97891
-1.89645
-1.7974
-1.69013
-1.58071
-1.47324
-1.37027
-1.27328
-1.18295
-1.09946
-1.02265
-0.952156
-0.887522
-0.82824
-0.773803
-0.723717
-0.677521
-0.63479
-0.595137
-0.558218
-0.523726
-0.491388
-0.46096
-0.432228
-0.405001
-0.379113
-0.354416
-0.330781
-0.308092
-0.286244
-0.265149
-0.244723
-0.224894
-0.205596
-0.186769
-0.168358
-0.150314
-0.13259
-0.115142
-0.0979316
-0.0809195
-0.0640705
-0.0473506
-0.0307266
-0.0141658
0.00236423
0.0188955
0.0354594
0.0520881
0.0688147
0.0856745
0.102705
0.119945
0.137436
0.155225
0.173358
0.19189
0.210878
0.230383
0.250475
0.271231
0.292735
0.315082
0.338376
0.362736
0.388291
0.415187
0.443589
0.473681
0.505671
0.539791
0.576301
0.615492
0.657687
0.703244
0.75256
0.806068
0.864241
0.927581
0.996616
1.07188
1.15387
1.24304
1.33969
1.44387
1.55528
1.67302
1.79532
1.91927
2.04031
2.15182
2.24486
2.30917
2.33209
2.28585
2.15262
-2.15635
-2.30475
-2.34185
-2.29511
-2.20305
-2.08348
-1.94938
-1.81097
-1.67501
-1.54556
-1.42478
-1.31357
-1.21204
-1.11981
-1.03625
-0.960593
-0.892038
-0.829816
-0.773202
-0.721533
-0.674212
-0.630708
-0.590555
-0.553344
-0.518716
-0.486359
-0.455998
-0.427396
-0.400345
-0.374665
-0.350196
-0.326801
-0.304357
-0.282757
-0.261906
-0.241721
-0.222125
-0.203053
-0.184443
-0.166241
-0.148397
-0.130865
-0.113602
-0.096568
-0.0797263
-0.0630417
-0.0464807
-0.0300105
-0.013599
0.00278546
0.0191737
0.0355965
0.0520857
0.0686743
0.0853967
0.102289
0.11939
0.136741
0.154387
0.172376
0.19076
0.209598
0.228953
0.248892
0.269493
0.290843
0.313037
0.336185
0.360404
0.385832
0.41262
0.440941
0.47099
0.50299
0.537191
0.573878
0.613374
0.656041
0.702292
0.752589
0.807455
0.867471
0.933283
1.0056
1.08518
1.17283
1.26933
1.37543
1.4917
1.6184
1.75527
1.90113
2.05349
2.20782
2.35679
2.4895
2.59226
2.64652
2.61225
2.46084
-2.51726
-2.68471
-2.69769
-2.60306
-2.4576
-2.28675
-2.10712
-1.93038
-1.76334
-1.60932
-1.46946
-1.34368
-1.23116
-1.13073
-1.04111
-0.961048
-0.889345
-0.824923
-0.766822
-0.7142
-0.666323
-0.622558
-0.58236
-0.545259
-0.510851
-0.478789
-0.448774
-0.420548
-0.39389
-0.368609
-0.344538
-0.321533
-0.299469
-0.278235
-0.257735
-0.237884
-0.218606
-0.199835
-0.181511
-0.163579
-0.145992
-0.128703
-0.111672
-0.0948588
-0.0782284
-0.0617465
-0.0453804
-0.0290984
-0.0128697
0.00333601
0.0195485
0.0357981
0.052116
0.0685341
0.0850854
0.101805
0.118731
0.135903
0.153365
0.171165
0.189356
0.207994
0.227141
0.246864
0.267241
0.288359
0.310314
0.333215
0.357185
0.38236
0.408897
0.436974
0.466795
0.498593
0.532634
0.569222
0.608705
0.651483
0.698013
0.748823
0.804514
0.865779
0.933409
1.0083
1.09146
1.184
1.28715
1.40218
1.53033
1.6727
1.82998
2.00207
2.18752
2.38259
2.57988
2.76696
2.92638
3.03171
3.0243
2.85562
-3.00275
-3.17994
-3.14057
-2.96696
-2.7425
-2.50169
-2.26406
-2.04144
-1.83926
-1.65892
-1.49972
-1.35993
-1.2374
-1.12995
-1.03551
-0.952232
-0.878479
-0.812849
-0.754144
-0.701347
-0.653597
-0.610166
-0.57044
-0.533899
-0.500102
-0.468676
-0.439303
-0.411713
-0.385674
-0.36099
-0.33749
-0.315028
-0.293477
-0.272728
-0.252683
-0.23326
-0.214383
-0.195987
-0.178014
-0.160413
-0.143136
-0.126141
-0.109386
-0.0928358
-0.0764554
-0.0602124
-0.0440755
-0.028015
-0.0120016
0.00399338
0.019999
0.0360445
0.0521595
0.0683747
0.0847218
0.101234
0.117948
0.134902
0.152141
0.16971
0.187659
0.206044
0.224924
0.244367
0.264448
0.285254
0.306879
0.329432
0.353034
0.377824
0.403959
0.431619
0.461013
0.49238
0.525994
0.562175
0.60129
0.643766
0.690098
0.740865
0.796741
0.858517
0.927117
1.00362
1.08929
1.18557
1.29416
1.41694
1.55598
1.71347
1.89147
2.0916
2.31434
2.55793
2.81643
3.07722
3.31979
3.50839
3.55742
3.38206
-3.69152
-3.84261
-3.69408
-3.39114
-3.05158
-2.7176
-2.4086
-2.13348
-1.89375
-1.68715
-1.50994
-1.35805
-1.22761
-1.11517
-1.01777
-0.932935
-0.858581
-0.792996
-0.734762
-0.682709
-0.635869
-0.593441
-0.554758
-0.519265
-0.486498
-0.456067
-0.427645
-0.400956
-0.375767
-0.35188
-0.329124
-0.307356
-0.286451
-0.266301
-0.246814
-0.227907
-0.209509
-0.191559
-0.174002
-0.156788
-0.139873
-0.123217
-0.106782
-0.0905336
-0.0744395
-0.0584695
-0.0425947
-0.0267874
-0.0110202
0.00473414
0.0205028
0.0363138
0.0521955
0.0681766
0.0842865
0.100557
0.117023
0.133723
0.150697
0.16799
0.185649
0.203728
0.222283
0.24138
0.261092
0.281502
0.302704
0.324803
0.347917
0.372183
0.397757
0.424817
0.453573
0.484262
0.517166
0.552607
0.590963
0.632679
0.678273
0.728363
0.783676
0.84508
0.913611
0.99051
1.07726
1.17566
1.28784
1.41636
1.56422
1.73491
1.93231
2.16046
2.42299
2.72195
3.05545
3.41393
3.77693
4.10072
4.26504
4.12147
-4.72674
-4.74826
-4.3807
-3.87019
-3.36751
-2.91433
-2.5223
-2.19135
-1.91514
-1.68534
-1.49386
-1.33361
-1.19867
-1.08424
-0.986438
-0.902193
-0.829032
-0.764983
-0.708459
-0.658183
-0.613117
-0.572413
-0.535379
-0.501444
-0.470138
-0.441068
-0.413909
-0.388388
-0.364276
-0.34138
-0.319537
-0.298609
-0.278475
-0.259035
-0.2402
-0.221893
-0.204049
-0.186611
-0.169527
-0.152754
-0.136249
-0.119975
-0.103899
-0.0879892
-0.0722154
-0.0565506
-0.0409684
-0.0254437
-0.00995171
0.00553305
0.0210366
0.0365849
0.0522039
0.06792
0.0837611
0.099757
0.115941
0.132348
0.149018
0.165991
0.183313
0.201032
0.219204
0.237889
0.257158
0.27709
0.297774
0.31931
0.341813
0.365415
0.390264
0.416536
0.444433
0.474191
0.506083
0.540432
0.577614
0.618077
0.662349
0.711061
0.764972
0.824996
0.892243
0.968072
1.05414
1.15252
1.26576
1.39703
1.55029
1.73045
1.9435
2.19661
2.49792
2.85573
3.27626
3.75925
4.29217
4.83145
5.22393
5.2205
-6.36682
-5.99626
-5.21264
-4.38391
-3.65989
-3.06241
-2.58132
-2.19755
-1.89128
-1.64541
-1.44631
-1.28343
-1.14875
-1.03618
-0.941088
-0.859933
-0.789974
-0.72908
-0.67558
-0.628148
-0.585726
-0.547462
-0.512669
-0.480784
-0.451349
-0.423984
-0.398377
-0.374267
-0.351438
-0.32971
-0.308929
-0.288967
-0.269715
-0.251079
-0.232978
-0.215344
-0.198117
-0.181246
-0.164686
-0.148396
-0.13234
-0.116486
-0.100802
-0.0852601
-0.0698349
-0.054502
-0.0392384
-0.0240219
-0.00882965
0.00636171
0.0215759
0.0368365
0.0521671
0.0675917
0.0831361
0.0988283
0.114699
0.130781
0.14711
0.163724
0.180664
0.197976
0.215709
0.233922
0.252679
0.272055
0.292133
0.313006
0.334782
0.357584
0.381554
0.406858
0.433686
0.462264
0.492854
0.525766
0.561363
0.600082
0.64244
0.689062
0.740702
0.798284
0.862943
0.936086
1.01947
1.11533
1.2265
1.35665
1.51054
1.69439
1.91641
2.18731
2.52096
2.93467
3.44852
4.08186
4.84458
5.71254
6.53401
6.94106
-9.18844
-7.70966
-6.14185
-4.85913
-3.8624
-3.11051
-2.55007
-2.12912
-1.80806
-1.55905
-1.36261
-1.20507
-1.07673
-0.970681
-0.881861
-0.806539
-0.741913
-0.685846
-0.636688
-0.593152
-0.554219
-0.519079
-0.487082
-0.457702
-0.430512
-0.405161
-0.381363
-0.358878
-0.337512
-0.317102
-0.297511
-0.278625
-0.260345
-0.242591
-0.225292
-0.208388
-0.191828
-0.175569
-0.159572
-0.143801
-0.128226
-0.112818
-0.097552
-0.082403
-0.0673493
-0.0523703
-0.0374466
-0.0225585
-0.00768603
0.00719209
0.0220969
0.037049
0.0520695
0.0671802
0.0824045
0.097768
0.113299
0.129026
0.144983
0.161202
0.177721
0.19458
0.211827
0.229513
0.247697
0.266446
0.285837
0.305954
0.326896
0.348775
0.371722
0.395888
0.42145
0.448614
0.477626
0.50877
0.542389
0.578888
0.618756
0.662584
0.711089
0.765155
0.825881
0.89464
0.973179
1.06374
1.16924
1.29355
1.44188
1.62135
1.84187
2.11743
2.4679
2.92165
3.51901
4.31316
5.35854
6.69455
8.32012
9.86565
-14.6949
-9.95957
-6.82268
-4.97666
-3.74928
-2.9103
-2.33352
-1.92506
-1.62546
-1.39901
-1.22343
-1.08419
-0.971587
-0.878959
-0.801584
-0.736043
-0.679807
-0.630968
-0.588064
-0.549961
-0.515768
-0.484778
-0.456426
-0.430257
-0.405904
-0.383066
-0.361498
-0.340998
-0.321401
-0.302572
-0.284398
-0.266782
-0.249646
-0.232923
-0.216556
-0.200499
-0.18471
-0.169154
-0.153802
-0.138625
-0.123599
-0.108702
-0.0939124
-0.0792116
-0.0645821
-0.0500079
-0.0354729
-0.0209606
-0.00645409
0.00806464
0.0226136
0.0372103
0.0518727
0.06662
0.0814729
0.0964539
0.111587
0.126899
0.142417
0.15817
0.17419
0.190513
0.207178
0.224233
0.241728
0.25972
0.278277
0.297472
0.31739
0.33813
0.359806
0.38255
0.406515
0.431884
0.45887
0.487723
0.518745
0.552292
0.588794
0.628773
0.672863
0.721845
0.776694
0.838635
0.909228
0.990491
1.08508
1.19657
1.32985
1.49182
1.69245
1.94663
2.27721
2.72062
3.33747
4.22406
5.5108
7.42989
10.6563
15.5021
-23.9778
-12.1626
-6.54648
-4.26317
-3.05432
-2.32248
-1.85894
-1.54577
-1.32036
-1.15056
-1.01841
-0.912929
-0.826977
-0.755715
-0.695721
-0.6445
-0.600194
-0.561391
-0.527
-0.49617
-0.46823
-0.442645
-0.418988
-0.396915
-0.376148
-0.35646
-0.337667
-0.319621
-0.302199
-0.285302
-0.268848
-0.25277
-0.237012
-0.221526
-0.206275
-0.191227
-0.176354
-0.161634
-0.147046
-0.132571
-0.118195
-0.1039
-0.0896744
-0.0755038
-0.0613767
-0.0472817
-0.0332071
-0.0191406
-0.0050686
0.0090228
0.0231476
0.0373198
0.0515542
0.0658663
0.0802735
0.0947945
0.109449
0.124258
0.139244
0.15443
0.169843
0.185511
0.201467
0.217748
0.234395
0.251455
0.26898
0.287031
0.305675
0.324993
0.345074
0.366025
0.38797
0.411053
0.435447
0.461352
0.489006
0.518696
0.550763
0.585619
0.623764
0.665809
0.712509
0.764813
0.823911
0.891337
0.969083
1.05981
1.16714
1.29618
1.45438
1.65314
1.91102
2.26083
2.76611
3.54788
4.82444
7.20321
12.9363
24.8741
)
;

boundaryField
{
    movingWall
    {
        type            zeroGradient;
    }
    fixedWalls
    {
        type            zeroGradient;
    }
    frontAndBack
    {
        type            empty;
    }
}


// ************************************************************************* //
