/*--------------------------------*- C++ -*----------------------------------*\
| =========                 |                                                 |
| \\      /  F ield         | OpenFOAM: The Open Source CFD Toolbox           |
|  \\    /   O peration     | Version:  2212                                  |
|   \\  /    A nd           | Website:  www.openfoam.com                      |
|    \\/     M anipulation  |                                                 |
\*---------------------------------------------------------------------------*/
FoamFile
{
    version     2.0;
    format      ascii;
    arch        "LSB;label=32;scalar=64";
    class       volScalarField;
    location    "0.0035";
    object      p;
}
// * * * * * * * * * * * * * * * * * * * * * * * * * * * * * * * * * * * * * //

dimensions      [0 2 -2 0 0 0 0];

internalField   nonuniform List<scalar> 
10000
(
-8.80739e-08
-0.000145016
-0.00077284
-0.00187555
-0.00316632
-0.00440539
-0.00546865
-0.00630366
-0.00690509
-0.00727894
-0.00743056
-0.007363
-0.00707862
-0.00657967
-0.00587436
-0.00497113
-0.00387594
-0.00260251
-0.00116305
0.000437337
0.00219605
0.00410864
0.00616686
0.00835529
0.0106587
0.0130726
0.0156022
0.0182543
0.0210318
0.0239323
0.0269501
0.0300791
0.0333144
0.036651
0.0400822
0.0436014
0.0472034
0.0508843
0.0546406
0.058468
0.0623603
0.066309
0.0703037
0.0743349
0.0783971
0.0824864
0.0866006
0.0907384
0.094898
0.0990779
0.103275
0.107483
0.111698
0.115914
0.120127
0.124328
0.12851
0.132664
0.136784
0.140865
0.144897
0.148871
0.152779
0.15662
0.160389
0.164079
0.167686
0.171201
0.174614
0.17792
0.181119
0.18421
0.187187
0.190048
0.192795
0.195426
0.197929
0.200298
0.202526
0.204609
0.206535
0.208297
0.20989
0.211309
0.212547
0.213596
0.214452
0.215117
0.215584
0.215842
0.215885
0.215723
0.215374
0.214865
0.214224
0.213494
0.21274
0.212055
0.211562
0.211372
0.000219819
-0.000205511
-0.00088301
-0.00186291
-0.00293105
-0.00391603
-0.00473566
-0.00536489
-0.00579961
-0.00604268
-0.0060951
-0.00595617
-0.00562203
-0.00509443
-0.00437699
-0.00347303
-0.00239007
-0.00113517
0.000283422
0.00185586
0.00357724
0.00544679
0.00746063
0.00960993
0.0118823
0.0142676
0.0167636
0.0193739
0.0221037
0.0249558
0.0279279
0.0310139
0.0342064
0.0374982
0.0408823
0.0443524
0.0479042
0.0515346
0.0552404
0.0590182
0.0628614
0.0667603
0.0707045
0.0746847
0.0786947
0.0827324
0.0867957
0.0908821
0.0949912
0.0991211
0.103266
0.107421
0.111583
0.115745
0.119902
0.124048
0.128175
0.132273
0.13634
0.140369
0.144348
0.148267
0.152122
0.155913
0.159631
0.163271
0.166829
0.170295
0.173659
0.176918
0.180074
0.183124
0.186061
0.188884
0.191595
0.194191
0.19666
0.198993
0.201187
0.20324
0.20514
0.206879
0.208452
0.209858
0.211089
0.212138
0.213003
0.213687
0.214187
0.214493
0.214603
0.214526
0.214289
0.213915
0.213432
0.212875
0.212295
0.211767
0.211376
0.211192
0.000587306
-8.30986e-05
-0.00086049
-0.00181292
-0.00275474
-0.00356639
-0.00421341
-0.00468928
-0.00499674
-0.00513719
-0.00510921
-0.00490763
-0.00453053
-0.00397503
-0.00324084
-0.00233407
-0.00125891
-1.68249e-05
0.00138538
0.00294134
0.0046431
0.00648498
0.00846518
0.0105799
0.012821
0.01518
0.0176513
0.0202336
0.0229308
0.0257481
0.0286856
0.0317377
0.0348964
0.0381531
0.0415002
0.0449319
0.0484446
0.052036
0.0557033
0.0594426
0.0632475
0.0671068
0.0710099
0.0749495
0.0789198
0.0829181
0.086944
0.0909943
0.0950667
0.0991595
0.103266
0.107379
0.111498
0.115619
0.119733
0.123835
0.127919
0.131979
0.136007
0.139997
0.143939
0.14782
0.151637
0.155389
0.159071
0.162673
0.166189
0.169615
0.172941
0.176165
0.179286
0.182303
0.18521
0.188004
0.190685
0.193249
0.195687
0.19799
0.200155
0.202182
0.204064
0.205789
0.207353
0.208752
0.209981
0.211033
0.211908
0.212608
0.213131
0.213471
0.213627
0.213614
0.213454
0.213172
0.212791
0.212334
0.211844
0.21138
0.210993
0.210719
0.000873671
2.40658e-05
-0.00084548
-0.00174886
-0.00258223
-0.0032622
-0.00378391
-0.00414883
-0.00436512
-0.00443238
-0.00434404
-0.00409641
-0.00368583
-0.00310732
-0.00236111
-0.00145088
-0.000380263
0.000847716
0.00223299
0.00377376
0.00546319
0.00729241
0.00925446
0.0113434
0.013555
0.0158866
0.0183346
0.0208967
0.0235741
0.0263692
0.0292816
0.0323067
0.0354373
0.0386647
0.041981
0.0453813
0.0488622
0.0524221
0.056059
0.059768
0.0635411
0.0673679
0.0712382
0.0751459
0.0790871
0.0830584
0.0870582
0.0910843
0.0951328
0.0991991
0.103276
0.10736
0.111447
0.115534
0.119615
0.123684
0.127738
0.131769
0.13577
0.139735
0.143649
0.147501
0.151291
0.155016
0.158668
0.162238
0.165722
0.169116
0.172412
0.175608
0.178703
0.181695
0.184577
0.187345
0.19
0.192538
0.194948
0.197223
0.199364
0.201374
0.203243
0.204962
0.20652
0.207917
0.209146
0.210202
0.211083
0.211791
0.212329
0.212693
0.212883
0.212913
0.212805
0.212581
0.212257
0.211848
0.211387
0.210925
0.21048
0.210056
0.00112841
0.000157617
-0.000753328
-0.00159768
-0.00233358
-0.00292063
-0.0033572
-0.00365015
-0.00380484
-0.00382021
-0.00369098
-0.00341105
-0.00297585
-0.00238329
-0.00163126
-0.00072008
0.000346818
0.0015653
0.00293616
0.00445939
0.0061333
0.0079512
0.00990222
0.0119767
0.0141696
0.0164793
0.0189056
0.0214494
0.0241111
0.0268899
0.0297831
0.0327861
0.0358921
0.0390931
0.0423817
0.0457537
0.0492068
0.0527394
0.0563498
0.0600325
0.0637778
0.0675756
0.0714186
0.0753011
0.079219
0.0831705
0.087153
0.0911616
0.095192
0.0992388
0.103294
0.107353
0.111416
0.115478
0.119531
0.123575
0.127606
0.131617
0.135597
0.13954
0.143432
0.147263
0.15103
0.154733
0.158362
0.161906
0.165362
0.168729
0.172002
0.175173
0.178244
0.181213
0.184073
0.186819
0.189449
0.19196
0.194345
0.196597
0.198721
0.200717
0.202578
0.204291
0.205846
0.207239
0.208466
0.209522
0.210407
0.211122
0.211671
0.212053
0.212269
0.212331
0.212261
0.212074
0.211782
0.211392
0.210932
0.210444
0.209916
0.209321
0.00142883
0.00037144
-0.000562738
-0.00136011
-0.00203435
-0.00256261
-0.00295208
-0.00320387
-0.00332215
-0.00330674
-0.00315217
-0.00285243
-0.00240305
-0.00180292
-0.00105128
-0.000145533
0.00091467
0.00212729
0.00349001
0.00500235
0.00666266
0.00846605
0.0104042
0.0124683
0.0146512
0.0169486
0.0193608
0.0218909
0.0245399
0.0273055
0.030184
0.0331698
0.0362556
0.0394342
0.0426996
0.046048
0.0494783
0.0529897
0.0565786
0.0602389
0.0639613
0.067736
0.0715569
0.0754204
0.0793217
0.0832585
0.087229
0.0912265
0.0952434
0.0992747
0.103314
0.107356
0.111401
0.115444
0.119479
0.123504
0.127519
0.131515
0.135479
0.139403
0.143277
0.147091
0.150842
0.154528
0.158138
0.161662
0.165099
0.168446
0.171699
0.174851
0.1779
0.180847
0.183686
0.18641
0.189018
0.191507
0.193872
0.196108
0.198219
0.200205
0.202059
0.203766
0.205313
0.206699
0.207922
0.208979
0.209867
0.210589
0.211147
0.211543
0.21178
0.211866
0.211819
0.211653
0.211373
0.210985
0.21051
0.209982
0.20936
0.208597
0.00178409
0.000640805
-0.000315471
-0.0010954
-0.00174175
-0.00224509
-0.00261149
-0.00284458
-0.00294581
-0.00291336
-0.00274542
-0.00243569
-0.00197944
-0.00137657
-0.000626759
0.000272142
0.00132223
0.00252642
0.00388371
0.0053915
0.00704499
0.00883803
0.0107643
0.0128179
0.0149921
0.0172825
0.0196886
0.022212
0.0248533
0.0276102
0.0304785
0.0334521
0.0365234
0.0396852
0.0429333
0.0462652
0.04968
0.0531768
0.0567512
0.0603948
0.0640996
0.0678577
0.0716629
0.0755121
0.0794018
0.0833293
0.0872911
0.0912796
0.0952868
0.0993075
0.103336
0.107367
0.1114
0.11543
0.119453
0.123467
0.127471
0.131455
0.135405
0.139313
0.143171
0.146973
0.150714
0.154388
0.157986
0.161499
0.164923
0.168257
0.171495
0.174629
0.177659
0.180586
0.183406
0.186112
0.188703
0.191176
0.193527
0.195754
0.197858
0.199837
0.201682
0.203379
0.204917
0.206295
0.207515
0.208572
0.209465
0.210192
0.210758
0.211166
0.211417
0.211518
0.211483
0.211324
0.211044
0.210644
0.210145
0.20957
0.208856
0.207938
0.00212643
0.000915846
-6.87403e-05
-0.000853314
-0.00150241
-0.00200435
-0.00236699
-0.00259649
-0.00269284
-0.00265488
-0.00248018
-0.00216641
-0.00171035
-0.00110873
-0.000360737
0.00053338
0.0015763
0.00277187
0.00412247
0.00562536
0.00727444
0.00906232
0.010982
0.0130277
0.0151946
0.0174806
0.0198852
0.0224078
0.0250471
0.0278011
0.030665
0.0336319
0.0366948
0.039847
0.043085
0.0464084
0.0498162
0.0533057
0.0568717
0.0605057
0.0641995
0.0679463
0.0717415
0.0755818
0.0794639
0.0833849
0.0873408
0.0913229
0.0953229
0.0993374
0.103361
0.107387
0.111413
0.115437
0.119454
0.123463
0.12746
0.131433
0.13537
0.139265
0.143113
0.146908
0.150643
0.154312
0.157906
0.161415
0.164834
0.16816
0.171387
0.174507
0.177521
0.180433
0.18324
0.185934
0.188514
0.190979
0.193325
0.195548
0.197647
0.19962
0.201456
0.203142
0.204671
0.206043
0.207261
0.20832
0.209216
0.209946
0.210517
0.210931
0.211189
0.211294
0.211261
0.211099
0.210809
0.21039
0.209861
0.209237
0.208436
0.207381
0.00240245
0.0011311
0.000115563
-0.000685984
-0.00135298
-0.00186969
-0.00224166
-0.00247606
-0.0025766
-0.00253967
-0.00236331
-0.00204928
-0.00159554
-0.000997972
-0.000254811
0.000635577
0.00167608
0.00286794
0.00421333
0.00571058
0.00735458
0.0091386
0.011055
0.0130968
0.0152608
0.0175463
0.0199528
0.0224786
0.0251211
0.0278777
0.030743
0.0337092
0.0367693
0.0399189
0.0431552
0.0464778
0.0498858
0.0533751
0.0569388
0.0605691
0.0642585
0.0680004
0.0717904
0.0756266
0.0795057
0.0834239
0.0873767
0.0913557
0.0953537
0.0993678
0.103392
0.107419
0.111445
0.115469
0.119488
0.123497
0.127491
0.131457
0.135385
0.139271
0.143114
0.146907
0.150642
0.154313
0.157909
0.161421
0.164841
0.168164
0.171383
0.174494
0.1775
0.180404
0.183204
0.185894
0.188471
0.190934
0.19328
0.195504
0.197601
0.199568
0.201396
0.203074
0.204596
0.205965
0.207182
0.208242
0.209137
0.209865
0.210434
0.210847
0.211104
0.211207
0.211169
0.210997
0.21069
0.210248
0.209685
0.209011
0.208129
0.206955
0.0025752
0.0012438
0.000193997
-0.000630139
-0.00131943
-0.00185928
-0.00224792
-0.00249382
-0.0026015
-0.00257008
-0.00239856
-0.00208646
-0.00163427
-0.00104138
-0.000304136
0.000582674
0.00162159
0.0028136
0.0041578
0.00565216
0.00729268
0.00907357
0.0109877
0.013029
0.0151949
0.0174847
0.0198967
0.0224291
0.0250795
0.0278434
0.0307142
0.0336843
0.0367474
0.0399001
0.0431415
0.0464704
0.0498843
0.0533784
0.0569458
0.0605783
0.0642689
0.0680116
0.0718025
0.0756404
0.0795217
0.0834419
0.0873966
0.0913787
0.0953819
0.0994026
0.103434
0.107468
0.111502
0.115535
0.119563
0.123577
0.127572
0.131535
0.13546
0.139345
0.143189
0.146985
0.150725
0.1544
0.158004
0.161522
0.164946
0.168269
0.171486
0.174595
0.1776
0.180504
0.183305
0.185997
0.188575
0.191041
0.19339
0.195616
0.197712
0.199675
0.201499
0.203173
0.204693
0.206062
0.207277
0.208333
0.209221
0.209941
0.210504
0.210912
0.211164
0.211262
0.211216
0.21103
0.210703
0.210234
0.209636
0.208913
0.207958
0.206681
0.00262205
0.00123197
0.000144619
-0.00070333
-0.00141737
-0.00198167
-0.00239155
-0.00265186
-0.00276857
-0.00274584
-0.0025823
-0.0022758
-0.00182734
-0.00123763
-0.000503246
0.000381443
0.00141947
0.00261239
0.00395805
0.00545356
0.00709448
0.00887466
0.0107886
0.0128326
0.0150045
0.0173023
0.0197235
0.0222662
0.0249277
0.0277023
0.0305817
0.0335591
0.03663
0.0397918
0.0430432
0.0463831
0.0498077
0.0533114
0.0568872
0.060527
0.0642245
0.067974
0.0717725
0.0756185
0.079508
0.0834361
0.0873995
0.0913925
0.0954086
0.0994427
0.103488
0.107536
0.111585
0.115633
0.119674
0.123699
0.127699
0.131666
0.135595
0.139486
0.143336
0.147139
0.150886
0.15457
0.158181
0.161707
0.165137
0.168463
0.171685
0.1748
0.177813
0.180724
0.183531
0.186228
0.188811
0.191282
0.193634
0.195862
0.19796
0.199923
0.201747
0.203422
0.204944
0.206312
0.207524
0.20857
0.209446
0.210157
0.210711
0.211114
0.211362
0.211455
0.211399
0.211198
0.21085
0.210355
0.209722
0.208953
0.207933
0.20657
0.0025261
0.00108247
-4.02598e-05
-0.000915434
-0.00165363
-0.00224089
-0.00267208
-0.00294954
-0.0030791
-0.00306529
-0.00291002
-0.00261264
-0.00217107
-0.00158392
-0.000849242
3.61919e-05
0.00107622
0.00227128
0.00362006
0.00511933
0.00676355
0.00854642
0.0104641
0.012515
0.0146961
0.0170042
0.0194379
0.0219949
0.0246706
0.0274577
0.0303488
0.0333376
0.036421
0.0395967
0.042863
0.0462178
0.049657
0.0531747
0.0567633
0.0604152
0.0641249
0.0678875
0.0716998
0.07556
0.0794637
0.0834065
0.0873859
0.091397
0.0954321
0.0994845
0.103547
0.107615
0.111684
0.115753
0.119812
0.123852
0.127864
0.131843
0.135784
0.139686
0.143547
0.147359
0.151115
0.154808
0.158427
0.161962
0.1654
0.168735
0.171968
0.175099
0.178127
0.181051
0.183868
0.186573
0.189163
0.191639
0.193997
0.196231
0.198333
0.200301
0.20213
0.20381
0.205336
0.206703
0.207907
0.208941
0.209805
0.210507
0.211055
0.211454
0.211696
0.211783
0.211716
0.211499
0.21113
0.210609
0.209944
0.209133
0.208057
0.206621
0.00227515
0.000787547
-0.000368962
-0.00127136
-0.00203255
-0.00264045
-0.00309033
-0.00338673
-0.00353169
-0.0035282
-0.00338189
-0.00309346
-0.00265892
-0.00207461
-0.00133872
-0.000449846
0.000594666
0.0017947
0.00314883
0.00465286
0.00630143
0.0080903
0.0100165
0.0120775
0.0142702
0.0165923
0.0190424
0.021617
0.0243095
0.0271123
0.0300189
0.0330244
0.0361256
0.0393201
0.0426057
0.0459798
0.0494376
0.052973
0.0565786
0.0602474
0.0639745
0.0677559
0.0715876
0.0754671
0.0793908
0.0833548
0.087357
0.0913916
0.0954497
0.0995239
0.103609
0.107699
0.111793
0.115886
0.119968
0.124028
0.12806
0.132059
0.136021
0.139941
0.143816
0.147641
0.151409
0.155112
0.158742
0.162287
0.165737
0.169089
0.172343
0.175496
0.178546
0.181488
0.184319
0.187035
0.189636
0.192122
0.194489
0.196731
0.198844
0.200821
0.202657
0.204344
0.205873
0.207238
0.208433
0.209457
0.210312
0.211007
0.211551
0.211944
0.212178
0.212254
0.212174
0.21194
0.211551
0.211005
0.210309
0.209461
0.208335
0.20684
0.00186491
0.000337455
-0.00084816
-0.00177392
-0.00255858
-0.00318624
-0.00365251
-0.00396496
-0.00412581
-0.00413595
-0.00399927
-0.00371737
-0.00328733
-0.00270487
-0.00196761
-0.00107399
-2.36695e-05
0.00118324
0.00254372
0.00405308
0.00570768
0.00750522
0.00944287
0.0115167
0.0137243
0.0160648
0.0185357
0.0211311
0.0238436
0.0266666
0.0295944
0.0326223
0.0357468
0.0389652
0.0422748
0.0456726
0.0491531
0.05271
0.0563367
0.0600272
0.0637772
0.0675825
0.0714385
0.0753426
0.0792922
0.0832843
0.087315
0.0913772
0.0954616
0.0995612
0.103672
0.107791
0.111914
0.116035
0.120145
0.124234
0.128295
0.132323
0.136312
0.140256
0.144151
0.147993
0.151776
0.155494
0.159137
0.162698
0.166167
0.169543
0.172824
0.176007
0.179083
0.182046
0.184895
0.187628
0.190245
0.192746
0.195127
0.197382
0.199506
0.201493
0.203337
0.205029
0.20656
0.207922
0.209112
0.21013
0.21098
0.211673
0.212213
0.212596
0.212818
0.212881
0.212787
0.212537
0.212128
0.211559
0.210835
0.209951
0.208781
0.207234
0.00129093
-0.000274348
-0.00148436
-0.002431
-0.00323637
-0.00388425
-0.00436635
-0.00469128
-0.00486638
-0.00489063
-0.00476319
-0.00448579
-0.00405744
-0.00347449
-0.00273439
-0.00183572
-0.000779075
0.000434301
0.00180039
0.00331584
0.00497907
0.00678778
0.00873839
0.010828
0.0130554
0.0154192
0.0179144
0.0205338
0.0232707
0.0261193
0.0290742
0.03213
0.0352828
0.0385298
0.0418682
0.0452939
0.0488008
0.0523834
0.0560364
0.0597543
0.0635327
0.0673672
0.071253
0.075188
0.0791708
0.0831974
0.0872621
0.0913563
0.0954714
0.0996018
0.103745
0.107898
0.112055
0.11621
0.120354
0.124479
0.128578
0.132642
0.136665
0.140638
0.144559
0.148424
0.152229
0.155966
0.159628
0.163209
0.166704
0.17011
0.173422
0.176636
0.179739
0.182727
0.185598
0.188354
0.190994
0.193515
0.195912
0.198181
0.200316
0.20231
0.204159
0.205853
0.207386
0.208749
0.209938
0.210955
0.211806
0.212499
0.213035
0.213408
0.213617
0.213668
0.213562
0.213298
0.212872
0.212282
0.21153
0.210612
0.209401
0.207808
0.000549812
-0.00105091
-0.00228758
-0.00325256
-0.00407398
-0.00474055
-0.00523961
-0.00557711
-0.00576271
-0.00579717
-0.00567746
-0.00540303
-0.00497383
-0.0043881
-0.00364309
-0.00273863
-0.00167588
-0.000457613
0.000913843
0.00243734
0.00411136
0.00593292
0.00789917
0.0100091
0.0122615
0.0146521
0.0171744
0.0198214
0.0225875
0.025467
0.0284535
0.0315412
0.0347268
0.038007
0.0413781
0.0448355
0.0483734
0.0519871
0.0556727
0.0594245
0.0632375
0.0671071
0.0710296
0.0750034
0.0790267
0.0830944
0.0871983
0.0913296
0.0954814
0.0996496
0.103832
0.108024
0.11222
0.116415
0.120601
0.12477
0.128911
0.133017
0.137077
0.141085
0.145037
0.148932
0.152765
0.156527
0.160213
0.163821
0.167345
0.170783
0.174127
0.17737
0.180502
0.183518
0.186418
0.189204
0.191873
0.194417
0.196832
0.199113
0.201255
0.203254
0.205104
0.206802
0.208339
0.209707
0.210901
0.211923
0.212779
0.213473
0.214004
0.214367
0.214567
0.214609
0.214495
0.214222
0.213782
0.213173
0.212394
0.211443
0.210197
0.208561
-0.000359821
-0.00199803
-0.00326246
-0.0042464
-0.00508254
-0.00576452
-0.00628098
-0.00663224
-0.0068258
-0.00686576
-0.00675018
-0.00647649
-0.00604428
-0.0054532
-0.00470176
-0.00379093
-0.00272267
-0.00149911
-0.000120226
0.0014136
0.00310012
0.00493708
0.00692375
0.00905939
0.0113403
0.0137601
0.0163122
0.018991
0.0217907
0.0247045
0.0277256
0.0308491
0.0340715
0.0373888
0.0407962
0.0442895
0.047864
0.0515158
0.055241
0.0590334
0.0628872
0.066799
0.0707659
0.0747861
0.0788564
0.0829702
0.0871182
0.0912926
0.0954881
0.0997011
0.103928
0.108165
0.112407
0.116647
0.12088
0.125096
0.129283
0.133433
0.137535
0.141583
0.145574
0.149507
0.153375
0.157168
0.160883
0.164522
0.16808
0.17155
0.174925
0.178198
0.181361
0.184411
0.187348
0.190172
0.192873
0.195442
0.197876
0.200169
0.202319
0.204322
0.206177
0.20788
0.209426
0.210803
0.212006
0.213035
0.213897
0.214593
0.21512
0.215477
0.21567
0.215708
0.215589
0.215307
0.214855
0.214226
0.213422
0.212442
0.211162
0.20949
-0.00144558
-0.00311884
-0.00440983
-0.00541769
-0.00627105
-0.0069666
-0.00749857
-0.00786373
-0.00806501
-0.00810759
-0.0079919
-0.00771574
-0.00727804
-0.00667898
-0.00592014
-0.00500267
-0.0039281
-0.00269627
-0.00130666
0.000239697
0.00194157
0.00379898
0.00581188
0.00797726
0.0102889
0.0127402
0.0153259
0.0180405
0.020877
0.0238278
0.0268869
0.03005
0.0333132
0.0366712
0.040119
0.0436537
0.0472716
0.0509686
0.05474
0.058579
0.06248
0.0664408
0.0704592
0.0745317
0.0786533
0.0828169
0.0870138
0.0912374
0.0954836
0.0997478
0.104026
0.108313
0.112605
0.116896
0.12118
0.125446
0.129681
0.133878
0.138028
0.142124
0.146162
0.150141
0.15405
0.157881
0.161633
0.165308
0.168902
0.172407
0.175815
0.179121
0.182322
0.185413
0.188396
0.191262
0.194
0.196597
0.199051
0.20136
0.203522
0.205536
0.207399
0.209112
0.210669
0.212056
0.213268
0.214306
0.215174
0.215873
0.216399
0.216754
0.216945
0.21698
0.216856
0.216564
0.216096
0.215447
0.214618
0.213611
0.2123
0.210595
-0.00271205
-0.00441618
-0.00573298
-0.00676686
-0.0076429
-0.00835413
-0.00889908
-0.00927679
-0.00948585
-0.0095297
-0.00941095
-0.00912905
-0.00868325
-0.00807503
-0.00730776
-0.00638225
-0.00529819
-0.00405455
-0.00265157
-0.00108946
0.000633188
0.00251742
0.0045611
0.00675857
0.00910336
0.0115903
0.0142143
0.0169683
0.0198443
0.0228358
0.0259376
0.0291449
0.0324526
0.0358554
0.039349
0.0429317
0.0465998
0.0503481
0.0541709
0.058062
0.0620165
0.0660325
0.0701076
0.0742362
0.0784122
0.0826294
0.0868806
0.0911601
0.0954635
0.0997849
0.104119
0.108463
0.11281
0.117157
0.121496
0.125815
0.130103
0.134352
0.138557
0.14271
0.146804
0.150836
0.154794
0.158671
0.162466
0.166183
0.169817
0.17336
0.176806
0.180153
0.183398
0.186539
0.189571
0.192483
0.195259
0.197887
0.200366
0.202698
0.20488
0.206909
0.208787
0.210512
0.212079
0.213476
0.214697
0.215744
0.216622
0.217328
0.217858
0.218214
0.218405
0.218437
0.218306
0.218002
0.217516
0.216845
0.215991
0.214958
0.213619
0.211881
-0.00415476
-0.00589401
-0.00723558
-0.0082936
-0.00919719
-0.00992905
-0.0104865
-0.0108743
-0.0110903
-0.0111349
-0.0110111
-0.0107211
-0.0102661
-0.00964898
-0.00887169
-0.00793503
-0.00683806
-0.00558017
-0.0041608
-0.00257743
-0.000827423
0.00108847
0.00316553
0.00539777
0.00778022
0.010308
0.0129745
0.0157713
0.0186912
0.0217288
0.0248787
0.0281347
0.0314913
0.034944
0.0384899
0.0421273
0.0458516
0.049656
0.0535353
0.0574843
0.0614985
0.0655754
0.0697112
0.0738993
0.0781336
0.08241
0.0867221
0.0910642
0.095431
0.0998157
0.104213
0.108619
0.113029
0.117437
0.121834
0.12621
0.130555
0.134864
0.139133
0.143351
0.147508
0.151598
0.155611
0.15954
0.163385
0.16715
0.170831
0.174418
0.177908
0.181302
0.184598
0.187792
0.190874
0.19383
0.196644
0.199307
0.201819
0.204181
0.20639
0.208441
0.210335
0.212072
0.213649
0.215055
0.216287
0.217347
0.21824
0.218958
0.219497
0.219856
0.220048
0.220076
0.219936
0.219617
0.219113
0.218421
0.217543
0.216485
0.215119
0.213348
-0.00576922
-0.007551
-0.00892078
-0.0100017
-0.010932
-0.0116881
-0.0122606
-0.0126569
-0.012878
-0.0129224
-0.0127932
-0.0124948
-0.012031
-0.0114043
-0.0106153
-0.00966502
-0.0085532
-0.0072785
-0.00583757
-0.00422658
-0.00244455
-0.000494587
0.00161833
0.00388974
0.00631516
0.0088882
0.0116006
0.0144446
0.0174141
0.0205038
0.0237068
0.0270159
0.0304267
0.0339362
0.0375413
0.0412394
0.0450247
0.0488905
0.0528323
0.0568463
0.060927
0.0650702
0.0692713
0.0735236
0.0778226
0.0821653
0.0865456
0.0909567
0.0953927
0.0998465
0.104313
0.108788
0.113265
0.117738
0.122199
0.126637
0.131045
0.135422
0.139762
0.14405
0.148273
0.152425
0.156498
0.160486
0.164388
0.168209
0.171942
0.17558
0.179122
0.182569
0.18592
0.189165
0.192295
0.195295
0.19815
0.200854
0.203407
0.205809
0.208051
0.210126
0.212036
0.213786
0.215374
0.216792
0.218039
0.219118
0.220029
0.220762
0.221309
0.221673
0.221865
0.221889
0.221738
0.221404
0.220881
0.220167
0.219267
0.218186
0.216793
0.21499
-0.00755382
-0.00938363
-0.0107896
-0.0118942
-0.0128474
-0.013628
-0.0142181
-0.0146228
-0.0148468
-0.0148907
-0.0147575
-0.0144525
-0.0139801
-0.0133421
-0.0125403
-0.0115756
-0.010447
-0.00915089
-0.00768252
-0.00603972
-0.00422376
-0.00223784
-8.53109e-05
0.00222996
0.00470199
0.00732288
0.0100848
0.0129812
0.016006
0.0191525
0.0224128
0.0257804
0.0292522
0.0328256
0.0364964
0.0402604
0.0441122
0.048046
0.0520583
0.0561449
0.0602989
0.0645142
0.0687866
0.0731103
0.0774818
0.0818986
0.0863536
0.0908391
0.0953493
0.0998777
0.104419
0.108969
0.113518
0.11806
0.122588
0.127096
0.131576
0.136027
0.140442
0.144803
0.149095
0.153313
0.157451
0.161504
0.165472
0.169356
0.17315
0.176846
0.180447
0.183953
0.187359
0.190657
0.193834
0.19688
0.199783
0.202537
0.205141
0.207588
0.209867
0.211969
0.213898
0.215664
0.217269
0.218705
0.219973
0.221072
0.222001
0.222747
0.223302
0.22367
0.223862
0.22388
0.223718
0.223367
0.222823
0.222087
0.221164
0.22006
0.21864
0.216804
-0.00951197
-0.0113915
-0.0128394
-0.013972
-0.0149464
-0.0157485
-0.0163561
-0.01677
-0.016997
-0.0170412
-0.0169059
-0.0165954
-0.0161139
-0.0154643
-0.0146492
-0.0136684
-0.0125188
-0.0111959
-0.00969641
-0.00802038
-0.00616911
-0.00414424
-0.00194839
0.000413334
0.00293343
0.00560437
0.00841979
0.0113734
0.0144576
0.0176644
0.0209867
0.0244193
0.0279595
0.0316034
0.0353453
0.0391806
0.0431056
0.0471154
0.0512062
0.0553726
0.0596061
0.0639001
0.0682512
0.0726547
0.0771067
0.081604
0.086139
0.0907038
0.0952935
0.0999021
0.104524
0.109153
0.113779
0.118395
0.122998
0.127583
0.132143
0.136674
0.141167
0.145603
0.149969
0.154258
0.158469
0.162595
0.166637
0.170593
0.174456
0.178219
0.181884
0.185453
0.188918
0.19227
0.195499
0.198597
0.201557
0.20437
0.207031
0.209528
0.211847
0.213979
0.215934
0.217725
0.219353
0.220814
0.222104
0.223223
0.224167
0.224924
0.225486
0.22586
0.226053
0.226066
0.22589
0.225519
0.224952
0.224191
0.223244
0.222113
0.220663
0.218792
-0.0116551
-0.0135792
-0.0150693
-0.0162357
-0.0172327
-0.0180523
-0.0186758
-0.0191008
-0.0193333
-0.019379
-0.0192419
-0.018926
-0.0184354
-0.0177744
-0.0169441
-0.0159428
-0.0147672
-0.0134139
-0.0118821
-0.0101716
-0.00828228
-0.00621521
-0.00397409
-0.00156522
0.00100433
0.00372853
0.00660146
0.0096155
0.0127618
0.0160327
0.0194231
0.0229279
0.0265428
0.0302623
0.0340801
0.0379928
0.0419984
0.046092
0.0502679
0.0545197
0.0588385
0.0632184
0.0676567
0.0721481
0.0766876
0.081271
0.0858909
0.0905408
0.0952166
0.0999118
0.10462
0.109334
0.114043
0.118741
0.123428
0.128098
0.132744
0.13736
0.141935
0.14645
0.150893
0.155262
0.159553
0.163761
0.167884
0.171919
0.175858
0.179695
0.183431
0.187068
0.190596
0.194007
0.197295
0.200454
0.203478
0.206355
0.209076
0.211624
0.213984
0.216154
0.218144
0.219968
0.221628
0.223116
0.224427
0.225563
0.22652
0.227288
0.227861
0.228243
0.22844
0.228447
0.228258
0.227866
0.227274
0.226486
0.22551
0.224351
0.222869
0.220958
-0.0139951
-0.0159562
-0.0174841
-0.0186866
-0.019709
-0.0205458
-0.0211845
-0.0216223
-0.0218627
-0.0219108
-0.0217718
-0.0214503
-0.0209506
-0.0202759
-0.0194261
-0.0183996
-0.0171944
-0.0158095
-0.0142437
-0.0124957
-0.0105649
-0.00845337
-0.00616597
-0.00370836
-0.00108597
0.0016956
0.00462917
0.00770601
0.0109178
0.0142586
0.0177236
0.0213065
0.0250005
0.0287996
0.0326987
0.0366956
0.0407885
0.0449713
0.0492371
0.0535792
0.0579898
0.0624634
0.0669968
0.0715834
0.0762165
0.0808917
0.0856028
0.0903452
0.0951148
0.099904
0.104706
0.109512
0.114312
0.119101
0.12388
0.128644
0.133381
0.138085
0.142745
0.147344
0.151872
0.156328
0.160708
0.165005
0.169215
0.173334
0.177354
0.18127
0.185083
0.188793
0.192392
0.19587
0.199224
0.202451
0.205542
0.208484
0.211264
0.213864
0.216272
0.218487
0.220522
0.222388
0.224082
0.225596
0.226927
0.228078
0.229049
0.229832
0.230421
0.230815
0.231016
0.231018
0.230813
0.230399
0.229782
0.228966
0.227961
0.226772
0.225254
0.2233
-0.0165354
-0.0185316
-0.0200921
-0.0213284
-0.0223799
-0.0232375
-0.0238923
-0.0243434
-0.0245925
-0.0246441
-0.0245035
-0.0241756
-0.0236645
-0.0229717
-0.0220981
-0.0210434
-0.0198073
-0.0183887
-0.0167854
-0.014996
-0.0130207
-0.0108627
-0.00852617
-0.00601529
-0.00333497
-0.000492048
0.00250498
0.00564808
0.00893079
0.0123478
0.0158931
0.0195579
0.0233346
0.0272181
0.0312047
0.0352921
0.0394775
0.0437535
0.0481132
0.0525514
0.0570609
0.0616359
0.0662715
0.0709592
0.0756917
0.0804652
0.0852751
0.090118
0.0949896
0.0998805
0.104783
0.109689
0.11459
0.119479
0.124359
0.12922
0.134054
0.138851
0.143602
0.148292
0.152913
0.157465
0.16194
0.166331
0.170633
0.17484
0.178946
0.182947
0.186843
0.190635
0.194311
0.197865
0.201293
0.204592
0.207752
0.210758
0.213596
0.216251
0.218714
0.220986
0.223074
0.224986
0.226715
0.228254
0.229604
0.230773
0.231763
0.232566
0.233172
0.233578
0.233782
0.233777
0.233556
0.233121
0.232479
0.231635
0.230599
0.229376
0.22782
0.225821
-0.0192724
-0.0213096
-0.0229015
-0.024169
-0.0252517
-0.0261342
-0.0268071
-0.0272718
-0.0275301
-0.0275856
-0.027443
-0.0271066
-0.0265801
-0.0258658
-0.0249662
-0.0238821
-0.0226132
-0.0211573
-0.0195124
-0.017678
-0.0156552
-0.0134465
-0.0110549
-0.00848442
-0.0057411
-0.00283312
0.000231384
0.00344633
0.00680645
0.0103052
0.0139344
0.0176847
0.0215488
0.0255231
0.0296039
0.0337874
0.0380691
0.0424423
0.0469012
0.0514421
0.0560579
0.0607408
0.0654838
0.0702774
0.0751151
0.0799941
0.0849105
0.0898618
0.0948427
0.0998427
0.104854
0.109869
0.114879
0.119877
0.124864
0.12983
0.134765
0.139663
0.144514
0.149306
0.15403
0.158684
0.163261
0.16775
0.172147
0.176447
0.180644
0.184735
0.188723
0.192604
0.196367
0.200002
0.203508
0.206881
0.210111
0.213182
0.216083
0.218802
0.221329
0.223664
0.225811
0.22777
0.229536
0.231102
0.232476
0.233669
0.234683
0.235508
0.236132
0.236547
0.236751
0.236737
0.236502
0.236047
0.23538
0.234506
0.233436
0.232176
0.230578
0.22853
-0.0222024
-0.0242901
-0.0259184
-0.0272165
-0.0283299
-0.0292396
-0.0299332
-0.0304128
-0.0306805
-0.0307389
-0.0305921
-0.0302446
-0.0297002
-0.0289633
-0.028037
-0.026922
-0.0256173
-0.0241205
-0.0224306
-0.0205479
-0.0184728
-0.016207
-0.0137533
-0.0111173
-0.00830665
-0.00532913
-0.00219122
0.00110217
0.00454526
0.0081297
0.0118464
0.0156871
0.0196458
0.0237184
0.0278996
0.0321838
0.0365662
0.0410417
0.0456065
0.0502572
0.0549852
0.0597808
0.0646352
0.0695394
0.0744884
0.0794799
0.0845101
0.0895764
0.0946731
0.0997897
0.104919
0.110052
0.115179
0.120295
0.125396
0.130474
0.135519
0.140527
0.14549
0.150393
0.15523
0.159993
0.164675
0.169267
0.173763
0.178162
0.182456
0.186644
0.190729
0.194706
0.19856
0.202282
0.205868
0.209317
0.212619
0.215761
0.218732
0.221521
0.22412
0.226523
0.22873
0.23074
0.232546
0.234147
0.235553
0.236777
0.237818
0.238664
0.239302
0.239724
0.239928
0.239909
0.239662
0.23919
0.238498
0.237593
0.236486
0.235186
0.233542
0.231439
-0.0253263
-0.0274729
-0.0291446
-0.0304755
-0.0316194
-0.0325571
-0.0332733
-0.0337685
-0.0340447
-0.0341044
-0.0339512
-0.0335907
-0.0330281
-0.0322686
-0.0313146
-0.0301666
-0.0288233
-0.0272831
-0.0255455
-0.0236101
-0.0214767
-0.0191469
-0.0166255
-0.0139197
-0.0110372
-0.00798423
-0.00476631
-0.00138888
0.00214116
0.00581506
0.00962476
0.0135635
0.0176251
0.021803
0.0260899
0.0304793
0.0349681
0.039553
0.0442309
0.0489974
0.0538423
0.0587544
0.0637249
0.0687454
0.073812
0.0789226
0.0840731
0.0892606
0.0944797
0.0997206
0.104976
0.110236
0.115489
0.120729
0.125951
0.13115
0.136315
0.141444
0.146528
0.151552
0.156506
0.161385
0.166178
0.170877
0.17548
0.179983
0.184381
0.188672
0.192859
0.196934
0.200882
0.204692
0.208363
0.211893
0.215272
0.218491
0.221539
0.224405
0.227078
0.22955
0.231821
0.233885
0.235739
0.237385
0.238832
0.24009
0.241158
0.242024
0.242674
0.243104
0.24331
0.243289
0.243035
0.242549
0.241834
0.240898
0.239752
0.238409
0.236717
0.234555
-0.0286502
-0.0308597
-0.0325801
-0.033948
-0.0351242
-0.0360903
-0.036829
-0.0373393
-0.0376227
-0.0376817
-0.0375213
-0.0371475
-0.036567
-0.035784
-0.0348009
-0.033618
-0.0322346
-0.0306492
-0.0288605
-0.0268674
-0.02467
-0.0222716
-0.0196786
-0.0168987
-0.0139388
-0.0108042
-0.00750093
-0.00403554
-0.000414788
0.00335417
0.00726475
0.0113102
0.0154819
0.0197707
0.0241681
0.0286687
0.0332711
0.0379732
0.0427712
0.0476589
0.0526252
0.0576592
0.0627522
0.0678961
0.0730871
0.0783228
0.0835992
0.0889142
0.0942625
0.0996348
0.105023
0.110417
0.115802
0.121171
0.126523
0.13185
0.137146
0.142405
0.147617
0.152767
0.157846
0.162846
0.167757
0.172573
0.177291
0.181908
0.186418
0.190818
0.19511
0.199286
0.203331
0.207234
0.210995
0.214612
0.218078
0.22138
0.224509
0.227454
0.230202
0.232747
0.235084
0.237211
0.239123
0.240821
0.242314
0.243609
0.244704
0.245588
0.246252
0.246691
0.246904
0.246884
0.246625
0.246125
0.245388
0.24442
0.243235
0.241848
0.240106
0.237884
-0.0321828
-0.034456
-0.0362281
-0.0376371
-0.038848
-0.0398428
-0.0406031
-0.0411272
-0.0414166
-0.0414743
-0.0413063
-0.0409193
-0.04032
-0.0395124
-0.0384988
-0.0372799
-0.0358549
-0.0342217
-0.0323779
-0.0303224
-0.0280572
-0.025587
-0.0229187
-0.0200597
-0.0170168
-0.0137957
-0.0104033
-0.00684632
-0.00312944
0.000742295
0.00476226
0.00892157
0.0132089
0.0176134
0.0221272
0.0267465
0.0314708
0.0362977
0.0412223
0.0462373
0.0513316
0.0564949
0.0617185
0.0669938
0.072316
0.0776824
0.0830903
0.0885389
0.094023
0.0995329
0.10506
0.110592
0.116114
0.121619
0.127107
0.132572
0.138006
0.143403
0.148748
0.154029
0.159238
0.164369
0.16941
0.174356
0.179202
0.183944
0.188573
0.193088
0.197491
0.201773
0.205919
0.209922
0.213781
0.217495
0.221053
0.224444
0.227656
0.230681
0.233508
0.236128
0.23854
0.240737
0.242714
0.244471
0.246012
0.247345
0.248469
0.249375
0.250055
0.250506
0.250726
0.250707
0.250443
0.249929
0.24917
0.24817
0.246945
0.245514
0.243719
0.241433
-0.0359326
-0.03827
-0.0400956
-0.0415481
-0.0427953
-0.043819
-0.0446005
-0.0451378
-0.0454327
-0.0454892
-0.0453133
-0.0449125
-0.044293
-0.0434593
-0.0424142
-0.0411579
-0.0396889
-0.0380041
-0.036101
-0.0339799
-0.0316438
-0.0290982
-0.0263498
-0.0234063
-0.0202757
-0.0169648
-0.0134799
-0.00982595
-0.00600537
-0.00202258
0.00211379
0.00639213
0.0107995
0.0153253
0.019963
0.0247095
0.0295639
0.0345227
0.0395806
0.0447304
0.0499613
0.0552631
0.0606259
0.0660401
0.0715002
0.0770035
0.0825494
0.0881385
0.0937652
0.0994183
0.105088
0.110762
0.116427
0.122077
0.127711
0.133321
0.138901
0.14444
0.149924
0.155342
0.160689
0.165961
0.171146
0.176235
0.181221
0.186096
0.190853
0.195491
0.200011
0.204405
0.208661
0.212772
0.216737
0.220554
0.224209
0.22769
0.230988
0.234096
0.237004
0.239707
0.242199
0.244473
0.246519
0.248336
0.249929
0.251304
0.252461
0.253393
0.254093
0.254557
0.254783
0.254766
0.254495
0.253969
0.253187
0.252155
0.250892
0.249415
0.247567
0.245212
-0.0399069
-0.0423106
-0.0441911
-0.0456885
-0.0469734
-0.0480265
-0.0488296
-0.0493804
-0.049681
-0.0497361
-0.049552
-0.0491361
-0.0484951
-0.0476341
-0.0465557
-0.0452594
-0.0437426
-0.0420018
-0.0400358
-0.0378456
-0.0354344
-0.0328082
-0.0299744
-0.0269421
-0.0237205
-0.0203163
-0.0167336
-0.012975
-0.00904245
-0.00494162
-0.000683831
0.00371779
0.00825059
0.0129048
0.0176744
0.0225562
0.0275478
0.0326453
0.0378442
0.0431378
0.0485151
0.0539643
0.0594742
0.0650345
0.0706402
0.0762889
0.0819812
0.0877191
0.0934958
0.0992986
0.105117
0.11094
0.116757
0.122561
0.12835
0.134113
0.139842
0.145526
0.151154
0.156715
0.16221
0.167633
0.172972
0.178213
0.183348
0.188364
0.193254
0.198021
0.202667
0.207183
0.211558
0.215784
0.219861
0.223784
0.22754
0.231115
0.234503
0.2377
0.240697
0.243488
0.246064
0.248415
0.250532
0.252412
0.25406
0.255483
0.256678
0.257639
0.258358
0.258834
0.259068
0.259052
0.258778
0.258239
0.257437
0.256376
0.255074
0.253553
0.25165
0.249226
-0.0441119
-0.0465855
-0.048523
-0.0500669
-0.0513907
-0.0524747
-0.0533002
-0.0538653
-0.0541723
-0.0542257
-0.0540327
-0.0536008
-0.0529373
-0.0520474
-0.0509328
-0.0495924
-0.0480232
-0.0462223
-0.044189
-0.0419247
-0.0394328
-0.0367205
-0.033797
-0.0306724
-0.0273561
-0.0238529
-0.0201646
-0.016293
-0.0122412
-0.00801719
-0.0036337
0.000896307
0.0055613
0.0103517
0.0152609
0.0202845
0.02542
0.0306637
0.036012
0.0414586
0.0469913
0.0525962
0.0582605
0.063975
0.0697358
0.0755408
0.0813904
0.0872864
0.0932211
0.0991813
0.105157
0.111138
0.117115
0.123083
0.129034
0.134956
0.140839
0.146672
0.152447
0.158159
0.163809
0.16939
0.174887
0.180286
0.185572
0.190735
0.195768
0.200674
0.205456
0.210105
0.214608
0.218957
0.223152
0.227185
0.231046
0.234722
0.238211
0.241505
0.244598
0.247479
0.250139
0.252568
0.254758
0.256704
0.258414
0.259889
0.261125
0.262114
0.262852
0.263341
0.263582
0.26357
0.263292
0.262742
0.261919
0.26083
0.259492
0.257928
0.255972
0.253477
-0.048554
-0.0511017
-0.0530988
-0.0546909
-0.0560554
-0.0571717
-0.0580209
-0.0586014
-0.0589152
-0.058967
-0.0587646
-0.0583162
-0.0576291
-0.0567078
-0.0555534
-0.0541644
-0.0525381
-0.0506723
-0.0485663
-0.0462218
-0.0436436
-0.0408408
-0.0378241
-0.0346034
-0.0311865
-0.0275763
-0.0237736
-0.0197815
-0.015605
-0.0112534
-0.00673902
-0.00207398
0.00273074
0.00766467
0.0127198
0.0178917
0.0231782
0.0285766
0.0340833
0.039691
0.0453864
0.0511542
0.0569807
0.0628586
0.0687856
0.074759
0.0807774
0.0868405
0.0929408
0.0990663
0.105207
0.111355
0.117502
0.123642
0.129763
0.135849
0.141891
0.147879
0.153808
0.159678
0.165489
0.171233
0.176892
0.182449
0.187891
0.193209
0.198395
0.203454
0.208386
0.213179
0.217818
0.222297
0.226616
0.230768
0.234744
0.238533
0.242132
0.245534
0.248726
0.251698
0.254442
0.25695
0.259216
0.261235
0.26301
0.264539
0.265815
0.266832
0.26759
0.268095
0.268346
0.268337
0.268054
0.267492
0.266649
0.26553
0.264157
0.262552
0.26054
0.257973
-0.0532394
-0.0558653
-0.0579247
-0.0595668
-0.060974
-0.0621242
-0.0629982
-0.0635945
-0.0639152
-0.0639658
-0.063754
-0.0632889
-0.0625768
-0.0616212
-0.0604231
-0.0589811
-0.0572931
-0.0553568
-0.0531721
-0.0507422
-0.0480736
-0.0451769
-0.042063
-0.0387403
-0.0352147
-0.0314885
-0.0275638
-0.0234455
-0.0191398
-0.0146552
-0.0100033
-0.00519575
-0.000244014
0.00484013
0.0100478
0.0153753
0.0208215
0.0263838
0.032057
0.0378322
0.0436959
0.049633
0.0556303
0.0616816
0.0677857
0.0739384
0.0801355
0.0863743
0.0926475
0.0989457
0.105261
0.111586
0.117911
0.124229
0.130526
0.136785
0.142995
0.149148
0.155242
0.161277
0.167257
0.173167
0.178989
0.184707
0.190311
0.195792
0.201145
0.20637
0.211464
0.21641
0.221193
0.225809
0.230261
0.234544
0.238647
0.242562
0.24628
0.249792
0.253085
0.256149
0.25898
0.261572
0.263919
0.266015
0.267855
0.269437
0.270754
0.271802
0.272586
0.27311
0.273373
0.273367
0.273078
0.272501
0.271636
0.270489
0.269082
0.267435
0.265365
0.26272
-0.0581728
-0.0608814
-0.0630062
-0.0647001
-0.0661514
-0.0673367
-0.0682359
-0.0688481
-0.0691762
-0.0692261
-0.0690056
-0.0685229
-0.0677837
-0.0667911
-0.0655457
-0.0640468
-0.0622922
-0.0602801
-0.058012
-0.0554931
-0.0527314
-0.049737
-0.04652
-0.0430873
-0.0394443
-0.0355946
-0.031542
-0.0272925
-0.0228522
-0.018228
-0.013431
-0.00847342
-0.00336771
0.00187384
0.00724238
0.0127347
0.0183499
0.0240845
0.0299307
0.0358783
0.041915
0.048028
0.0542049
0.0604399
0.0667308
0.0730718
0.079456
0.0858786
0.0923327
0.098812
0.105311
0.11182
0.118331
0.124835
0.131316
0.137758
0.144148
0.15048
0.15675
0.16296
0.169112
0.175192
0.181182
0.187067
0.19284
0.198495
0.204024
0.209426
0.214689
0.219794
0.224728
0.229491
0.234088
0.238513
0.242757
0.246805
0.250648
0.254273
0.257668
0.260829
0.263753
0.266436
0.268869
0.27104
0.272945
0.274579
0.27594
0.277027
0.277842
0.278389
0.278666
0.27866
0.278363
0.27777
0.276883
0.27571
0.274269
0.272578
0.270448
0.267722
-0.0633592
-0.0661552
-0.0683488
-0.0700964
-0.0715926
-0.0728134
-0.0737381
-0.0743664
-0.0747027
-0.0747525
-0.0745233
-0.074022
-0.0732538
-0.0722214
-0.0709255
-0.0693655
-0.0675398
-0.0654482
-0.0630939
-0.0604838
-0.0576255
-0.054528
-0.0512002
-0.0476492
-0.0438813
-0.0399022
-0.0357167
-0.0313305
-0.0267487
-0.0219772
-0.0170274
-0.0119126
-0.00664546
-0.0012378
0.00430177
0.0099692
0.0157623
0.0216759
0.0277005
0.0338255
0.040041
0.0463371
0.052703
0.0591314
0.0656182
0.0721552
0.0787346
0.0853501
0.0919949
0.0986642
0.105354
0.112055
0.11876
0.125458
0.132132
0.138766
0.14535
0.151873
0.158331
0.164725
0.171056
0.177311
0.183475
0.189536
0.195489
0.201325
0.207038
0.212621
0.218058
0.223329
0.228423
0.233345
0.2381
0.242681
0.247072
0.25126
0.255231
0.258973
0.262478
0.265745
0.268773
0.271553
0.274072
0.276319
0.278288
0.279979
0.281391
0.282523
0.283373
0.283944
0.28423
0.284224
0.283916
0.283307
0.2824
0.2812
0.279723
0.277986
0.275791
0.272979
-0.0688053
-0.0716933
-0.0739593
-0.0757626
-0.0773043
-0.0785608
-0.0795118
-0.0801575
-0.0805027
-0.0805528
-0.0803144
-0.0797932
-0.0789939
-0.0779189
-0.076569
-0.0749441
-0.0730442
-0.070871
-0.0684288
-0.0657244
-0.0627644
-0.0595565
-0.0561101
-0.0524333
-0.0485345
-0.0444205
-0.0400961
-0.0355661
-0.030835
-0.0259086
-0.0207986
-0.0155188
-0.0100815
-0.00449756
0.00122396
0.00707653
0.0130552
0.0191537
0.0253626
0.031672
0.0380745
0.0445629
0.0511268
0.0577579
0.064449
0.0711905
0.0779739
0.0847922
0.0916382
0.0985071
0.105395
0.112295
0.1192
0.126099
0.132976
0.139814
0.146602
0.153328
0.159984
0.166572
0.173091
0.179531
0.185879
0.192128
0.198271
0.204297
0.210199
0.215965
0.22158
0.227026
0.232293
0.237388
0.242311
0.247054
0.251599
0.255929
0.260032
0.263901
0.267529
0.270915
0.274054
0.276934
0.279541
0.281865
0.283904
0.28566
0.28713
0.288309
0.289195
0.289787
0.290082
0.290074
0.289756
0.289131
0.288202
0.286972
0.285455
0.283667
0.281401
0.278499
-0.0745198
-0.0775046
-0.0798465
-0.0817079
-0.0832968
-0.0845905
-0.0855695
-0.0862343
-0.0865891
-0.0866396
-0.0863909
-0.0858481
-0.0850151
-0.0838942
-0.0824868
-0.0807942
-0.0788183
-0.0765619
-0.074029
-0.0712252
-0.0681563
-0.0648305
-0.0612581
-0.0574493
-0.0534137
-0.0491585
-0.0446876
-0.0400056
-0.0351172
-0.0300285
-0.0247506
-0.0192969
-0.0136792
-0.00790824
-0.0019947
0.00405183
0.0102237
0.0165142
0.0229155
0.0294193
0.0360197
0.04271
0.0494804
0.056322
0.0632258
0.070181
0.0771783
0.0842097
0.0912673
0.0983454
0.105439
0.112545
0.119657
0.126766
0.133854
0.140907
0.147909
0.154846
0.161711
0.168504
0.175224
0.181862
0.188408
0.194856
0.201198
0.20742
0.213513
0.219468
0.225268
0.230898
0.236351
0.241629
0.246729
0.251637
0.256336
0.260811
0.265056
0.269064
0.272828
0.276342
0.279597
0.282579
0.285276
0.287683
0.289801
0.291629
0.293161
0.294389
0.295309
0.295923
0.296228
0.29622
0.295895
0.295254
0.294301
0.293038
0.291476
0.289631
0.28729
0.284291
-0.0805132
-0.0836
-0.0860218
-0.0879447
-0.0895842
-0.090918
-0.0919272
-0.0926128
-0.0929785
-0.093029
-0.0927686
-0.0922018
-0.0913317
-0.0901614
-0.0886936
-0.0869313
-0.0848776
-0.0825349
-0.0799062
-0.076996
-0.0738108
-0.0703598
-0.066655
-0.0627079
-0.0585285
-0.0541239
-0.0494979
-0.0446555
-0.0396018
-0.0343427
-0.0288882
-0.0232503
-0.0174413
-0.0114736
-0.00535945
0.00088911
0.00726278
0.0137552
0.0203601
0.0270701
0.0338795
0.0407812
0.0477654
0.0548241
0.0619487
0.0691274
0.0763492
0.0836042
0.0908835
0.0981805
0.10549
0.11281
0.120137
0.127464
0.134773
0.142048
0.149271
0.156429
0.163512
0.170522
0.177456
0.184307
0.191064
0.19772
0.204266
0.210689
0.216981
0.223131
0.229127
0.234953
0.240601
0.246069
0.251349
0.256425
0.261281
0.265911
0.27031
0.27447
0.278379
0.282026
0.285399
0.288487
0.291281
0.29378
0.295984
0.297888
0.299483
0.300759
0.301716
0.302354
0.302674
0.302669
0.302337
0.301681
0.300702
0.299402
0.297792
0.295886
0.293466
0.290364
-0.0867961
-0.0899918
-0.0924983
-0.0944872
-0.0961818
-0.0975596
-0.0986021
-0.0993104
-0.0996879
-0.0997377
-0.0994637
-0.0988696
-0.097959
-0.0967362
-0.0952058
-0.0933718
-0.0912368
-0.0888023
-0.0860705
-0.0830464
-0.0797376
-0.0761549
-0.0723112
-0.0682185
-0.0638869
-0.0593239
-0.054534
-0.0495225
-0.0442947
-0.0388557
-0.0332141
-0.0273815
-0.0213716
-0.0151986
-0.00887641
-0.00241745
0.0041687
0.0108757
0.0176968
0.0246249
0.0316533
0.0387745
0.0459795
0.0532622
0.0606155
0.0680277
0.0754849
0.0829739
0.0904845
0.0980101
0.105546
0.11309
0.120642
0.128194
0.13573
0.143233
0.150686
0.158071
0.165382
0.172621
0.179783
0.186858
0.193837
0.20071
0.207467
0.214098
0.220597
0.226956
0.233162
0.239196
0.245047
0.25071
0.256174
0.261423
0.266449
0.271247
0.275812
0.280132
0.284191
0.287974
0.291471
0.294673
0.297575
0.300175
0.302469
0.304451
0.306108
0.307436
0.308433
0.309101
0.309438
0.309439
0.309101
0.308428
0.307421
0.30608
0.304417
0.302446
0.299941
0.29673
-0.0933796
-0.096692
-0.099289
-0.101349
-0.103103
-0.10453
-0.105609
-0.106342
-0.106732
-0.10678
-0.10649
-0.105865
-0.104911
-0.103634
-0.102038
-0.100129
-0.0979065
-0.0953727
-0.0925301
-0.089385
-0.0859461
-0.082225
-0.0782353
-0.0739888
-0.0694961
-0.0647655
-0.0598026
-0.0546126
-0.0492003
-0.0435702
-0.0377306
-0.031694
-0.0254753
-0.0190901
-0.012552
-0.00587295
0.000937953
0.00787317
0.0149237
0.0220804
0.0293365
0.036685
0.0441185
0.0516332
0.0592238
0.0668785
0.0745808
0.0823137
0.0900651
0.0978285
0.1056
0.11338
0.121166
0.128951
0.13672
0.144457
0.152145
0.159767
0.167317
0.174796
0.182197
0.189509
0.196719
0.203818
0.210797
0.217648
0.224369
0.230953
0.237381
0.243634
0.249696
0.255561
0.261215
0.26665
0.271858
0.276837
0.281577
0.286062
0.290272
0.294196
0.297826
0.301154
0.304174
0.306881
0.309269
0.31133
0.313056
0.314441
0.315484
0.316186
0.316543
0.316551
0.316207
0.315516
0.314478
0.313093
0.311371
0.309329
0.30673
0.3034
-0.100274
-0.103711
-0.106405
-0.10854
-0.110359
-0.111839
-0.112959
-0.113719
-0.114121
-0.114165
-0.113857
-0.1132
-0.112201
-0.110867
-0.109202
-0.107211
-0.104894
-0.102253
-0.0992927
-0.09602
-0.0924443
-0.0885779
-0.0844343
-0.0800259
-0.0753635
-0.0704564
-0.0653107
-0.0599312
-0.0543224
-0.0484894
-0.0424421
-0.0361938
-0.02976
-0.0231552
-0.0163921
-0.00948164
-0.00243316
0.00474344
0.0120352
0.0194303
0.0269223
0.0345064
0.042178
0.0499343
0.0577709
0.0656762
0.0736314
0.0816168
0.0896184
0.0976293
0.105647
0.113673
0.121703
0.12973
0.137738
0.145715
0.153646
0.161515
0.169317
0.177048
0.184698
0.192255
0.199707
0.207045
0.214259
0.221347
0.228306
0.235127
0.241789
0.248268
0.25455
0.260625
0.266483
0.272117
0.277521
0.282689
0.287607
0.292258
0.296625
0.300698
0.304471
0.307935
0.31108
0.313899
0.316386
0.318534
0.320336
0.321785
0.322879
0.323618
0.323998
0.324014
0.323665
0.322954
0.321884
0.32045
0.318664
0.316542
0.313842
0.310384
-0.107487
-0.111057
-0.113854
-0.116071
-0.11796
-0.119498
-0.120661
-0.121449
-0.121862
-0.121902
-0.121574
-0.120884
-0.119839
-0.118445
-0.116706
-0.114626
-0.112207
-0.109451
-0.106366
-0.102959
-0.0992398
-0.0952206
-0.0909157
-0.0863377
-0.0814975
-0.0764043
-0.0710644
-0.065483
-0.0596654
-0.053619
-0.0473554
-0.0408888
-0.0342332
-0.0274003
-0.020401
-0.0132468
-0.00594879
0.00148019
0.00902345
0.0166666
0.0244037
0.0322333
0.0401535
0.0481622
0.056254
0.0644168
0.0726314
0.0808773
0.0891391
0.0974086
0.105684
0.113966
0.122251
0.130529
0.138786
0.147011
0.155193
0.16332
0.171383
0.179375
0.187285
0.195096
0.2028
0.210389
0.217856
0.225197
0.232408
0.239476
0.246379
0.253093
0.259605
0.265906
0.271985
0.277833
0.283442
0.288803
0.293903
0.298726
0.303258
0.307492
0.31142
0.315027
0.318302
0.321239
0.323834
0.326079
0.327965
0.329483
0.330631
0.331409
0.331812
0.331838
0.331484
0.330753
0.329645
0.328156
0.326299
0.324091
0.321284
0.317689
-0.115031
-0.118742
-0.121649
-0.123953
-0.125918
-0.127516
-0.128724
-0.12954
-0.129965
-0.130002
-0.129655
-0.128931
-0.127837
-0.126377
-0.124558
-0.122382
-0.119854
-0.116977
-0.11376
-0.110211
-0.106341
-0.102162
-0.0976889
-0.0929336
-0.0879065
-0.0826162
-0.0770695
-0.0712734
-0.0652358
-0.0589667
-0.052479
-0.0457864
-0.0389
-0.0318282
-0.0245806
-0.0171709
-0.00961336
-0.00192351
0.00588001
0.0137814
0.021775
0.0298615
0.0380416
0.0463132
0.0546693
0.063097
0.0715776
0.0800917
0.0886239
0.0971643
0.105709
0.11426
0.12281
0.131349
0.139865
0.14835
0.156793
0.165184
0.173516
0.181779
0.189956
0.198032
0.206001
0.213855
0.221588
0.229196
0.236671
0.243996
0.251148
0.258109
0.264866
0.27141
0.277727
0.283801
0.289623
0.295185
0.300474
0.305479
0.31019
0.314598
0.318688
0.322445
0.325859
0.328924
0.331638
0.333989
0.335964
0.337554
0.338758
0.339577
0.340006
0.340041
0.33968
0.338923
0.337773
0.336223
0.334288
0.33199
0.329069
0.325332
-0.122921
-0.126781
-0.129804
-0.132202
-0.134245
-0.135907
-0.137161
-0.138006
-0.138444
-0.138478
-0.138112
-0.137353
-0.136207
-0.134678
-0.132771
-0.130493
-0.127849
-0.124844
-0.121487
-0.117788
-0.113759
-0.109414
-0.104765
-0.0998233
-0.0945984
-0.0890987
-0.0833323
-0.0773095
-0.0710418
-0.0645413
-0.0578204
-0.0508908
-0.0437615
-0.0364387
-0.0289314
-0.0212561
-0.013431
-0.00547328
0.00259873
0.0107694
0.0190326
0.0273889
0.03584
0.0443841
0.0530133
0.0617137
0.0704678
0.0792584
0.088071
0.0968942
0.105722
0.114552
0.123378
0.13219
0.140978
0.149733
0.158447
0.167113
0.175722
0.184261
0.192715
0.20107
0.209316
0.217449
0.225461
0.233345
0.241092
0.248682
0.256097
0.263319
0.270338
0.27714
0.283705
0.290015
0.29606
0.301832
0.307324
0.312527
0.31743
0.32202
0.32628
0.330196
0.33376
0.336968
0.339811
0.342274
0.344342
0.346007
0.347271
0.348134
0.348591
0.348635
0.348262
0.347476
0.346277
0.344662
0.342646
0.340254
0.337216
0.333327
-0.131177
-0.135194
-0.138341
-0.140837
-0.142962
-0.144688
-0.14599
-0.146866
-0.147318
-0.14735
-0.146965
-0.146169
-0.144966
-0.143363
-0.141365
-0.138978
-0.13621
-0.133067
-0.12956
-0.125704
-0.121509
-0.116989
-0.112155
-0.107016
-0.101581
-0.0958584
-0.0898604
-0.0836001
-0.0770924
-0.0703501
-0.0633837
-0.0562031
-0.0488165
-0.0412301
-0.0334534
-0.0255049
-0.017405
-0.00917175
-0.000822149
0.00762947
0.0161757
0.024815
0.0335481
0.0423733
0.0512831
0.0602643
0.0693006
0.0783766
0.087479
0.0965954
0.105718
0.11484
0.123954
0.133051
0.142122
0.151161
0.16016
0.16911
0.178004
0.18683
0.195571
0.204215
0.212753
0.221176
0.229476
0.237644
0.24567
0.253536
0.261226
0.268724
0.276019
0.28309
0.289913
0.296468
0.302748
0.308747
0.31446
0.319876
0.324981
0.32976
0.3342
0.338288
0.342017
0.345379
0.348358
0.350937
0.353101
0.354848
0.356177
0.357088
0.357573
0.357624
0.357238
0.35642
0.35517
0.353487
0.35139
0.348902
0.345743
0.341695
-0.139819
-0.144005
-0.147283
-0.149881
-0.152091
-0.153885
-0.155236
-0.156143
-0.15661
-0.156639
-0.156233
-0.155397
-0.154136
-0.152454
-0.150358
-0.147855
-0.144953
-0.141663
-0.137999
-0.133976
-0.129607
-0.124901
-0.11987
-0.11452
-0.108861
-0.102903
-0.096663
-0.090155
-0.0833957
-0.0763981
-0.0691712
-0.0617235
-0.0540646
-0.0462027
-0.0381484
-0.0299195
-0.021537
-0.0130187
-0.00438075
0.00436357
0.0132053
0.0221397
0.031165
0.0402794
0.0494774
0.0587475
0.0680752
0.0774464
0.0868477
0.0962663
0.105693
0.115119
0.124533
0.133928
0.143295
0.152629
0.161924
0.17117
0.180361
0.189484
0.198523
0.207467
0.216307
0.225031
0.233628
0.24209
0.250405
0.25856
0.266539
0.274328
0.28191
0.289259
0.296351
0.303167
0.3097
0.315947
0.321897
0.327537
0.332854
0.337836
0.34247
0.346746
0.350652
0.354174
0.357294
0.359994
0.362263
0.364098
0.365498
0.366459
0.366972
0.367029
0.366628
0.365776
0.364475
0.362726
0.360546
0.357959
0.354671
0.350453
-0.14887
-0.153237
-0.156654
-0.159359
-0.161658
-0.16352
-0.16492
-0.16586
-0.166341
-0.166366
-0.165938
-0.165061
-0.163738
-0.161972
-0.15977
-0.157141
-0.154097
-0.150651
-0.146822
-0.142623
-0.138067
-0.133163
-0.127919
-0.122344
-0.116448
-0.110244
-0.103751
-0.0969842
-0.0899594
-0.0826903
-0.0751858
-0.0674549
-0.0595097
-0.0513611
-0.0430203
-0.0345031
-0.0258283
-0.0170136
-0.00807506
0.000973389
0.0101213
0.0193611
0.0286885
0.0381014
0.047596
0.0571637
0.0667921
0.0764678
0.0861766
0.0959051
0.105643
0.115381
0.125108
0.134812
0.144487
0.154128
0.163729
0.173283
0.182783
0.192215
0.201565
0.210822
0.219974
0.229009
0.237915
0.246682
0.255302
0.263759
0.27204
0.28013
0.288009
0.295649
0.303025
0.310121
0.316929
0.323439
0.32964
0.335518
0.341061
0.346261
0.351108
0.355586
0.359678
0.363366
0.366633
0.369463
0.371847
0.373778
0.375254
0.376269
0.376811
0.376875
0.37646
0.375575
0.374224
0.372405
0.370139
0.367447
0.36402
0.359619
-0.158351
-0.162912
-0.166476
-0.169293
-0.171682
-0.173615
-0.175066
-0.176037
-0.176533
-0.176555
-0.176103
-0.175181
-0.17379
-0.171932
-0.169616
-0.166854
-0.16366
-0.160051
-0.156046
-0.15166
-0.146903
-0.141784
-0.136313
-0.130499
-0.124354
-0.117894
-0.111136
-0.104097
-0.096791
-0.0892326
-0.0814335
-0.0734048
-0.0651607
-0.056714
-0.048076
-0.03926
-0.0302816
-0.0211578
-0.0119064
-0.00254293
0.00692046
0.0164748
0.0261145
0.0358368
0.0456387
0.0555138
0.0654519
0.0754403
0.0854641
0.0955092
0.105566
0.115623
0.12567
0.135696
0.145691
0.15565
0.165568
0.175441
0.185261
0.195016
0.204691
0.214273
0.223749
0.233107
0.242334
0.251423
0.260361
0.269135
0.27773
0.28613
0.294316
0.30226
0.309939
0.317335
0.324434
0.331223
0.337688
0.343818
0.349607
0.355047
0.360123
0.364813
0.369097
0.37296
0.376386
0.37936
0.381868
0.383904
0.385461
0.386533
0.387109
0.387182
0.386756
0.38584
0.384437
0.382547
0.380187
0.377381
0.373803
0.369204
-0.168279
-0.173047
-0.176767
-0.1797
-0.182184
-0.18419
-0.185694
-0.186699
-0.18721
-0.187227
-0.186749
-0.185776
-0.184309
-0.182352
-0.179915
-0.177012
-0.173662
-0.169882
-0.16569
-0.161101
-0.156127
-0.150777
-0.145063
-0.138997
-0.132592
-0.125864
-0.118829
-0.111502
-0.103898
-0.0960328
-0.0879235
-0.079584
-0.0710291
-0.0622721
-0.0533238
-0.0441956
-0.0349009
-0.0254559
-0.0158799
-0.00619106
0.00359706
0.0134753
0.0234382
0.0334826
0.0436047
0.0537982
0.0640548
0.0743629
0.084708
0.0950768
0.105459
0.115844
0.126221
0.136577
0.146904
0.157192
0.167439
0.177642
0.187794
0.197884
0.207897
0.217817
0.22763
0.237324
0.246888
0.256313
0.265585
0.274689
0.283608
0.292331
0.300838
0.309104
0.317104
0.324815
0.33222
0.339302
0.346048
0.352453
0.358512
0.36421
0.369527
0.374438
0.378926
0.382977
0.386577
0.389706
0.392349
0.394497
0.396142
0.397276
0.39789
0.397977
0.397541
0.396594
0.395137
0.393168
0.390706
0.387774
0.384032
0.37922
-0.178668
-0.183656
-0.187541
-0.190598
-0.193181
-0.195266
-0.196827
-0.197869
-0.198396
-0.198404
-0.197894
-0.196862
-0.195312
-0.193248
-0.190684
-0.187635
-0.184121
-0.180157
-0.175764
-0.170956
-0.165749
-0.160152
-0.154182
-0.147853
-0.141175
-0.134163
-0.126835
-0.119204
-0.111285
-0.103099
-0.0946657
-0.0860028
-0.0771251
-0.0680442
-0.0587705
-0.049315
-0.0396906
-0.0299131
-0.0200023
-0.00997797
0.000145144
0.010358
0.0206562
0.0310363
0.0414924
0.0520166
0.0626008
0.0732353
0.0839082
0.0946082
0.105325
0.116048
0.126763
0.137458
0.148124
0.158752
0.169339
0.179884
0.190381
0.200817
0.211178
0.221449
0.231615
0.241661
0.251577
0.261353
0.270972
0.280418
0.289677
0.298738
0.307585
0.31619
0.324526
0.332567
0.340291
0.347684
0.354736
0.361441
0.36779
0.373762
0.379331
0.384476
0.389184
0.393443
0.397232
0.400529
0.403316
0.405583
0.407324
0.408527
0.409182
0.409285
0.408841
0.407859
0.406341
0.404284
0.401709
0.398639
0.39472
0.389679
-0.189531
-0.194753
-0.198814
-0.202003
-0.204696
-0.206868
-0.208493
-0.209575
-0.210114
-0.21011
-0.209559
-0.208461
-0.206821
-0.204644
-0.201946
-0.198743
-0.195052
-0.190891
-0.18628
-0.181237
-0.17578
-0.169923
-0.163683
-0.157075
-0.150109
-0.142798
-0.135158
-0.127205
-0.118957
-0.110437
-0.101668
-0.0926682
-0.0834537
-0.0740341
-0.064419
-0.0546207
-0.0446532
-0.0345328
-0.0242783
-0.0139086
-0.0034388
0.00712169
0.0177685
0.0284976
0.0393009
0.0501678
0.0610896
0.0720587
0.0830668
0.0941061
0.105167
0.116236
0.127299
0.138342
0.149355
0.160331
0.171269
0.182167
0.19302
0.203814
0.214535
0.225169
0.235699
0.246112
0.256396
0.266537
0.276516
0.286318
0.295934
0.305352
0.314555
0.323514
0.332199
0.340582
0.348644
0.356372
0.363756
0.370785
0.377442
0.383701
0.389538
0.394937
0.399887
0.404371
0.408364
0.41184
0.414782
0.41718
0.419024
0.420302
0.421004
0.421126
0.420673
0.419653
0.418067
0.415912
0.413212
0.409993
0.405883
0.400597
-0.200886
-0.206356
-0.210606
-0.213943
-0.216758
-0.219026
-0.22072
-0.221842
-0.222392
-0.222369
-0.221771
-0.2206
-0.218862
-0.216565
-0.213723
-0.210352
-0.20647
-0.202095
-0.197249
-0.191955
-0.186234
-0.180102
-0.173575
-0.166671
-0.159399
-0.151768
-0.143798
-0.135508
-0.126918
-0.118051
-0.108933
-0.0995817
-0.0900141
-0.0802398
-0.0702681
-0.0601125
-0.0497893
-0.0393155
-0.0287081
-0.0179829
-0.00715408
0.00376832
0.0147779
0.0258685
0.03703
0.0482506
0.0595209
0.0708349
0.0821883
0.0935763
0.10499
0.116415
0.127834
0.139232
0.1506
0.161933
0.173232
0.184495
0.195714
0.206877
0.217968
0.228974
0.23988
0.250672
0.261337
0.271857
0.282212
0.292388
0.302377
0.312169
0.321744
0.33107
0.340118
0.348863
0.357288
0.365377
0.373116
0.380488
0.387468
0.394032
0.40016
0.405839
0.411054
0.41578
0.41999
0.423658
0.426769
0.429308
0.431263
0.432624
0.433377
0.433521
0.433058
0.431995
0.430334
0.428074
0.425238
0.421859
0.417545
0.411996
-0.212754
-0.218492
-0.222949
-0.226448
-0.229398
-0.231771
-0.233538
-0.2347
-0.235258
-0.235211
-0.23456
-0.233309
-0.231464
-0.229036
-0.226036
-0.222481
-0.21839
-0.213783
-0.208687
-0.203126
-0.197124
-0.190699
-0.183868
-0.176647
-0.169046
-0.161077
-0.152759
-0.144115
-0.135168
-0.125942
-0.116459
-0.10674
-0.0968024
-0.0866567
-0.076314
-0.0657883
-0.0550973
-0.0442586
-0.0332872
-0.0221956
-0.0109955
0.000302348
0.0116881
0.0231515
0.0346809
0.0462646
0.0578946
0.0695663
0.0812777
0.0930256
0.104801
0.116589
0.128371
0.140133
0.151865
0.163565
0.175234
0.186871
0.198466
0.210006
0.221477
0.232865
0.244157
0.25534
0.266398
0.277311
0.28806
0.298629
0.30901
0.319192
0.329152
0.338861
0.348292
0.357423
0.366236
0.374711
0.382825
0.390554
0.397877
0.404772
0.41122
0.417204
0.422703
0.427688
0.432131
0.436009
0.439301
0.441992
0.44407
0.44552
0.446331
0.446498
0.446024
0.444916
0.443175
0.4408
0.43782
0.434268
0.429733
0.423903
-0.225162
-0.231192
-0.235876
-0.239552
-0.242649
-0.245136
-0.246979
-0.248182
-0.248745
-0.248671
-0.24796
-0.24662
-0.244658
-0.242082
-0.238907
-0.23515
-0.230832
-0.225976
-0.220611
-0.214766
-0.208464
-0.201726
-0.194569
-0.187008
-0.179057
-0.170729
-0.162045
-0.15303
-0.14371
-0.134107
-0.124245
-0.114141
-0.103814
-0.0932808
-0.0825527
-0.0716446
-0.0605739
-0.0493575
-0.0380089
-0.0265382
-0.0149552
-0.00327107
0.00850128
0.0203476
0.0322541
0.0442108
0.0562118
0.0682544
0.0803371
0.0924561
0.104601
0.116758
0.12891
0.141044
0.153152
0.16523
0.17728
0.189298
0.201275
0.213199
0.225058
0.236838
0.248527
0.260113
0.271577
0.282899
0.294057
0.305037
0.315828
0.326415
0.336777
0.346889
0.356728
0.366272
0.375496
0.384374
0.392879
0.400987
0.40868
0.415935
0.422731
0.429042
0.434844
0.440107
0.444805
0.44891
0.4524
0.455258
0.457469
0.459018
0.459893
0.460087
0.459604
0.45845
0.456624
0.454127
0.450991
0.447252
0.44248
0.436343
-0.238141
-0.244488
-0.24942
-0.253288
-0.256544
-0.259152
-0.261078
-0.262323
-0.262891
-0.262784
-0.262007
-0.260567
-0.258472
-0.255732
-0.252363
-0.248385
-0.24382
-0.238696
-0.233044
-0.226893
-0.22027
-0.213196
-0.205689
-0.197764
-0.18944
-0.180731
-0.171662
-0.162257
-0.152544
-0.142547
-0.132286
-0.12178
-0.111048
-0.10011
-0.0889816
-0.0776778
-0.0662145
-0.0546066
-0.0428663
-0.0310029
-0.0190262
-0.00694773
0.00521838
0.0174557
0.0297491
0.0420894
0.0544728
0.0668978
0.0793626
0.0918619
0.104385
0.116918
0.129448
0.141963
0.154457
0.166925
0.179366
0.191773
0.204138
0.216453
0.228707
0.24089
0.252988
0.264989
0.276873
0.288618
0.300202
0.311608
0.322825
0.333836
0.344623
0.355163
0.365436
0.375415
0.385069
0.394367
0.403284
0.4118
0.419894
0.427539
0.434706
0.441365
0.447492
0.453059
0.458034
0.462387
0.466092
0.469132
0.47149
0.473149
0.474096
0.474325
0.473837
0.472636
0.470721
0.468093
0.464788
0.460846
0.455815
0.449346
-0.251721
-0.258414
-0.263614
-0.267691
-0.271119
-0.273857
-0.27587
-0.27716
-0.277731
-0.277587
-0.276735
-0.275182
-0.272939
-0.270018
-0.266436
-0.262216
-0.257383
-0.251969
-0.246006
-0.239526
-0.232558
-0.225123
-0.21724
-0.208927
-0.200203
-0.191091
-0.181615
-0.171801
-0.161675
-0.151263
-0.140584
-0.129657
-0.118503
-0.107145
-0.0955997
-0.083885
-0.0720144
-0.0600005
-0.0478541
-0.0355853
-0.0232048
-0.0107251
0.00183998
0.0144749
0.0271649
0.0399004
0.0526771
0.0654936
0.0783476
0.0912336
0.104142
0.11706
0.129979
0.142887
0.155777
0.168645
0.181484
0.194289
0.207052
0.219768
0.232429
0.245025
0.257543
0.269971
0.282288
0.294471
0.306496
0.318345
0.330005
0.341462
0.352699
0.363695
0.374426
0.384859
0.394961
0.404702
0.41406
0.423015
0.431539
0.439599
0.447159
0.454193
0.460675
0.466573
0.471849
0.47647
0.480411
0.483652
0.486172
0.487954
0.488983
0.489254
0.488765
0.487516
0.485506
0.482735
0.479246
0.475082
0.46977
0.46294
-0.265933
-0.273003
-0.278496
-0.2828
-0.286412
-0.28929
-0.291395
-0.292731
-0.293303
-0.293116
-0.292179
-0.290502
-0.288096
-0.284975
-0.281159
-0.276674
-0.27155
-0.26582
-0.259521
-0.252687
-0.245345
-0.23752
-0.229233
-0.220505
-0.211358
-0.201817
-0.19191
-0.181664
-0.171104
-0.160255
-0.149138
-0.137772
-0.12618
-0.114385
-0.102407
-0.0902642
-0.0779697
-0.0655345
-0.0529688
-0.0402832
-0.0274898
-0.0146016
-0.00163144
0.0114078
0.0245032
0.0376443
0.0508242
0.0640395
0.0772878
0.0905654
0.103866
0.11718
0.130499
0.143812
0.157108
0.170382
0.183627
0.196839
0.210013
0.223144
0.236225
0.249246
0.262196
0.275063
0.287825
0.300459
0.31294
0.32525
0.337375
0.349302
0.361014
0.372489
0.383698
0.394605
0.405178
0.415391
0.425222
0.434646
0.443626
0.452123
0.460105
0.467546
0.474414
0.480671
0.486275
0.49119
0.49539
0.498851
0.501552
0.503472
0.504597
0.504919
0.504431
0.503131
0.501017
0.498091
0.494401
0.489997
0.484378
0.477155
-0.280812
-0.288294
-0.294105
-0.298655
-0.302465
-0.305491
-0.307694
-0.309077
-0.309647
-0.309413
-0.308382
-0.306567
-0.303981
-0.300639
-0.296566
-0.291791
-0.286348
-0.280274
-0.273611
-0.266392
-0.258648
-0.250402
-0.24168
-0.232507
-0.222909
-0.212914
-0.202551
-0.191849
-0.180833
-0.169526
-0.15795
-0.146127
-0.134079
-0.121831
-0.109403
-0.0968133
-0.0840771
-0.0712052
-0.0582077
-0.0450954
-0.0318805
-0.0185752
-0.00519095
0.00826109
0.0217698
0.0353239
0.0489138
0.0625339
0.0761822
0.0898578
0.103558
0.117278
0.131007
0.144733
0.158443
0.172129
0.185789
0.199419
0.213016
0.226577
0.240091
0.253549
0.266943
0.280259
0.293479
0.306578
0.319532
0.332323
0.344936
0.357357
0.369568
0.381543
0.39325
0.404656
0.41573
0.426448
0.436783
0.446702
0.456162
0.465128
0.473568
0.481451
0.488737
0.495382
0.50134
0.506577
0.511063
0.514769
0.517671
0.519749
0.520984
0.521363
0.520877
0.519521
0.517294
0.514202
0.510295
0.505629
0.499675
0.492021
-0.296394
-0.304326
-0.310484
-0.315299
-0.319322
-0.322507
-0.324812
-0.326244
-0.326811
-0.326523
-0.325389
-0.323421
-0.320634
-0.317048
-0.31269
-0.307597
-0.301806
-0.295359
-0.288299
-0.280662
-0.27248
-0.263779
-0.25459
-0.244941
-0.234864
-0.224387
-0.213542
-0.202358
-0.190861
-0.179074
-0.167018
-0.154719
-0.142198
-0.12948
-0.116585
-0.103531
-0.0903345
-0.0770102
-0.0635684
-0.0500196
-0.0363741
-0.0226416
-0.00883232
0.00504277
0.0189721
0.0329438
0.0469475
0.0609774
0.075033
0.0891155
0.103225
0.117358
0.131503
0.145646
0.159774
0.173883
0.187968
0.202029
0.216063
0.230065
0.244024
0.257931
0.271779
0.285558
0.299248
0.312827
0.326271
0.339562
0.352685
0.365623
0.378354
0.390851
0.403083
0.415017
0.426626
0.437881
0.448748
0.459189
0.469164
0.478636
0.487573
0.495932
0.503668
0.510731
0.517078
0.522669
0.52747
0.531449
0.534578
0.536832
0.53819
0.538633
0.53815
0.536736
0.534389
0.531117
0.526975
0.522022
0.5157
0.507576
-0.312715
-0.321141
-0.327677
-0.332779
-0.337032
-0.340388
-0.342804
-0.344288
-0.344851
-0.3445
-0.343247
-0.341107
-0.338095
-0.334238
-0.329567
-0.324125
-0.317955
-0.311101
-0.303607
-0.295513
-0.286855
-0.277663
-0.267971
-0.257814
-0.247226
-0.236239
-0.224884
-0.21319
-0.201187
-0.188896
-0.176342
-0.163546
-0.150533
-0.137327
-0.123948
-0.110412
-0.0967401
-0.082948
-0.0690487
-0.0550519
-0.0409649
-0.0267944
-0.012549
0.00175914
0.0161162
0.0305095
0.0449304
0.0593757
0.0738469
0.0883465
0.102875
0.117425
0.131988
0.14655
0.161102
0.175641
0.190164
0.20467
0.219154
0.233608
0.24802
0.262386
0.2767
0.290954
0.30513
0.319204
0.333155
0.346965
0.360617
0.374091
0.387364
0.400409
0.413195
0.425692
0.437868
0.449689
0.461117
0.472115
0.482645
0.492666
0.502137
0.511007
0.519226
0.526746
0.533519
0.539501
0.544652
0.548935
0.552317
0.554768
0.556263
0.556779
0.556304
0.554831
0.552357
0.54889
0.544492
0.539226
0.532501
0.523858
-0.329814
-0.338782
-0.345733
-0.351148
-0.355654
-0.359197
-0.361733
-0.363273
-0.363826
-0.3634
-0.36201
-0.359672
-0.356408
-0.35225
-0.347236
-0.341413
-0.334828
-0.327528
-0.319558
-0.310965
-0.301789
-0.292066
-0.281835
-0.271135
-0.260004
-0.248475
-0.236578
-0.224345
-0.211806
-0.198988
-0.185913
-0.172602
-0.159079
-0.145366
-0.131484
-0.117452
-0.10329
-0.0890162
-0.0746458
-0.0601871
-0.0456454
-0.0310253
-0.0163345
-0.00158565
0.0132057
0.0280268
0.0428713
0.0577394
0.0726345
0.0875587
0.10251
0.117481
0.132462
0.147446
0.162427
0.177405
0.192377
0.207338
0.22228
0.237192
0.252068
0.266903
0.281697
0.29644
0.311115
0.3257
0.340175
0.354521
0.368721
0.382753
0.396592
0.410212
0.423585
0.436676
0.449449
0.461869
0.473896
0.485494
0.496622
0.507232
0.517272
0.526691
0.535436
0.543457
0.5507
0.557114
0.562653
0.567275
0.570939
0.573611
0.57526
0.575863
0.575403
0.57387
0.571261
0.567585
0.562908
0.557299
0.550131
0.540916
-0.347732
-0.3573
-0.364709
-0.370472
-0.375257
-0.379007
-0.381675
-0.38327
-0.383803
-0.383285
-0.381733
-0.37917
-0.375625
-0.371135
-0.365744
-0.359501
-0.352458
-0.344666
-0.336175
-0.327035
-0.317298
-0.307004
-0.296196
-0.284916
-0.273204
-0.261096
-0.248623
-0.235818
-0.222715
-0.209343
-0.195724
-0.181878
-0.167824
-0.153585
-0.139183
-0.12464
-0.109975
-0.095209
-0.0803545
-0.0654197
-0.0504093
-0.0353281
-0.0201841
-0.00498943
0.0102418
0.0254987
0.040777
0.0560781
0.0714046
0.0867572
0.102133
0.117524
0.132927
0.148337
0.163754
0.179178
0.194604
0.210024
0.225428
0.240807
0.256156
0.271475
0.286761
0.302006
0.317193
0.332303
0.347318
0.36222
0.376987
0.391598
0.406029
0.420254
0.434243
0.44796
0.461364
0.474419
0.48709
0.499333
0.511102
0.52234
0.532991
0.543005
0.552327
0.560898
0.568657
0.575548
0.581519
0.586519
0.5905
0.593421
0.595249
0.595956
0.59552
0.593928
0.591177
0.587275
0.582295
0.57631
0.568651
0.558802
-0.366522
-0.376756
-0.384676
-0.390827
-0.395923
-0.399902
-0.40271
-0.404357
-0.404857
-0.404226
-0.402485
-0.399667
-0.395807
-0.390947
-0.385136
-0.378429
-0.370878
-0.362543
-0.35348
-0.343747
-0.333402
-0.322494
-0.311068
-0.299166
-0.286831
-0.274103
-0.261017
-0.247607
-0.233909
-0.219955
-0.205766
-0.191362
-0.176757
-0.161974
-0.147035
-0.131966
-0.116787
-0.101517
-0.0861664
-0.0707433
-0.0552527
-0.0397008
-0.024097
-0.00845157
0.00722539
0.0229268
0.0386497
0.0543935
0.0701577
0.0859405
0.10174
0.117553
0.133381
0.149226
0.165087
0.180962
0.196843
0.212723
0.228593
0.244446
0.26028
0.276094
0.291885
0.307642
0.323354
0.339005
0.354577
0.370052
0.385406
0.400619
0.415668
0.430526
0.445162
0.459535
0.473608
0.487343
0.500701
0.513633
0.526083
0.537992
0.549307
0.559972
0.569925
0.579099
0.587426
0.594847
0.6013
0.606723
0.611061
0.614267
0.616303
0.617135
0.616736
0.615089
0.612189
0.608046
0.602733
0.596332
0.588128
0.577571
-0.386245
-0.397224
-0.405716
-0.412302
-0.417743
-0.421971
-0.424926
-0.426619
-0.42707
-0.426301
-0.424343
-0.421234
-0.417018
-0.411742
-0.405462
-0.398234
-0.390121
-0.381187
-0.3715
-0.361123
-0.350122
-0.338552
-0.32646
-0.313891
-0.300888
-0.287496
-0.273757
-0.259708
-0.245385
-0.230819
-0.216032
-0.201041
-0.185863
-0.170517
-0.155027
-0.139418
-0.123713
-0.107928
-0.0920711
-0.0761505
-0.0601722
-0.0441438
-0.0280741
-0.0119715
0.00415848
0.0203124
0.0364873
0.0526795
0.0688845
0.0850995
0.101325
0.117565
0.133826
0.150111
0.166419
0.182746
0.199083
0.215424
0.231766
0.248103
0.264432
0.280751
0.297055
0.313338
0.32959
0.345798
0.361945
0.37801
0.39397
0.409807
0.425499
0.441018
0.456331
0.471397
0.486179
0.500637
0.514725
0.528387
0.541564
0.5542
0.566239
0.577615
0.588256
0.598091
0.607049
0.61506
0.622051
0.627949
0.632692
0.636226
0.638506
0.639489
0.639143
0.637448
0.634396
0.629991
0.624313
0.61745
0.608638
0.597288
-0.406974
-0.418788
-0.427924
-0.434995
-0.440815
-0.445312
-0.44842
-0.450153
-0.450537
-0.449603
-0.447391
-0.443949
-0.439327
-0.433579
-0.426768
-0.418958
-0.41022
-0.40063
-0.390261
-0.379188
-0.367477
-0.355191
-0.342381
-0.329092
-0.315374
-0.301276
-0.286844
-0.272119
-0.257138
-0.241928
-0.226511
-0.210906
-0.195129
-0.179202
-0.163146
-0.146986
-0.130743
-0.11443
-0.0980578
-0.0816332
-0.0651633
-0.0486549
-0.0321143
-0.0155469
0.00104433
0.0176568
0.0342864
0.0509269
0.067573
0.0842232
0.100882
0.117557
0.134257
0.150985
0.16774
0.184516
0.20131
0.218119
0.23494
0.251769
0.2686
0.285431
0.302258
0.319079
0.335887
0.35267
0.369408
0.386079
0.402665
0.419148
0.435508
0.451717
0.467739
0.483535
0.499067
0.514289
0.529148
0.543587
0.557549
0.570975
0.5838
0.595948
0.607343
0.617909
0.627568
0.636237
0.643828
0.650263
0.655468
0.659382
0.661948
0.663117
0.662849
0.661116
0.657904
0.653216
0.647136
0.639759
0.630265
0.618026
-0.428793
-0.441546
-0.451401
-0.459013
-0.465252
-0.470037
-0.473303
-0.475067
-0.475363
-0.47423
-0.471721
-0.467892
-0.462802
-0.456515
-0.449104
-0.440644
-0.431215
-0.420903
-0.409792
-0.397959
-0.385479
-0.372418
-0.35883
-0.344769
-0.330288
-0.31544
-0.300276
-0.284838
-0.269161
-0.253273
-0.237195
-0.220945
-0.204545
-0.188017
-0.171382
-0.154658
-0.137864
-0.121014
-0.104117
-0.0871833
-0.0702185
-0.0532271
-0.0362114
-0.0191731
-0.00211474
0.0149594
0.0320432
0.0491302
0.0662173
0.083307
0.100407
0.117525
0.134669
0.151842
0.169041
0.186266
0.20352
0.220802
0.238109
0.255435
0.272773
0.290122
0.307484
0.324857
0.342237
0.359607
0.376949
0.394243
0.411474
0.428627
0.445682
0.462609
0.479373
0.495935
0.512254
0.528279
0.543956
0.559228
0.574037
0.588318
0.601995
0.614986
0.627211
0.638588
0.649024
0.658424
0.666691
0.673733
0.67947
0.683826
0.686733
0.688132
0.687969
0.68621
0.682833
0.677839
0.671316
0.663366
0.653107
0.639863
-0.451791
-0.465605
-0.476266
-0.484478
-0.491178
-0.496275
-0.499702
-0.501483
-0.501662
-0.500288
-0.497426
-0.493144
-0.487515
-0.480613
-0.472524
-0.463337
-0.453144
-0.442039
-0.430113
-0.417452
-0.404134
-0.390231
-0.375806
-0.360918
-0.345625
-0.329985
-0.314047
-0.297856
-0.281445
-0.264841
-0.248069
-0.231149
-0.214103
-0.196954
-0.179721
-0.16242
-0.145065
-0.127668
-0.11024
-0.0927917
-0.0753273
-0.0578484
-0.0403536
-0.022842
-0.00531626
0.012218
0.029754
0.0472871
0.0648179
0.082352
0.099898
0.117463
0.135053
0.152669
0.170313
0.187992
0.20571
0.223469
0.241263
0.259087
0.276935
0.294812
0.312719
0.330657
0.348618
0.366587
0.384545
0.402479
0.420376
0.438223
0.455997
0.47367
0.491208
0.508571
0.525715
0.542588
0.559136
0.575302
0.591024
0.606226
0.620827
0.634741
0.647883
0.660156
0.671454
0.681671
0.6907
0.698438
0.704789
0.709662
0.712975
0.714652
0.71463
0.712861
0.709319
0.703997
0.696985
0.688395
0.677271
0.662892
-0.476072
-0.491088
-0.502654
-0.511533
-0.518737
-0.524168
-0.527756
-0.529534
-0.529557
-0.52789
-0.524609
-0.519798
-0.513545
-0.505941
-0.497088
-0.487088
-0.476045
-0.464063
-0.451241
-0.437672
-0.423441
-0.408627
-0.393302
-0.37753
-0.361376
-0.344897
-0.328142
-0.311154
-0.293968
-0.276614
-0.259117
-0.241502
-0.223789
-0.205999
-0.18815
-0.170256
-0.152327
-0.134376
-0.116412
-0.098444
-0.0804741
-0.0625019
-0.0445245
-0.0265408
-0.00855236
0.00943639
0.0274214
0.0454014
0.0633795
0.0813618
0.099355
0.117365
0.135396
0.153455
0.171548
0.189685
0.207871
0.226106
0.244387
0.262708
0.281071
0.299482
0.317944
0.336453
0.355002
0.373576
0.392165
0.410757
0.429342
0.447904
0.466421
0.484867
0.50321
0.52141
0.53942
0.55719
0.574666
0.591789
0.60849
0.624686
0.640294
0.655224
0.669374
0.682635
0.694892
0.706028
0.715925
0.724461
0.731522
0.736999
0.740794
0.742812
0.742976
0.741224
0.737518
0.731843
0.724293
0.714987
0.70289
0.687221
-0.501757
-0.518139
-0.530726
-0.540343
-0.548096
-0.553879
-0.557622
-0.559368
-0.559188
-0.557161
-0.553382
-0.547952
-0.540979
-0.532575
-0.522857
-0.511943
-0.499952
-0.486998
-0.473187
-0.458622
-0.443397
-0.427599
-0.411307
-0.394593
-0.377522
-0.360154
-0.342535
-0.324707
-0.306708
-0.288569
-0.27032
-0.251985
-0.233584
-0.215134
-0.19665
-0.178145
-0.159631
-0.141117
-0.122611
-0.104117
-0.0856367
-0.0671666
-0.0487051
-0.0302516
-0.0118063
0.00663091
0.0250613
0.0434877
0.0619136
0.0803429
0.0987793
0.117228
0.135698
0.154199
0.172742
0.191338
0.20999
0.228699
0.247463
0.266283
0.285165
0.304114
0.323132
0.342214
0.361353
0.380544
0.399778
0.419046
0.438336
0.457631
0.476913
0.49616
0.515339
0.534413
0.553334
0.572053
0.590516
0.60866
0.62641
0.643684
0.660392
0.676431
0.691688
0.706043
0.719374
0.73155
0.742434
0.751884
0.759767
0.765954
0.770325
0.772763
0.773171
0.771471
0.767607
0.761556
0.753416
0.743314
0.730119
0.712983
-0.528988
-0.546928
-0.560665
-0.571101
-0.579448
-0.585599
-0.589483
-0.591158
-0.590712
-0.588246
-0.583873
-0.577718
-0.569913
-0.560591
-0.54989
-0.537947
-0.524894
-0.510859
-0.495957
-0.480299
-0.463993
-0.447134
-0.429806
-0.412084
-0.394036
-0.375722
-0.35719
-0.33848
-0.319631
-0.300679
-0.281652
-0.262573
-0.243462
-0.224334
-0.205198
-0.186068
-0.166955
-0.147868
-0.128812
-0.109787
-0.090791
-0.071822
-0.052878
-0.033958
-0.0150593
0.00382345
0.0226965
0.0415652
0.0604326
0.0793005
0.0981722
0.117055
0.135961
0.154903
0.173894
0.192944
0.212055
0.231232
0.250478
0.269798
0.289199
0.308684
0.328252
0.347904
0.36764
0.387457
0.407349
0.427305
0.447312
0.467358
0.487427
0.507502
0.527552
0.547537
0.567414
0.587135
0.606645
0.625877
0.644757
0.663199
0.681101
0.698351
0.714825
0.730398
0.744935
0.758287
0.770293
0.780794
0.789632
0.796658
0.801718
0.804674
0.8054
0.803797
0.799793
0.793351
0.784569
0.773582
0.759146
0.740337
-0.557944
-0.577658
-0.592692
-0.604033
-0.613022
-0.61955
-0.623552
-0.625103
-0.624313
-0.621306
-0.616224
-0.609216
-0.600443
-0.590066
-0.578245
-0.565138
-0.550895
-0.535657
-0.519551
-0.502699
-0.485217
-0.467211
-0.44877
-0.42997
-0.41088
-0.39156
-0.372063
-0.35243
-0.3327
-0.312907
-0.293078
-0.273234
-0.253393
-0.233566
-0.213766
-0.194001
-0.174281
-0.154612
-0.134996
-0.115432
-0.0959186
-0.0764518
-0.0570291
-0.0376463
-0.0182963
0.00103032
0.0203426
0.039646
0.0589432
0.0782368
0.097533
0.116843
0.136181
0.155561
0.174994
0.194489
0.214052
0.233691
0.253416
0.273233
0.293146
0.313158
0.333272
0.353494
0.37383
0.394281
0.414837
0.435488
0.456223
0.477035
0.497915
0.518845
0.539796
0.560731
0.581611
0.602388
0.623006
0.6434
0.663493
0.683193
0.70239
0.720961
0.738781
0.755714
0.771604
0.78628
0.799566
0.811278
0.821235
0.82925
0.835139
0.83873
0.839869
0.838432
0.834321
0.827481
0.818006
0.806037
0.790197
0.769473
-0.588838
-0.610576
-0.627072
-0.639413
-0.649092
-0.656001
-0.660081
-0.661435
-0.660197
-0.656523
-0.650586
-0.64257
-0.632669
-0.621075
-0.607976
-0.593552
-0.577972
-0.561395
-0.543963
-0.525804
-0.507045
-0.487798
-0.468157
-0.448202
-0.428001
-0.407616
-0.387104
-0.366508
-0.345866
-0.325206
-0.304553
-0.283924
-0.263334
-0.242795
-0.222319
-0.201912
-0.18158
-0.161324
-0.141144
-0.121038
-0.101005
-0.0810416
-0.061143
-0.0413005
-0.0215024
-0.00173587
0.0180084
0.0377357
0.0574497
0.0771563
0.0968666
0.116595
0.136358
0.156165
0.176029
0.195959
0.215966
0.236064
0.256261
0.276565
0.296979
0.317508
0.338162
0.358955
0.379895
0.40098
0.422201
0.443549
0.465021
0.486617
0.508328
0.530137
0.552018
0.573941
0.595869
0.617756
0.639547
0.661176
0.682566
0.703619
0.724218
0.744239
0.763547
0.78199
0.799392
0.815566
0.830316
0.843431
0.854693
0.863877
0.870763
0.87514
0.87682
0.875642
0.871477
0.86424
0.854023
0.840968
0.823541
0.800623
-0.621935
-0.645985
-0.664129
-0.677573
-0.687986
-0.695264
-0.699364
-0.700416
-0.698594
-0.694091
-0.687121
-0.67791
-0.66669
-0.65369
-0.639132
-0.623217
-0.606138
-0.588071
-0.569173
-0.549586
-0.529438
-0.508849
-0.487916
-0.466723
-0.445342
-0.423836
-0.40226
-0.380661
-0.359073
-0.33752
-0.31602
-0.294589
-0.273237
-0.251977
-0.230818
-0.209765
-0.188818
-0.167974
-0.147231
-0.126585
-0.106035
-0.0855769
-0.0652038
-0.044904
-0.0246624
-0.00446474
0.0156993
0.0358369
0.0559549
0.076064
0.0961791
0.116316
0.13649
0.156711
0.176991
0.197346
0.21779
0.238336
0.258996
0.279773
0.300674
0.321712
0.342904
0.364265
0.385803
0.407515
0.429397
0.451446
0.473666
0.496057
0.518613
0.54132
0.564161
0.587109
0.61013
0.633179
0.656204
0.679143
0.701916
0.724422
0.746541
0.768148
0.789093
0.809208
0.828304
0.846178
0.862604
0.87734
0.890125
0.900694
0.908786
0.914141
0.916524
0.91573
0.911585
0.903973
0.892973
0.878724
0.859504
0.83407
-0.65756
-0.684258
-0.70426
-0.718911
-0.730091
-0.737707
-0.741732
-0.742341
-0.739757
-0.734222
-0.726001
-0.715371
-0.702607
-0.687983
-0.671754
-0.654151
-0.635389
-0.615664
-0.595149
-0.573997
-0.552341
-0.530303
-0.507983
-0.48547
-0.46284
-0.440156
-0.417472
-0.394831
-0.372263
-0.349789
-0.327421
-0.305172
-0.283051
-0.261066
-0.239223
-0.217522
-0.195961
-0.174532
-0.153231
-0.132052
-0.110992
-0.0900442
-0.0692005
-0.0484478
-0.0277704
-0.00715323
0.0134164
0.0339497
0.0544591
0.0749599
0.0954688
0.116001
0.136571
0.157191
0.177876
0.198644
0.219512
0.240495
0.2616
0.282837
0.304215
0.325755
0.347477
0.369397
0.391522
0.413853
0.436392
0.459144
0.482115
0.505307
0.528717
0.552342
0.576168
0.600174
0.624327
0.648586
0.672906
0.697228
0.721471
0.745533
0.769297
0.792629
0.81537
0.837339
0.858336
0.878134
0.896476
0.913081
0.927648
0.939868
0.94942
0.955991
0.959284
0.95904
0.95503
0.947089
0.935277
0.919721
0.898478
0.870159
-0.696116
-0.725849
-0.747941
-0.763903
-0.775863
-0.783751
-0.787566
-0.787543
-0.783966
-0.777145
-0.767409
-0.75509
-0.740521
-0.724017
-0.705875
-0.686358
-0.665707
-0.644138
-0.62184
-0.598976
-0.575685
-0.552088
-0.528288
-0.504376
-0.480428
-0.456511
-0.432674
-0.408953
-0.385374
-0.361953
-0.338699
-0.315621
-0.292727
-0.270018
-0.247493
-0.225149
-0.202979
-0.180972
-0.159121
-0.137418
-0.115857
-0.0944288
-0.073124
-0.0519286
-0.0308269
-0.0098027
0.0111598
0.0320767
0.0529656
0.0738452
0.0947335
0.115646
0.136596
0.1576
0.178676
0.199844
0.221122
0.242524
0.264059
0.285741
0.307588
0.329621
0.351862
0.374326
0.397024
0.419964
0.443155
0.466606
0.490325
0.514318
0.53859
0.563146
0.587979
0.613067
0.638384
0.663898
0.689572
0.715347
0.741146
0.76687
0.792403
0.817606
0.842314
0.86634
0.889463
0.911432
0.93196
0.950726
0.967386
0.981569
0.992893
1.00097
1.00544
1.00597
1.00226
0.994069
0.981435
0.964465
0.940949
0.90932
-0.738103
-0.771311
-0.795747
-0.813112
-0.825836
-0.833883
-0.837298
-0.836392
-0.831533
-0.823113
-0.811536
-0.797208
-0.78052
-0.76184
-0.741506
-0.71982
-0.697051
-0.673436
-0.649177
-0.624444
-0.599384
-0.574117
-0.548746
-0.523358
-0.49803
-0.472825
-0.44779
-0.422954
-0.398336
-0.373949
-0.349798
-0.325886
-0.302216
-0.278785
-0.255585
-0.232607
-0.209838
-0.187264
-0.164874
-0.142658
-0.120608
-0.0987132
-0.0769621
-0.0553399
-0.0338295
-0.0124123
0.00893119
0.0302211
0.0514782
0.0727233
0.093975
0.11525
0.136564
0.157937
0.179389
0.20094
0.222609
0.244412
0.266362
0.288479
0.310781
0.333293
0.356035
0.379025
0.402282
0.42582
0.449653
0.473793
0.498251
0.523041
0.548179
0.573675
0.599523
0.62571
0.652219
0.67903
0.706109
0.733401
0.760838
0.788328
0.815757
0.842984
0.869844
0.896139
0.921633
0.946048
0.969069
0.990336
1.00945
1.02597
1.03944
1.0494
1.05539
1.05698
1.05379
1.04548
1.03205
1.01357
0.987506
0.952095
-0.78414
-0.82132
-0.848366
-0.86721
-0.88064
-0.888674
-0.891427
-0.88931
-0.882801
-0.872391
-0.85858
-0.841856
-0.822679
-0.801478
-0.778637
-0.754497
-0.729359
-0.703479
-0.677069
-0.650307
-0.623341
-0.596291
-0.569256
-0.54232
-0.515552
-0.489008
-0.462733
-0.436751
-0.411074
-0.385708
-0.360653
-0.335907
-0.311463
-0.287314
-0.263447
-0.239846
-0.216491
-0.193367
-0.170455
-0.147744
-0.125222
-0.102878
-0.0806991
-0.0586687
-0.0367675
-0.0149733
0.006737
0.0283869
0.049999
0.0715949
0.093194
0.114815
0.136477
0.158201
0.180009
0.201924
0.223966
0.246152
0.268503
0.29104
0.313782
0.336753
0.359975
0.383473
0.407272
0.431392
0.455852
0.480664
0.505848
0.531428
0.557427
0.583857
0.610723
0.63802
0.665745
0.693884
0.722408
0.751275
0.780428
0.809785
0.839236
0.868645
0.897847
0.926636
0.954762
0.981931
1.00779
1.03195
1.05393
1.07324
1.08932
1.10162
1.10956
1.1126
1.11022
1.102
1.08784
1.06778
1.03888
0.99915
-0.834993
-0.876705
-0.906639
-0.927003
-0.94102
-0.948792
-0.950526
-0.94677
-0.93814
-0.925256
-0.90873
-0.889146
-0.867049
-0.842931
-0.817227
-0.79032
-0.762538
-0.734158
-0.705399
-0.676443
-0.647434
-0.618488
-0.589699
-0.561142
-0.532879
-0.504956
-0.477408
-0.450256
-0.423506
-0.397154
-0.371196
-0.345619
-0.320409
-0.295551
-0.271026
-0.246814
-0.22289
-0.199233
-0.175821
-0.152638
-0.129668
-0.106898
-0.0843124
-0.0618939
-0.0396203
-0.0174664
0.00459436
0.0265878
0.0485379
0.0704669
0.0923956
0.114345
0.136336
0.158392
0.180537
0.202794
0.225188
0.247741
0.270475
0.293413
0.316573
0.339979
0.363659
0.387644
0.411966
0.436648
0.46171
0.487174
0.513067
0.539422
0.566267
0.593621
0.621498
0.649909
0.678861
0.708345
0.738346
0.768839
0.799779
0.831097
0.862692
0.894439
0.926176
0.957694
0.988738
1.019
1.04809
1.07557
1.10092
1.12354
1.14279
1.15799
1.16843
1.17341
1.17227
1.16443
1.14969
1.128
1.09598
1.05132
-0.891619
-0.93849
-0.971593
-0.993468
-1.00787
-1.01501
-1.01524
-1.00929
-0.997943
-0.981982
-0.962157
-0.939163
-0.91364
-0.886154
-0.857193
-0.827177
-0.796459
-0.76533
-0.734017
-0.702697
-0.671509
-0.64056
-0.609931
-0.579688
-0.549883
-0.52055
-0.491712
-0.463379
-0.435551
-0.408215
-0.381357
-0.354957
-0.328993
-0.303439
-0.278272
-0.253465
-0.22899
-0.204822
-0.180934
-0.157303
-0.133912
-0.110741
-0.0877743
-0.0649906
-0.0423652
-0.01987
0.00252336
0.0248419
0.0471102
0.0693517
0.0915893
0.113846
0.136146
0.158513
0.180973
0.203551
0.226276
0.249175
0.272272
0.295586
0.319137
0.342952
0.367065
0.391514
0.416333
0.441549
0.467188
0.493278
0.519857
0.546962
0.574629
0.602887
0.631763
0.661281
0.691455
0.722291
0.753791
0.785949
0.818736
0.852096
0.88595
0.920186
0.95465
0.989141
1.0234
1.05711
1.08986
1.12117
1.15044
1.177
1.2001
1.21889
1.23252
1.2401
1.24076
1.23372
1.21865
1.19537
1.15993
1.10967
-0.955211
-1.00794
-1.04449
-1.06779
-1.08224
-1.08823
-1.08631
-1.07743
-1.06261
-1.04283
-1.019
-0.991945
-0.962415
-0.931051
-0.898395
-0.864899
-0.830934
-0.7968
-0.762723
-0.728873
-0.695374
-0.662321
-0.629778
-0.597798
-0.566416
-0.535655
-0.50552
-0.47601
-0.447112
-0.418804
-0.39106
-0.363852
-0.337149
-0.310918
-0.285129
-0.259751
-0.234751
-0.210097
-0.185758
-0.161706
-0.137918
-0.114373
-0.0910517
-0.0679285
-0.044975
-0.0221605
0.00054443
0.0231663
0.0457303
0.0682616
0.0907861
0.113329
0.135915
0.158569
0.181319
0.204194
0.227229
0.250451
0.273883
0.297544
0.321456
0.345651
0.37017
0.395055
0.420341
0.446059
0.472242
0.498929
0.526162
0.553985
0.582442
0.611576
0.641427
0.672029
0.703408
0.73559
0.768599
0.802447
0.837122
0.872593
0.908807
0.945671
0.98305
1.02076
1.05855
1.09609
1.13297
1.16865
1.20249
1.23373
1.26147
1.28471
1.3024
1.31342
1.31663
1.31101
1.296
1.27125
1.2321
1.1755
-1.02726
-1.08664
-1.12688
-1.15139
-1.16538
-1.1695
-1.16454
-1.15179
-1.13254
-1.10801
-1.07933
-1.04746
-1.01326
-0.977445
-0.940613
-0.903241
-0.865707
-0.828308
-0.79126
-0.754719
-0.71879
-0.683546
-0.649033
-0.615281
-0.582307
-0.550113
-0.518689
-0.488017
-0.45807
-0.428813
-0.400209
-0.372217
-0.344799
-0.317917
-0.291533
-0.265614
-0.240119
-0.21501
-0.190249
-0.165803
-0.141646
-0.117755
-0.0941057
-0.0706695
-0.0474132
-0.0243045
-0.0013143
0.0215839
0.0444172
0.0672138
0.0900019
0.112807
0.135654
0.158568
0.181582
0.20473
0.228048
0.251565
0.2753
0.299274
0.323515
0.348061
0.372955
0.398241
0.423957
0.45014
0.476833
0.50408
0.531927
0.560427
0.589635
0.619607
0.650394
0.682042
0.714597
0.748107
0.782617
0.818156
0.854741
0.892375
0.93103
0.970644
1.01111
1.05227
1.0939
1.13568
1.17718
1.21786
1.257
1.29375
1.32708
1.35583
1.37867
1.3942
1.40098
1.39762
1.38328
1.35732
1.31424
1.25047
-1.10965
-1.17657
-1.22069
-1.24602
-1.25878
-1.25999
-1.25082
-1.23296
-1.20808
-1.17769
-1.14314
-1.10557
-1.06594
-1.02505
-0.983526
-0.941861
-0.900433
-0.859516
-0.819306
-0.779932
-0.741473
-0.703974
-0.667456
-0.631922
-0.59736
-0.563748
-0.531058
-0.499253
-0.46829
-0.438121
-0.408695
-0.379958
-0.351862
-0.324364
-0.297423
-0.270998
-0.245044
-0.219512
-0.194359
-0.16955
-0.145055
-0.120848
-0.0969007
-0.0731781
-0.0496455
-0.0262709
-0.00302564
0.0201188
0.0431932
0.066229
0.0892545
0.112294
0.135373
0.158519
0.181771
0.205165
0.228737
0.252513
0.276515
0.300768
0.325306
0.350169
0.375401
0.401047
0.427153
0.453763
0.480924
0.508685
0.537099
0.566228
0.596139
0.626899
0.65857
0.691215
0.724903
0.759704
0.795681
0.832891
0.871388
0.911208
0.95236
0.99482
1.03853
1.08336
1.12913
1.17554
1.2222
1.26852
1.31377
1.35701
1.39707
1.43256
1.46191
1.48337
1.49506
1.49514
1.48235
1.45567
1.40849
1.33664
-1.20474
-1.28022
-1.32832
-1.3538
-1.36419
-1.36105
-1.34609
-1.32154
-1.28952
-1.2519
-1.21028
-1.16599
-1.12009
-1.07344
-1.02668
-0.980302
-0.934663
-0.889999
-0.846464
-0.804149
-0.763095
-0.723311
-0.684785
-0.647483
-0.611363
-0.576372
-0.54246
-0.50957
-0.477643
-0.446612
-0.416413
-0.38698
-0.358256
-0.330193
-0.302743
-0.275856
-0.249479
-0.223558
-0.198047
-0.172908
-0.14811
-0.123621
-0.0994048
-0.0754251
-0.0516466
-0.0280381
-0.00456968
0.0187914
0.0420794
0.0653262
0.088559
0.111802
0.135082
0.158434
0.181895
0.205504
0.229293
0.253291
0.277525
0.302024
0.326823
0.351963
0.377491
0.403456
0.429909
0.456902
0.484482
0.512705
0.541632
0.571335
0.60189
0.633373
0.665863
0.699444
0.734207
0.770238
0.807626
0.846465
0.886845
0.928842
0.972508
1.01788
1.06494
1.11363
1.16382
1.21526
1.2676
1.32027
1.37251
1.42332
1.47141
1.51519
1.55274
1.58191
1.6003
1.60545
1.59552
1.56889
1.51758
1.43662
-1.31558
-1.4008
-1.45281
-1.47735
-1.48368
-1.47419
-1.45133
-1.41803
-1.37699
-1.33049
-1.2804
-1.22823
-1.17514
-1.122
-1.06946
-1.01797
-0.967836
-0.919234
-0.872258
-0.826942
-0.783276
-0.741223
-0.700722
-0.661701
-0.624079
-0.587774
-0.552711
-0.518809
-0.485989
-0.454165
-0.423257
-0.39319
-0.363901
-0.335333
-0.30743
-0.280131
-0.253374
-0.227104
-0.201274
-0.175844
-0.15078
-0.126041
-0.101589
-0.0773849
-0.0533951
-0.0295871
-0.00592685
0.0176221
0.0410945
0.0645209
0.0879278
0.111342
0.134796
0.158323
0.181961
0.205748
0.229717
0.253902
0.278333
0.303041
0.328061
0.353436
0.379216
0.405456
0.432211
0.459534
0.487479
0.516107
0.545487
0.575698
0.606825
0.638958
0.672194
0.706636
0.742391
0.779569
0.81829
0.858685
0.900884
0.945007
0.991167
1.03946
1.08994
1.14263
1.19748
1.25431
1.31284
1.37256
1.43275
1.49235
1.54998
1.60382
1.65166
1.69083
1.71829
1.73075
1.72558
1.70026
1.64498
1.55374
-1.4461
-1.54246
-1.59803
-1.61989
-1.6197
-1.60106
-1.56746
-1.52277
-1.47037
-1.41301
-1.35284
-1.29151
-1.23024
-1.1699
-1.11107
-1.05412
-0.999263
-0.946597
-0.896128
-0.847816
-0.801582
-0.757328
-0.714935
-0.674283
-0.635252
-0.597731
-0.561615
-0.526799
-0.493179
-0.460649
-0.429115
-0.398495
-0.368716
-0.339712
-0.311415
-0.283758
-0.256673
-0.230104
-0.204003
-0.178328
-0.153036
-0.128083
-0.10343
-0.0790384
-0.0548734
-0.0308987
-0.00707673
0.0166295
0.0402531
0.0638242
0.0873726
0.110929
0.134525
0.158194
0.181973
0.205901
0.230016
0.254353
0.278945
0.303822
0.32902
0.354586
0.380574
0.407041
0.434045
0.461643
0.489895
0.518865
0.548629
0.579275
0.610895
0.643596
0.67749
0.712698
0.749344
0.787565
0.827514
0.869358
0.91327
0.959428
1.00801
1.05918
1.11309
1.16985
1.22952
1.29204
1.35723
1.42471
1.4938
1.5635
1.63236
1.6984
1.75905
1.81112
1.85075
1.87364
1.87596
1.85393
1.79517
1.69231
-1.60155
-1.71076
-1.769
-1.7854
-1.77505
-1.74334
-1.69523
-1.63578
-1.56917
-1.49862
-1.42656
-1.35471
-1.28428
-1.21605
-1.15049
-1.08782
-1.02812
-0.971361
-0.917441
-0.866219
-0.817535
-0.77121
-0.727064
-0.684921
-0.644623
-0.606023
-0.568985
-0.533376
-0.499068
-0.465939
-0.433881
-0.402802
-0.37262
-0.343257
-0.314635
-0.28668
-0.259326
-0.232517
-0.2062
-0.180328
-0.154851
-0.129726
-0.104913
-0.0803727
-0.056067
-0.0319568
-0.00800449
0.0158247
0.0395637
0.0632457
0.0869042
0.110571
0.134276
0.158051
0.181935
0.205969
0.230195
0.254649
0.279362
0.304366
0.3297
0.355414
0.381562
0.408205
0.435404
0.463219
0.491713
0.520957
0.551031
0.58203
0.614058
0.647234
0.681687
0.717549
0.754966
0.7941
0.835141
0.878291
0.923769
0.971816
1.02268
1.07662
1.13389
1.1947
1.25926
1.32767
1.39991
1.47577
1.55473
1.63589
1.71784
1.79851
1.87502
1.94362
1.99952
2.03708
2.05089
2.03522
1.97409
1.85798
-1.78913
-1.91321
-1.97228
-1.97879
-1.95287
-1.90264
-1.83502
-1.75654
-1.67227
-1.5859
-1.49999
-1.41626
-1.33577
-1.25909
-1.18649
-1.11799
-1.05346
-0.992713
-0.935501
-0.881563
-0.830633
-0.782445
-0.736749
-0.693315
-0.65194
-0.61244
-0.574645
-0.538392
-0.503531
-0.469926
-0.43746
-0.406029
-0.37554
-0.345901
-0.317029
-0.288849
-0.261297
-0.234312
-0.207836
-0.181816
-0.156204
-0.130954
-0.106025
-0.0813743
-0.0569623
-0.0327503
-0.00870356
0.0152117
0.0390308
0.0627912
0.0865279
0.110271
0.134048
0.157894
0.181848
0.205956
0.230258
0.25479
0.279585
0.304675
0.330104
0.355919
0.382178
0.408945
0.436282
0.464252
0.492922
0.522366
0.55267
0.583936
0.616279
0.649831
0.684726
0.721114
0.759161
0.79906
0.841023
0.885294
0.932147
0.981885
1.03483
1.09135
1.15178
1.21652
1.28592
1.36028
1.43981
1.52455
1.61423
1.70821
1.80522
1.90323
1.99921
2.08885
2.16636
2.22446
2.25558
2.2511
2.18976
2.05854
-2.01919
-2.16037
-2.21657
-2.20601
-2.15652
-2.08016
-1.98647
-1.88368
-1.77775
-1.67266
-1.57095
-1.47408
-1.38279
-1.29733
-1.21761
-1.14337
-1.07422
-1.00976
-0.949569
-0.893234
-0.840368
-0.790613
-0.743646
-0.699182
-0.656971
-0.61679
-0.578433
-0.541711
-0.506455
-0.472519
-0.439774
-0.408105
-0.377407
-0.347583
-0.318548
-0.290227
-0.262552
-0.235458
-0.208884
-0.182774
-0.157079
-0.131753
-0.106752
-0.0820304
-0.0575495
-0.0332743
-0.00917232
0.0147915
0.0386564
0.0624618
0.0862421
0.110026
0.133841
0.157724
0.181716
0.205862
0.230204
0.254776
0.279613
0.30475
0.330228
0.356097
0.382418
0.409255
0.436673
0.464735
0.49351
0.523077
0.553528
0.584972
0.617531
0.651343
0.686553
0.723326
0.761847
0.802328
0.845013
0.890186
0.938173
0.98934
1.04409
1.10288
1.1662
1.23459
1.3086
1.38878
1.47564
1.56954
1.67062
1.77861
1.89263
2.01092
2.13047
2.24667
2.35269
2.43939
2.49636
2.51078
2.45335
2.30507
-2.30733
-2.46742
-2.51346
-2.47416
-2.38917
-2.27618
-2.14797
-2.01453
-1.88248
-1.75574
-1.63643
-1.52547
-1.42302
-1.32878
-1.24219
-1.16259
-1.08928
-1.02159
-0.958901
-0.900626
-0.846253
-0.795323
-0.747444
-0.702273
-0.659515
-0.618906
-0.58021
-0.543217
-0.507746
-0.473638
-0.440756
-0.408971
-0.378174
-0.348264
-0.319159
-0.290784
-0.263065
-0.235933
-0.209325
-0.183185
-0.157464
-0.132112
-0.107083
-0.0823327
-0.0578252
-0.0335291
-0.00941248
0.0145625
0.0384378
0.0622532
0.0860415
0.109831
0.133651
0.157538
0.181536
0.205685
0.230029
0.254603
0.279443
0.304584
0.330066
0.355944
0.382277
0.409131
0.436569
0.464656
0.493465
0.523077
0.55359
0.585116
0.617784
0.651734
0.687122
0.724123
0.762938
0.803797
0.846974
0.892791
0.941619
0.993883
1.05007
1.11074
1.17651
1.24811
1.32629
1.41192
1.50584
1.60887
1.72167
1.84457
1.97734
2.11884
2.26651
2.41577
2.5591
2.68538
2.78075
2.82643
2.78086
2.61415
-2.67861
-2.8568
-2.87836
-2.79119
-2.65306
-2.48921
-2.3159
-2.14457
-1.98179
-1.83075
-1.69256
-1.56713
-1.4537
-1.3512
-1.25842
-1.17422
-1.09751
-1.02733
-0.962805
-0.9032
-0.847865
-0.796251
-0.747892
-0.702396
-0.659419
-0.618667
-0.57988
-0.542836
-0.507343
-0.473234
-0.440361
-0.408591
-0.377812
-0.347926
-0.318851
-0.290509
-0.262824
-0.235725
-0.209149
-0.183041
-0.157349
-0.132022
-0.107013
-0.0822799
-0.0577919
-0.0335196
-0.00942955
0.0145186
0.0383678
0.0621569
0.0859182
0.10968
0.133473
0.157333
0.1813
0.205417
0.229727
0.254266
0.279068
0.304168
0.329611
0.355451
0.381747
0.408562
0.435959
0.464005
0.492775
0.522353
0.552839
0.584348
0.61701
0.650969
0.686386
0.723444
0.762355
0.803368
0.846778
0.89294
0.942262
0.995226
1.05239
1.11441
1.18206
1.25622
1.3379
1.42827
1.52861
1.64026
1.76457
1.90272
2.05547
2.22279
2.4032
2.59293
2.78444
2.96509
3.11723
3.2142
3.19579
3.01223
-3.176
-3.36252
-3.33106
-3.16483
-2.94787
-2.71437
-2.48344
-2.26659
-2.06898
-1.89187
-1.73451
-1.59517
-1.47177
-1.3622
-1.26448
-1.17688
-1.09788
-1.02618
-0.960708
-0.900536
-0.844902
-0.793176
-0.744832
-0.699431
-0.656597
-0.616012
-0.577403
-0.540542
-0.50523
-0.471295
-0.438583
-0.406963
-0.376325
-0.346574
-0.317628
-0.289406
-0.261833
-0.234837
-0.208359
-0.182343
-0.156736
-0.131485
-0.106545
-0.0818788
-0.0574585
-0.0332548
-0.00923254
0.0146501
0.0384359
0.0621632
0.0858645
0.109568
0.133301
0.157098
0.181001
0.20505
0.229288
0.253751
0.278474
0.303493
0.328854
0.354609
0.380816
0.407535
0.43483
0.462769
0.491427
0.520889
0.551257
0.582645
0.615183
0.649013
0.6843
0.721232
0.760028
0.800948
0.844305
0.890473
0.939892
0.993088
1.05068
1.11342
1.18218
1.25803
1.34223
1.43627
1.54187
1.66101
1.79587
1.94871
2.12171
2.31656
2.5338
2.7717
3.02421
3.27857
3.51408
3.69474
3.73346
3.5443
-3.87754
-4.03619
-3.89476
-3.59901
-3.26706
-2.94063
-2.63865
-2.36961
-2.13477
-1.93167
-1.75651
-1.60522
-1.47397
-1.3594
-1.25865
-1.16933
-1.0895
-1.01755
-0.952193
-0.892356
-0.837188
-0.785992
-0.738201
-0.693346
-0.651036
-0.610942
-0.572791
-0.536353
-0.501428
-0.467844
-0.435449
-0.404117
-0.373742
-0.344234
-0.315512
-0.287495
-0.260108
-0.233285
-0.206969
-0.181103
-0.155634
-0.130511
-0.105692
-0.081143
-0.0568379
-0.0327469
-0.00883336
0.0149452
0.0386317
0.0622638
0.0858722
0.109483
0.133122
0.156824
0.180627
0.204572
0.2287
0.253048
0.27765
0.302547
0.327782
0.353404
0.379469
0.406037
0.433169
0.460933
0.489404
0.518668
0.548824
0.579983
0.612272
0.645831
0.680822
0.717435
0.755889
0.796452
0.839442
0.885242
0.934313
0.987206
1.04459
1.10726
1.17622
1.25267
1.33807
1.43424
1.54337
1.66806
1.81143
1.97707
2.16896
2.39126
2.64772
2.94047
3.26762
3.61956
3.9757
4.29206
4.4471
4.29139
-4.92551
-4.95266
-4.59133
-4.08784
-3.59285
-3.14747
-2.76278
-2.43827
-2.16731
-1.94135
-1.75222
-1.5928
-1.45721
-1.3407
-1.23951
-1.15066
-1.07181
-1.0011
-0.937074
-0.878581
-0.824707
-0.774724
-0.728049
-0.684207
-0.642808
-0.603532
-0.566116
-0.530337
-0.496002
-0.462942
-0.431016
-0.400105
-0.370113
-0.340952
-0.312543
-0.28481
-0.257682
-0.231099
-0.205004
-0.179345
-0.154067
-0.129123
-0.104474
-0.0800909
-0.0559468
-0.032011
-0.00824514
0.0153936
0.0389465
0.0624494
0.085931
0.109416
0.132928
0.156498
0.180166
0.20397
0.22795
0.252143
0.276586
0.301319
0.326382
0.351823
0.377695
0.404053
0.430961
0.458483
0.486692
0.515674
0.545522
0.576342
0.608254
0.641394
0.67592
0.712013
0.749892
0.789819
0.832108
0.877139
0.925375
0.977371
1.03381
1.09554
1.16361
1.23931
1.32429
1.4206
1.53082
1.65818
1.80672
1.98146
2.1885
2.43515
2.72969
3.0806
3.49421
3.97031
4.49638
5.0287
5.41307
5.39963
-6.57723
-6.2105
-5.43232
-4.61051
-3.89432
-3.30497
-2.83165
-2.45482
-2.15429
-1.91275
-1.71642
-1.55472
-1.41964
-1.30513
-1.20667
-1.12081
-1.04494
-0.977072
-0.915669
-0.859548
-0.807795
-0.759693
-0.714676
-0.67229
-0.632169
-0.594018
-0.557592
-0.522687
-0.489122
-0.456743
-0.425422
-0.395054
-0.365549
-0.336826
-0.308811
-0.281432
-0.254628
-0.228343
-0.202526
-0.177123
-0.152083
-0.127365
-0.102932
-0.0787587
-0.0548158
-0.0310714
-0.0074871
0.0159788
0.0393662
0.0627084
0.0860311
0.109356
0.132707
0.156114
0.179612
0.203239
0.227036
0.251039
0.275286
0.299815
0.324663
0.349876
0.375504
0.401601
0.428225
0.455441
0.483317
0.511935
0.541383
0.571757
0.60317
0.63575
0.669643
0.705023
0.742098
0.781115
0.82237
0.866228
0.913131
0.963618
1.01836
1.0782
1.14418
1.21766
1.30032
1.3944
1.50271
1.62898
1.77801
1.95614
2.17168
2.43549
2.76161
3.16757
3.67369
4.2995
5.05505
5.91625
6.73076
7.13016
-9.4082
-7.93185
-6.36898
-5.09326
-4.10475
-3.36153
-2.80954
-2.39626
-2.08168
-1.83769
-1.64464
-1.48876
-1.36036
-1.25257
-1.16042
-1.08029
-1.00951
-0.946113
-0.888595
-0.835837
-0.786984
-0.741381
-0.698514
-0.657981
-0.619463
-0.582703
-0.54749
-0.513641
-0.481001
-0.449436
-0.418837
-0.389112
-0.360181
-0.331972
-0.304417
-0.277455
-0.251032
-0.225098
-0.199604
-0.174501
-0.149743
-0.125291
-0.101114
-0.0771854
-0.0534764
-0.0299543
-0.0065807
0.0166842
0.0398768
0.0630273
0.0861597
0.109294
0.132452
0.155663
0.178959
0.202379
0.22596
0.249741
0.273758
0.298044
0.322637
0.347579
0.372916
0.398701
0.424987
0.451835
0.479312
0.50749
0.536448
0.566277
0.597076
0.628962
0.662069
0.696554
0.732607
0.770448
0.81035
0.852641
0.897723
0.946094
0.998373
1.05534
1.11802
1.18767
1.26598
1.35514
1.45805
1.57858
1.722
1.8955
2.10911
2.37695
2.71909
3.16415
3.75274
4.53839
5.57586
6.90486
8.52425
10.0643
-14.9203
-10.1868
-7.05495
-5.21662
-3.99851
-3.16943
-2.60241
-2.20292
-1.91102
-1.69068
-1.51937
-1.38248
-1.27027
-1.17612
-1.0954
-1.02485
-0.962078
-0.905375
-0.853469
-0.805423
-0.760534
-0.718272
-0.678234
-0.640106
-0.603643
-0.568648
-0.534957
-0.502427
-0.470937
-0.440382
-0.410675
-0.381743
-0.353519
-0.325943
-0.298957
-0.272513
-0.246564
-0.221064
-0.19597
-0.171239
-0.146829
-0.122709
-0.0988484
-0.0752219
-0.0518002
-0.0285508
-0.00543772
0.0175756
0.0405222
0.0634288
0.0863174
0.109207
0.13212
0.155081
0.178123
0.201282
0.224594
0.248095
0.27182
0.295799
0.320068
0.344665
0.369634
0.395021
0.420878
0.447259
0.474224
0.501837
0.530167
0.559292
0.5893
0.620288
0.652372
0.685687
0.720391
0.756669
0.794747
0.834898
0.877459
0.922844
0.97157
1.02431
1.08191
1.14549
1.21652
1.29692
1.3893
1.4972
1.62554
1.78128
1.9745
2.22022
2.54148
2.97499
3.58167
4.45823
5.73559
7.64654
10.8666
15.7084
-24.205
-12.3917
-6.7813
-4.50729
-3.3098
-2.59016
-2.13864
-1.83656
-1.62073
-1.45861
-1.33198
-1.22973
-1.1447
-1.0721
-1.00864
-0.952001
-0.900535
-0.853062
-0.808732
-0.766936
-0.72723
-0.689286
-0.652866
-0.617788
-0.583912
-0.551126
-0.519331
-0.48844
-0.458377
-0.429074
-0.400474
-0.372525
-0.345179
-0.31839
-0.292116
-0.266318
-0.240959
-0.216002
-0.191409
-0.167143
-0.14317
-0.119463
-0.0959967
-0.0727446
-0.0496798
-0.0267714
-0.00398641
0.0187076
0.0413397
0.0639341
0.0865108
0.109088
0.131686
0.154329
0.177047
0.199873
0.222842
0.245987
0.269338
0.292924
0.316777
0.340933
0.365431
0.390311
0.415618
0.441402
0.467712
0.4946
0.522124
0.550348
0.57934
0.609178
0.639949
0.671756
0.704715
0.738959
0.774651
0.811986
0.8512
0.892579
0.936494
0.983412
1.03394
1.08888
1.14927
1.21655
1.29259
1.38
1.48237
1.60484
1.75496
1.94428
2.19153
2.52977
3.02289
3.79236
5.0571
7.42543
13.1507
25.0845
)
;

boundaryField
{
    movingWall
    {
        type            zeroGradient;
    }
    fixedWalls
    {
        type            zeroGradient;
    }
    frontAndBack
    {
        type            empty;
    }
}


// ************************************************************************* //
