/*--------------------------------*- C++ -*----------------------------------*\
| =========                 |                                                 |
| \\      /  F ield         | OpenFOAM: The Open Source CFD Toolbox           |
|  \\    /   O peration     | Version:  2212                                  |
|   \\  /    A nd           | Website:  www.openfoam.com                      |
|    \\/     M anipulation  |                                                 |
\*---------------------------------------------------------------------------*/
FoamFile
{
    version     2.0;
    format      ascii;
    arch        "LSB;label=32;scalar=64";
    class       volScalarField;
    location    "0.014";
    object      p;
}
// * * * * * * * * * * * * * * * * * * * * * * * * * * * * * * * * * * * * * //

dimensions      [0 2 -2 0 0 0 0];

internalField   nonuniform List<scalar> 
10000
(
7.26861e-08
-0.000477675
-0.00141299
-0.00253554
-0.00370356
-0.00491671
-0.00614728
-0.00736502
-0.0085439
-0.00966194
-0.0106999
-0.0116408
-0.0124708
-0.013179
-0.0137569
-0.0141977
-0.014496
-0.0146475
-0.0146492
-0.0144993
-0.014197
-0.0137423
-0.0131365
-0.0123815
-0.01148
-0.010435
-0.00924957
-0.00792682
-0.00647064
-0.00488542
-0.00317599
-0.00134741
0.000595473
0.00264765
0.00480388
0.00705887
0.00940711
0.0118427
0.0143592
0.0169507
0.019611
0.022334
0.0251133
0.0279428
0.0308165
0.0337283
0.0366716
0.0396402
0.0426281
0.0456296
0.0486382
0.0516473
0.0546505
0.0576416
0.0606147
0.0635638
0.0664822
0.0693632
0.0722001
0.0749868
0.0777173
0.080385
0.0829835
0.0855059
0.0879457
0.0902966
0.0925528
0.0947081
0.0967566
0.0986923
0.10051
0.102203
0.103768
0.1052
0.106494
0.107648
0.108656
0.109517
0.110228
0.110787
0.111194
0.11145
0.111556
0.111514
0.111329
0.111004
0.110548
0.109969
0.109278
0.108489
0.10762
0.106691
0.105728
0.10476
0.103826
0.102968
0.102238
0.101696
0.101408
0.101385
-0.000425954
-0.000865065
-0.00162263
-0.00253875
-0.00352788
-0.00456522
-0.00562508
-0.00668016
-0.00770569
-0.0086808
-0.00958748
-0.01041
-0.0111347
-0.0117505
-0.0122483
-0.0126209
-0.0128623
-0.0129679
-0.0129342
-0.0127589
-0.0124409
-0.0119798
-0.0113758
-0.0106303
-0.00974532
-0.00872329
-0.00756697
-0.00627954
-0.00486419
-0.00332465
-0.00166544
0.000108856
0.00199375
0.00398427
0.00607515
0.00826156
0.0105386
0.0129008
0.0153418
0.0178557
0.0204366
0.0230785
0.0257752
0.0285208
0.0313097
0.0341358
0.0369928
0.0398744
0.042775
0.0456886
0.0486091
0.05153
0.054445
0.0573482
0.0602338
0.0630959
0.0659278
0.0687231
0.0714753
0.0741785
0.0768269
0.0794144
0.0819343
0.0843803
0.086746
0.0890256
0.0912134
0.0933037
0.0952909
0.0971693
0.0989337
0.100579
0.102101
0.103496
0.104759
0.105888
0.106878
0.107729
0.108437
0.109003
0.109426
0.109707
0.109849
0.109854
0.109727
0.109472
0.109098
0.108613
0.108028
0.107358
0.106619
0.10583
0.105014
0.104199
0.103417
0.102703
0.102096
0.10164
0.101389
0.101366
-0.000780182
-0.00111394
-0.00170074
-0.00246
-0.00331351
-0.00422329
-0.00516052
-0.00609838
-0.00701247
-0.00788235
-0.00869089
-0.00942351
-0.0100674
-0.0106115
-0.0110468
-0.0113656
-0.0115619
-0.0116307
-0.0115682
-0.0113719
-0.0110402
-0.0105726
-0.00996899
-0.00923002
-0.00835729
-0.00735282
-0.00621895
-0.00495869
-0.00357525
-0.00207189
-0.000452448
0.00127881
0.00311749
0.00505879
0.0070977
0.00922957
0.0114497
0.0137529
0.016133
0.0185845
0.0211015
0.0236781
0.0263082
0.0289862
0.0317065
0.0344632
0.0372503
0.0400616
0.0428913
0.0457337
0.0485828
0.0514321
0.0542757
0.0571079
0.0599229
0.0627148
0.0654771
0.0682035
0.0708878
0.0735242
0.0761069
0.07863
0.0810871
0.083472
0.0857787
0.0880015
0.0901349
0.0921736
0.0941121
0.0959452
0.0976678
0.0992753
0.100764
0.102129
0.103368
0.104477
0.105454
0.106297
0.107004
0.107576
0.108012
0.108314
0.108484
0.108526
0.108444
0.108244
0.107932
0.107518
0.107014
0.106431
0.105786
0.105096
0.104383
0.103669
0.102983
0.102354
0.101814
0.101396
0.101145
0.101086
-0.000821276
-0.00111904
-0.00162358
-0.002287
-0.00305093
-0.00387395
-0.00472519
-0.00557875
-0.00641148
-0.00720352
-0.0079384
-0.00860219
-0.009183
-0.00967051
-0.0100557
-0.0103311
-0.0104907
-0.0105292
-0.0104428
-0.0102287
-0.00988507
-0.00941098
-0.00880651
-0.00807212
-0.00720876
-0.00621799
-0.00510201
-0.00386361
-0.00250566
-0.0010313
0.000555751
0.00225153
0.00405203
0.00595273
0.0079488
0.0100357
0.0122089
0.0144631
0.0167924
0.0191916
0.0216551
0.0241771
0.0267517
0.029373
0.0320359
0.0347345
0.0374631
0.0402153
0.0429856
0.0457681
0.0485571
0.0513466
0.0541305
0.0569032
0.0596592
0.0623926
0.0650971
0.0677663
0.0703943
0.0729753
0.0755037
0.0779735
0.0803786
0.082713
0.0849709
0.0871469
0.0892356
0.0912319
0.0931305
0.0949265
0.096615
0.0981916
0.0996524
0.100994
0.102213
0.103306
0.104272
0.105109
0.105816
0.106393
0.10684
0.107159
0.107353
0.107424
0.107378
0.10722
0.106957
0.106598
0.106154
0.105636
0.105059
0.104438
0.103792
0.103142
0.102511
0.101925
0.101409
0.100991
0.100702
0.100558
-0.000538176
-0.000901424
-0.00140097
-0.00202151
-0.00273265
-0.00349757
-0.00428632
-0.00507506
-0.00584307
-0.00657203
-0.00724639
-0.007853
-0.0083806
-0.0088195
-0.00916133
-0.00939871
-0.00952555
-0.009537
-0.00942906
-0.00919868
-0.00884398
-0.00836391
-0.00775808
-0.0070269
-0.00617132
-0.00519253
-0.00409229
-0.00287315
-0.00153778
-8.90762e-05
0.00146931
0.00313349
0.00489969
0.00676372
0.00872104
0.0107673
0.012898
0.0151079
0.0173913
0.0197429
0.0221577
0.0246299
0.0271536
0.0297233
0.0323338
0.0349795
0.0376545
0.0403526
0.0430684
0.0457962
0.0485306
0.0512654
0.0539949
0.0567134
0.0594157
0.0620959
0.0647479
0.0673654
0.0699423
0.0724732
0.0749523
0.0773741
0.0797324
0.0820214
0.0842354
0.0863691
0.0884175
0.0903757
0.0922386
0.0940014
0.0956594
0.0972084
0.0986445
0.0999645
0.101166
0.102245
0.103202
0.104034
0.104741
0.105322
0.105779
0.106113
0.106327
0.106423
0.106408
0.106286
0.106065
0.105752
0.105356
0.10489
0.104366
0.103797
0.1032
0.102592
0.101994
0.101425
0.100908
0.100466
0.10011
0.0998437
-4.43484e-05
-0.000518049
-0.00106024
-0.0016784
-0.00236838
-0.00310112
-0.00384965
-0.00459278
-0.00531231
-0.00599221
-0.00661837
-0.00717869
-0.00766264
-0.00806108
-0.00836617
-0.00857107
-0.00866973
-0.0086573
-0.00853009
-0.00828513
-0.00792032
-0.00743451
-0.00682717
-0.00609839
-0.00524898
-0.00428008
-0.00319327
-0.00199082
-0.000675124
0.000751136
0.0022844
0.00392085
0.00565692
0.00748863
0.0094116
0.0114216
0.0135144
0.0156847
0.017927
0.0202361
0.0226071
0.0250345
0.0275125
0.0300357
0.0325991
0.035197
0.0378237
0.040473
0.0431396
0.0458182
0.0485033
0.051189
0.0538695
0.0565394
0.0591936
0.0618262
0.0644312
0.0670023
0.0695336
0.0720196
0.0744549
0.0768339
0.0791507
0.0813995
0.0835746
0.0856709
0.0876836
0.089608
0.0914394
0.0931729
0.094804
0.0963286
0.0977431
0.0990445
0.10023
0.101298
0.102247
0.103074
0.103781
0.104366
0.104832
0.105178
0.105409
0.105527
0.105538
0.105446
0.105258
0.104981
0.104625
0.104198
0.103712
0.10318
0.102614
0.102031
0.101445
0.100874
0.100336
0.0998495
0.0994079
0.0990001
0.000586914
-1.87984e-05
-0.00063206
-0.00127721
-0.00197196
-0.00269473
-0.00342285
-0.00413825
-0.00482518
-0.00546986
-0.00605996
-0.0065845
-0.00703394
-0.00739992
-0.00767499
-0.00785278
-0.00792778
-0.00789519
-0.0077513
-0.00749336
-0.00711938
-0.00662814
-0.00601896
-0.00529177
-0.0044472
-0.00348626
-0.00241043
-0.00122179
7.74e-05
0.00148453
0.00299618
0.00460877
0.00631895
0.00812286
0.0100161
0.0119947
0.0140543
0.0161899
0.0183962
0.020668
0.0230006
0.0253885
0.0278262
0.0303084
0.03283
0.0353857
0.0379696
0.0405758
0.043199
0.0458341
0.0484757
0.0511181
0.0537555
0.0563828
0.0589946
0.0615854
0.0641491
0.0666795
0.0691707
0.0716175
0.0740146
0.0763564
0.0786371
0.0808509
0.0829922
0.0850561
0.087038
0.0889332
0.0907373
0.0924455
0.0940534
0.0955572
0.0969533
0.0982389
0.0994117
0.10047
0.101412
0.102236
0.102942
0.103531
0.104003
0.10436
0.104605
0.104741
0.104772
0.104704
0.104542
0.104293
0.103965
0.103566
0.103106
0.102595
0.102046
0.10147
0.100881
0.100291
0.0997163
0.0991709
0.0986319
0.0980733
0.00129783
0.000552212
-0.000147432
-0.000839088
-0.0015584
-0.00228929
-0.00301329
-0.00371598
-0.00438434
-0.00500625
-0.00557119
-0.00606969
-0.00649309
-0.00683379
-0.00708505
-0.00724091
-0.00729626
-0.00724675
-0.0070888
-0.00681969
-0.0064375
-0.00594106
-0.00532968
-0.00460323
-0.00376224
-0.00280754
-0.00174043
-0.000562927
0.000722748
0.00211403
0.00360762
0.00520011
0.00688836
0.00866862
0.0105366
0.0124883
0.0145195
0.0166254
0.0188005
0.02104
0.0233393
0.025693
0.0280957
0.0305421
0.0330274
0.0355463
0.038093
0.0406617
0.0432472
0.0458445
0.0484484
0.0510531
0.0536533
0.0562436
0.0588188
0.0613733
0.0639011
0.0663962
0.0688529
0.0712659
0.0736301
0.07594
0.0781898
0.0803737
0.0824861
0.0845223
0.0864778
0.0883483
0.0901291
0.0918159
0.0934043
0.0948905
0.0962713
0.0975441
0.0987065
0.0997567
0.100693
0.101515
0.102221
0.102813
0.10329
0.103656
0.103912
0.104062
0.104109
0.104058
0.103915
0.103686
0.103376
0.102994
0.102549
0.102048
0.101501
0.10092
0.100314
0.0996926
0.0990694
0.0984562
0.0978136
0.097103
0.00204398
0.00115787
0.0003648
-0.000385262
-0.00114314
-0.00189629
-0.00262964
-0.00333212
-0.00399344
-0.00460345
-0.00515297
-0.00563392
-0.00603885
-0.00636094
-0.00659402
-0.00673268
-0.00677225
-0.0067088
-0.00653906
-0.00626043
-0.00587104
-0.00536975
-0.00475592
-0.0040294
-0.00319069
-0.00224051
-0.00118006
-1.13041e-05
0.00126358
0.0026421
0.00412105
0.00569711
0.00736728
0.00912793
0.0109749
0.0129041
0.0149114
0.0169921
0.0191409
0.0213531
0.0236241
0.0259487
0.0283216
0.0307375
0.0331919
0.0356794
0.0381944
0.0407312
0.0432845
0.0458497
0.0484215
0.0509944
0.053563
0.056122
0.058666
0.0611897
0.0636871
0.0661522
0.0685795
0.070964
0.0733005
0.0755836
0.0778074
0.079966
0.0820542
0.0840672
0.0860008
0.0878505
0.0896121
0.0912812
0.0928535
0.0943255
0.095694
0.0969565
0.0981108
0.0991548
0.100087
0.100907
0.101613
0.102207
0.10269
0.103062
0.103326
0.103486
0.103545
0.103507
0.103376
0.103158
0.102859
0.102486
0.102044
0.101543
0.100989
0.100391
0.0997576
0.0990955
0.0984161
0.0977293
0.0969815
0.0961222
0.00279229
0.00176828
0.00087921
6.40787e-05
-0.000741578
-0.00152739
-0.00228079
-0.00299349
-0.0036574
-0.00426454
-0.00480714
-0.00527814
-0.00567125
-0.00598054
-0.00620052
-0.00632633
-0.00635378
-0.00627926
-0.00609981
-0.0058131
-0.00541743
-0.00491171
-0.00429531
-0.00356805
-0.00273041
-0.00178312
-0.000727347
0.000434913
0.00170154
0.00307014
0.00453761
0.00610074
0.00775657
0.00950153
0.0113314
0.0132423
0.0152302
0.0172903
0.0194175
0.0216072
0.0238548
0.0261555
0.0285036
0.0308944
0.0333232
0.0357848
0.0382737
0.0407841
0.0433109
0.0458496
0.0483952
0.050942
0.0534847
0.0560178
0.0585362
0.0610344
0.0635067
0.0659471
0.0683504
0.0707115
0.0730252
0.0752863
0.0774887
0.0796268
0.0816952
0.0836894
0.0856051
0.0874383
0.0891846
0.0908395
0.0923992
0.0938601
0.0952192
0.096474
0.0976223
0.098662
0.0995916
0.10041
0.101117
0.101713
0.102199
0.102576
0.102847
0.103013
0.103079
0.103048
0.102924
0.102712
0.102416
0.102043
0.101598
0.101087
0.100517
0.0998946
0.0992258
0.0985161
0.0977756
0.0970127
0.0961606
0.0951586
0.00351743
0.00235998
0.00137465
0.000490844
-0.000368349
-0.00119418
-0.00197564
-0.00270678
-0.00338141
-0.0039932
-0.00453595
-0.00500365
-0.00539084
-0.00569247
-0.00590385
-0.00602073
-0.00603933
-0.00595639
-0.00576927
-0.0054759
-0.00507481
-0.00456501
-0.00394592
-0.00321734
-0.00237977
-0.00143393
-0.000381066
0.000776801
0.00203759
0.00339899
0.00485799
0.00641145
0.00805645
0.00978942
0.0116062
0.0135028
0.0154755
0.0175195
0.0196298
0.0218017
0.0240309
0.0263124
0.0286411
0.031012
0.0334206
0.0358619
0.0383301
0.0408197
0.0433258
0.0458437
0.0483688
0.0508952
0.0534176
0.0559304
0.0584286
0.0609068
0.0633594
0.0657805
0.0681649
0.0705076
0.0728035
0.0750472
0.0772329
0.0793548
0.0814079
0.0833877
0.0852899
0.0871105
0.0888452
0.0904898
0.0920402
0.0934931
0.0948456
0.0960951
0.0972395
0.0982765
0.0992047
0.100023
0.100731
0.101329
0.101818
0.102198
0.102472
0.102643
0.102712
0.102684
0.102562
0.10235
0.102051
0.101672
0.101216
0.100689
0.100096
0.099442
0.0987324
0.0979707
0.0971662
0.0963263
0.0953726
0.0942351
0.00419924
0.00291403
0.00183383
0.000879633
-3.66427e-05
-0.000907437
-0.0017229
-0.00247881
-0.00317064
-0.00379338
-0.00434218
-0.00481213
-0.00519853
-0.00549712
-0.00570395
-0.00581535
-0.00582799
-0.00573902
-0.00554614
-0.00524755
-0.00484192
-0.00432839
-0.00370646
-0.002976
-0.00213757
-0.00119197
-0.000140457
0.00101495
0.00227219
0.00362902
0.00508243
0.0066293
0.00826677
0.00999126
0.0117986
0.013685
0.0156467
0.0176789
0.0197767
0.0219354
0.024151
0.0264185
0.0287329
0.0310893
0.0334831
0.0359094
0.0383625
0.0408369
0.0433278
0.0458309
0.048341
0.0508528
0.0533604
0.0558584
0.058342
0.0608057
0.063244
0.0656512
0.0680219
0.0703512
0.0726341
0.0748652
0.0770387
0.0791491
0.0811914
0.083161
0.085054
0.0868661
0.0885932
0.0902309
0.0917754
0.0932234
0.094572
0.0958186
0.0969611
0.0979974
0.0989256
0.0997447
0.100454
0.101054
0.101544
0.101926
0.102202
0.102374
0.102445
0.102416
0.102291
0.102074
0.101768
0.101377
0.100904
0.100356
0.0997343
0.099045
0.0982908
0.0974744
0.0966045
0.0956881
0.0946364
0.0933708
0.00482114
0.00341466
0.00224235
0.00121744
0.00024194
-0.000677096
-0.00153076
-0.00231629
-0.00303042
-0.00366927
-0.00422904
-0.00470583
-0.00509581
-0.00539544
-0.00560135
-0.00571036
-0.00571963
-0.00562679
-0.0054299
-0.00512739
-0.00471802
-0.00420108
-0.00357618
-0.00284333
-0.00200322
-0.00105672
-5.09615e-06
0.00114969
0.00240557
0.0037603
0.00521086
0.00675412
0.00838723
0.0101067
0.0119083
0.0137883
0.015743
0.0177676
0.0198573
0.0220075
0.0242142
0.0264728
0.0287779
0.0311249
0.0335093
0.035926
0.0383695
0.0408344
0.0433158
0.0458095
0.0483105
0.050813
0.0533114
0.0558003
0.0582747
0.0607295
0.063159
0.0655574
0.0679196
0.0702406
0.0725153
0.0747386
0.0769048
0.0790083
0.0810442
0.0830083
0.0848962
0.086704
0.0884273
0.0900617
0.0916036
0.0930497
0.0943971
0.0956433
0.096786
0.0978231
0.0987528
0.0995735
0.100285
0.100886
0.101378
0.101761
0.102037
0.102208
0.102277
0.102245
0.102114
0.101888
0.10157
0.101163
0.10067
0.100096
0.0994425
0.0987141
0.0979127
0.0970401
0.0961047
0.095113
0.093967
0.0925806
0.00536983
0.00384884
0.00258776
0.00149296
0.000457338
-0.000512188
-0.00140698
-0.00222572
-0.00296614
-0.00362523
-0.00420004
-0.00468761
-0.00508493
-0.00538906
-0.00559713
-0.00570648
-0.0057148
-0.00562009
-0.00542072
-0.00511533
-0.00470286
-0.00418276
-0.00355478
-0.00281913
-0.00197656
-0.00102799
2.5292e-05
0.00118128
0.0024379
0.00379291
0.00524325
0.0067858
0.00841772
0.0101355
0.0119349
0.0138124
0.015764
0.0177852
0.0198711
0.0220175
0.0242202
0.0264746
0.0287756
0.0311184
0.0334986
0.0359111
0.0383504
0.0408112
0.0432888
0.0457787
0.0482758
0.0507746
0.0532692
0.0557544
0.0582252
0.0606764
0.0631024
0.0654975
0.0678563
0.0701739
0.0724456
0.0746659
0.0768295
0.0789309
0.0809652
0.082928
0.0848153
0.0866227
0.088346
0.0899809
0.0915235
0.0929707
0.0943196
0.0955677
0.0967128
0.0977525
0.0986848
0.0995082
0.100221
0.100824
0.101317
0.1017
0.101976
0.102145
0.10221
0.102171
0.102033
0.101795
0.101462
0.101036
0.100519
0.0999159
0.0992281
0.0984584
0.0976083
0.0966787
0.095678
0.0946128
0.0933762
0.0918756
0.00583494
0.00420579
0.00285944
0.00169618
0.000600482
-0.000420853
-0.00135897
-0.00221348
-0.00298321
-0.00366585
-0.00425913
-0.00476085
-0.00516868
-0.00548018
-0.00569304
-0.00580515
-0.00581463
-0.00571981
-0.00551925
-0.0052118
-0.00479667
-0.00427355
-0.00364236
-0.0029034
-0.0020575
-0.00110562
-4.91139e-05
0.00110994
0.00236942
0.00372708
0.00517986
0.00672463
0.00835851
0.010078
0.0118789
0.0137575
0.01571
0.0177321
0.0198187
0.0219658
0.0241692
0.0264245
0.0287264
0.0310701
0.0334511
0.0358647
0.0383053
0.0407674
0.0432465
0.0457379
0.0482366
0.050737
0.0532331
0.0557199
0.0581924
0.0606453
0.0630731
0.06547
0.0678306
0.07015
0.0724235
0.0746459
0.0768118
0.0789158
0.0809531
0.0829192
0.08481
0.0866212
0.0883484
0.0899872
0.0915339
0.0929853
0.0943385
0.095591
0.0967405
0.0977844
0.0987207
0.0995474
0.100263
0.100868
0.101362
0.101745
0.102018
0.102184
0.102244
0.102198
0.102048
0.101797
0.101446
0.100999
0.100457
0.0998223
0.0990979
0.0982853
0.0973854
0.0963986
0.0953333
0.0941962
0.0928726
0.0912639
0.00620821
0.00447675
0.00304849
0.00181825
0.000663001
-0.000410592
-0.00139358
-0.00228587
-0.00308721
-0.00379602
-0.00441058
-0.00492923
-0.00535018
-0.00567153
-0.0058915
-0.00600842
-0.00602081
-0.00592722
-0.00572643
-0.00541758
-0.00500012
-0.00447398
-0.00383924
-0.00309627
-0.00224601
-0.00128948
-0.00022812
0.000935899
0.00220045
0.00356325
0.00502124
0.00657123
0.00821031
0.00993492
0.0117409
0.0136245
0.0155821
0.0176093
0.0197012
0.0218536
0.0240626
0.0263236
0.0286313
0.0309809
0.0333681
0.0357879
0.038235
0.0407038
0.0431895
0.0456876
0.0481932
0.0507003
0.0532033
0.0556969
0.0581763
0.0606361
0.0630709
0.0654747
0.0678422
0.0701685
0.0724489
0.0746784
0.0768515
0.0789629
0.0810077
0.0829815
0.08488
0.086699
0.0884339
0.0900804
0.0916345
0.0930932
0.0944535
0.0957128
0.0968686
0.0979184
0.0988598
0.0996908
0.10041
0.101017
0.101512
0.101894
0.102166
0.102328
0.102381
0.102326
0.102164
0.101897
0.101527
0.101057
0.100487
0.0998198
0.0990572
0.0982006
0.0972502
0.0962061
0.0950769
0.0938695
0.0924623
0.090751
0.00648272
0.00465429
0.00314728
0.00185155
0.000637386
-0.000488565
-0.0015173
-0.00244898
-0.00328379
-0.00402086
-0.00465894
-0.00519675
-0.00563298
-0.00596629
-0.00619534
-0.00631875
-0.00633533
-0.00624392
-0.00604359
-0.00573375
-0.00531412
-0.00478477
-0.0041459
-0.00339802
-0.00254218
-0.00157952
-0.000511584
0.00065943
0.00193137
0.00330196
0.00476802
0.0063263
0.00797387
0.00970713
0.0115219
0.0134145
0.0153813
0.017418
0.0195197
0.0216822
0.0239016
0.0261731
0.0284916
0.0308522
0.0332506
0.0356819
0.0381407
0.0406213
0.0431189
0.045629
0.0481464
0.0506655
0.0531804
0.055686
0.0581774
0.0606493
0.0630961
0.065512
0.0678915
0.0702298
0.0725222
0.0747637
0.076949
0.0790725
0.0811294
0.0831152
0.0850256
0.0868563
0.0886027
0.0902604
0.0918255
0.0932945
0.0946646
0.095933
0.0970971
0.0981543
0.0991021
0.0999384
0.100662
0.101272
0.101767
0.10215
0.102419
0.102576
0.102622
0.102556
0.102381
0.102098
0.101707
0.101212
0.100613
0.099912
0.09911
0.0982084
0.0972071
0.0961058
0.0949135
0.0936374
0.0921496
0.0903408
0.00665248
0.00473184
0.00314904
0.00178927
0.000516838
-0.000661499
-0.00173654
-0.00270877
-0.0035786
-0.00434558
-0.00500893
-0.00556771
-0.00602104
-0.00636801
-0.00660763
-0.00673878
-0.00676048
-0.00667191
-0.00647247
-0.00616182
-0.00573988
-0.00520685
-0.00456308
-0.0038092
-0.00294642
-0.00197604
-0.000899621
0.00028061
0.00156243
0.00294349
0.00442056
0.0059903
0.0076497
0.00939519
0.0112226
0.0131282
0.0151086
0.0171592
0.0192753
0.0214526
0.0236871
0.0259741
0.0283083
0.0306849
0.0330996
0.0355476
0.0380233
0.0405208
0.0430355
0.0455626
0.0480971
0.0506333
0.0531654
0.0556881
0.0581966
0.0606857
0.0631497
0.0655827
0.0679794
0.0703348
0.0726444
0.074903
0.0771051
0.0792455
0.081319
0.083321
0.0852474
0.0870937
0.0888554
0.0905279
0.0921071
0.0935895
0.094972
0.0962517
0.0974261
0.0984924
0.099448
0.100291
0.101019
0.101632
0.10213
0.102512
0.102778
0.10293
0.102968
0.102892
0.102702
0.102401
0.101989
0.101468
0.100838
0.100102
0.0992594
0.0983121
0.0972594
0.0961011
0.0948466
0.0935036
0.0919383
0.0900367
0.00671243
0.00470357
0.00304766
0.00162513
0.000294928
-0.000935716
-0.00205751
-0.00307115
-0.0039772
-0.00477544
-0.00546546
-0.00604671
-0.00651859
-0.00688052
-0.00713175
-0.00727146
-0.00729893
-0.00721363
-0.00701526
-0.00670371
-0.00627904
-0.0057416
-0.00509193
-0.00433084
-0.00345966
-0.00247977
-0.00139279
-0.000201017
0.00109327
0.00248761
0.00397866
0.00556303
0.0072377
0.00899907
0.010843
0.0127658
0.0147639
0.0168329
0.018968
0.0211647
0.0234191
0.0257264
0.0280813
0.030479
0.0329152
0.0353849
0.0378825
0.0404022
0.042939
0.0454884
0.0480452
0.0506037
0.0531581
0.0557031
0.058234
0.0607455
0.0632319
0.0656874
0.0681064
0.0704842
0.0728159
0.0750965
0.0773205
0.0794823
0.0815768
0.0835994
0.0855457
0.0874116
0.0891922
0.0908829
0.0924795
0.0939781
0.0953756
0.0966691
0.0978558
0.098933
0.0998981
0.100749
0.101483
0.102101
0.1026
0.102982
0.103246
0.103393
0.103422
0.103334
0.10313
0.10281
0.102375
0.101826
0.101165
0.100392
0.0995088
0.0985152
0.0974111
0.0961962
0.0948804
0.0934723
0.0918323
0.0898421
0.00665842
0.0045642
0.00283727
0.00135327
-3.43147e-05
-0.00131729
-0.0024862
-0.00354193
-0.00448517
-0.00531576
-0.00603361
-0.00663849
-0.00713003
-0.00750783
-0.00777139
-0.00792019
-0.0079538
-0.00787197
-0.00767463
-0.0073618
-0.00693374
-0.00639102
-0.00573432
-0.00496464
-0.00408343
-0.00309211
-0.00199236
-0.000786586
0.000522795
0.00193323
0.0034413
0.00504355
0.00673695
0.00851791
0.0103823
0.0123263
0.0143465
0.0164383
0.0185968
0.0208176
0.0230965
0.025429
0.0278095
0.0302333
0.032696
0.0351925
0.0377172
0.0402642
0.0428284
0.0454052
0.0479896
0.0505757
0.0531578
0.0557305
0.0582891
0.0608283
0.0633425
0.0658258
0.0682725
0.0706778
0.0730368
0.0753445
0.0775952
0.0797831
0.081903
0.0839504
0.085921
0.0878103
0.0896135
0.0913259
0.092943
0.0944608
0.095876
0.0971858
0.0983872
0.0994774
0.100454
0.101314
0.102056
0.102678
0.10318
0.103562
0.103824
0.103966
0.103986
0.103887
0.103667
0.103327
0.102868
0.102292
0.101598
0.100788
0.0998627
0.0988224
0.097667
0.096396
0.0950201
0.0935484
0.0918363
0.0897608
0.00648687
0.00430912
0.00251248
0.000968008
-0.000476515
-0.00181205
-0.00302847
-0.00412685
-0.00510804
-0.00597192
-0.00671853
-0.00734791
-0.00785989
-0.0082542
-0.00853058
-0.00868882
-0.00872877
-0.00865035
-0.0084537
-0.00813904
-0.00770679
-0.00715774
-0.00649279
-0.00571303
-0.00481997
-0.00381514
-0.00270033
-0.00147807
-0.000150897
0.00127851
0.00280669
0.00443015
0.00614583
0.00795014
0.00983888
0.0118083
0.0138547
0.0159737
0.0181601
0.0204095
0.0227177
0.0250801
0.0274912
0.029946
0.0324401
0.0349685
0.0375254
0.0401048
0.0427016
0.0453112
0.0479285
0.0505477
0.0531629
0.0557688
0.0583606
0.0609332
0.0634807
0.0659971
0.0684769
0.070915
0.0733067
0.0756466
0.0779289
0.0801477
0.0822978
0.0843745
0.0863735
0.0882902
0.0901198
0.0918573
0.093498
0.0950382
0.0964742
0.097803
0.0990217
0.100127
0.101117
0.101988
0.102739
0.103368
0.103874
0.104257
0.104517
0.104653
0.104665
0.104554
0.104317
0.103957
0.103474
0.102869
0.102142
0.101294
0.100326
0.0992395
0.0980329
0.0967064
0.0952713
0.0937375
0.0919551
0.0897967
0.00619433
0.00393416
0.00206854
0.000463981
-0.00103718
-0.0024255
-0.00368993
-0.00483152
-0.0058513
-0.00674923
-0.0075254
-0.00817994
-0.00871289
-0.00912418
-0.00941375
-0.00958161
-0.00962786
-0.00955262
-0.00935614
-0.0090389
-0.00860156
-0.00804508
-0.00737049
-0.00657896
-0.00567211
-0.00465159
-0.00351934
-0.00227802
-0.000930294
0.00052108
0.00207258
0.00372068
0.00546228
0.00729374
0.00921082
0.0112097
0.0132866
0.015437
0.0176558
0.0199384
0.0222807
0.0246778
0.0271242
0.029615
0.0321456
0.0347109
0.0373051
0.0399221
0.0425569
0.0452046
0.0478603
0.0505181
0.053172
0.0558169
0.0584476
0.0610591
0.0636455
0.0662007
0.0687191
0.0711956
0.0736252
0.0760024
0.0783214
0.0805762
0.0827612
0.0848718
0.0869036
0.0888518
0.0907116
0.0924778
0.0941459
0.0957116
0.0971716
0.0985226
0.0997614
0.100885
0.10189
0.102775
0.103536
0.104172
0.104684
0.105069
0.105327
0.105459
0.105463
0.105339
0.105086
0.104705
0.104197
0.103563
0.102802
0.101916
0.100906
0.0997722
0.0985147
0.0971331
0.0956395
0.0940444
0.0921927
0.0899527
0.00577737
0.00343535
0.00150094
-0.000163741
-0.00172169
-0.003163
-0.00447596
-0.0056614
-0.00672037
-0.007653
-0.00845936
-0.00913963
-0.00969398
-0.0101226
-0.0104256
-0.0106031
-0.0106554
-0.0105829
-0.010386
-0.0100653
-0.00962185
-0.00905665
-0.00837085
-0.00756571
-0.00664301
-0.00560452
-0.00445235
-0.00318928
-0.00181809
-0.000341609
0.00123658
0.00291289
0.00468414
0.00654664
0.00849608
0.0105285
0.0126402
0.0148265
0.0170822
0.0194027
0.0217837
0.0242203
0.026707
0.0292387
0.0318108
0.0344181
0.0370548
0.0397148
0.0423929
0.0450843
0.0477839
0.050486
0.0531845
0.0558739
0.0585494
0.0612056
0.0638366
0.0664363
0.068999
0.0715193
0.0739922
0.0764121
0.078773
0.0810688
0.0832937
0.0854429
0.0875119
0.0894959
0.0913899
0.0931888
0.0948879
0.096483
0.0979704
0.0993467
0.100609
0.101753
0.102776
0.103676
0.10445
0.105096
0.105614
0.106002
0.10626
0.106388
0.106384
0.106247
0.105978
0.105576
0.105043
0.104378
0.103583
0.102659
0.101607
0.100426
0.0991176
0.0976811
0.0961291
0.0944728
0.0925519
0.0902305
0.00523246
0.00280879
0.000805377
-0.00091982
-0.00253503
-0.00402972
-0.00539177
-0.00662171
-0.00772056
-0.00868849
-0.00952559
-0.010232
-0.0108082
-0.0112543
-0.0115708
-0.0117578
-0.0118159
-0.0117455
-0.0115474
-0.0112224
-0.0107716
-0.0101961
-0.00949736
-0.00867663
-0.00773586
-0.00667699
-0.00550226
-0.00421458
-0.00281682
-0.00131192
0.000296493
0.00200473
0.00380951
0.00570705
0.00769299
0.00976331
0.0119142
0.0141408
0.0164381
0.0188012
0.0212258
0.0237068
0.0262388
0.0288164
0.0314351
0.0340897
0.0367742
0.0394826
0.0422095
0.0449501
0.0476995
0.0504516
0.0532003
0.0559403
0.0586663
0.0613731
0.0640545
0.0667045
0.069317
0.0718866
0.0744083
0.0768762
0.0792842
0.081626
0.0838958
0.0860885
0.0881993
0.0902236
0.0921562
0.093992
0.0957262
0.0973544
0.0988728
0.100278
0.101566
0.102734
0.103778
0.104696
0.105484
0.106142
0.106668
0.107061
0.107319
0.107443
0.107431
0.107282
0.106996
0.106574
0.106015
0.105321
0.104492
0.103529
0.102434
0.101206
0.0998461
0.0983541
0.0967431
0.0950248
0.093034
0.0906307
0.00455622
0.00205068
-2.21642e-05
-0.00180863
-0.00348184
-0.0050306
-0.00644236
-0.00771758
-0.00885703
-0.00986085
-0.0107292
-0.0114623
-0.0120605
-0.0125243
-0.0128542
-0.0130505
-0.0131137
-0.0130448
-0.0128446
-0.012514
-0.0120544
-0.0114671
-0.0107534
-0.00991493
-0.00895373
-0.0078719
-0.00667179
-0.00535643
-0.0039288
-0.00239194
-0.000749607
0.000994423
0.00283675
0.00477349
0.00680022
0.00891283
0.0111074
0.0133792
0.0157227
0.0181333
0.0206064
0.0231369
0.0257191
0.0283479
0.0310185
0.0337257
0.0364636
0.0392258
0.0420072
0.0448029
0.0476077
0.0504157
0.0532207
0.056017
0.0587995
0.0615626
0.0643002
0.0670061
0.069674
0.0722986
0.0748743
0.0773955
0.0798558
0.0822488
0.0845685
0.0868095
0.088967
0.0910362
0.093012
0.0948891
0.0966626
0.098328
0.0998812
0.101318
0.102636
0.10383
0.104898
0.105837
0.106643
0.107314
0.10785
0.108248
0.108508
0.108629
0.108609
0.108449
0.108147
0.107704
0.10712
0.106396
0.105532
0.10453
0.103391
0.102115
0.100703
0.0991542
0.097483
0.0957015
0.0936395
0.0911531
0.0037458
0.00115738
-0.00098566
-0.0028343
-0.0045665
-0.00617034
-0.00763269
-0.00895397
-0.0101348
-0.0111751
-0.0120752
-0.0128353
-0.0134559
-0.0139375
-0.0142805
-0.0144855
-0.0145534
-0.0144851
-0.0142816
-0.0139442
-0.0134741
-0.012873
-0.0121422
-0.0112837
-0.0102995
-0.00919195
-0.00796344
-0.00661712
-0.00515612
-0.00358363
-0.00190352
-0.000119677
0.00176435
0.00374459
0.00581655
0.00797604
0.0102191
0.0125407
0.0149355
0.0173986
0.0199252
0.0225102
0.025148
0.0278333
0.0305612
0.0333266
0.0361234
0.0389453
0.041787
0.0446435
0.0475097
0.0503795
0.0532466
0.0561052
0.0589499
0.0617752
0.0645749
0.0673424
0.0700714
0.0727562
0.0753915
0.0779712
0.0804891
0.0829383
0.0853129
0.0876073
0.0898165
0.0919355
0.0939592
0.0958823
0.0976996
0.0994063
0.100998
0.102471
0.103821
0.105046
0.106141
0.107102
0.107928
0.108615
0.109162
0.109567
0.10983
0.109949
0.109923
0.109752
0.109434
0.10897
0.10836
0.107606
0.106707
0.105665
0.104481
0.103156
0.10169
0.100083
0.0983498
0.0965036
0.0943688
0.0917978
0.00279887
0.000125731
-0.00208897
-0.00400088
-0.00579333
-0.00745348
-0.0089675
-0.0103357
-0.0115587
-0.0126363
-0.0135687
-0.0143562
-0.0149993
-0.0154984
-0.0158543
-0.0160676
-0.0161393
-0.0160705
-0.0158625
-0.0155166
-0.0150343
-0.0144173
-0.0136672
-0.0127861
-0.0117763
-0.01064
-0.00937986
-0.00799916
-0.00650116
-0.00488921
-0.00316733
-0.00133954
0.000590471
0.00261864
0.00474042
0.00695152
0.0092478
0.0116243
0.0140753
0.0165959
0.0191812
0.021826
0.0245248
0.027272
0.0300629
0.0328921
0.0357536
0.038641
0.0415489
0.0444723
0.0474059
0.0503434
0.0532785
0.0562053
0.0591183
0.0620117
0.0648792
0.067714
0.0705097
0.0732605
0.0759606
0.0786043
0.0811849
0.0836957
0.0861304
0.0884833
0.0907494
0.0929234
0.0950001
0.0969739
0.0988394
0.100592
0.102226
0.103739
0.105126
0.106383
0.107508
0.108496
0.109343
0.110048
0.110608
0.111022
0.111289
0.111407
0.111376
0.111194
0.110861
0.110376
0.109741
0.108956
0.108021
0.106938
0.105708
0.104332
0.102809
0.101142
0.0993454
0.0974327
0.0952237
0.0925664
0.00171339
-0.00104707
-0.00333556
-0.0053123
-0.00716647
-0.00888437
-0.0104513
-0.0118676
-0.0131337
-0.0142493
-0.0152146
-0.0160299
-0.0166955
-0.0172121
-0.0175804
-0.0178014
-0.017876
-0.0178056
-0.0175916
-0.0172355
-0.016739
-0.0161039
-0.0153323
-0.014426
-0.0133875
-0.0122194
-0.0109243
-0.00950566
-0.00796692
-0.00631161
-0.00454389
-0.00266793
-0.00068754
0.00139311
0.0035694
0.00583693
0.00819138
0.0106276
0.01314
0.0157232
0.0183724
0.0210825
0.0238477
0.0266625
0.029522
0.0324209
0.035353
0.038312
0.0412921
0.0442884
0.0472954
0.0503067
0.053316
0.056317
0.0593042
0.0622717
0.0652129
0.0681209
0.0709891
0.0738114
0.0765822
0.0792953
0.0819442
0.084522
0.0870222
0.0894392
0.0917675
0.0940018
0.0961366
0.098166
0.100084
0.101887
0.103568
0.105124
0.106552
0.107847
0.109004
0.110021
0.110893
0.111618
0.112193
0.112617
0.11289
0.113009
0.112973
0.112782
0.112433
0.111928
0.111267
0.11045
0.109478
0.108352
0.107074
0.105645
0.104065
0.102336
0.100473
0.0984928
0.096208
0.0934622
0.000487127
-0.00236384
-0.00472873
-0.00677241
-0.00869003
-0.0104673
-0.0120887
-0.0135543
-0.0148646
-0.0160192
-0.017018
-0.0178613
-0.0185496
-0.0190835
-0.0194639
-0.0196917
-0.0197683
-0.0196951
-0.0194735
-0.0191055
-0.0185928
-0.0179375
-0.0171416
-0.0162074
-0.0151374
-0.0139342
-0.0126007
-0.0111405
-0.00955721
-0.00785456
-0.00603686
-0.0041084
-0.00207316
6.45988e-05
0.00230018
0.00462901
0.00704658
0.00954763
0.0121264
0.0147776
0.0174962
0.0202769
0.0231141
0.0260022
0.0289362
0.0319107
0.0349194
0.037956
0.0410146
0.0440899
0.0471764
0.0502677
0.0533572
0.0564387
0.0595062
0.0625538
0.0655747
0.068562
0.0715086
0.0744085
0.0772557
0.0800442
0.0827671
0.0854177
0.0879893
0.0904759
0.0928721
0.0951723
0.0973704
0.0994606
0.101437
0.103294
0.105027
0.106631
0.108103
0.109439
0.110633
0.111681
0.112581
0.113328
0.113922
0.114359
0.114639
0.11476
0.114721
0.11452
0.114157
0.113631
0.112943
0.112094
0.111084
0.109914
0.108586
0.107102
0.105463
0.10367
0.10174
0.0996894
0.0973265
0.0944891
-0.000882574
-0.0038276
-0.0062718
-0.00838495
-0.0103681
-0.0122066
-0.0138843
-0.0154008
-0.0167566
-0.017951
-0.018984
-0.0198558
-0.0205668
-0.0211179
-0.0215099
-0.021744
-0.0218215
-0.0217441
-0.0215135
-0.0211317
-0.0206008
-0.0199229
-0.0191003
-0.0181354
-0.0170307
-0.0157891
-0.0144137
-0.0129082
-0.0112765
-0.00952243
-0.0076505
-0.00566512
-0.00357042
-0.0013708
0.000928927
0.00332401
0.00580974
0.00838075
0.0110312
0.0137557
0.0165492
0.0194062
0.0223211
0.0252884
0.0283028
0.0313589
0.0344504
0.0375707
0.0407139
0.0438745
0.0470468
0.0502243
0.0534003
0.0565683
0.0597223
0.0628562
0.065963
0.0690356
0.072067
0.0750506
0.0779805
0.0808504
0.0836536
0.0863831
0.0890321
0.0915944
0.0940643
0.0964358
0.0987029
0.100859
0.102899
0.104816
0.106605
0.108262
0.109783
0.111163
0.112397
0.113481
0.114412
0.115185
0.115799
0.116252
0.116541
0.116666
0.116624
0.116415
0.116037
0.115491
0.114776
0.113893
0.112843
0.111628
0.110249
0.108709
0.107008
0.10515
0.103151
0.101028
0.0985842
0.0956508
-0.00239868
-0.00544158
-0.00796834
-0.0101538
-0.0122051
-0.0141071
-0.015843
-0.0174122
-0.0188148
-0.0200502
-0.0211182
-0.0220189
-0.0227528
-0.0233209
-0.0237241
-0.0239636
-0.0240411
-0.0239583
-0.0237171
-0.0233197
-0.0227685
-0.0220657
-0.0212137
-0.020215
-0.0190725
-0.0177891
-0.0163682
-0.0148136
-0.0131294
-0.0113198
-0.00938921
-0.00734231
-0.00518339
-0.00291702
-0.000548163
0.00191826
0.00447734
0.00712362
0.00985125
0.0126547
0.0155286
0.0184678
0.0214663
0.0245187
0.0276197
0.0307635
0.033944
0.0371543
0.0403883
0.0436405
0.0469048
0.0501748
0.0534436
0.0567044
0.0599512
0.0631775
0.0663765
0.0695408
0.0726632
0.0757371
0.0787561
0.0817139
0.0846038
0.0874185
0.0901512
0.0927953
0.0953449
0.0977937
0.100136
0.102364
0.104472
0.106454
0.108305
0.11002
0.111594
0.113023
0.114301
0.115426
0.116391
0.117193
0.117831
0.118301
0.118602
0.118731
0.118689
0.118472
0.11808
0.117513
0.116771
0.115854
0.114764
0.113502
0.112071
0.110472
0.108709
0.106783
0.104712
0.102514
0.0999844
0.0969495
-0.00406435
-0.00720944
-0.00982233
-0.0120832
-0.0142057
-0.0161738
-0.0179703
-0.019594
-0.021045
-0.0223225
-0.0234263
-0.0243564
-0.0251135
-0.0256985
-0.0261125
-0.0263568
-0.0264331
-0.0263435
-0.0260902
-0.0256753
-0.0251015
-0.0243712
-0.023487
-0.0224516
-0.0212679
-0.0199391
-0.0184689
-0.0168612
-0.0151204
-0.0132507
-0.0112569
-0.00914368
-0.0069156
-0.00457744
-0.00213429
0.00040875
0.0030466
0.0057737
0.00858416
0.0114723
0.0144327
0.0174599
0.0205482
0.0236919
0.0268856
0.0301235
0.0333991
0.0367057
0.040037
0.0433871
0.0467499
0.0501187
0.0534865
0.0568465
0.0601923
0.0635175
0.066815
0.0700774
0.0732974
0.0764679
0.0795827
0.0826351
0.0856183
0.0885248
0.0913476
0.0940799
0.0967154
0.0992476
0.10167
0.103976
0.106159
0.108212
0.11013
0.111907
0.11354
0.115022
0.11635
0.117518
0.118522
0.119357
0.120021
0.120512
0.120826
0.120963
0.12092
0.120697
0.120292
0.119704
0.118934
0.117982
0.11685
0.115541
0.114056
0.112398
0.110569
0.108573
0.106427
0.104149
0.101529
0.0983862
-0.00588298
-0.00913539
-0.0118384
-0.0141783
-0.0163752
-0.0184124
-0.0202717
-0.021952
-0.0234531
-0.024774
-0.0259145
-0.0268747
-0.0276552
-0.028257
-0.0286813
-0.0289295
-0.0290037
-0.0289059
-0.0286385
-0.0282041
-0.0276053
-0.0268448
-0.0259254
-0.0248498
-0.0236214
-0.0222436
-0.0207201
-0.0190551
-0.0172531
-0.0153188
-0.0132569
-0.0110723
-0.00876996
-0.00635477
-0.00383196
-0.00120679
0.00151546
0.00432916
0.00722835
0.0102072
0.0132601
0.0163817
0.019566
0.0228073
0.0261001
0.0294383
0.0328155
0.0362248
0.0396597
0.0431142
0.0465819
0.0500561
0.0535294
0.0569949
0.0604462
0.0638766
0.0672792
0.0706463
0.0739704
0.0772445
0.0804617
0.0836155
0.0866987
0.0897037
0.0926232
0.0954501
0.0981779
0.1008
0.103309
0.105699
0.107962
0.110092
0.112082
0.113928
0.115624
0.117166
0.118547
0.119764
0.12081
0.121682
0.122376
0.122889
0.12322
0.123366
0.123325
0.123096
0.122677
0.122069
0.121271
0.120284
0.11911
0.117751
0.116211
0.114491
0.112594
0.110523
0.108297
0.105935
0.103218
0.0999615
-0.00785829
-0.0112239
-0.0140217
-0.0164444
-0.0187193
-0.0208286
-0.0227534
-0.0244925
-0.0260454
-0.0274112
-0.0285895
-0.0295804
-0.0303846
-0.031003
-0.0314371
-0.0316884
-0.0317591
-0.0316514
-0.0313681
-0.0309118
-0.0302854
-0.0294918
-0.0285338
-0.0274147
-0.0261379
-0.0247069
-0.0231258
-0.0213991
-0.0195313
-0.0175274
-0.0153923
-0.0131313
-0.0107493
-0.00825165
-0.00564362
-0.00293062
-0.000118129
0.0027881
0.00578205
0.00885775
0.0120095
0.0152317
0.0185184
0.0218638
0.025262
0.0287071
0.0321923
0.0357108
0.0392559
0.0428213
0.0464006
0.0499866
0.053572
0.0571497
0.0607131
0.0642556
0.0677699
0.0712485
0.0746836
0.078068
0.0813947
0.0846568
0.0878468
0.0909571
0.09398
0.0969083
0.099735
0.102453
0.105056
0.107536
0.109886
0.112098
0.114167
0.116087
0.117852
0.119458
0.120898
0.122168
0.123261
0.124173
0.1249
0.12544
0.125789
0.125946
0.125908
0.125674
0.125243
0.124614
0.123788
0.122765
0.121548
0.120139
0.11854
0.116756
0.114787
0.112637
0.110326
0.107874
0.105055
0.101678
-0.00999441
-0.0134799
-0.0163777
-0.0188872
-0.0212439
-0.0234288
-0.025422
-0.0272222
-0.028829
-0.0302413
-0.0314584
-0.0324807
-0.0333088
-0.0339436
-0.0343868
-0.0346401
-0.0347059
-0.0345866
-0.0342852
-0.0338045
-0.0331476
-0.0323177
-0.0313178
-0.0301514
-0.0288221
-0.0273337
-0.0256906
-0.0238974
-0.0219589
-0.0198804
-0.017667
-0.0153241
-0.012857
-0.0102713
-0.00757235
-0.00476568
-0.00185702
0.00114777
0.00424262
0.00742144
0.0106783
0.0140075
0.0174031
0.020859
0.0243693
0.0279276
0.0315274
0.0351617
0.0388237
0.0425067
0.0462041
0.0499088
0.0536131
0.05731
0.0609924
0.0646538
0.068287
0.0718841
0.0754374
0.0789391
0.0823823
0.0857597
0.0890637
0.0922864
0.0954198
0.0984563
0.101389
0.10421
0.106913
0.10949
0.111933
0.114235
0.116388
0.118388
0.120229
0.121904
0.123408
0.124735
0.125879
0.126835
0.127599
0.128168
0.128539
0.128709
0.128676
0.128439
0.127997
0.127348
0.126494
0.125435
0.124172
0.12271
0.121051
0.119198
0.117153
0.114919
0.112518
0.109971
0.107044
0.10354
-0.012296
-0.0159084
-0.018912
-0.021513
-0.0239555
-0.0262196
-0.0282844
-0.0301485
-0.0318113
-0.0332717
-0.0345289
-0.0355832
-0.0364353
-0.0370863
-0.0375378
-0.037792
-0.0378513
-0.0377185
-0.0373966
-0.0368888
-0.0361984
-0.0353288
-0.0342834
-0.0330657
-0.0316797
-0.0301295
-0.0284197
-0.026555
-0.0245408
-0.0223824
-0.0200853
-0.0176551
-0.0150974
-0.0124179
-0.00962212
-0.00671584
-0.003705
-0.000595553
0.00260641
0.00589466
0.00926307
0.0127057
0.0162166
0.0197896
0.0234184
0.0270966
0.0308176
0.0345743
0.0383598
0.0421671
0.0459896
0.0498197
0.0536501
0.0574731
0.0612819
0.0650695
0.0688288
0.0725517
0.0762304
0.079857
0.083424
0.0869241
0.0903493
0.0936916
0.0969428
0.100095
0.10314
0.106072
0.108882
0.111563
0.114106
0.116504
0.118749
0.120835
0.122757
0.124508
0.126081
0.127471
0.12867
0.129675
0.13048
0.131081
0.131477
0.131663
0.131637
0.131399
0.130946
0.130278
0.129396
0.128299
0.126991
0.125473
0.12375
0.121824
0.119698
0.117376
0.11488
0.112234
0.109194
0.105555
-0.0147682
-0.0185151
-0.0216308
-0.0243284
-0.0268611
-0.0292084
-0.0313483
-0.0332792
-0.0350004
-0.0365105
-0.037809
-0.038896
-0.0397722
-0.040439
-0.0408982
-0.0411519
-0.041203
-0.0410545
-0.0407097
-0.040172
-0.0394449
-0.0385321
-0.0374373
-0.0361642
-0.0347171
-0.0331004
-0.0313189
-0.0293778
-0.0272825
-0.0250389
-0.0226526
-0.0201294
-0.0174753
-0.0146961
-0.0117975
-0.0087856
-0.00566643
-0.0024461
0.000869267
0.00427332
0.00775968
0.0113223
0.014955
0.0186516
0.0224056
0.0262104
0.0300591
0.0339449
0.0378606
0.0417991
0.0457534
0.0497161
0.0536796
0.0576362
0.0615787
0.0655001
0.0693929
0.0732492
0.0770609
0.0808198
0.0845183
0.0881486
0.0917027
0.0951723
0.0985489
0.101824
0.104991
0.10804
0.110965
0.113757
0.116407
0.118908
0.121252
0.123432
0.125441
0.127274
0.128922
0.13038
0.13164
0.132698
0.133548
0.134187
0.13461
0.134815
0.1348
0.134562
0.1341
0.133414
0.132503
0.131368
0.130011
0.128436
0.126645
0.124643
0.122432
0.120017
0.117422
0.114671
0.111511
0.107729
-0.0174168
-0.0213063
-0.0245406
-0.0273405
-0.0299684
-0.0324031
-0.0346219
-0.0366227
-0.0384046
-0.0399664
-0.0413073
-0.0424277
-0.0433282
-0.0440105
-0.0444764
-0.0447285
-0.0447696
-0.0446033
-0.0442329
-0.0436622
-0.0428951
-0.0419353
-0.040787
-0.0394542
-0.0379413
-0.0362531
-0.0343948
-0.0323719
-0.0301902
-0.0278557
-0.0253745
-0.0227525
-0.0199959
-0.0171109
-0.0141033
-0.0109795
-0.00774562
-0.004408
-0.000972746
0.00255363
0.00616453
0.00985368
0.0136149
0.0174419
0.0213278
0.0252658
0.0292491
0.0332707
0.0373234
0.0413999
0.0454931
0.0495956
0.0536994
0.057797
0.0618807
0.0659434
0.0699775
0.0739748
0.0779272
0.0818262
0.085664
0.0894324
0.0931234
0.0967283
0.100238
0.103645
0.10694
0.110115
0.113162
0.116073
0.118839
0.121452
0.123902
0.126182
0.128286
0.130206
0.131936
0.133468
0.134795
0.135911
0.136812
0.137491
0.137947
0.138175
0.138172
0.137937
0.137468
0.136764
0.135824
0.134649
0.133243
0.131607
0.129746
0.127664
0.125364
0.122852
0.120153
0.11729
0.114002
0.110066
-0.0202481
-0.0242889
-0.0276489
-0.0305571
-0.0332856
-0.0358125
-0.038114
-0.0401879
-0.0420332
-0.0436485
-0.0450333
-0.0461878
-0.0471128
-0.0478101
-0.0482819
-0.0485308
-0.0485601
-0.0483736
-0.0479749
-0.047368
-0.0465572
-0.0455466
-0.0443403
-0.042943
-0.0413593
-0.0395944
-0.037654
-0.0355437
-0.0332698
-0.0308387
-0.0282564
-0.0255293
-0.0226639
-0.0196667
-0.0165437
-0.0133014
-0.00994627
-0.0064847
-0.00292287
0.000732565
0.00447478
0.00829734
0.012194
0.0161582
0.0201829
0.0242611
0.0283859
0.0325503
0.0367469
0.0409686
0.0452079
0.0494573
0.0537089
0.0579549
0.0621875
0.0663991
0.0705822
0.0747284
0.0788293
0.0828764
0.0868614
0.0907761
0.0946121
0.0983604
0.102012
0.105558
0.10899
0.112299
0.115478
0.118516
0.121406
0.124137
0.126701
0.12909
0.131296
0.133311
0.135129
0.136742
0.138141
0.139322
0.140278
0.141004
0.141496
0.14175
0.141764
0.141534
0.141059
0.140337
0.139368
0.138153
0.136695
0.134996
0.133062
0.130896
0.128504
0.125889
0.123079
0.120099
0.116673
0.112572
-0.0232692
-0.0274707
-0.0309639
-0.0339867
-0.0368217
-0.0394458
-0.0418342
-0.0439846
-0.045896
-0.047567
-0.048997
-0.0501862
-0.0511359
-0.0518478
-0.0523244
-0.0525686
-0.0525841
-0.0523747
-0.0519446
-0.0512982
-0.0504397
-0.0493738
-0.0481049
-0.046638
-0.0449781
-0.043131
-0.0411027
-0.0388991
-0.0365269
-0.0339928
-0.0313032
-0.0284645
-0.0254837
-0.0223676
-0.0191225
-0.0157549
-0.0122716
-0.00867921
-0.00498388
-0.00119243
0.0026881
0.0066511
0.0106903
0.0147988
0.0189694
0.023195
0.0274684
0.0317827
0.0361306
0.0405047
0.0448973
0.0493011
0.053708
0.0581099
0.062499
0.0668675
0.0712073
0.0755103
0.0797678
0.0839711
0.0881116
0.0921809
0.0961702
0.10007
0.103872
0.107567
0.111144
0.114596
0.117914
0.121089
0.12411
0.126969
0.129655
0.13216
0.134475
0.136594
0.138507
0.140207
0.141686
0.142938
0.143955
0.144732
0.145266
0.14555
0.145583
0.145361
0.144882
0.144143
0.143145
0.141889
0.140377
0.138614
0.136603
0.13435
0.13186
0.129137
0.126209
0.123101
0.119528
0.11525
-0.0264876
-0.0308602
-0.0344949
-0.0376391
-0.0405867
-0.0433133
-0.045793
-0.0480235
-0.050004
-0.0517327
-0.0532092
-0.0544339
-0.0554082
-0.0561341
-0.0566143
-0.0568521
-0.0568513
-0.0566163
-0.0561514
-0.0554614
-0.054551
-0.0534249
-0.0520883
-0.0505463
-0.0488046
-0.0468693
-0.0447469
-0.0424438
-0.0399669
-0.0373232
-0.0345195
-0.0315625
-0.0284596
-0.0252177
-0.0218434
-0.0183435
-0.0147251
-0.0109948
-0.00715891
-0.00322433
0.000801657
0.00491228
0.00910112
0.0133612
0.0176851
0.0220652
0.0264945
0.0309662
0.0354728
0.0400067
0.0445603
0.049126
0.0536958
0.0582615
0.0628148
0.0673479
0.0718526
0.0763204
0.0807427
0.0851105
0.089415
0.0936474
0.0977987
0.10186
0.105821
0.109672
0.113404
0.117008
0.120475
0.123794
0.126956
0.12995
0.132767
0.135397
0.137831
0.14006
0.142077
0.143872
0.145438
0.146766
0.147851
0.148686
0.149265
0.149585
0.149641
0.149428
0.148946
0.148192
0.147165
0.145868
0.144301
0.142471
0.140381
0.138037
0.135443
0.132604
0.129549
0.126304
0.122573
0.118107
-0.0299115
-0.0344667
-0.0382518
-0.0415245
-0.0445911
-0.0474258
-0.0500016
-0.0523162
-0.0543686
-0.0561572
-0.0576816
-0.0589424
-0.0599412
-0.0606802
-0.0611626
-0.0613918
-0.0613722
-0.0611082
-0.0606048
-0.0598669
-0.0588997
-0.0577083
-0.0562983
-0.0546755
-0.0528458
-0.0508161
-0.0485932
-0.0461839
-0.0435956
-0.0408356
-0.0379109
-0.0348286
-0.0315965
-0.0282219
-0.0247113
-0.021072
-0.0173112
-0.0134359
-0.00945214
-0.00536719
-0.00118852
0.00307695
0.00742272
0.0118417
0.016326
0.0208681
0.0254609
0.0300975
0.0347704
0.0394718
0.0441939
0.0489291
0.0536695
0.0584068
0.0631324
0.0678381
0.0725157
0.0771567
0.0817523
0.0862932
0.0907704
0.0951747
0.0994971
0.103728
0.107857
0.111875
0.115771
0.119536
0.123161
0.126634
0.129946
0.133086
0.136042
0.138806
0.141367
0.143716
0.145845
0.147743
0.149403
0.150816
0.151975
0.152873
0.153505
0.153864
0.153946
0.153747
0.153264
0.152496
0.151441
0.150102
0.14848
0.146581
0.144407
0.141966
0.139262
0.1363
0.133109
0.129719
0.12582
0.121152
-0.0335501
-0.0382999
-0.0422451
-0.0456542
-0.0488466
-0.0517954
-0.0544724
-0.056875
-0.0590025
-0.0608531
-0.0624267
-0.0637241
-0.0647471
-0.0654983
-0.0659811
-0.0661994
-0.0661578
-0.0658613
-0.0653151
-0.0645246
-0.0634953
-0.062233
-0.0607437
-0.0590338
-0.0571098
-0.054979
-0.0526488
-0.0501264
-0.0474196
-0.0445362
-0.0414835
-0.0382688
-0.0349003
-0.0313856
-0.0277316
-0.0239455
-0.0200351
-0.0160073
-0.0118685
-0.00762581
-0.00328713
0.0011405
0.0056505
0.0102357
0.0148879
0.0195994
0.0243632
0.0291722
0.034019
0.0388956
0.043794
0.0487066
0.0536254
0.0585421
0.063448
0.0683346
0.0731934
0.0780161
0.0827936
0.0875165
0.0921754
0.0967609
0.101264
0.105674
0.109981
0.114175
0.118245
0.122181
0.125973
0.129611
0.133082
0.136377
0.139483
0.14239
0.145088
0.147567
0.149816
0.151827
0.15359
0.155095
0.156336
0.157304
0.157993
0.158397
0.15851
0.158328
0.157848
0.157068
0.155987
0.154606
0.152928
0.150956
0.148696
0.146152
0.143331
0.140236
0.136902
0.133358
0.12928
0.124398
-0.0374134
-0.0423707
-0.0464863
-0.0500403
-0.0533659
-0.0564352
-0.0592186
-0.0617136
-0.0639192
-0.065834
-0.0674581
-0.0687925
-0.0698392
-0.0706014
-0.0710826
-0.0712872
-0.0712203
-0.0708872
-0.0702935
-0.0694451
-0.0683482
-0.0670089
-0.065434
-0.0636304
-0.0616052
-0.0593662
-0.0569215
-0.0542788
-0.0514462
-0.0484321
-0.0452439
-0.0418894
-0.038377
-0.0347147
-0.0309096
-0.0269693
-0.0229017
-0.0187139
-0.0144124
-0.0100045
-0.00549837
-0.00090116
0.00378049
0.00853927
0.0133669
0.0182555
0.0231977
0.0281869
0.0332153
0.0382748
0.0433573
0.048455
0.0535602
0.0586643
0.0637586
0.0688343
0.0738829
0.0788957
0.0838639
0.0887778
0.0936277
0.0984038
0.103097
0.107696
0.112191
0.116571
0.120825
0.124943
0.128913
0.132725
0.136367
0.139827
0.143093
0.146155
0.149
0.151618
0.153998
0.156131
0.158006
0.159613
0.160943
0.161989
0.162742
0.163196
0.163346
0.163185
0.162712
0.161923
0.160817
0.159394
0.157658
0.155612
0.15326
0.150608
0.147662
0.144429
0.140942
0.137235
0.132968
0.127854
-0.0415128
-0.0466913
-0.0509883
-0.0546961
-0.0581628
-0.0613593
-0.0642547
-0.0668463
-0.0691334
-0.0711147
-0.0727905
-0.0741622
-0.0752321
-0.0760036
-0.0764808
-0.0766686
-0.0765724
-0.0761981
-0.0755518
-0.0746399
-0.0734693
-0.0720466
-0.0703792
-0.0684748
-0.066341
-0.0639864
-0.0614196
-0.0586489
-0.0556827
-0.05253
-0.0491985
-0.0456963
-0.0420322
-0.0382145
-0.0342505
-0.030148
-0.0259153
-0.0215596
-0.0170876
-0.0125068
-0.00782537
-0.00305089
0.00181003
0.00675005
0.0117608
0.016834
0.0219625
0.0271395
0.0323573
0.0376075
0.0428819
0.0481727
0.0534721
0.0587717
0.0640626
0.0693358
0.0745826
0.0797944
0.0849621
0.0900761
0.0951264
0.100103
0.104995
0.109794
0.114487
0.119064
0.123513
0.127823
0.131982
0.135979
0.139802
0.143439
0.146877
0.150104
0.153107
0.155876
0.158398
0.160663
0.16266
0.164377
0.165806
0.166938
0.167763
0.168275
0.168467
0.168333
0.16787
0.167075
0.165945
0.164482
0.162686
0.160562
0.158114
0.155349
0.152273
0.148893
0.145246
0.141365
0.136893
0.131531
-0.0458606
-0.0512749
-0.055765
-0.0596361
-0.0632523
-0.0665831
-0.0695961
-0.072289
-0.0746609
-0.0767111
-0.0784398
-0.0798488
-0.0809409
-0.0817199
-0.0821905
-0.0823578
-0.082228
-0.0818074
-0.0811027
-0.0801212
-0.0788701
-0.077357
-0.0755898
-0.0735769
-0.0713267
-0.0688484
-0.0661513
-0.0632443
-0.0601364
-0.0568367
-0.0533537
-0.0496955
-0.0458713
-0.0418899
-0.0377587
-0.0334857
-0.0290796
-0.0245478
-0.0198971
-0.0151353
-0.0102707
-0.00531102
-0.000262976
0.00486606
0.0100676
0.0153333
0.0206559
0.0260285
0.0314434
0.0368921
0.0423663
0.0478581
0.0533599
0.0588632
0.064359
0.0698381
0.0752918
0.0807114
0.0860878
0.0914112
0.0966713
0.101858
0.10696
0.111968
0.11687
0.121654
0.126309
0.130822
0.135182
0.139377
0.143393
0.147219
0.15084
0.154244
0.157418
0.160348
0.163024
0.165432
0.167561
0.169399
0.170937
0.172163
0.173069
0.173646
0.173887
0.173786
0.173339
0.17254
0.171388
0.169884
0.168027
0.165822
0.163274
0.160391
0.157178
0.153645
0.149827
0.145759
0.141067
0.135437
-0.05047
-0.0561358
-0.0608313
-0.0648759
-0.0686504
-0.0721229
-0.0752598
-0.0780586
-0.080519
-0.0826402
-0.0844228
-0.0858691
-0.0869822
-0.0877664
-0.088227
-0.0883697
-0.0882012
-0.0877286
-0.0869594
-0.0859014
-0.0845626
-0.0829514
-0.0810763
-0.0789467
-0.0765716
-0.073961
-0.071125
-0.0680729
-0.0648144
-0.061359
-0.0577156
-0.0538926
-0.0498997
-0.0457458
-0.0414387
-0.0369867
-0.0323986
-0.0276822
-0.0228446
-0.0178934
-0.0128376
-0.00768464
-0.00244149
0.00288446
0.00828459
0.0137505
0.0192749
0.0248509
0.0304707
0.0361259
0.0418078
0.0475087
0.0532211
0.0589364
0.0646455
0.0703392
0.0760086
0.081645
0.0872393
0.0927816
0.0982612
0.103668
0.10899
0.114218
0.11934
0.124342
0.129214
0.133943
0.138515
0.14292
0.147142
0.151169
0.154986
0.15858
0.161936
0.165042
0.167883
0.170446
0.172719
0.17469
0.176346
0.177677
0.178673
0.179324
0.179622
0.17956
0.179132
0.178334
0.177162
0.175616
0.173698
0.17141
0.16876
0.165753
0.162398
0.1587
0.154699
0.150431
0.145503
0.139587
-0.0553554
-0.0612898
-0.0662041
-0.0704328
-0.0743748
-0.0779969
-0.0812639
-0.0841737
-0.086726
-0.0889204
-0.0907578
-0.0922408
-0.0933732
-0.0941598
-0.0946065
-0.0947198
-0.094507
-0.0939762
-0.0931355
-0.0919934
-0.090559
-0.0888412
-0.0868497
-0.0845943
-0.0820853
-0.0793332
-0.076349
-0.0731427
-0.0697242
-0.0661039
-0.0622908
-0.0582939
-0.0541231
-0.0497877
-0.0452958
-0.0406558
-0.0358771
-0.0309676
-0.0259344
-0.0207857
-0.0155303
-0.010176
-0.00472977
0.000800944
0.00640744
0.0120812
0.0178151
0.0236022
0.0294347
0.035304
0.0412016
0.0471197
0.0530508
0.0589865
0.0649176
0.0708347
0.0767288
0.0825913
0.0884129
0.0941838
0.099893
0.10553
0.111083
0.116542
0.121894
0.127127
0.132228
0.137184
0.141982
0.146609
0.15105
0.155292
0.159318
0.163116
0.166668
0.169962
0.172981
0.175713
0.178143
0.180258
0.182046
0.183493
0.184589
0.185324
0.185687
0.185671
0.185268
0.184474
0.183285
0.1817
0.17972
0.177348
0.174591
0.171456
0.167949
0.164077
0.159881
0.155398
0.150218
0.143995
-0.060533
-0.0667541
-0.0719015
-0.0763255
-0.080445
-0.0842248
-0.0876287
-0.0906544
-0.0933021
-0.0955715
-0.0974641
-0.0989829
-0.100132
-0.100918
-0.101346
-0.101425
-0.101161
-0.100565
-0.0996451
-0.0984107
-0.0968719
-0.0950384
-0.092921
-0.0905304
-0.0878777
-0.0849745
-0.0818323
-0.0784618
-0.0748737
-0.0710787
-0.0670863
-0.0629058
-0.0585476
-0.0540213
-0.0493353
-0.0444984
-0.0395201
-0.0344086
-0.0291713
-0.0238165
-0.0183533
-0.0127896
-0.0071323
-0.00138898
0.0044316
0.010321
0.0162719
0.0222777
0.0283305
0.0344218
0.0405428
0.0466861
0.0528441
0.0590085
0.0651702
0.0713195
0.0774475
0.0835453
0.089604
0.0956132
0.101562
0.10744
0.113234
0.118935
0.12453
0.130005
0.135349
0.140545
0.145582
0.150445
0.155119
0.159589
0.16384
0.167855
0.171618
0.175114
0.178327
0.181241
0.183842
0.186116
0.188048
0.189624
0.190832
0.191661
0.192098
0.192135
0.191765
0.19098
0.189777
0.188155
0.186114
0.183658
0.180792
0.177522
0.173854
0.169797
0.165392
0.160682
0.155233
0.148682
-0.0660207
-0.0725481
-0.0779437
-0.0825751
-0.0868822
-0.0908285
-0.0943759
-0.0975225
-0.100269
-0.102615
-0.104563
-0.106116
-0.107279
-0.10806
-0.108465
-0.108502
-0.108181
-0.107511
-0.106503
-0.105168
-0.103515
-0.101556
-0.099302
-0.0967659
-0.0939592
-0.0908943
-0.0875837
-0.0840387
-0.0802705
-0.0762905
-0.0721086
-0.0677345
-0.063179
-0.0584519
-0.0535621
-0.0485189
-0.0433318
-0.0380094
-0.0325592
-0.0269897
-0.0213103
-0.0155288
-0.00965237
-0.00368853
0.00235394
0.00846658
0.0146422
0.0208743
0.0271551
0.0334759
0.0398282
0.0462045
0.0525975
0.058999
0.0653998
0.0717901
0.078161
0.0845036
0.0908088
0.0970665
0.103265
0.109394
0.115442
0.121396
0.127245
0.132976
0.138574
0.144025
0.149314
0.154427
0.159349
0.164063
0.168552
0.172801
0.176791
0.180505
0.183927
0.187039
0.189827
0.192274
0.194365
0.196084
0.197417
0.19835
0.198873
0.198973
0.198642
0.197873
0.196662
0.195006
0.192906
0.190364
0.187384
0.183972
0.180136
0.175882
0.171257
0.166305
0.160569
0.153666
-0.0718382
-0.0786926
-0.0843526
-0.0892043
-0.0937099
-0.0978315
-0.101529
-0.104802
-0.107649
-0.110073
-0.112076
-0.113661
-0.114836
-0.115606
-0.115981
-0.115971
-0.115584
-0.114832
-0.113726
-0.112279
-0.110501
-0.108406
-0.106005
-0.103312
-0.100341
-0.0971028
-0.0936125
-0.0898818
-0.0859225
-0.0817465
-0.0773641
-0.0727856
-0.0680222
-0.0630841
-0.0579806
-0.0527211
-0.0473157
-0.041773
-0.0361008
-0.0303078
-0.0244034
-0.0183957
-0.0122919
-0.0060995
0.000172812
0.00651658
0.0129247
0.0193908
0.0259071
0.0324651
0.0390564
0.0456736
0.0523096
0.0589563
0.0656045
0.0722446
0.0788674
0.085464
0.0920255
0.0985415
0.105001
0.111392
0.117704
0.123924
0.13004
0.136038
0.141904
0.147623
0.15318
0.158558
0.163742
0.168715
0.17346
0.177958
0.182191
0.18614
0.189788
0.193116
0.196108
0.198745
0.20101
0.202886
0.204358
0.20541
0.206029
0.206203
0.205921
0.205176
0.203963
0.202278
0.200119
0.197489
0.194392
0.190833
0.186818
0.182358
0.1775
0.172292
0.166249
0.158966
-0.078007
-0.0852106
-0.0911523
-0.0962377
-0.100953
-0.105259
-0.109114
-0.112517
-0.115469
-0.117972
-0.120028
-0.121643
-0.122824
-0.123579
-0.123918
-0.123851
-0.123389
-0.122545
-0.121331
-0.119761
-0.117847
-0.115603
-0.113044
-0.110182
-0.107033
-0.10361
-0.0999277
-0.0959993
-0.091837
-0.0874531
-0.0828587
-0.0780644
-0.073082
-0.0679221
-0.0625943
-0.0571084
-0.0514747
-0.0457021
-0.0397985
-0.0337729
-0.0276348
-0.0213924
-0.0150529
-0.00862373
-0.00211359
0.0044692
0.0111177
0.0178253
0.0245848
0.0313876
0.0382256
0.0450915
0.0519784
0.0588784
0.0657823
0.0726806
0.0795641
0.0864241
0.0932514
0.100036
0.106766
0.113431
0.120018
0.126515
0.132911
0.13919
0.145339
0.15134
0.157178
0.162837
0.1683
0.173549
0.178566
0.183331
0.187825
0.192028
0.19592
0.199483
0.202695
0.20554
0.207997
0.210047
0.211674
0.212859
0.213588
0.213847
0.213626
0.212914
0.211705
0.209995
0.20778
0.205061
0.201843
0.19813
0.193931
0.189254
0.18415
0.178668
0.172295
0.164605
-0.0845508
-0.0921273
-0.098369
-0.103702
-0.10864
-0.11314
-0.117159
-0.120697
-0.123756
-0.126337
-0.128446
-0.130087
-0.13127
-0.132003
-0.132297
-0.132164
-0.131617
-0.130669
-0.129336
-0.12763
-0.125567
-0.123162
-0.12043
-0.117386
-0.114046
-0.110425
-0.106538
-0.102399
-0.098021
-0.0934168
-0.088598
-0.0835761
-0.078363
-0.07297
-0.067407
-0.0616842
-0.0558121
-0.0497998
-0.0436555
-0.0373883
-0.0310077
-0.024522
-0.0179384
-0.0112645
-0.00450858
0.00232099
0.00921741
0.0161743
0.0231844
0.0302396
0.0373317
0.0444538
0.0515993
0.0587605
0.0659283
0.0730932
0.0802462
0.0873785
0.0944813
0.101544
0.108556
0.115505
0.122379
0.129167
0.135855
0.142429
0.148874
0.155172
0.161308
0.167264
0.173022
0.178565
0.183872
0.188924
0.193698
0.198174
0.20233
0.206146
0.2096
0.212671
0.215339
0.217582
0.21938
0.220715
0.22157
0.221929
0.22178
0.221112
0.219916
0.218185
0.215916
0.21311
0.209768
0.205897
0.201505
0.1966
0.191236
0.18546
0.178734
0.170608
-0.0914958
-0.0994704
-0.106031
-0.111628
-0.116799
-0.121502
-0.125693
-0.129371
-0.132539
-0.135199
-0.137357
-0.139021
-0.140198
-0.140901
-0.141141
-0.140932
-0.140288
-0.139225
-0.137758
-0.135903
-0.133677
-0.131096
-0.128178
-0.124938
-0.121392
-0.117559
-0.113453
-0.10909
-0.104482
-0.099644
-0.094588
-0.0893257
-0.0838699
-0.0782321
-0.0724227
-0.0664523
-0.0603314
-0.0540696
-0.0476751
-0.0411573
-0.0345255
-0.0277882
-0.0209523
-0.0140256
-0.00701621
6.76988e-05
0.0072195
0.014433
0.0217011
0.0290158
0.0363694
0.0437551
0.0511667
0.0585967
0.0660362
0.0734759
0.080907
0.0883208
0.0957085
0.10306
0.110364
0.117609
0.124783
0.131873
0.138867
0.14575
0.152505
0.159116
0.165566
0.171836
0.177908
0.183763
0.18938
0.194737
0.199812
0.204582
0.209024
0.213115
0.216832
0.220151
0.22305
0.225505
0.227495
0.228999
0.229997
0.230473
0.23041
0.229797
0.228623
0.226879
0.224561
0.221667
0.218202
0.21417
0.209577
0.204432
0.198789
0.192702
0.185599
0.177005
-0.0988707
-0.10727
-0.114171
-0.120046
-0.125464
-0.130381
-0.134751
-0.138572
-0.14185
-0.144588
-0.146793
-0.148473
-0.149638
-0.150302
-0.150477
-0.150179
-0.149425
-0.148232
-0.146617
-0.144598
-0.142194
-0.139422
-0.1363
-0.132848
-0.129083
-0.125021
-0.120681
-0.116078
-0.111227
-0.106141
-0.100834
-0.0953183
-0.089607
-0.0837122
-0.0776447
-0.0714156
-0.0650356
-0.0585141
-0.0518599
-0.0450823
-0.0381906
-0.0311931
-0.024097
-0.0169095
-0.00963908
-0.0022934
0.00512108
0.0125984
0.0201316
0.0277129
0.0353351
0.0429916
0.0506765
0.0583827
0.0661016
0.0738241
0.0815415
0.0892456
0.0969277
0.104578
0.112185
0.119737
0.127222
0.134627
0.14194
0.149146
0.156227
0.163167
0.169947
0.176549
0.182954
0.189141
0.195089
0.200773
0.206171
0.211258
0.216009
0.220398
0.2244
0.227991
0.231144
0.233835
0.236039
0.237732
0.238894
0.239503
0.239544
0.238999
0.237858
0.236109
0.233748
0.230772
0.227182
0.222984
0.218182
0.212784
0.206847
0.200429
0.192925
0.183831
-0.106707
-0.115561
-0.122823
-0.128993
-0.134671
-0.139812
-0.144367
-0.148336
-0.151725
-0.154539
-0.156786
-0.158475
-0.159619
-0.160232
-0.16033
-0.15993
-0.159051
-0.157712
-0.155932
-0.153733
-0.151133
-0.148153
-0.144812
-0.141131
-0.137128
-0.132822
-0.128231
-0.123373
-0.118262
-0.112913
-0.107341
-0.101557
-0.0955774
-0.0894129
-0.0830752
-0.0765759
-0.0699258
-0.0631344
-0.0562106
-0.0491638
-0.0420033
-0.0347372
-0.0273725
-0.0199166
-0.0123775
-0.00476265
0.00292169
0.0106698
0.0184751
0.0263301
0.0342277
0.042162
0.0501273
0.0581168
0.0661224
0.0741354
0.0821474
0.0901504
0.0981359
0.106094
0.114014
0.121884
0.129692
0.137426
0.145072
0.152614
0.160037
0.167322
0.17445
0.181403
0.18816
0.1947
0.200999
0.207034
0.212779
0.218206
0.22329
0.228002
0.232316
0.236204
0.239637
0.242589
0.245031
0.246937
0.248284
0.249048
0.249209
0.24875
0.247655
0.245913
0.243517
0.240463
0.236749
0.232381
0.227361
0.221696
0.21545
0.208682
0.20075
0.19112
-0.115041
-0.124379
-0.132026
-0.138507
-0.14446
-0.149835
-0.154582
-0.158702
-0.162202
-0.165088
-0.16737
-0.169059
-0.170171
-0.170721
-0.170727
-0.17021
-0.169189
-0.167686
-0.165725
-0.163326
-0.160512
-0.157305
-0.153726
-0.149797
-0.145538
-0.140969
-0.136111
-0.130979
-0.125592
-0.119965
-0.114111
-0.108046
-0.101783
-0.0953354
-0.088715
-0.0819335
-0.075002
-0.0679301
-0.0607267
-0.0534011
-0.0459627
-0.0384194
-0.0307782
-0.0230461
-0.0152309
-0.0073397
0.00062153
0.00864731
0.0167313
0.0248666
0.0330464
0.0412651
0.0495176
0.0577973
0.0660968
0.0744077
0.082722
0.0910321
0.0993298
0.107606
0.115849
0.124048
0.13219
0.140264
0.148256
0.15615
0.16393
0.171577
0.179072
0.186394
0.193524
0.200438
0.207113
0.213522
0.219637
0.225431
0.230874
0.235937
0.24059
0.244803
0.248545
0.251784
0.254492
0.256637
0.258194
0.259135
0.259438
0.259082
0.25805
0.256329
0.253908
0.250781
0.246945
0.242403
0.237156
0.231214
0.224643
0.217505
0.209116
0.198912
-0.12391
-0.133765
-0.141821
-0.148633
-0.154874
-0.160493
-0.165437
-0.16971
-0.173319
-0.176273
-0.178583
-0.180263
-0.18133
-0.181802
-0.1817
-0.181046
-0.179865
-0.178179
-0.176015
-0.173396
-0.170348
-0.166893
-0.163055
-0.158858
-0.154323
-0.149472
-0.144326
-0.138904
-0.133223
-0.127299
-0.121148
-0.114785
-0.108225
-0.10148
-0.0945642
-0.0874883
-0.0802638
-0.0729005
-0.0654072
-0.0577933
-0.050068
-0.0422391
-0.0343134
-0.0262977
-0.0181993
-0.010025
-0.00178031
0.00652953
0.0148986
0.0233202
0.0317884
0.0402978
0.0488438
0.0574203
0.0660204
0.0746362
0.0832601
0.0918852
0.100504
0.109106
0.117682
0.12622
0.134708
0.143135
0.151487
0.159747
0.1679
0.175925
0.183805
0.191517
0.199041
0.206352
0.213426
0.220234
0.226747
0.232935
0.238766
0.244209
0.249232
0.2538
0.25788
0.261439
0.264442
0.266855
0.268649
0.269794
0.270263
0.270033
0.269085
0.2674
0.264965
0.261772
0.257816
0.253098
0.24762
0.241389
0.234476
0.226946
0.218071
0.207251
-0.133358
-0.143766
-0.152256
-0.159417
-0.16596
-0.171833
-0.17698
-0.181407
-0.185123
-0.188138
-0.190466
-0.192124
-0.193131
-0.193508
-0.193279
-0.192469
-0.191106
-0.189215
-0.186826
-0.183964
-0.180657
-0.176931
-0.172812
-0.168324
-0.163492
-0.158338
-0.152884
-0.147151
-0.141156
-0.134919
-0.128454
-0.121777
-0.114903
-0.107848
-0.100622
-0.0932395
-0.0857103
-0.0780445
-0.0702511
-0.0623393
-0.0543183
-0.0461955
-0.0379776
-0.0296711
-0.0212829
-0.012819
-0.00428482
0.00431495
0.0129747
0.0216885
0.0304506
0.0392564
0.0481017
0.056981
0.0658878
0.074815
0.0837556
0.092703
0.10165
0.110588
0.119506
0.128393
0.137239
0.14603
0.154755
0.163396
0.171938
0.18036
0.188643
0.196766
0.204705
0.212437
0.219935
0.227168
0.234107
0.240718
0.246969
0.252824
0.258249
0.263206
0.267659
0.27157
0.274902
0.277616
0.279679
0.281058
0.281721
0.281643
0.280799
0.279169
0.276736
0.273486
0.269415
0.264521
0.258807
0.252278
0.245006
0.23706
0.227667
0.216191
-0.143434
-0.15443
-0.163382
-0.170911
-0.17777
-0.183906
-0.189261
-0.193842
-0.19766
-0.200728
-0.203063
-0.204684
-0.205613
-0.205875
-0.205497
-0.204509
-0.202939
-0.200819
-0.198178
-0.195048
-0.191458
-0.187436
-0.18301
-0.178207
-0.173053
-0.167573
-0.161789
-0.155723
-0.149396
-0.142825
-0.136028
-0.12902
-0.121818
-0.114437
-0.106888
-0.0991854
-0.0913394
-0.0833599
-0.0752559
-0.0670367
-0.058711
-0.0502862
-0.0417686
-0.0331643
-0.0244796
-0.0157203
-0.00689083
0.00200429
0.0109601
0.019971
0.0290322
0.0381397
0.0472894
0.0564769
0.0656961
0.0749407
0.0842042
0.0934808
0.102764
0.112045
0.121314
0.13056
0.139774
0.148943
0.158053
0.16709
0.176037
0.184873
0.193579
0.202133
0.210511
0.218688
0.226636
0.234323
0.241717
0.248783
0.255486
0.261788
0.26765
0.273033
0.277896
0.282197
0.285893
0.288945
0.291313
0.292959
0.29385
0.293953
0.29324
0.291686
0.28927
0.285977
0.281799
0.276733
0.270778
0.26394
0.256292
0.247907
0.237964
0.225786
-0.15419
-0.165814
-0.175256
-0.183172
-0.190362
-0.19677
-0.202336
-0.207069
-0.210983
-0.214094
-0.216421
-0.217987
-0.218818
-0.218943
-0.218392
-0.217197
-0.215394
-0.213015
-0.210096
-0.206669
-0.202766
-0.19842
-0.19366
-0.188516
-0.183014
-0.177182
-0.171045
-0.164625
-0.157943
-0.151018
-0.14387
-0.136514
-0.128967
-0.121244
-0.113358
-0.105322
-0.0971468
-0.0888422
-0.0804171
-0.0718808
-0.0632417
-0.0545068
-0.0456819
-0.036773
-0.0277856
-0.0187249
-0.009595
-0.000399546
0.00885701
0.0181699
0.0275348
0.0369483
0.0464073
0.0559076
0.0654442
0.0750114
0.0846037
0.0942157
0.103841
0.113473
0.123102
0.132717
0.142309
0.151866
0.161376
0.170823
0.18019
0.189459
0.198607
0.207613
0.216453
0.2251
0.233525
0.241695
0.249576
0.257131
0.264321
0.271106
0.277445
0.283293
0.288605
0.293336
0.29744
0.30087
0.303583
0.305536
0.306689
0.307007
0.306454
0.305002
0.302625
0.299306
0.295031
0.289798
0.2836
0.276441
0.2684
0.259553
0.249026
0.2361
-0.165684
-0.177978
-0.187939
-0.196263
-0.203798
-0.210486
-0.216266
-0.221147
-0.225149
-0.22829
-0.230592
-0.232082
-0.232791
-0.232751
-0.231998
-0.230568
-0.2285
-0.225832
-0.222601
-0.218845
-0.214599
-0.209897
-0.204773
-0.199257
-0.193381
-0.187171
-0.180654
-0.173855
-0.166795
-0.159496
-0.151976
-0.144253
-0.136344
-0.128264
-0.120026
-0.111643
-0.103126
-0.0944852
-0.0857286
-0.0768656
-0.0679044
-0.0588514
-0.0497123
-0.0404922
-0.0311964
-0.0218291
-0.0123938
-0.00289351
0.00666802
0.0162868
0.0259593
0.0356828
0.0454547
0.0552719
0.0651301
0.0750245
0.0849505
0.0949035
0.104878
0.114867
0.124863
0.134856
0.144836
0.154793
0.164715
0.174586
0.18439
0.194108
0.203718
0.213198
0.222524
0.231667
0.240597
0.249281
0.257682
0.26576
0.273475
0.280783
0.287639
0.293995
0.299802
0.305009
0.309564
0.313418
0.316521
0.318824
0.320282
0.320851
0.320494
0.319174
0.316862
0.313536
0.30918
0.303785
0.297342
0.289854
0.281404
0.272072
0.260926
0.247201
-0.177982
-0.190989
-0.201501
-0.210254
-0.218148
-0.225124
-0.231117
-0.236142
-0.240221
-0.243374
-0.24563
-0.24702
-0.247578
-0.247343
-0.246355
-0.244656
-0.242288
-0.239294
-0.235716
-0.231595
-0.22697
-0.221879
-0.216358
-0.210439
-0.204156
-0.197539
-0.190616
-0.183412
-0.175951
-0.168255
-0.160342
-0.152233
-0.143944
-0.13549
-0.126885
-0.118141
-0.10927
-0.100281
-0.0911829
-0.081984
-0.0726922
-0.0633138
-0.0538538
-0.0443167
-0.0347071
-0.0250285
-0.0152836
-0.00547467
0.00439527
0.0143231
0.0243062
0.0343425
0.0444304
0.0545676
0.0647507
0.074976
0.0852397
0.0955382
0.105867
0.11622
0.12659
0.136968
0.147346
0.157714
0.168059
0.178369
0.188625
0.198809
0.208901
0.218877
0.228713
0.238379
0.247844
0.257074
0.266029
0.274668
0.282948
0.290821
0.298239
0.30515
0.311499
0.317231
0.322289
0.326618
0.33016
0.332862
0.33467
0.335536
0.335414
0.334263
0.332048
0.328741
0.32432
0.318771
0.312085
0.304261
0.295387
0.285546
0.273743
0.259167
-0.191153
-0.204921
-0.216017
-0.22522
-0.233488
-0.240757
-0.246964
-0.252124
-0.256264
-0.25941
-0.261595
-0.262854
-0.263229
-0.262764
-0.261503
-0.259495
-0.256787
-0.253427
-0.249462
-0.244937
-0.239895
-0.234377
-0.228421
-0.222065
-0.215343
-0.208288
-0.200928
-0.193292
-0.185404
-0.177286
-0.16896
-0.160444
-0.151756
-0.142912
-0.133924
-0.124806
-0.115568
-0.10622
-0.0967703
-0.0872266
-0.0775964
-0.0678855
-0.0580982
-0.0482388
-0.0383107
-0.0283167
-0.0182585
-0.00813781
0.00204327
0.0122826
0.0225783
0.0329296
0.0433355
0.0537947
0.0643051
0.0748639
0.0854685
0.0961162
0.106804
0.117526
0.128276
0.139047
0.149831
0.160619
0.1714
0.18216
0.192884
0.203553
0.214146
0.22464
0.23501
0.245226
0.255257
0.265065
0.274611
0.283851
0.292737
0.301221
0.309249
0.316764
0.323708
0.33002
0.335638
0.340497
0.344535
0.34769
0.349903
0.351115
0.351275
0.350336
0.348254
0.344994
0.34053
0.334841
0.327916
0.319753
0.31044
0.300065
0.287568
0.272084
-0.205277
-0.219857
-0.231572
-0.241248
-0.249902
-0.25747
-0.263886
-0.26917
-0.273353
-0.276467
-0.278549
-0.279644
-0.279797
-0.27906
-0.277483
-0.275121
-0.272028
-0.268257
-0.26386
-0.258887
-0.253384
-0.247398
-0.240969
-0.234138
-0.226941
-0.219413
-0.211585
-0.203488
-0.195145
-0.186582
-0.177819
-0.168875
-0.15977
-0.150517
-0.141131
-0.131625
-0.122008
-0.11229
-0.102478
-0.0925809
-0.0826047
-0.0725547
-0.0624346
-0.0522479
-0.041997
-0.0316839
-0.0213095
-0.0108746
-0.000380348
0.010172
0.0207819
0.0314492
0.0421743
0.0529568
0.0637958
0.0746898
0.0856372
0.0966367
0.107686
0.118781
0.129916
0.141086
0.152283
0.163501
0.174728
0.185952
0.197158
0.208327
0.21944
0.230474
0.241404
0.252198
0.262826
0.273247
0.283421
0.293302
0.30284
0.311982
0.320671
0.328846
0.336443
0.343395
0.349632
0.355085
0.359681
0.363351
0.366028
0.367645
0.368143
0.367464
0.365558
0.36238
0.357899
0.352089
0.344935
0.336429
0.326664
0.31573
0.302498
0.286047
-0.220443
-0.23589
-0.248261
-0.258431
-0.267485
-0.275355
-0.281973
-0.287365
-0.291567
-0.294618
-0.296562
-0.297451
-0.297337
-0.29628
-0.294338
-0.291572
-0.288042
-0.283809
-0.278929
-0.273459
-0.267449
-0.260948
-0.254003
-0.246655
-0.238945
-0.230908
-0.22258
-0.213989
-0.205164
-0.196129
-0.186904
-0.177512
-0.167968
-0.158289
-0.14849
-0.138581
-0.128573
-0.118473
-0.108291
-0.0980319
-0.0877028
-0.0773077
-0.0668498
-0.0563314
-0.0457543
-0.0351193
-0.0244265
-0.0136757
-0.00286729
0.0079989
0.0189233
0.0299069
0.0409512
0.0520572
0.063225
0.0744547
0.085746
0.0970987
0.108512
0.119982
0.131507
0.14308
0.154698
0.166352
0.178035
0.189734
0.201436
0.213122
0.224774
0.236369
0.247882
0.259283
0.270538
0.281608
0.29245
0.303015
0.313252
0.323103
0.332509
0.341403
0.349714
0.357371
0.364296
0.37041
0.375634
0.379889
0.383099
0.385188
0.386085
0.385723
0.384042
0.38099
0.376525
0.370619
0.363247
0.354399
0.344169
0.332653
0.318643
0.301164
-0.236749
-0.25312
-0.266187
-0.276875
-0.28634
-0.294512
-0.301322
-0.306801
-0.310994
-0.313945
-0.315708
-0.316342
-0.315909
-0.314477
-0.312112
-0.308883
-0.304859
-0.300106
-0.294688
-0.288666
-0.282096
-0.275031
-0.267522
-0.259613
-0.251347
-0.242764
-0.233898
-0.224782
-0.215444
-0.205909
-0.196199
-0.186334
-0.176333
-0.166211
-0.155981
-0.145656
-0.135244
-0.124753
-0.114191
-0.103563
-0.0928743
-0.0821292
-0.0713293
-0.060476
-0.0495701
-0.0386114
-0.0275991
-0.0165321
-0.00540949
0.00577006
0.0170082
0.0283073
0.0396698
0.0510982
0.062594
0.0741587
0.0857935
0.0974995
0.109277
0.121125
0.133041
0.145022
0.157065
0.169163
0.18131
0.193494
0.205704
0.217922
0.230131
0.242309
0.25443
0.266466
0.27838
0.290135
0.301684
0.312978
0.323963
0.334579
0.34476
0.354436
0.36353
0.371962
0.379648
0.3865
0.39243
0.39735
0.401171
0.403807
0.405174
0.405196
0.403799
0.400923
0.396518
0.390545
0.382973
0.373785
0.36308
0.350957
0.336128
0.317554
-0.254304
-0.271664
-0.285467
-0.296697
-0.306583
-0.315055
-0.322042
-0.327583
-0.33173
-0.334537
-0.336067
-0.336388
-0.335575
-0.333704
-0.33085
-0.327093
-0.322509
-0.317171
-0.311152
-0.304517
-0.297329
-0.289645
-0.28152
-0.273002
-0.264136
-0.254964
-0.245524
-0.235848
-0.225965
-0.215902
-0.205681
-0.195321
-0.184842
-0.174258
-0.163583
-0.152828
-0.142
-0.131108
-0.120157
-0.109154
-0.0981008
-0.0870013
-0.0758562
-0.0646657
-0.0534295
-0.0421464
-0.0308147
-0.0194322
-0.0079966
0.00349473
0.0150448
0.0266572
0.0383357
0.0500842
0.061906
0.0738037
0.0857804
0.0978385
0.10998
0.122205
0.134514
0.146905
0.159376
0.171924
0.184542
0.197221
0.20995
0.222714
0.235497
0.248278
0.261032
0.273729
0.286335
0.298811
0.311109
0.32318
0.334965
0.346402
0.357421
0.367946
0.377895
0.38718
0.395709
0.403384
0.410108
0.41578
0.4203
0.423569
0.425489
0.42597
0.424929
0.422291
0.417995
0.411993
0.404243
0.394723
0.383537
0.370784
0.355091
0.33535
-0.27323
-0.291647
-0.306232
-0.318027
-0.328343
-0.337108
-0.344252
-0.349822
-0.353879
-0.356488
-0.357724
-0.357667
-0.356402
-0.354017
-0.350599
-0.346238
-0.341018
-0.335023
-0.328332
-0.321017
-0.313147
-0.304784
-0.295987
-0.286807
-0.277294
-0.26749
-0.257435
-0.247162
-0.236703
-0.226082
-0.215323
-0.204446
-0.193468
-0.182405
-0.171269
-0.16007
-0.148817
-0.137514
-0.126168
-0.114782
-0.10336
-0.0919028
-0.0804101
-0.0688811
-0.0573143
-0.0457074
-0.0340576
-0.0223613
-0.010615
0.00118533
0.0130442
0.0249666
0.0369578
0.049023
0.0611672
0.0733948
0.0857103
0.098118
0.110621
0.123223
0.135924
0.148726
0.161628
0.174628
0.187722
0.200904
0.214162
0.227486
0.240859
0.254261
0.26767
0.281057
0.294387
0.30762
0.32071
0.333605
0.346244
0.358563
0.370486
0.381933
0.392816
0.403038
0.412498
0.421091
0.428705
0.435228
0.440546
0.444545
0.447112
0.448143
0.447539
0.445212
0.441085
0.435099
0.427202
0.417365
0.405693
0.392288
0.375682
0.354699
-0.293662
-0.313214
-0.328627
-0.341011
-0.351763
-0.36081
-0.368085
-0.373642
-0.377556
-0.379903
-0.380772
-0.380257
-0.378457
-0.375472
-0.371404
-0.366351
-0.360412
-0.353678
-0.346236
-0.338166
-0.329544
-0.320437
-0.310906
-0.301009
-0.290797
-0.280314
-0.269602
-0.258696
-0.247625
-0.236417
-0.225094
-0.213676
-0.20218
-0.19062
-0.179009
-0.167354
-0.155664
-0.143942
-0.132194
-0.120422
-0.108627
-0.0968097
-0.0849684
-0.0731009
-0.0612046
-0.0492758
-0.0373104
-0.0253037
-0.0132504
-0.0011451
0.0110182
0.023246
0.035545
0.0479221
0.0603839
0.0729368
0.0855867
0.0983398
0.111202
0.124177
0.137269
0.15048
0.163813
0.177268
0.190843
0.204532
0.218328
0.232222
0.246199
0.260241
0.274328
0.28843
0.302516
0.316544
0.330469
0.344236
0.357786
0.371048
0.383945
0.396392
0.408291
0.419542
0.430032
0.439644
0.448256
0.455741
0.461969
0.466809
0.470133
0.471818
0.471748
0.469816
0.465931
0.460018
0.452014
0.44188
0.429721
0.415643
0.398074
0.375766
-0.315754
-0.336522
-0.352816
-0.365813
-0.377004
-0.386318
-0.393688
-0.399181
-0.402886
-0.404894
-0.40531
-0.404244
-0.401811
-0.398127
-0.393308
-0.387466
-0.380711
-0.373146
-0.364865
-0.355959
-0.346507
-0.336584
-0.326255
-0.31558
-0.304614
-0.293404
-0.281991
-0.270412
-0.258696
-0.246871
-0.234958
-0.222976
-0.210941
-0.198868
-0.186767
-0.174645
-0.162509
-0.150362
-0.138206
-0.126044
-0.113874
-0.101696
-0.0895067
-0.0773024
-0.065079
-0.0528317
-0.040555
-0.0282425
-0.0158876
-0.00348299
0.00897887
0.0215059
0.0341064
0.046789
0.0595621
0.0724338
0.0854121
0.098505
0.11172
0.125064
0.138543
0.152162
0.165925
0.179834
0.193891
0.208092
0.222433
0.236906
0.2515
0.266199
0.280983
0.295827
0.310699
0.325558
0.340361
0.355052
0.369568
0.38384
0.397785
0.411312
0.424319
0.436696
0.448322
0.459068
0.468797
0.477367
0.48463
0.490439
0.494645
0.497104
0.49768
0.496246
0.492689
0.48692
0.47886
0.468457
0.455815
0.441043
0.422459
0.398736
-0.339676
-0.361755
-0.378985
-0.392617
-0.404248
-0.413805
-0.421225
-0.426591
-0.430006
-0.431582
-0.431442
-0.429715
-0.426536
-0.422038
-0.416353
-0.409611
-0.401932
-0.393431
-0.384216
-0.374381
-0.364016
-0.353198
-0.342
-0.330484
-0.318707
-0.306718
-0.294559
-0.282267
-0.269872
-0.257398
-0.244869
-0.232301
-0.21971
-0.207108
-0.194504
-0.181906
-0.169316
-0.156737
-0.144171
-0.131616
-0.119071
-0.106533
-0.0939977
-0.0814597
-0.0689135
-0.0563527
-0.0437702
-0.0311583
-0.0185084
-0.00581163
0.0069413
0.0197599
0.032654
0.0456342
0.0587106
0.0718933
0.0851922
0.0986176
0.112179
0.125886
0.139747
0.153768
0.167958
0.18232
0.196859
0.211574
0.226464
0.241524
0.256745
0.272114
0.287616
0.303225
0.318912
0.334639
0.350362
0.366026
0.381569
0.396917
0.411986
0.42668
0.440892
0.454502
0.467379
0.479382
0.49036
0.500152
0.508594
0.515516
0.520748
0.524122
0.525475
0.524657
0.521535
0.515996
0.507943
0.497307
0.484192
0.468708
0.449055
0.423819
-0.365623
-0.389116
-0.407344
-0.421636
-0.4337
-0.443468
-0.450881
-0.456038
-0.459066
-0.460098
-0.45928
-0.456763
-0.452704
-0.447259
-0.440578
-0.432806
-0.424082
-0.414531
-0.404272
-0.393409
-0.382038
-0.370244
-0.358101
-0.345677
-0.333029
-0.320208
-0.307256
-0.294211
-0.2811
-0.267949
-0.254778
-0.241603
-0.228438
-0.215293
-0.202177
-0.189093
-0.176044
-0.16303
-0.150051
-0.137103
-0.124184
-0.111289
-0.0984113
-0.0855445
-0.0726812
-0.0598135
-0.0469326
-0.0340291
-0.0210925
-0.00811218
0.00492284
0.0180237
0.031202
0.0444701
0.0578401
0.0713241
0.0849344
0.0986832
0.112583
0.126645
0.140879
0.155297
0.169907
0.184718
0.199737
0.214965
0.230406
0.246057
0.261914
0.277967
0.294201
0.310598
0.327128
0.343758
0.360443
0.377131
0.393759
0.410253
0.426526
0.442479
0.457997
0.472953
0.487206
0.500602
0.512973
0.524143
0.533924
0.542124
0.548547
0.552996
0.55528
0.555222
0.55266
0.547457
0.539489
0.52867
0.5151
0.498888
0.478106
0.45125
-0.393814
-0.418841
-0.438134
-0.453107
-0.465593
-0.475528
-0.482859
-0.48771
-0.490232
-0.490585
-0.488941
-0.485482
-0.480389
-0.473842
-0.466013
-0.457069
-0.447161
-0.436432
-0.425009
-0.413009
-0.400533
-0.387673
-0.374506
-0.361102
-0.347521
-0.333814
-0.320022
-0.306183
-0.292323
-0.278465
-0.264629
-0.250827
-0.237073
-0.223373
-0.209735
-0.19616
-0.182648
-0.169198
-0.155806
-0.142467
-0.129178
-0.11593
-0.102716
-0.0895271
-0.0763545
-0.0631883
-0.0500181
-0.0368326
-0.0236193
-0.0103659
0.00294052
0.0163126
0.0297638
0.0433083
0.0569605
0.0707345
0.0846449
0.0987062
0.112933
0.127339
0.141938
0.156743
0.171767
0.18702
0.202513
0.218253
0.234244
0.250489
0.266986
0.283732
0.300715
0.317918
0.335318
0.352882
0.37057
0.388332
0.406105
0.423815
0.441374
0.45868
0.475612
0.492036
0.5078
0.522737
0.536663
0.549382
0.560683
0.570348
0.578151
0.583862
0.587259
0.58813
0.586281
0.581539
0.573755
0.562817
0.548819
0.531867
0.509893
0.481295
-0.424501
-0.451198
-0.471631
-0.487306
-0.500193
-0.510235
-0.517392
-0.521814
-0.523683
-0.523193
-0.52055
-0.515969
-0.50966
-0.501833
-0.492685
-0.482402
-0.471157
-0.459106
-0.44639
-0.433133
-0.419446
-0.405424
-0.391149
-0.376692
-0.362114
-0.347465
-0.332787
-0.318114
-0.303471
-0.28888
-0.274356
-0.259911
-0.245554
-0.231291
-0.217125
-0.203056
-0.18908
-0.175194
-0.161392
-0.147667
-0.134013
-0.120419
-0.106877
-0.0933759
-0.0799038
-0.0664497
-0.0530013
-0.0395451
-0.0260671
-0.0125526
0.00101259
0.014643
0.028354
0.0421618
0.0560828
0.0701338
0.0843312
0.0986921
0.113234
0.127972
0.142924
0.158105
0.173531
0.189218
0.205178
0.221423
0.23796
0.254799
0.27194
0.289385
0.307127
0.325153
0.343445
0.361975
0.380705
0.399589
0.418566
0.437563
0.456493
0.475249
0.493709
0.511729
0.52915
0.545789
0.561447
0.575907
0.588932
0.600274
0.609672
0.616865
0.621588
0.623589
0.622632
0.618508
0.611029
0.600056
0.585669
0.56797
0.544735
0.514259
-0.457973
-0.486498
-0.508153
-0.524548
-0.537805
-0.547876
-0.554739
-0.558579
-0.559616
-0.558087
-0.554237
-0.54832
-0.540584
-0.531271
-0.520605
-0.508799
-0.496044
-0.482513
-0.46836
-0.453719
-0.438706
-0.423422
-0.407951
-0.392366
-0.376726
-0.361081
-0.34547
-0.329925
-0.314469
-0.29912
-0.283889
-0.268787
-0.253818
-0.238986
-0.224289
-0.209725
-0.195288
-0.18097
-0.166763
-0.15266
-0.138649
-0.12472
-0.110861
-0.0970579
-0.0832984
-0.0695688
-0.055855
-0.0421416
-0.0284123
-0.0146509
-0.000841197
0.013033
0.0269889
0.0410449
0.05522
0.0695329
0.0840025
0.0986481
0.113489
0.128546
0.143836
0.15938
0.175196
0.191305
0.207722
0.224462
0.241541
0.258968
0.276753
0.294899
0.313408
0.332271
0.351474
0.370996
0.390804
0.410856
0.431094
0.45145
0.471835
0.492143
0.512248
0.532002
0.551234
0.569751
0.587336
0.603748
0.618724
0.631983
0.643229
0.652155
0.658454
0.661824
0.661978
0.658661
0.651641
0.640739
0.626017
0.607569
0.582998
0.550489
-0.494566
-0.525101
-0.548073
-0.5652
-0.578779
-0.588777
-0.595194
-0.59826
-0.598247
-0.595439
-0.590134
-0.58263
-0.57322
-0.562181
-0.549774
-0.536235
-0.521778
-0.506593
-0.490848
-0.474684
-0.458225
-0.441574
-0.424817
-0.408027
-0.391261
-0.374566
-0.357979
-0.341527
-0.325231
-0.309102
-0.29315
-0.27738
-0.261794
-0.24639
-0.231164
-0.216108
-0.201215
-0.186473
-0.171872
-0.1574
-0.143045
-0.128793
-0.11463
-0.100539
-0.086507
-0.0725168
-0.0585527
-0.0445973
-0.0306325
-0.01664
-0.00260219
0.0114992
0.0256835
0.0399712
0.0543837
0.0689418
0.0836666
0.09858
0.113704
0.129061
0.144674
0.160564
0.176756
0.193272
0.210132
0.227357
0.244966
0.262975
0.281398
0.300245
0.319524
0.339232
0.359363
0.3799
0.400818
0.42208
0.443636
0.465418
0.487343
0.509306
0.531178
0.552809
0.574019
0.594602
0.614325
0.632924
0.650106
0.665557
0.678936
0.689891
0.69806
0.703081
0.704611
0.702335
0.695963
0.685267
0.670285
0.651094
0.625107
0.590385
-0.53467
-0.567431
-0.591824
-0.609689
-0.623521
-0.63331
-0.639089
-0.641144
-0.63981
-0.635434
-0.628375
-0.618987
-0.607614
-0.594576
-0.58017
-0.564663
-0.548291
-0.531263
-0.513757
-0.495924
-0.477893
-0.459767
-0.441634
-0.423562
-0.405608
-0.387813
-0.37021
-0.352821
-0.33566
-0.318737
-0.302053
-0.285611
-0.269406
-0.253433
-0.237683
-0.222144
-0.206805
-0.191651
-0.176669
-0.161843
-0.147158
-0.132599
-0.118148
-0.103787
-0.0894984
-0.0752648
-0.0610678
-0.046888
-0.0327055
-0.0185001
-0.00425222
0.0100581
0.0244525
0.0389536
0.0535849
0.0683696
0.0833309
0.0984931
0.113881
0.12952
0.145436
0.161655
0.178204
0.195109
0.212397
0.230092
0.248217
0.266796
0.285848
0.305391
0.325438
0.345996
0.367064
0.388635
0.41069
0.433201
0.456125
0.4794
0.502949
0.526669
0.550434
0.574089
0.597451
0.620303
0.642395
0.663439
0.683114
0.701066
0.716909
0.730235
0.740618
0.747631
0.750856
0.749906
0.74442
0.734104
0.718962
0.699046
0.671553
0.634411
-0.578746
-0.613988
-0.63992
-0.658519
-0.672507
-0.681907
-0.6868
-0.687545
-0.684557
-0.678262
-0.669091
-0.657468
-0.643796
-0.628444
-0.611749
-0.594011
-0.575491
-0.556413
-0.536967
-0.517312
-0.497577
-0.477867
-0.458267
-0.438841
-0.41964
-0.4007
-0.382046
-0.363695
-0.345654
-0.327925
-0.310507
-0.293393
-0.276575
-0.26004
-0.243777
-0.227769
-0.211999
-0.196449
-0.181102
-0.16594
-0.150945
-0.136098
-0.121378
-0.106766
-0.0922412
-0.0777838
-0.0633737
-0.0489894
-0.034609
-0.0202107
-0.00577291
0.00872642
0.0233108
0.0380052
0.0528352
0.067826
0.0830031
0.0983932
0.114024
0.129924
0.146122
0.162648
0.179534
0.196809
0.214504
0.232649
0.251274
0.270406
0.290075
0.310303
0.331112
0.352517
0.374526
0.397143
0.420357
0.444149
0.468486
0.493317
0.518569
0.544147
0.56993
0.595763
0.621461
0.646797
0.671506
0.69528
0.717766
0.738569
0.757254
0.773347
0.786354
0.795763
0.801073
0.801801
0.797498
0.787787
0.77262
0.752014
0.722917
0.683109
-0.627342
-0.66537
-0.692975
-0.712286
-0.726292
-0.735067
-0.738755
-0.737814
-0.732759
-0.724116
-0.712406
-0.698134
-0.681771
-0.663744
-0.644434
-0.624174
-0.603249
-0.581899
-0.560325
-0.538688
-0.517119
-0.495718
-0.474564
-0.453716
-0.433215
-0.413091
-0.39336
-0.374029
-0.355099
-0.336564
-0.318414
-0.300636
-0.283216
-0.266135
-0.249376
-0.232916
-0.216735
-0.20081
-0.18512
-0.169645
-0.154362
-0.13925
-0.124285
-0.109444
-0.0947051
-0.0800464
-0.0654454
-0.0508788
-0.0363228
-0.0217536
-0.00714773
0.0075188
0.0222715
0.0371374
0.052144
0.0673185
0.0826888
0.0982839
0.114135
0.130272
0.146729
0.16354
0.180738
0.19836
0.216439
0.235011
0.254113
0.273779
0.294044
0.314942
0.3365
0.358744
0.381693
0.405359
0.429745
0.454844
0.480633
0.507073
0.534103
0.561638
0.589562
0.617729
0.64595
0.673997
0.701591
0.728405
0.754055
0.778105
0.800063
0.819387
0.835499
0.847793
0.855659
0.858503
0.855758
0.846941
0.831931
0.810692
0.779883
0.737118
-0.681117
-0.722301
-0.751727
-0.771702
-0.785532
-0.793365
-0.795438
-0.792335
-0.784703
-0.773189
-0.758427
-0.741018
-0.721512
-0.700398
-0.678107
-0.655004
-0.631398
-0.607543
-0.583645
-0.559865
-0.53633
-0.513134
-0.490347
-0.468017
-0.446174
-0.424837
-0.404011
-0.383694
-0.363876
-0.344541
-0.325671
-0.307246
-0.289243
-0.271638
-0.254406
-0.23752
-0.220953
-0.20468
-0.188674
-0.172912
-0.157368
-0.142017
-0.126832
-0.111789
-0.0968617
-0.0820267
-0.0672596
-0.0525354
-0.0378281
-0.0231119
-0.00836174
0.00644841
0.0213459
0.0363596
0.0515189
0.0668531
0.082392
0.0981674
0.114213
0.130563
0.147254
0.164322
0.181807
0.199748
0.218184
0.237157
0.25671
0.276884
0.297722
0.319266
0.341554
0.364621
0.388498
0.413209
0.438772
0.465193
0.492463
0.520559
0.549433
0.579015
0.609202
0.639855
0.670793
0.701786
0.73255
0.762739
0.791944
0.819684
0.845408
0.868501
0.888288
0.904053
0.915053
0.920554
0.919844
0.912297
0.897692
0.875911
0.843272
0.797201
-0.740873
-0.785661
-0.817072
-0.837621
-0.851004
-0.857473
-0.857398
-0.85153
-0.840685
-0.825663
-0.807236
-0.786116
-0.762943
-0.738278
-0.712598
-0.686305
-0.659724
-0.63312
-0.606699
-0.580618
-0.554993
-0.529908
-0.505418
-0.481557
-0.458342
-0.435775
-0.41385
-0.392551
-0.371856
-0.35174
-0.332173
-0.313127
-0.294569
-0.27647
-0.258796
-0.241515
-0.224595
-0.208005
-0.191716
-0.175698
-0.159924
-0.144364
-0.128989
-0.113772
-0.0986842
-0.0837007
-0.068795
-0.0539399
-0.0391076
-0.0242705
-0.00940153
0.00552685
0.0205438
0.0356798
0.0509662
0.066434
0.0821153
0.0980445
0.114258
0.130793
0.147689
0.164987
0.182729
0.200958
0.219721
0.239064
0.259036
0.279687
0.301068
0.323229
0.346219
0.370085
0.39487
0.420613
0.447347
0.475093
0.503862
0.533647
0.56442
0.59613
0.628691
0.661979
0.695825
0.730007
0.764238
0.798165
0.83135
0.863274
0.893327
0.920813
0.94495
0.964888
0.979731
0.98857
0.990502
0.984719
0.970852
0.948671
0.914076
0.864277
-0.807598
-0.856539
-0.890113
-0.911085
-0.923635
-0.928173
-0.925252
-0.915851
-0.901001
-0.881696
-0.858869
-0.833367
-0.80593
-0.777191
-0.747678
-0.717819
-0.687957
-0.658356
-0.629216
-0.600683
-0.572856
-0.545801
-0.519554
-0.494129
-0.469526
-0.445729
-0.422715
-0.400454
-0.378908
-0.358041
-0.337811
-0.31818
-0.299106
-0.280551
-0.262475
-0.244838
-0.227603
-0.210735
-0.194198
-0.177961
-0.161992
-0.146257
-0.130725
-0.115366
-0.100149
-0.0850477
-0.0700331
-0.0550762
-0.0401473
-0.025217
-0.0102567
0.00476281
0.019872
0.0351032
0.0504891
0.0660629
0.0818587
0.0979133
0.114266
0.130957
0.148028
0.165523
0.183488
0.201973
0.221028
0.240705
0.26106
0.282152
0.304038
0.326779
0.350435
0.375066
0.400728
0.427477
0.455362
0.484424
0.514694
0.546188
0.578901
0.612804
0.647837
0.683899
0.72084
0.758453
0.79646
0.834504
0.872132
0.908789
0.94381
0.97641
1.00569
1.03065
1.05021
1.06324
1.0686
1.06523
1.05256
1.03019
0.993508
0.939463
-0.882524
-0.936296
-0.972217
-0.993363
-1.00453
-1.00637
-0.999692
-0.985776
-0.965933
-0.941398
-0.9133
-0.882635
-0.850254
-0.816863
-0.783034
-0.749217
-0.71576
-0.682918
-0.650875
-0.619754
-0.589631
-0.560546
-0.532508
-0.505509
-0.479523
-0.454515
-0.430441
-0.407252
-0.384898
-0.363324
-0.342479
-0.32231
-0.302769
-0.283806
-0.265374
-0.247428
-0.229924
-0.212821
-0.19608
-0.179665
-0.16354
-0.147668
-0.132015
-0.116549
-0.101237
-0.0860509
-0.0709594
-0.0559317
-0.0409364
-0.0259424
-0.0109198
0.00416184
0.0193345
0.0346318
0.0500883
0.0657387
0.0816194
0.0977694
0.11423
0.131045
0.148257
0.165915
0.184068
0.202771
0.222079
0.24205
0.262747
0.284236
0.306583
0.329859
0.354136
0.379486
0.405984
0.4337
0.462702
0.493054
0.52481
0.558011
0.592684
0.628828
0.666413
0.70537
0.745579
0.786858
0.828951
0.871509
0.914074
0.956068
0.996771
1.03532
1.07068
1.10168
1.12703
1.14532
1.15512
1.15503
1.14419
1.12196
1.08307
1.02414
-0.967214
-1.02666
-1.0651
-1.08602
-1.09503
-1.09312
-1.08148
-1.06179
-1.03572
-1.00481
-0.970408
-0.93368
-0.895592
-0.856917
-0.818263
-0.780086
-0.742724
-0.706412
-0.671301
-0.637483
-0.604997
-0.573848
-0.544014
-0.515455
-0.488117
-0.461939
-0.436855
-0.412795
-0.38969
-0.36747
-0.34607
-0.325425
-0.305475
-0.286163
-0.267432
-0.249232
-0.231511
-0.214223
-0.197326
-0.180778
-0.16454
-0.148573
-0.132839
-0.117304
-0.101934
-0.0866978
-0.0715634
-0.0564978
-0.0414679
-0.0264414
-0.0113873
0.00372605
0.0189317
0.0342647
0.0497611
0.0654574
0.0813919
0.0976055
0.114142
0.131045
0.148363
0.166146
0.184448
0.203328
0.222846
0.243066
0.264058
0.285893
0.308649
0.332405
0.357248
0.383263
0.410539
0.439167
0.469235
0.500831
0.534036
0.568923
0.60555
0.643955
0.684146
0.726094
0.769722
0.814888
0.861369
0.908842
0.956864
1.00485
1.05203
1.09746
1.14
1.17828
1.21075
1.23567
1.25122
1.25557
1.24746
1.22586
1.18465
1.12006
-1.06368
-1.12986
-1.17096
-1.19102
-1.19673
-1.18963
-1.17143
-1.14436
-1.11054
-1.07186
-1.02994
-0.986122
-0.941483
-0.896851
-0.852845
-0.809913
-0.768358
-0.728373
-0.690065
-0.653475
-0.618597
-0.585388
-0.553786
-0.523714
-0.495083
-0.467804
-0.441784
-0.416929
-0.393151
-0.370364
-0.348484
-0.327437
-0.30715
-0.287557
-0.268593
-0.2502
-0.232322
-0.214906
-0.197906
-0.181275
-0.164971
-0.148953
-0.133181
-0.117618
-0.102229
-0.086981
-0.0718394
-0.0567703
-0.0417392
-0.026713
-0.0116595
0.00345349
0.0186602
0.0339971
0.0495017
0.0652119
0.0811675
0.0974109
0.113987
0.130943
0.148328
0.166196
0.184605
0.203617
0.223298
0.243716
0.264947
0.287072
0.310176
0.33435
0.359692
0.386302
0.414287
0.443754
0.474817
0.50759
0.542183
0.578704
0.617251
0.657902
0.700717
0.745718
0.792881
0.842123
0.893273
0.946056
1.00006
1.05472
1.10926
1.16266
1.21365
1.26068
1.3019
1.33519
1.35822
1.36858
1.36445
1.34423
1.30067
1.22941
-1.17458
-1.2488
-1.2926
-1.31077
-1.31156
-1.29728
-1.2704
-1.23388
-1.1904
-1.14229
-1.09144
-1.03939
-0.987294
-0.936006
-0.886131
-0.838073
-0.792076
-0.748266
-0.706681
-0.667296
-0.630043
-0.594823
-0.561525
-0.530024
-0.500195
-0.471914
-0.445058
-0.41951
-0.395158
-0.371897
-0.349631
-0.328269
-0.307728
-0.287933
-0.268811
-0.250295
-0.232325
-0.214843
-0.197796
-0.181137
-0.164819
-0.148799
-0.133034
-0.117487
-0.10212
-0.0868983
-0.0717869
-0.0567501
-0.0417526
-0.0267605
-0.0117413
0.00333812
0.0185131
0.0338211
0.049301
0.0649919
0.0809343
0.0971718
0.113751
0.13072
0.148131
0.166041
0.184511
0.203607
0.223398
0.243959
0.26537
0.28772
0.311103
0.335621
0.361384
0.388507
0.417111
0.447328
0.479293
0.513149
0.54904
0.587111
0.627503
0.670348
0.715759
0.763825
0.814594
0.868053
0.924111
0.982568
1.04308
1.10513
1.16796
1.23052
1.29144
1.34897
1.40096
1.44482
1.47759
1.49612
1.49776
1.48009
1.43424
1.35508
-1.30345
-1.38739
-1.4337
-1.44835
-1.44181
-1.41758
-1.37921
-1.33058
-1.27511
-1.21559
-1.15423
-1.09268
-1.03218
-0.973541
-0.917317
-0.86382
-0.813198
-0.765479
-0.720608
-0.678471
-0.638922
-0.601797
-0.566921
-0.534121
-0.503228
-0.474077
-0.446516
-0.4204
-0.395594
-0.371975
-0.349429
-0.327854
-0.307154
-0.287246
-0.268048
-0.249487
-0.231497
-0.214015
-0.196986
-0.180356
-0.164078
-0.148106
-0.132397
-0.116911
-0.101608
-0.086454
-0.0714112
-0.0564436
-0.0415155
-0.0265927
-0.0116423
0.0033696
0.0184791
0.0337249
0.0491464
0.0647833
0.0806766
0.0968707
0.113413
0.130355
0.147749
0.165656
0.184138
0.203266
0.22311
0.24375
0.265274
0.287778
0.311363
0.336142
0.362234
0.389771
0.41889
0.449745
0.482496
0.517314
0.554378
0.593876
0.635996
0.680929
0.728854
0.779937
0.834312
0.892062
0.953201
1.01764
1.08514
1.15528
1.22737
1.30039
1.37291
1.44302
1.50823
1.56545
1.61098
1.64062
1.65064
1.63732
1.58953
1.50089
-1.45518
-1.55091
-1.5991
-1.60761
-1.59018
-1.55215
-1.49854
-1.43445
-1.36414
-1.29091
-1.21724
-1.14488
-1.07502
-1.0084
-0.945428
-0.886276
-0.830947
-0.779334
-0.731257
-0.686494
-0.644805
-0.605944
-0.56967
-0.535749
-0.503965
-0.474115
-0.446009
-0.419477
-0.39436
-0.370515
-0.347814
-0.326139
-0.305388
-0.285464
-0.266281
-0.247759
-0.229827
-0.212416
-0.195469
-0.17893
-0.16275
-0.14688
-0.131277
-0.115898
-0.100704
-0.0856579
-0.0707229
-0.0558623
-0.0410403
-0.0262227
-0.0113761
0.00353369
0.0185438
0.0336932
0.0490216
0.0645687
0.0803757
0.0964874
0.112953
0.129824
0.147157
0.165012
0.183455
0.202556
0.222391
0.243045
0.26461
0.287188
0.310888
0.335831
0.362149
0.389986
0.419498
0.450857
0.48425
0.519877
0.557954
0.598711
0.642391
0.689247
0.739535
0.793508
0.851402
0.913423
0.97972
1.05035
1.12524
1.20411
1.28643
1.37127
1.45724
1.54232
1.62374
1.69787
1.76009
1.80496
1.82714
1.82103
1.77211
1.67206
-1.6367
-1.74675
-1.79527
-1.79338
-1.75978
-1.70254
-1.62873
-1.54495
-1.4564
-1.36686
-1.27898
-1.19448
-1.1144
-1.03928
-0.969307
-0.90443
-0.844453
-0.789089
-0.738002
-0.690842
-0.647255
-0.606905
-0.569473
-0.534664
-0.502211
-0.471867
-0.44341
-0.416639
-0.391375
-0.367456
-0.344737
-0.323091
-0.302404
-0.282571
-0.263501
-0.245107
-0.227313
-0.210049
-0.193253
-0.176869
-0.160845
-0.145133
-0.129686
-0.114462
-0.099421
-0.0845253
-0.0697381
-0.0550228
-0.0403441
-0.0256679
-0.0109605
0.00381276
0.0186892
0.0337076
0.0489074
0.0643277
0.0800098
0.0959994
0.112346
0.129104
0.146327
0.164079
0.182426
0.20144
0.221201
0.241797
0.263323
0.285888
0.309608
0.334609
0.361035
0.389042
0.418804
0.450512
0.484376
0.520626
0.559513
0.601314
0.646328
0.694874
0.74729
0.803929
0.865148
0.931295
1.00269
1.07958
1.16211
1.25024
1.34367
1.4417
1.54309
1.64585
1.74703
1.84249
1.92662
1.99238
2.03232
2.03799
1.98975
1.87593
-1.85823
-1.98539
-2.03092
-2.01165
-1.95398
-1.87002
-1.7695
-1.6608
-1.55006
-1.44138
-1.33737
-1.23952
-1.14855
-1.06463
-0.987612
-0.917146
-0.852765
-0.793957
-0.7402
-0.690989
-0.645847
-0.604336
-0.566056
-0.530649
-0.497793
-0.4672
-0.438615
-0.411809
-0.386583
-0.362756
-0.340173
-0.318693
-0.298195
-0.278567
-0.259712
-0.241539
-0.223969
-0.206929
-0.190356
-0.174192
-0.158384
-0.142885
-0.127646
-0.112625
-0.097781
-0.0830777
-0.0684782
-0.0539468
-0.0394487
-0.0249498
-0.0104165
0.00418591
0.0188942
0.0337467
0.0487814
0.0640372
0.0795555
0.0953824
0.111568
0.128166
0.145231
0.162826
0.181018
0.199882
0.219499
0.239959
0.261363
0.28382
0.307452
0.332394
0.358798
0.386832
0.416683
0.44856
0.482694
0.519344
0.558798
0.601377
0.647433
0.697357
0.751573
0.810542
0.874756
0.944728
1.02098
1.10399
1.1942
1.2919
1.39714
1.5096
1.62839
1.75177
1.87683
1.99906
2.11189
2.20642
2.27241
2.29725
2.25339
2.12324
-2.13544
-2.28215
-2.31776
-2.26961
-2.17609
-2.055
-1.9194
-1.77952
-1.64218
-1.51148
-1.3896
-1.2775
-1.17529
-1.08261
-0.998829
-0.923186
-0.854882
-0.793136
-0.73721
-0.686429
-0.640183
-0.597928
-0.559183
-0.523523
-0.490576
-0.460016
-0.431554
-0.404941
-0.379954
-0.356403
-0.334117
-0.312951
-0.292773
-0.273469
-0.254935
-0.23708
-0.21982
-0.203082
-0.186804
-0.170926
-0.155396
-0.140164
-0.125184
-0.110413
-0.0958107
-0.0813412
-0.0669693
-0.05266
-0.0383791
-0.0240928
-0.00976788
0.00462965
0.0191354
0.0337862
0.0486193
0.0636729
0.0789883
0.0946116
0.110593
0.126983
0.143839
0.161221
0.179197
0.197844
0.217244
0.237487
0.258677
0.280925
0.304357
0.329113
0.355353
0.383254
0.413013
0.444855
0.479031
0.515825
0.555558
0.598592
0.645333
0.696239
0.751823
0.812658
0.879379
0.95268
1.03331
1.12204
1.21966
1.32689
1.44429
1.57213
1.71013
1.85712
2.01062
2.16615
2.3164
2.45054
2.55489
2.61094
2.57892
2.43039
-2.49371
-2.65976
-2.67145
-2.57549
-2.42859
-2.25622
-2.07505
-1.89681
-1.72835
-1.57302
-1.43204
-1.30533
-1.19208
-1.09117
-1.00132
-0.921256
-0.849794
-0.785843
-0.728432
-0.676706
-0.629921
-0.587428
-0.548667
-0.513155
-0.480472
-0.450257
-0.422197
-0.39602
-0.371492
-0.348409
-0.326593
-0.305892
-0.286171
-0.267312
-0.249208
-0.231766
-0.214904
-0.198548
-0.182636
-0.16711
-0.151916
-0.137007
-0.122335
-0.107859
-0.0935417
-0.079347
-0.0652415
-0.0511915
-0.0371631
-0.0231236
-0.00904053
0.00511843
0.0193872
0.0338009
0.0483959
0.06321
0.0782838
0.0936625
0.109394
0.125529
0.142122
0.159234
0.176932
0.195294
0.2144
0.234341
0.255221
0.277152
0.300263
0.324698
0.350621
0.378214
0.407684
0.439267
0.47323
0.509878
0.54956
0.592672
0.63967
0.691075
0.747484
0.809581
0.878142
0.954053
1.03831
1.13201
1.23635
1.3526
1.48198
1.62558
1.78407
1.95738
2.14403
2.34031
2.53887
2.72731
2.88822
2.99522
2.98986
2.82379
-2.97656
-3.15269
-3.1122
-2.93735
-2.71149
-2.46916
-2.22997
-2.00581
-1.80216
-1.62048
-1.4601
-1.31933
-1.19605
-1.08808
-0.993374
-0.910069
-0.836536
-0.771363
-0.713341
-0.661443
-0.614794
-0.572653
-0.534392
-0.499474
-0.467446
-0.437917
-0.410555
-0.385075
-0.361233
-0.338818
-0.317649
-0.297569
-0.278442
-0.260148
-0.242582
-0.22565
-0.209272
-0.193376
-0.177901
-0.162789
-0.147989
-0.133453
-0.119138
-0.105002
-0.0910104
-0.0771299
-0.0633282
-0.0495726
-0.0358306
-0.0220704
-0.00826195
0.00562523
0.019623
0.033765
0.0480867
0.0626248
0.0774187
0.0925112
0.107948
0.123779
0.140056
0.156839
0.174196
0.192202
0.210935
0.230485
0.250955
0.272458
0.295123
0.319094
0.344537
0.371637
0.400605
0.431686
0.465158
0.501339
0.540599
0.583363
0.630126
0.681461
0.738041
0.800646
0.870191
0.947743
1.03455
1.13205
1.24191
1.36599
1.50637
1.66519
1.84452
2.04596
2.26998
2.51485
2.77462
3.03674
3.28071
3.47082
3.52167
3.34859
-3.66283
-3.8132
-3.66374
-3.35963
-3.01869
-2.68318
-2.3726
-2.09589
-1.85464
-1.64664
-1.4682
-1.31527
-1.18402
-1.07101
-0.973303
-0.888402
-0.814236
-0.749082
-0.691516
-0.640355
-0.594621
-0.553497
-0.516303
-0.482468
-0.451512
-0.423029
-0.396676
-0.372163
-0.34924
-0.327697
-0.307352
-0.288049
-0.269652
-0.252044
-0.235121
-0.218794
-0.202984
-0.187622
-0.17265
-0.158013
-0.143661
-0.129549
-0.115635
-0.101881
-0.0882552
-0.0747261
-0.0612632
-0.0478352
-0.0344114
-0.0209622
-0.00746011
0.00612294
0.0198168
0.033654
0.0476683
0.0618947
0.07637
0.0911345
0.106232
0.121709
0.137617
0.154014
0.170966
0.188542
0.206821
0.22589
0.245848
0.266809
0.288897
0.312255
0.337047
0.363458
0.391702
0.422023
0.454704
0.490072
0.528505
0.570449
0.616423
0.667041
0.723029
0.785247
0.854722
0.932686
1.02061
1.12027
1.23379
1.36371
1.51301
1.68515
1.88401
2.11359
2.37752
2.67785
3.01268
3.37247
3.73681
4.06196
4.22785
4.08616
-4.69582
-4.71692
-4.34859
-3.83698
-3.33294
-2.87822
-2.48455
-2.15195
-1.87414
-1.64287
-1.45008
-1.28871
-1.15289
-1.03781
-0.939629
-0.855262
-0.782241
-0.718587
-0.662708
-0.613313
-0.569351
-0.529964
-0.494443
-0.462202
-0.432752
-0.405685
-0.380657
-0.357381
-0.335612
-0.315142
-0.295796
-0.277421
-0.259887
-0.24308
-0.226902
-0.211269
-0.196106
-0.18135
-0.166945
-0.152838
-0.138985
-0.125342
-0.111871
-0.0985392
-0.0853159
-0.0721727
-0.0590809
-0.0460112
-0.0329356
-0.0198275
-0.00666223
0.00658592
0.0199451
0.0334458
0.0471199
0.0609994
0.075118
0.0895133
0.104226
0.119302
0.134789
0.150742
0.167223
0.184298
0.202041
0.220537
0.239882
0.260183
0.281561
0.304154
0.328122
0.353645
0.380933
0.410227
0.441805
0.475993
0.513171
0.553789
0.598376
0.647563
0.702107
0.762917
0.831096
0.907993
0.995261
1.09494
1.20958
1.34233
1.49714
1.67887
1.89351
2.14821
2.45107
2.81037
3.23233
3.71668
4.25091
4.79144
5.18523
5.18326
-6.33408
-5.96335
-5.17908
-4.3493
-3.62389
-3.02483
-2.54203
-2.15652
-1.84855
-1.60109
-1.40056
-1.23645
-1.10077
-0.987467
-0.891907
-0.810555
-0.740675
-0.680131
-0.627242
-0.580675
-0.539357
-0.502425
-0.469172
-0.43902
-0.411491
-0.386189
-0.362782
-0.340993
-0.320591
-0.301379
-0.283188
-0.265877
-0.249322
-0.233418
-0.218074
-0.203212
-0.188765
-0.174675
-0.160889
-0.14736
-0.134047
-0.120911
-0.10792
-0.0950424
-0.0822521
-0.0695227
-0.0568282
-0.0441424
-0.0314403
-0.018699
-0.00589626
0.00699128
0.0199897
0.033127
0.0464319
0.059933
0.0736612
0.0876508
0.101941
0.116572
0.131591
0.147046
0.162996
0.179503
0.196636
0.214476
0.233111
0.252643
0.273187
0.294872
0.317851
0.342296
0.368407
0.396415
0.426588
0.459241
0.494743
0.533533
0.576131
0.623164
0.675386
0.733716
0.799284
0.87349
0.958085
1.05528
1.16791
1.29962
1.45515
1.6407
1.86445
2.1371
2.47247
2.88784
3.40326
4.03808
4.80213
5.67128
6.49385
6.90193
-9.15443
-7.67564
-6.10725
-4.82347
-3.82531
-3.07173
-2.50946
-2.08663
-1.76372
-1.51296
-1.31494
-1.15601
-1.02655
-0.91963
-0.83023
-0.754622
-0.690002
-0.634232
-0.585652
-0.542964
-0.505138
-0.471347
-0.440925
-0.413325
-0.3881
-0.364881
-0.343361
-0.323286
-0.304441
-0.286646
-0.269747
-0.253616
-0.238139
-0.223224
-0.208788
-0.194762
-0.181088
-0.167711
-0.154587
-0.141674
-0.128935
-0.116337
-0.103853
-0.0914552
-0.0791211
-0.0668272
-0.0545507
-0.0422691
-0.0299612
-0.0176072
-0.00518754
0.00731868
0.0199348
0.0326858
0.0455966
0.0586925
0.0720011
0.085554
0.0993863
0.113536
0.128043
0.142953
0.158319
0.174198
0.190654
0.20776
0.225598
0.244261
0.263855
0.2845
0.306338
0.329529
0.354257
0.380737
0.40922
0.439999
0.473423
0.509902
0.549928
0.594095
0.643123
0.697893
0.7595
0.829312
0.909066
1.00099
1.108
1.23395
1.38402
1.56531
1.78771
2.06519
2.41757
2.87318
3.4723
4.26809
5.31492
6.65215
8.27867
9.82487
-14.6603
-9.925
-6.78754
-4.94037
-3.71142
-2.87057
-2.29173
-1.88114
-1.57943
-1.35099
-1.17359
-1.03276
-0.918834
-0.825176
-0.747083
-0.681144
-0.624831
-0.57623
-0.533872
-0.49661
-0.463538
-0.433932
-0.407207
-0.382887
-0.360581
-0.339968
-0.320784
-0.302806
-0.285849
-0.269759
-0.254403
-0.23967
-0.225465
-0.211708
-0.198331
-0.185276
-0.172492
-0.159936
-0.14757
-0.135359
-0.123274
-0.111289
-0.0993792
-0.087525
-0.0757064
-0.0639045
-0.0521006
-0.0402766
-0.0284154
-0.0165006
-0.00451591
0.00755653
0.0197365
0.032045
0.0445028
0.0571316
0.0699553
0.0830016
0.0963013
0.109887
0.123793
0.13806
0.152734
0.167867
0.183513
0.199738
0.216614
0.234223
0.252659
0.27203
0.292459
0.314089
0.337083
0.361632
0.387959
0.416324
0.447033
0.480452
0.517017
0.557252
0.601795
0.65143
0.707127
0.770108
0.841927
0.924593
1.02075
1.13396
1.2691
1.43303
1.63572
1.89201
2.22473
2.67026
3.28916
4.17765
5.46607
7.38654
10.6139
15.4602
-23.9432
-12.1281
-6.51133
-4.22671
-3.01601
-2.28196
-1.81597
-1.50028
-1.27238
-1.10023
-0.965935
-0.858564
-0.771032
-0.698525
-0.637637
-0.585883
-0.541403
-0.502778
-0.468907
-0.438924
-0.412139
-0.387998
-0.366049
-0.345925
-0.327322
-0.309991
-0.293725
-0.278351
-0.263726
-0.249729
-0.236257
-0.223224
-0.210558
-0.198198
-0.186092
-0.174197
-0.162476
-0.150896
-0.139429
-0.128049
-0.116737
-0.105473
-0.0942411
-0.0830258
-0.0718131
-0.0605894
-0.0493414
-0.0380561
-0.0267208
-0.0153236
-0.00385212
0.00770745
0.0193704
0.0311528
0.0430711
0.0551424
0.067386
0.0798245
0.0924827
0.105387
0.118565
0.132051
0.145884
0.160104
0.174759
0.189901
0.20559
0.221895
0.238894
0.256675
0.275341
0.295009
0.315815
0.337915
0.36149
0.386753
0.413954
0.443385
0.475398
0.51041
0.548927
0.591563
0.639076
0.692408
0.752748
0.821622
0.901017
0.993578
1.10291
1.2341
1.39457
1.59572
1.85604
2.20831
2.71602
3.50008
4.77872
7.1592
12.8934
24.8317
)
;

boundaryField
{
    movingWall
    {
        type            zeroGradient;
    }
    fixedWalls
    {
        type            zeroGradient;
    }
    frontAndBack
    {
        type            empty;
    }
}


// ************************************************************************* //
