/*--------------------------------*- C++ -*----------------------------------*\
| =========                 |                                                 |
| \\      /  F ield         | OpenFOAM: The Open Source CFD Toolbox           |
|  \\    /   O peration     | Version:  2212                                  |
|   \\  /    A nd           | Website:  www.openfoam.com                      |
|    \\/     M anipulation  |                                                 |
\*---------------------------------------------------------------------------*/
FoamFile
{
    version     2.0;
    format      ascii;
    arch        "LSB;label=32;scalar=64";
    class       volScalarField;
    location    "0.013";
    object      p;
}
// * * * * * * * * * * * * * * * * * * * * * * * * * * * * * * * * * * * * * //

dimensions      [0 2 -2 0 0 0 0];

internalField   nonuniform List<scalar> 
10000
(
1.35251e-07
-8.76026e-06
-0.000200607
-0.000495507
-0.000918743
-0.00147623
-0.00213465
-0.00284915
-0.0035808
-0.00429548
-0.00496511
-0.00556852
-0.00608687
-0.00650533
-0.00681188
-0.00699519
-0.00704716
-0.0069635
-0.00674084
-0.00637587
-0.00586734
-0.00521413
-0.00441648
-0.0034766
-0.00239729
-0.00118047
0.000172177
0.0016574
0.00326989
0.00500404
0.00685492
0.00881779
0.0108883
0.0130625
0.0153362
0.0177038
0.0201591
0.0226967
0.0253118
0.0279988
0.0307514
0.0335638
0.0364312
0.0393484
0.0423085
0.045304
0.0483284
0.0513759
0.0544403
0.057515
0.0605935
0.0636696
0.0667375
0.0697905
0.0728215
0.0758244
0.0787937
0.0817242
0.0846097
0.0874439
0.0902206
0.0929344
0.09558
0.0981518
0.100643
0.103049
0.105361
0.107576
0.109688
0.11169
0.113576
0.115342
0.116981
0.118491
0.119866
0.121104
0.122199
0.123147
0.123946
0.124592
0.125083
0.12542
0.125603
0.125636
0.125522
0.125266
0.124875
0.124355
0.123718
0.122976
0.122148
0.121255
0.120321
0.119377
0.118459
0.11761
0.116885
0.116341
0.116046
0.116015
5.58415e-05
0.000210312
0.000132236
-8.24369e-05
-0.000423023
-0.000889002
-0.00144159
-0.00204217
-0.00265633
-0.00325496
-0.00381462
-0.00431444
-0.00473805
-0.00507257
-0.00530588
-0.00542725
-0.00542897
-0.00530457
-0.00504951
-0.00466189
-0.00413984
-0.00348195
-0.00268819
-0.00175977
-0.00069886
0.000492485
0.00181265
0.00325936
0.00482907
0.00651728
0.00831885
0.0102283
0.0122409
0.0143534
0.0165621
0.018862
0.0212479
0.0237144
0.0262564
0.0288679
0.0315431
0.0342768
0.0370646
0.0399008
0.0427785
0.0456907
0.0486315
0.0515952
0.0545752
0.0575646
0.0605575
0.0635483
0.0665312
0.0694992
0.0724454
0.0753641
0.0782499
0.0810976
0.0839011
0.0866545
0.0893521
0.0919886
0.0945587
0.0970565
0.0994758
0.101811
0.104057
0.106209
0.10826
0.110205
0.112038
0.113755
0.115351
0.116822
0.118166
0.119376
0.120451
0.121386
0.122179
0.122829
0.123332
0.123691
0.123907
0.123983
0.123923
0.123734
0.12342
0.122991
0.122456
0.121829
0.121128
0.120373
0.119587
0.118795
0.118029
0.117326
0.116726
0.116271
0.116015
0.115984
0.000461565
0.000652096
0.000607978
0.000420568
0.000112416
-0.000303748
-0.000792705
-0.00132045
-0.00185655
-0.00237683
-0.00285975
-0.00328641
-0.00364267
-0.00391537
-0.00409356
-0.00416853
-0.00413149
-0.00397578
-0.00369659
-0.00329122
-0.00275794
-0.00209614
-0.00130522
-0.000385459
0.000661758
0.00183447
0.0031305
0.00454753
0.00608319
0.00773403
0.00949518
0.0113614
0.013328
0.0153916
0.0175484
0.0197939
0.0221238
0.024533
0.0270157
0.0295659
0.0321783
0.0348486
0.0375722
0.0403428
0.0431533
0.0459978
0.0488709
0.0517667
0.0546782
0.0575988
0.0605228
0.0634449
0.066359
0.0692583
0.0721361
0.0749871
0.0778064
0.080588
0.0833259
0.0860148
0.0886495
0.0912247
0.0937347
0.0961736
0.0985353
0.100815
0.103008
0.105109
0.107113
0.109013
0.110805
0.112484
0.114046
0.115488
0.116806
0.117995
0.119054
0.119978
0.120768
0.121421
0.121935
0.122312
0.122554
0.122665
0.122648
0.122509
0.122255
0.121893
0.121434
0.120893
0.120284
0.119627
0.118941
0.11825
0.11758
0.116962
0.116428
0.116013
0.115757
0.115688
0.00126136
0.00135253
0.00125801
0.00103628
0.000714
0.000307822
-0.000153819
-0.000641353
-0.00113057
-0.00160006
-0.00203041
-0.00240735
-0.00271602
-0.00294391
-0.00308188
-0.00312082
-0.00305309
-0.00287287
-0.00257499
-0.00215571
-0.00161374
-0.000948469
-0.000159637
0.000752674
0.00178836
0.0029462
0.00422364
0.00561791
0.00712653
0.00874624
0.0104727
0.012302
0.0142303
0.0162535
0.0183677
0.0205685
0.0228519
0.0252132
0.0276459
0.0301444
0.0327044
0.0353218
0.0379913
0.0407065
0.0434608
0.0462485
0.0490647
0.0519033
0.0547571
0.0576201
0.060487
0.0633521
0.0662087
0.0690505
0.0718714
0.0746665
0.0774308
0.0801581
0.0828422
0.0854781
0.0880612
0.0905861
0.0930467
0.0954369
0.0977514
0.0999855
0.102135
0.104195
0.10616
0.108024
0.109783
0.111431
0.112966
0.114384
0.11568
0.116852
0.117897
0.118814
0.1196
0.120256
0.120779
0.121172
0.121436
0.121574
0.121591
0.121492
0.121282
0.120972
0.120571
0.120092
0.11955
0.11896
0.11834
0.117711
0.117095
0.116519
0.11601
0.115594
0.115299
0.115142
0.00229218
0.00221576
0.00202026
0.0017358
0.00137797
0.000959643
0.000506195
3.92785e-05
-0.00042053
-0.00085441
-0.00124772
-0.00158638
-0.00185773
-0.00205123
-0.00215709
-0.00216665
-0.00207333
-0.00187174
-0.0015575
-0.00112667
-0.000577479
9.08492e-05
0.000878139
0.00178418
0.00280925
0.00395267
0.00521259
0.00658663
0.0080716
0.00966369
0.0113591
0.0131548
0.0150478
0.0170341
0.0191094
0.0212702
0.0235118
0.025829
0.028216
0.0306675
0.03318
0.0357491
0.0383689
0.0410331
0.043736
0.0464725
0.0492369
0.052023
0.0548241
0.0576347
0.0604497
0.0632629
0.0660675
0.0688571
0.0716268
0.0743717
0.0770864
0.0797643
0.0823999
0.0849887
0.0875259
0.0900052
0.0924207
0.0947672
0.0970396
0.0992333
0.101344
0.103368
0.105298
0.107129
0.108857
0.110479
0.11199
0.113385
0.114661
0.115817
0.116851
0.11776
0.118544
0.119203
0.119734
0.12014
0.120422
0.120585
0.120631
0.120565
0.120394
0.120126
0.119772
0.119344
0.118853
0.118312
0.117739
0.11715
0.116566
0.116007
0.115496
0.115055
0.114692
0.114412
0.00343071
0.00315782
0.00284119
0.00248101
0.0020728
0.00162901
0.00116744
0.000706355
0.000262188
-0.000151166
-0.00051982
-0.000831174
-0.0010752
-0.00124214
-0.00132288
-0.00130982
-0.00119615
-0.000976961
-0.000648614
-0.00020818
0.000346614
0.00101683
0.00180265
0.00270393
0.00372031
0.00485101
0.00609489
0.00745021
0.00891355
0.010481
0.0121494
0.0139159
0.0157774
0.0177303
0.019771
0.021896
0.0241002
0.0263776
0.0287232
0.0311332
0.0336035
0.0361289
0.0387037
0.041322
0.043979
0.0466694
0.0493873
0.0521261
0.05488
0.057644
0.0604125
0.0631788
0.0659366
0.0686805
0.0714051
0.0741052
0.0767754
0.0794095
0.0820021
0.0845491
0.0870453
0.0894842
0.0918597
0.0941671
0.0964023
0.0985606
0.100638
0.102628
0.104527
0.106329
0.108031
0.109629
0.111118
0.112493
0.113753
0.114895
0.115918
0.116822
0.117604
0.118265
0.118803
0.11922
0.119518
0.1197
0.11977
0.119732
0.119592
0.119359
0.119042
0.118651
0.118197
0.117691
0.117147
0.11658
0.116008
0.115446
0.114914
0.114427
0.113978
0.113554
0.0046106
0.00414031
0.00369447
0.00324937
0.00278164
0.00229864
0.00181648
0.00134841
0.000906324
0.000501671
0.000146498
-0.000148802
-0.000374896
-0.000522762
-0.000584951
-0.000554814
-0.000425795
-0.000193112
0.000146441
0.000594827
0.00115392
0.0018249
0.00260871
0.00350548
0.00451448
0.00563491
0.00686556
0.00820431
0.00964808
0.0111937
0.0128388
0.0145801
0.0164142
0.0183381
0.020349
0.0224424
0.0246132
0.0268555
0.0291651
0.0315388
0.033972
0.0364589
0.0389938
0.0415722
0.0441892
0.0468387
0.0495151
0.0522126
0.0549256
0.0576486
0.060376
0.0631013
0.0658185
0.0685224
0.0712079
0.0738694
0.0765007
0.0790964
0.0816516
0.0841621
0.0866225
0.0890258
0.0913665
0.0936406
0.0958441
0.0979719
0.100019
0.101981
0.103853
0.105631
0.107309
0.108886
0.110355
0.111713
0.112959
0.11409
0.115106
0.116005
0.116785
0.117447
0.11799
0.118416
0.118727
0.118925
0.119014
0.118999
0.118884
0.118678
0.118388
0.118022
0.117591
0.117105
0.116576
0.116016
0.115439
0.114858
0.114287
0.113741
0.113194
0.112619
0.00579045
0.00513169
0.0045561
0.00402229
0.00348723
0.0029564
0.00244306
0.00195612
0.00150507
0.00109941
0.000747988
0.000459815
0.000243757
0.000107633
5.79539e-05
0.000100542
0.000240849
0.000483333
0.000830764
0.00128513
0.00184762
0.00251915
0.00330078
0.00419293
0.00519518
0.00630692
0.00752651
0.00885116
0.0102783
0.0118055
0.0134302
0.0151496
0.0169604
0.0188599
0.0208451
0.0229112
0.0250524
0.0272644
0.0295436
0.0318859
0.0342865
0.0367398
0.0392407
0.0417847
0.044367
0.0469813
0.0496218
0.0522834
0.0549611
0.057649
0.060341
0.0630308
0.0657132
0.0683835
0.0710356
0.0736633
0.0762612
0.0788243
0.0813476
0.0838267
0.0862558
0.0886285
0.0909396
0.0931858
0.0953625
0.0974643
0.0994863
0.101424
0.103273
0.105028
0.106687
0.108245
0.109697
0.111041
0.112276
0.113399
0.114409
0.115304
0.116082
0.116745
0.117291
0.117724
0.118045
0.118257
0.118362
0.118363
0.118267
0.118079
0.117806
0.117456
0.117038
0.11656
0.116033
0.115467
0.114872
0.114259
0.11364
0.113026
0.112375
0.111648
0.00694016
0.00610629
0.00540489
0.00477987
0.00417314
0.00358887
0.00303598
0.00252124
0.00205241
0.00163668
0.00128091
0.000992998
0.000780397
0.000649668
0.000607155
0.000657928
0.000806035
0.0010552
0.00140776
0.00186565
0.00243013
0.003102
0.00388173
0.00476984
0.00576636
0.00687046
0.00808021
0.00939292
0.0108064
0.0123184
0.0139261
0.0156267
0.0174182
0.0192975
0.0212608
0.023303
0.0254193
0.0276058
0.0298593
0.0321752
0.0345479
0.0369725
0.0394447
0.0419602
0.044513
0.047097
0.0497073
0.0523392
0.0549871
0.0576449
0.0603068
0.0629672
0.0656212
0.0682632
0.070887
0.0734863
0.0760563
0.0785921
0.0810886
0.0835411
0.0859439
0.0882908
0.0905775
0.0928005
0.094955
0.097035
0.0990355
0.100952
0.102781
0.104518
0.10616
0.107702
0.109141
0.110474
0.1117
0.112818
0.113823
0.114714
0.11549
0.116153
0.116703
0.117141
0.11747
0.117692
0.117808
0.117822
0.117737
0.11756
0.117297
0.116954
0.11654
0.116061
0.115525
0.114943
0.114322
0.113668
0.112993
0.112305
0.111549
0.110673
0.00803746
0.00704257
0.00622042
0.00550468
0.00482458
0.00418129
0.00358334
0.00303501
0.00254129
0.00210803
0.00174145
0.00144784
0.00123307
0.00110297
0.00106312
0.00111783
0.00127047
0.00152361
0.00187925
0.00233885
0.00290384
0.00357515
0.00435304
0.005238
0.00623005
0.00732756
0.00852866
0.00983161
0.0112341
0.0127334
0.0143272
0.0160129
0.0177886
0.0196515
0.0215965
0.0236185
0.0257142
0.0278804
0.0301128
0.0324062
0.0347559
0.0371573
0.0396063
0.0420979
0.0446262
0.0471857
0.0497716
0.0523793
0.0550028
0.0576359
0.0602734
0.0629102
0.0655411
0.0681604
0.0707611
0.0733373
0.0758847
0.0783985
0.0808734
0.0833042
0.0856855
0.0880117
0.090279
0.0924835
0.0946198
0.0966818
0.0986646
0.100565
0.102378
0.1041
0.105728
0.107257
0.108686
0.110011
0.11123
0.112343
0.113344
0.114232
0.115007
0.11567
0.116223
0.116666
0.117001
0.11723
0.117353
0.117374
0.117296
0.117124
0.116864
0.116522
0.116103
0.115614
0.115063
0.114457
0.113801
0.113101
0.112364
0.1116
0.11074
0.109723
0.00906475
0.00792115
0.0069855
0.00618217
0.00542657
0.0047216
0.00407484
0.0034879
0.00296406
0.00250827
0.00212557
0.00182098
0.00159959
0.00146634
0.00142544
0.00148047
0.00163439
0.00188892
0.00224571
0.00270587
0.00327045
0.00394041
0.00471651
0.00559893
0.00658711
0.00767924
0.00887351
0.0101687
0.0115624
0.0130515
0.0146342
0.016309
0.0180729
0.0199219
0.0218517
0.0238582
0.0259382
0.0280882
0.0303035
0.0325791
0.0349105
0.0372938
0.0397246
0.0421973
0.0447064
0.0472467
0.0498138
0.0524027
0.055007
0.0576209
0.0602397
0.0628585
0.0654717
0.068073
0.0706558
0.0732145
0.0757449
0.0782422
0.0807004
0.0831144
0.0854794
0.0877903
0.0900431
0.0922334
0.0943555
0.0964034
0.0983727
0.10026
0.102061
0.103773
0.10539
0.106911
0.108331
0.10965
0.110865
0.111974
0.112973
0.113859
0.114634
0.115299
0.115854
0.116301
0.11664
0.116872
0.116998
0.117022
0.116945
0.116774
0.116512
0.116164
0.115735
0.11523
0.114656
0.11402
0.113325
0.112573
0.111774
0.110933
0.109972
0.108819
0.0100069
0.0087273
0.00768534
0.00679629
0.00596681
0.00519942
0.0045007
0.00387153
0.00331418
0.00283214
0.00242913
0.00210946
0.00187773
0.00173779
0.00169276
0.00174536
0.00189761
0.00215124
0.00250735
0.00296685
0.00353046
0.00419902
0.00497359
0.00585383
0.00683838
0.00792625
0.00911594
0.0104052
0.0117918
0.0132736
0.0148488
0.0165156
0.0182705
0.0201091
0.0220274
0.0240227
0.0260915
0.0282294
0.0304316
0.0326936
0.0350117
0.0373818
0.0397988
0.0422574
0.0447525
0.0472793
0.049833
0.0524081
0.0549983
0.0575983
0.060204
0.0628102
0.0654106
0.067999
0.0705691
0.0731158
0.0756349
0.0781209
0.0805676
0.0829701
0.0853242
0.087625
0.0898681
0.0920486
0.0941608
0.0961989
0.0981592
0.100039
0.101833
0.103537
0.105148
0.106662
0.108078
0.109393
0.110606
0.111712
0.112709
0.113596
0.114372
0.115039
0.115597
0.116046
0.116386
0.116618
0.116744
0.116767
0.116689
0.116515
0.116246
0.115887
0.115441
0.114916
0.114316
0.113645
0.112906
0.112101
0.111236
0.11032
0.109262
0.107983
0.010854
0.00944882
0.00830606
0.00733537
0.00643416
0.00560405
0.00485214
0.00417888
0.00358539
0.00307403
0.00264794
0.00231043
0.00206515
0.00191524
0.00186322
0.00191088
0.00205931
0.00231012
0.00266402
0.00312163
0.00368391
0.0043515
0.00512461
0.00600281
0.0069849
0.00806975
0.0092561
0.0105414
0.0119233
0.0134004
0.0149714
0.0166333
0.0183818
0.0202132
0.0221246
0.024113
0.0261744
0.0283039
0.0304972
0.0327504
0.0350599
0.0374211
0.0398288
0.0422782
0.0447646
0.047283
0.0498282
0.0523944
0.0549757
0.0575674
0.0601653
0.0627637
0.0653561
0.0679367
0.0704995
0.0730399
0.0755529
0.0780327
0.0804731
0.0828697
0.0852184
0.0875142
0.0897522
0.0919273
0.0940339
0.0960671
0.0980233
0.0998993
0.10169
0.103391
0.104999
0.106511
0.107925
0.109239
0.11045
0.111556
0.112554
0.113442
0.11422
0.11489
0.11545
0.115898
0.116237
0.116467
0.116591
0.116611
0.116529
0.116347
0.116067
0.115693
0.115228
0.114678
0.114047
0.113339
0.112555
0.111694
0.110765
0.109774
0.108624
0.107226
0.0115975
0.0100752
0.00883813
0.00778973
0.00681822
0.0059265
0.00512165
0.00440323
0.00377156
0.00322877
0.00277752
0.00242
0.00215872
0.00199627
0.00193457
0.00197486
0.00211786
0.00236421
0.00271475
0.00316993
0.00373057
0.00439726
0.00516922
0.00604576
0.00702655
0.00811015
0.00929433
0.0105772
0.0119573
0.0134332
0.0150025
0.0166618
0.018407
0.0202354
0.0221441
0.0241296
0.0261872
0.0283123
0.0305012
0.0327504
0.0350557
0.0374122
0.0398152
0.0422604
0.0447432
0.0472582
0.0497995
0.0523618
0.0549395
0.0575282
0.0601233
0.0627185
0.0653078
0.0678857
0.0704469
0.0729861
0.075498
0.0779765
0.0804158
0.0828118
0.0851604
0.0874562
0.0896937
0.0918678
0.0939736
0.0960067
0.0979638
0.099841
0.101633
0.103335
0.104943
0.106456
0.107871
0.109186
0.110398
0.111505
0.112505
0.113395
0.114177
0.114849
0.115409
0.115856
0.116192
0.116419
0.116539
0.116555
0.116465
0.116272
0.115978
0.115585
0.115098
0.11452
0.113857
0.113109
0.112277
0.11136
0.110367
0.109305
0.108067
0.106558
0.0122295
0.0105989
0.00927346
0.00815013
0.0071109
0.00615919
0.00530181
0.00453789
0.00386734
0.00329177
0.00281326
0.00243366
0.00215451
0.0019775
0.00190393
0.00193485
0.00207087
0.00231161
0.0026579
0.00311066
0.0036698
0.00433505
0.0051061
0.00598242
0.0069631
0.00804633
0.00923
0.0105129
0.0118942
0.0133715
0.0149415
0.0166009
0.0183466
0.0201762
0.0220863
0.0240725
0.0261301
0.0282553
0.0304447
0.0326943
0.0349995
0.0373559
0.0397592
0.0422054
0.0446896
0.0472057
0.049748
0.0523114
0.0548909
0.0574817
0.0600786
0.0626755
0.0652667
0.0678473
0.0704119
0.0729548
0.0754703
0.0779523
0.0803956
0.0827962
0.0851498
0.0874502
0.0896917
0.0918696
0.0939796
0.0960177
0.0979802
0.0998625
0.101659
0.103365
0.104978
0.106495
0.107914
0.109233
0.110449
0.111559
0.112562
0.113457
0.114241
0.114914
0.115474
0.115919
0.116252
0.116475
0.116591
0.116599
0.116499
0.116292
0.11598
0.115567
0.115055
0.114449
0.11375
0.11296
0.11208
0.111107
0.110052
0.108921
0.107599
0.105986
0.0127455
0.0110139
0.00960437
0.00841007
0.00730578
0.00629516
0.00538582
0.00457665
0.00386712
0.00325789
0.00275069
0.0023472
0.00204826
0.00185493
0.0017681
0.00178821
0.00191549
0.00215005
0.00249206
0.00294195
0.00349938
0.00416357
0.0049344
0.00581149
0.00679312
0.00787723
0.00906263
0.0103486
0.0117336
0.0132144
0.0147876
0.0164505
0.0182008
0.0200356
0.0219506
0.0239412
0.0260033
0.0281335
0.0303279
0.0325823
0.0348921
0.0372533
0.0396622
0.0421144
0.0446047
0.0471265
0.0496747
0.0522446
0.0548312
0.057429
0.0600325
0.062636
0.0652344
0.067823
0.0703961
0.0729473
0.0754708
0.0779611
0.0804134
0.0828238
0.0851871
0.0874967
0.089747
0.0919338
0.0940532
0.096101
0.098073
0.0999643
0.101769
0.103483
0.105104
0.10663
0.108057
0.109382
0.110604
0.11172
0.112728
0.113626
0.114414
0.115088
0.115647
0.116091
0.116421
0.11664
0.116749
0.116747
0.116634
0.116411
0.11608
0.115644
0.115107
0.114469
0.113734
0.112901
0.111971
0.110944
0.109827
0.108629
0.107227
0.105516
0.013142
0.0113145
0.00982573
0.00856375
0.00739666
0.0063288
0.00536823
0.00451387
0.00376506
0.00312175
0.00258489
0.00215595
0.00183578
0.00162478
0.00152334
0.00153165
0.00164947
0.00187728
0.00221489
0.00266167
0.00321713
0.00388099
0.00465279
0.00553133
0.0065148
0.00760183
0.00879182
0.0100836
0.0114743
0.0129607
0.0145402
0.0162106
0.0179694
0.0198127
0.0217361
0.0237353
0.0258066
0.0279464
0.0301505
0.0324141
0.0347332
0.0371046
0.0395243
0.0419874
0.0444883
0.0470208
0.0495802
0.0521622
0.0547609
0.0573706
0.0599857
0.0626012
0.0652125
0.0678145
0.0704006
0.0729645
0.0755007
0.0780044
0.0804709
0.0828958
0.0852734
0.0875969
0.0898611
0.0920622
0.094196
0.0962579
0.0982432
0.100147
0.101964
0.103691
0.105324
0.106862
0.1083
0.109634
0.110864
0.111987
0.113002
0.113905
0.114696
0.115371
0.115931
0.116373
0.1167
0.116914
0.117014
0.117001
0.116873
0.116632
0.116281
0.115822
0.115257
0.114587
0.113813
0.112937
0.111957
0.110875
0.109699
0.108436
0.106958
0.105154
0.013415
0.0114972
0.009933
0.00860568
0.00737794
0.00625451
0.00524378
0.00434439
0.00355565
0.0028777
0.00231061
0.00185522
0.00151265
0.00128298
0.00116596
0.00116164
0.0012701
0.00149094
0.00182349
0.00226701
0.00282111
0.00348545
0.00425889
0.0051397
0.00612673
0.0072194
0.00841666
0.00971612
0.0111146
0.0126094
0.0141988
0.0158806
0.0176512
0.0195062
0.0214417
0.023454
0.0255392
0.027693
0.0299109
0.0321885
0.0345224
0.0369093
0.0393447
0.0418233
0.0443396
0.0468881
0.0494643
0.0520635
0.0546793
0.0573059
0.0599382
0.0625717
0.0652015
0.0678219
0.0704258
0.0730071
0.075561
0.0780832
0.0805688
0.083013
0.0854094
0.0877518
0.0900352
0.0922556
0.0944083
0.0964883
0.0984907
0.100411
0.102244
0.103988
0.105638
0.10719
0.108642
0.109989
0.111229
0.112361
0.113383
0.114292
0.115087
0.115765
0.116326
0.116767
0.117091
0.117298
0.117388
0.117361
0.117218
0.116959
0.116587
0.116104
0.11551
0.114805
0.113992
0.113072
0.112043
0.110907
0.109672
0.108347
0.106796
0.104903
0.0135617
0.0115587
0.00992204
0.00853153
0.00724474
0.00606692
0.00500678
0.00406264
0.00323362
0.00252017
0.00192234
0.00144025
0.00107442
0.000825112
0.000692177
0.000675216
0.000774022
0.000987499
0.00131476
0.00175543
0.002309
0.00297434
0.00374991
0.00463458
0.00562786
0.00672883
0.00793525
0.00924418
0.010653
0.0121598
0.0137629
0.0154591
0.0172444
0.0191147
0.0210666
0.0230963
0.0251996
0.0273715
0.0296077
0.0319045
0.0342585
0.036666
0.0391218
0.0416205
0.0441573
0.0467273
0.0493258
0.0519472
0.0545852
0.0572341
0.0598896
0.0625468
0.0652005
0.0678442
0.0704709
0.0730747
0.0756518
0.0781976
0.0807072
0.0831751
0.0855951
0.0879613
0.0902688
0.0925132
0.0946892
0.096791
0.0988143
0.100755
0.102609
0.104373
0.106043
0.107614
0.109082
0.110444
0.111697
0.11284
0.113871
0.114787
0.115588
0.11627
0.116832
0.117272
0.117592
0.117792
0.117872
0.117832
0.117672
0.117395
0.117001
0.116492
0.115868
0.115128
0.114275
0.113311
0.112233
0.111044
0.109752
0.108365
0.106743
0.104767
0.0135804
0.0114952
0.00978893
0.00833734
0.00699262
0.00576095
0.00465171
0.00366304
0.00279374
0.00204428
0.00141503
0.000905869
0.00051656
0.000247391
9.83727e-05
6.88264e-05
0.000157485
0.000363329
0.000685792
0.00112433
0.0016778
0.00234457
0.00312361
0.00401462
0.00501683
0.00612801
0.0073452
0.008666
0.0100887
0.0116113
0.0132311
0.0149445
0.0167477
0.0186374
0.0206099
0.0226613
0.0247864
0.0269805
0.0292399
0.0315612
0.0339404
0.036373
0.0388537
0.0413777
0.0439407
0.0465377
0.0491635
0.0518121
0.0544774
0.0571545
0.0598389
0.0625256
0.0652083
0.0678802
0.0705348
0.0731669
0.0757726
0.0783473
0.0808854
0.0833815
0.0858299
0.0882248
0.0905612
0.092834
0.0950371
0.097165
0.0992135
0.101179
0.103058
0.104847
0.10654
0.108132
0.109619
0.110998
0.112266
0.113423
0.114466
0.115392
0.116199
0.116886
0.117451
0.117891
0.118207
0.1184
0.11847
0.118417
0.118242
0.117945
0.117529
0.116993
0.116337
0.115562
0.11467
0.113661
0.112535
0.111292
0.109944
0.108497
0.106806
0.104747
0.0134687
0.0113037
0.00953
0.0080186
0.00661699
0.00533182
0.00417354
0.00314043
0.00223094
0.0014454
0.000784335
0.000247586
-0.000165152
-0.000453881
-0.000619059
-0.000661669
-0.00058327
-0.000384627
-6.63115e-05
0.0003705
0.000924173
0.00159358
0.0023785
0.00327845
0.0042914
0.00541427
0.00664451
0.00798061
0.00942083
0.0109624
0.0126018
0.0143356
0.0161607
0.0180739
0.0200711
0.0221476
0.0242984
0.0265194
0.0288073
0.0311581
0.0335671
0.0360293
0.0385399
0.0410947
0.0436893
0.0463185
0.0489764
0.0516573
0.0543556
0.0570666
0.0597857
0.0625069
0.0652235
0.067929
0.0706173
0.0732836
0.0759236
0.0785321
0.0811035
0.0836325
0.0861141
0.0885426
0.0909125
0.0932179
0.0954524
0.0976107
0.0996892
0.101685
0.103593
0.105409
0.107128
0.108744
0.110253
0.111652
0.112939
0.114113
0.11517
0.116108
0.116924
0.117617
0.118185
0.118626
0.11894
0.119128
0.119189
0.119123
0.118931
0.118615
0.118175
0.117612
0.116925
0.116114
0.115181
0.114128
0.112954
0.111659
0.110254
0.108747
0.106988
0.104849
0.0132249
0.0109823
0.0091418
0.0075712
0.00611355
0.00477527
0.00356762
0.00249
0.00154055
0.000719031
2.59506e-05
-0.000538454
-0.000974423
-0.00128273
-0.0014643
-0.00152027
-0.00145165
-0.00125944
-0.000944942
-0.000509638
4.53641e-05
0.000719722
0.00151305
0.00242366
0.00344866
0.00458532
0.00583196
0.00718707
0.00864803
0.0102112
0.0118733
0.0136315
0.0154829
0.0174237
0.0194491
0.0215545
0.0237355
0.0259884
0.0283097
0.0306946
0.0331377
0.0356343
0.0381802
0.0407715
0.0434032
0.0460695
0.0487645
0.051483
0.05422
0.0569707
0.0597296
0.0624902
0.065246
0.0679908
0.070719
0.0734254
0.0761051
0.0787525
0.0813621
0.0839293
0.0864492
0.0889161
0.091324
0.0936663
0.0959367
0.0981304
0.100244
0.102274
0.104215
0.106062
0.10781
0.109452
0.110987
0.112409
0.113719
0.114912
0.115986
0.116937
0.117764
0.118465
0.119038
0.119481
0.119795
0.119978
0.120031
0.119953
0.119745
0.119409
0.118946
0.118355
0.117635
0.116788
0.115815
0.114717
0.113495
0.112147
0.110685
0.109118
0.107292
0.105074
0.0128475
0.0105281
0.00862133
0.00699149
0.00547775
0.00408697
0.00283021
0.00170774
0.000718128
-0.000139292
-0.000864143
-0.001456
-0.00191539
-0.00224366
-0.00244173
-0.00251053
-0.00245104
-0.00226496
-0.00195397
-0.00151904
-0.00096046
-0.000278704
0.000524677
0.00144711
0.00248605
0.00363968
0.00490638
0.00628366
0.00776802
0.00935595
0.0110448
0.0128318
0.0147135
0.0166854
0.0187427
0.0208812
0.0230975
0.0253874
0.0277466
0.0301697
0.0326514
0.0351878
0.0377749
0.0404081
0.0430818
0.0457902
0.0485277
0.0512898
0.0540713
0.0568669
0.0596705
0.0624755
0.0652759
0.0680662
0.0708405
0.073593
0.0763179
0.0790094
0.0816626
0.0842733
0.0868368
0.089347
0.0917972
0.094181
0.0964923
0.0987266
0.10088
0.102949
0.104926
0.106807
0.108586
0.110259
0.111823
0.113273
0.114607
0.115822
0.116914
0.11788
0.11872
0.119431
0.120011
0.120459
0.120773
0.120954
0.120999
0.120909
0.120685
0.12033
0.119843
0.119224
0.118472
0.117588
0.116574
0.115431
0.11416
0.112759
0.11124
0.109613
0.107719
0.105423
0.0123339
0.0099377
0.00796525
0.00627593
0.00470565
0.00326272
0.00195745
0.000789852
-0.000240367
-0.00113357
-0.00188989
-0.00250939
-0.00299283
-0.00334113
-0.00355522
-0.00363612
-0.00358553
-0.00340534
-0.00309665
-0.00265978
-0.00209522
-0.0014045
-0.000590031
0.000345982
0.0014019
0.00257602
0.00386575
0.00526772
0.00677845
0.00839505
0.010115
0.011935
0.0138506
0.0158571
0.0179506
0.0201274
0.0223838
0.0247151
0.0271163
0.0295821
0.0321078
0.0346897
0.0373234
0.0400035
0.0427243
0.0454801
0.0482661
0.0510777
0.0539092
0.0567547
0.0596078
0.0624624
0.0653135
0.0681555
0.0709818
0.0737857
0.0765611
0.0793024
0.0820051
0.0846652
0.0872775
0.0898357
0.092333
0.0947631
0.0971203
0.0994003
0.101599
0.10371
0.105727
0.107645
0.109459
0.111167
0.112763
0.114244
0.115606
0.116845
0.117957
0.118941
0.119795
0.120519
0.121109
0.121564
0.12188
0.122058
0.122096
0.121996
0.121758
0.121384
0.120873
0.120225
0.11944
0.118518
0.117463
0.116275
0.114954
0.113498
0.111921
0.110234
0.108272
0.105898
0.0116817
0.00920825
0.00717014
0.00542171
0.00379447
0.00229874
0.000944972
-0.000267574
-0.00133852
-0.00226778
-0.00305598
-0.00370365
-0.00421124
-0.00457923
-0.00480881
-0.00490159
-0.00485957
-0.00468401
-0.00437535
-0.0039342
-0.00336214
-0.00266148
-0.00183423
-0.000881708
0.000194573
0.00139197
0.00270705
0.00413647
0.00567736
0.00732697
0.00908207
0.0109384
0.0128914
0.014937
0.0170715
0.0192916
0.0215926
0.0239694
0.0264169
0.0289305
0.0315058
0.0341387
0.0368239
0.0395559
0.0423291
0.0451382
0.0479788
0.0508456
0.0537323
0.0566324
0.0595401
0.0624503
0.065358
0.0682574
0.0711411
0.0740017
0.0768332
0.0796303
0.0823887
0.085104
0.0877705
0.0903816
0.092931
0.0954127
0.0978212
0.100152
0.102399
0.104556
0.106617
0.108577
0.110431
0.112178
0.11381
0.115325
0.116717
0.117982
0.119117
0.120122
0.120995
0.121734
0.122336
0.122798
0.123118
0.123295
0.123328
0.123219
0.122968
0.122576
0.122041
0.121364
0.120544
0.119584
0.118487
0.117253
0.11588
0.11437
0.112733
0.110985
0.108955
0.106502
0.0108898
0.00833742
0.006233
0.00442585
0.00274123
0.00119154
-0.000211273
-0.00146855
-0.0025805
-0.00354674
-0.00436763
-0.00504362
-0.00557493
-0.00596239
-0.00620742
-0.00631181
-0.00627701
-0.0061038
-0.00579298
-0.00534616
-0.00476563
-0.00405336
-0.00321049
-0.00223818
-0.00113884
8.39964e-05
0.00142699
0.00288746
0.00446271
0.00614923
0.00794282
0.00983898
0.0118335
0.013923
0.0161037
0.0183715
0.0207213
0.0231478
0.0256466
0.0282134
0.0308437
0.0335325
0.0362741
0.0390631
0.0418944
0.0447631
0.0476642
0.0505915
0.0535382
0.0564982
0.0594663
0.0624379
0.065408
0.0683701
0.0713162
0.0742389
0.0771324
0.0799917
0.0828121
0.0855884
0.0883145
0.090984
0.093591
0.09613
0.0985951
0.100981
0.103281
0.105489
0.107598
0.109605
0.111504
0.113294
0.114967
0.116518
0.117943
0.119237
0.120399
0.121428
0.122323
0.12308
0.123696
0.124166
0.124491
0.124668
0.124699
0.124583
0.12432
0.123909
0.12335
0.122643
0.121789
0.120791
0.119651
0.118369
0.116944
0.115377
0.113681
0.11187
0.109772
0.107238
0.00995799
0.00732368
0.00515093
0.0032844
0.00154219
-6.22849e-05
-0.00151512
-0.00281787
-0.00397165
-0.00497578
-0.00582981
-0.00653395
-0.00708888
-0.00749592
-0.00775621
-0.00787098
-0.00784127
-0.00766841
-0.0073542
-0.00690081
-0.00631017
-0.00558347
-0.00472175
-0.00372705
-0.00260261
-0.00135186
2.25248e-05
0.00151809
0.00313144
0.00485808
0.00669343
0.00863341
0.0106744
0.0128128
0.0150442
0.0173638
0.0197666
0.0222479
0.0248035
0.0274291
0.0301192
0.0328685
0.0356714
0.038523
0.0414187
0.044353
0.0473201
0.050313
0.053325
0.0563508
0.0593854
0.0624243
0.0654622
0.068492
0.0715056
0.0744962
0.077458
0.0803858
0.0832743
0.0861176
0.0889091
0.0916428
0.0943135
0.0969154
0.0994425
0.101888
0.104246
0.10651
0.108673
0.110731
0.112681
0.114517
0.116234
0.117825
0.119286
0.120614
0.121807
0.122864
0.123783
0.12456
0.12519
0.125671
0.126002
0.126183
0.126213
0.126091
0.125815
0.125386
0.124802
0.124066
0.123177
0.12214
0.120956
0.119625
0.118146
0.116521
0.114765
0.112891
0.110723
0.108107
0.00888435
0.00616527
0.00392129
0.00199359
0.00019332
-0.00146668
-0.00297118
-0.00432109
-0.00551758
-0.00655988
-0.00744725
-0.00817985
-0.0087588
-0.00918513
-0.00945956
-0.0095829
-0.00955669
-0.00938325
-0.00906485
-0.00860327
-0.00799976
-0.0072555
-0.0063724
-0.0053533
-0.00420134
-0.00291926
-0.00150951
2.47798e-05
0.00167928
0.00344914
0.00533018
0.00731877
0.00941117
0.011603
0.0138893
0.0162651
0.018726
0.0212676
0.0238856
0.0265749
0.0293295
0.0321442
0.035014
0.0379344
0.0409004
0.043906
0.0469443
0.0500084
0.0530919
0.0561898
0.0592973
0.0624093
0.0655201
0.0686225
0.0717093
0.0747738
0.0778102
0.0808128
0.0837754
0.0866914
0.0895544
0.0923588
0.0950993
0.0977701
0.100364
0.102876
0.105297
0.107621
0.109843
0.111959
0.113963
0.11585
0.117614
0.119249
0.120751
0.122118
0.123346
0.124435
0.12538
0.126178
0.126825
0.127318
0.127658
0.127844
0.127874
0.127746
0.127458
0.12701
0.126403
0.125637
0.124714
0.123636
0.122407
0.121025
0.119492
0.117808
0.11599
0.114052
0.111811
0.109111
0.00766531
0.00485955
0.0025418
0.000550221
-0.00130985
-0.00302677
-0.00458472
-0.00598335
-0.00722325
-0.00830401
-0.00922521
-0.00998695
-0.0105899
-0.0110345
-0.0113215
-0.0114523
-0.011429
-0.0112544
-0.0109304
-0.010458
-0.00983861
-0.00907436
-0.00816792
-0.00712204
-0.00593919
-0.00462187
-0.00317319
-0.00159718
0.000101479
0.00191837
0.00384974
0.00589183
0.00804013
0.0102896
0.012635
0.0150722
0.0175967
0.0202043
0.0228899
0.0256477
0.0284719
0.0313576
0.0343004
0.0372957
0.0403378
0.0434201
0.0465354
0.0496767
0.0528384
0.0560152
0.0592018
0.0623926
0.0655816
0.0687625
0.0719285
0.0750732
0.0781903
0.0812734
0.0843158
0.0873107
0.0902516
0.093133
0.0959497
0.0986951
0.101362
0.103944
0.106434
0.108825
0.111112
0.11329
0.115353
0.117296
0.119112
0.120795
0.122343
0.123753
0.125021
0.126145
0.127119
0.127941
0.128606
0.129115
0.129467
0.129659
0.129689
0.129555
0.129255
0.128788
0.128157
0.127362
0.126404
0.125286
0.124009
0.122576
0.120987
0.119243
0.117361
0.115357
0.113042
0.110253
0.00629706
0.00340297
0.00100939
-0.0010493
-0.00297236
-0.00474813
-0.00636081
-0.00780921
-0.00909354
-0.0102137
-0.0111693
-0.0119603
-0.0125864
-0.0130483
-0.0133472
-0.0134851
-0.0134645
-0.0132874
-0.0129553
-0.0124693
-0.0118319
-0.0110458
-0.0101137
-0.00903768
-0.00782009
-0.00646402
-0.00497346
-0.00335275
-0.00160616
0.000262331
0.00224883
0.0043488
0.00655705
0.00886833
0.011278
0.0137821
0.0163762
0.0190551
0.0218133
0.0246448
0.0275441
0.0305071
0.0335291
0.0366051
0.0397288
0.0428933
0.0460917
0.0493172
0.0525639
0.0558262
0.059098
0.0623735
0.0656469
0.0689126
0.0721643
0.0753955
0.0785993
0.0817686
0.0848964
0.0879762
0.0910016
0.0939667
0.0968657
0.0996916
0.102437
0.105095
0.10766
0.110124
0.112481
0.114726
0.116853
0.118856
0.120729
0.122467
0.124066
0.125524
0.126835
0.127996
0.129003
0.129852
0.13054
0.131067
0.131432
0.131631
0.131662
0.131521
0.131209
0.130725
0.130071
0.129246
0.128252
0.127092
0.125769
0.124283
0.122636
0.120829
0.118882
0.116809
0.114416
0.111535
0.00477651
0.00179107
-0.000680741
-0.00280962
-0.004799
-0.00663574
-0.00830426
-0.00980367
-0.0111339
-0.0122945
-0.0132848
-0.0141043
-0.014753
-0.015232
-0.0155428
-0.0156877
-0.0156685
-0.0154867
-0.0151441
-0.0146426
-0.0139854
-0.0131752
-0.0122141
-0.0111043
-0.00984845
-0.00845071
-0.0069153
-0.00524613
-0.00344702
-0.00152214
0.000523828
0.00268563
0.00495793
0.00733592
0.00981537
0.0123921
0.0150611
0.0178164
0.0206524
0.0235633
0.0265441
0.0295906
0.032698
0.0358602
0.039071
0.0423237
0.0456117
0.0489283
0.0522669
0.0556211
0.0589844
0.0623511
0.0657158
0.0690734
0.0724176
0.0757414
0.0790374
0.0822985
0.0855179
0.088689
0.0918053
0.0948604
0.0978478
0.10076
0.10359
0.106331
0.108976
0.111519
0.113952
0.116269
0.118465
0.120533
0.122469
0.124266
0.125923
0.127432
0.12879
0.129993
0.131036
0.131916
0.132631
0.133179
0.133557
0.133764
0.133794
0.133648
0.133325
0.132825
0.132147
0.131292
0.130262
0.129059
0.127687
0.126146
0.124439
0.122568
0.120553
0.118408
0.115933
0.112955
0.00310089
1.91333e-05
-0.00253416
-0.00473564
-0.00679393
-0.00869415
-0.0104204
-0.0119725
-0.01335
-0.0145516
-0.0155764
-0.0164241
-0.0170956
-0.0175921
-0.0179149
-0.0180656
-0.0180457
-0.0178572
-0.0175022
-0.0169837
-0.0163046
-0.0154672
-0.0144736
-0.0133264
-0.0120294
-0.010587
-0.00900294
-0.00728068
-0.00542425
-0.00343862
-0.00132923
0.000898475
0.00323959
0.00568969
0.00824446
0.0108991
0.0136479
0.0164848
0.0194043
0.022401
0.0254698
0.028606
0.0318042
0.0350582
0.038362
0.0417093
0.0450936
0.048508
0.051945
0.0553975
0.058859
0.062324
0.0657876
0.0692444
0.0726877
0.0761103
0.0795045
0.0828636
0.086181
0.0894499
0.0926636
0.0958149
0.0988968
0.101902
0.104822
0.107652
0.110384
0.113011
0.115526
0.117921
0.120191
0.122331
0.124335
0.126198
0.127915
0.129481
0.13089
0.132138
0.133222
0.134138
0.134882
0.135453
0.135846
0.136061
0.136093
0.135943
0.135609
0.135092
0.13439
0.133505
0.132438
0.131192
0.129768
0.128171
0.126402
0.124464
0.122376
0.120156
0.117594
0.114514
0.00126771
-0.00191663
-0.00455555
-0.00683201
-0.00896168
-0.0109284
-0.0127152
-0.0143216
-0.015747
-0.0169901
-0.0180499
-0.0189267
-0.0196216
-0.0201355
-0.0204693
-0.020624
-0.0206016
-0.0204047
-0.0200362
-0.0194986
-0.0187946
-0.0179265
-0.016897
-0.0157097
-0.0143686
-0.0128776
-0.0112401
-0.00945983
-0.00754163
-0.00549124
-0.00331432
-0.00101595
0.00139935
0.00392705
0.00656229
0.00929969
0.0121334
0.0150575
0.0180667
0.0211557
0.0243188
0.0275505
0.0308451
0.0341968
0.0375999
0.0410484
0.0445357
0.048054
0.0515955
0.0551529
0.0587197
0.0622907
0.0658609
0.0694243
0.0729736
0.0765013
0.0800002
0.083464
0.0868862
0.0902599
0.0935774
0.0968312
0.100014
0.103117
0.106135
0.109061
0.111886
0.114604
0.117206
0.119685
0.122036
0.124253
0.126332
0.128265
0.130048
0.131674
0.133139
0.134438
0.135568
0.136523
0.137299
0.137895
0.138306
0.13853
0.138566
0.138412
0.138068
0.137534
0.136809
0.135893
0.134788
0.133496
0.13202
0.130363
0.128529
0.126521
0.124358
0.122058
0.119404
0.116216
-0.000725587
-0.00401916
-0.00674877
-0.00910373
-0.0113079
-0.0133443
-0.0151941
-0.0168565
-0.018331
-0.0196167
-0.020713
-0.0216201
-0.0223385
-0.0228688
-0.0232119
-0.0233691
-0.023343
-0.0231366
-0.0227525
-0.0221931
-0.0214609
-0.0205589
-0.0194909
-0.0182604
-0.0168712
-0.0153269
-0.0136309
-0.0117881
-0.00980396
-0.00768451
-0.00543517
-0.00306065
-0.000565617
0.00204486
0.00476538
0.0075905
0.0105146
0.0135321
0.0166377
0.0198253
0.0230886
0.0264216
0.0298186
0.0332744
0.0367835
0.0403398
0.0439361
0.0475643
0.0512165
0.0548856
0.0585653
0.0622501
0.0659344
0.0696115
0.0732738
0.0769136
0.0805244
0.0841002
0.0876346
0.0911199
0.0945478
0.0979104
0.1012
0.104409
0.107531
0.110559
0.113485
0.116299
0.118995
0.121564
0.124003
0.126305
0.128463
0.130472
0.132325
0.134018
0.135544
0.136898
0.138077
0.139075
0.139887
0.14051
0.140941
0.141178
0.141219
0.141062
0.140708
0.140157
0.139408
0.138461
0.137317
0.135978
0.134447
0.13273
0.130828
0.128745
0.126502
0.124117
0.121367
0.118064
-0.00288267
-0.00629212
-0.0091182
-0.0115565
-0.0138389
-0.0159477
-0.0178631
-0.0195837
-0.0211096
-0.02244
-0.0235742
-0.0245119
-0.0252531
-0.0257987
-0.0261499
-0.0263087
-0.0262779
-0.0260602
-0.0256579
-0.0250735
-0.0243102
-0.0233718
-0.0222622
-0.0209848
-0.0195428
-0.01794
-0.016181
-0.0142713
-0.0122167
-0.0100231
-0.00769556
-0.00523915
-0.00265902
3.92254e-05
0.00285008
0.00576849
0.00878929
0.0119068
0.0151151
0.0184074
0.0217768
0.0252173
0.0287234
0.0322901
0.035912
0.0395824
0.0432937
0.0470378
0.0508071
0.0545951
0.0583952
0.0622012
0.0660068
0.0698046
0.073587
0.0773466
0.0810771
0.0847726
0.0884264
0.0920303
0.0955754
0.0990535
0.102457
0.105779
0.109012
0.112149
0.115181
0.118099
0.120895
0.123563
0.126096
0.128487
0.130732
0.132822
0.134751
0.136515
0.138107
0.139522
0.140755
0.141799
0.14265
0.143304
0.143758
0.144009
0.144057
0.143899
0.143536
0.142968
0.142195
0.141215
0.14003
0.138642
0.137055
0.135274
0.133302
0.131141
0.128813
0.126337
0.123485
0.120061
-0.00520907
-0.00874096
-0.0116693
-0.014196
-0.0165607
-0.0187453
-0.0207293
-0.0225115
-0.0240917
-0.0254687
-0.0266415
-0.0276095
-0.028373
-0.0289333
-0.0292921
-0.0294517
-0.0294146
-0.0291831
-0.0287597
-0.0281476
-0.0273507
-0.0263731
-0.0252182
-0.023889
-0.0223892
-0.0207234
-0.0188971
-0.0169158
-0.0147855
-0.0125116
-0.0100999
-0.00755597
-0.00488548
-0.00209416
0.000812859
0.00383097
0.00695511
0.0101791
0.0134963
0.0168992
0.0203811
0.0239359
0.0275584
0.0312433
0.0349845
0.0387753
0.0426078
0.0464743
0.0503677
0.0542816
0.0582092
0.0621434
0.0660769
0.0700025
0.0739124
0.0777997
0.0816579
0.085481
0.0892615
0.0929908
0.0966598
0.100261
0.103785
0.107227
0.110579
0.113831
0.116977
0.120006
0.12291
0.125682
0.128316
0.130805
0.133141
0.135319
0.13733
0.139171
0.140834
0.142314
0.143604
0.144699
0.145593
0.146282
0.146762
0.147031
0.147087
0.146929
0.146558
0.145975
0.145177
0.144164
0.142936
0.141498
0.139853
0.138005
0.135958
0.133714
0.131297
0.128726
0.125764
0.122211
-0.00771116
-0.0113721
-0.0144082
-0.0170283
-0.0194801
-0.0217448
-0.0238016
-0.025649
-0.0272859
-0.0287108
-0.0299225
-0.0309208
-0.0317068
-0.0322819
-0.032648
-0.0328069
-0.0327611
-0.0325132
-0.0320663
-0.0314242
-0.0305909
-0.0295702
-0.0283652
-0.0269795
-0.0254174
-0.0236843
-0.021786
-0.0197278
-0.0175156
-0.0151554
-0.0126536
-0.0100165
-0.00725005
-0.00435949
-0.0013496
0.0017751
0.00500918
0.00834593
0.011778
0.0152979
0.0188992
0.0225758
0.0263222
0.0301322
0.0339995
0.0379172
0.0418777
0.0458736
0.0498983
0.0539452
0.0580069
0.0620756
0.0661438
0.070204
0.0742491
0.078272
0.0822659
0.0862241
0.0901385
0.0940003
0.0978007
0.101532
0.105186
0.108755
0.112232
0.115608
0.118874
0.122021
0.12504
0.127925
0.130667
0.13326
0.135696
0.137967
0.140068
0.14199
0.14373
0.145279
0.146632
0.147782
0.148724
0.149452
0.149962
0.150251
0.150318
0.150162
0.149786
0.149186
0.148363
0.147315
0.146044
0.144554
0.142848
0.140931
0.138805
0.136474
0.133961
0.131289
0.128211
0.12452
-0.0103948
-0.0141923
-0.0173421
-0.0200609
-0.0226054
-0.0249555
-0.0270892
-0.0290045
-0.0306999
-0.0321738
-0.0334254
-0.0344551
-0.0352642
-0.035854
-0.0362262
-0.0363825
-0.0363258
-0.0360592
-0.0355866
-0.0349116
-0.0340381
-0.0329697
-0.03171
-0.0302633
-0.0286346
-0.0268297
-0.0248539
-0.0227128
-0.0204124
-0.0179599
-0.0153623
-0.0126263
-0.00975741
-0.00676066
-0.00364072
-0.000402579
0.0029478
0.00640339
0.00995675
0.0136007
0.0173286
0.0211345
0.025012
0.0289543
0.0329546
0.0370063
0.0411021
0.045235
0.0493981
0.0535846
0.0577867
0.0619963
0.0662059
0.0704082
0.074596
0.0787622
0.0828994
0.087
0.0910558
0.0950578
0.0989973
0.102867
0.106658
0.110362
0.113973
0.11748
0.120874
0.124147
0.12729
0.130294
0.133153
0.135858
0.1384
0.140773
0.142968
0.144979
0.1468
0.148425
0.149846
0.151057
0.152051
0.152821
0.153364
0.153677
0.153758
0.153608
0.153226
0.152611
0.151761
0.150678
0.149363
0.147819
0.146049
0.144058
0.141849
0.139425
0.136812
0.134032
0.13083
0.126991
-0.0132657
-0.0172086
-0.0204793
-0.0233031
-0.025946
-0.0283863
-0.0306004
-0.0325859
-0.0343417
-0.0358666
-0.03716
-0.0382224
-0.0390548
-0.0396587
-0.0400354
-0.0401873
-0.0401177
-0.0398304
-0.039329
-0.0386173
-0.037699
-0.0365782
-0.0352594
-0.0337475
-0.0320478
-0.0301656
-0.0281062
-0.0258759
-0.0234816
-0.020931
-0.0182317
-0.0153902
-0.0124117
-0.00930139
-0.00606434
-0.00270619
0.000766732
0.00434751
0.00802905
0.0118042
0.0156663
0.0196086
0.0236242
0.0277057
0.0318465
0.0360397
0.0402787
0.0445562
0.048865
0.0531977
0.0575466
0.0619037
0.0662617
0.0706136
0.0749517
0.0792685
0.083556
0.0878064
0.0920112
0.0961615
0.100249
0.104265
0.108201
0.11205
0.115801
0.119447
0.122978
0.126385
0.12966
0.132793
0.135776
0.138601
0.141257
0.143738
0.146035
0.148141
0.150051
0.151758
0.153253
0.154529
0.155579
0.156396
0.156976
0.157317
0.157416
0.157273
0.156887
0.156256
0.155381
0.154262
0.152901
0.151301
0.149464
0.147396
0.145098
0.142575
0.139854
0.136959
0.133625
0.129629
-0.0163309
-0.0204292
-0.0238291
-0.0267642
-0.0295106
-0.0320452
-0.034343
-0.0364018
-0.0382211
-0.0397996
-0.0411367
-0.0422325
-0.0430881
-0.0437048
-0.0440848
-0.0442307
-0.0441463
-0.0438353
-0.0433014
-0.0425484
-0.0415806
-0.040403
-0.0390208
-0.037439
-0.0356627
-0.033697
-0.0315481
-0.0292227
-0.0267289
-0.0240745
-0.0212669
-0.0183125
-0.015217
-0.0119858
-0.00862489
-0.00514026
-0.00153824
0.00217463
0.00599154
0.00990531
0.0139086
0.0179942
0.0221546
0.0263827
0.0306716
0.0350146
0.0394047
0.0438343
0.0482958
0.0527817
0.0572842
0.0617959
0.0663098
0.0708187
0.0753144
0.0797888
0.0842337
0.0886412
0.0930029
0.09731
0.101554
0.105725
0.109816
0.113816
0.117718
0.121511
0.125187
0.128737
0.132152
0.135422
0.138539
0.141491
0.14427
0.146866
0.149273
0.151482
0.153488
0.155283
0.156858
0.158205
0.159315
0.160184
0.160807
0.161181
0.161301
0.161168
0.160779
0.160134
0.159234
0.158078
0.15667
0.15501
0.153103
0.150952
0.148561
0.145933
0.143098
0.14008
0.136606
0.132442
-0.0195987
-0.0238628
-0.0274001
-0.0304528
-0.0333077
-0.0359409
-0.0383268
-0.0404631
-0.0423492
-0.0439838
-0.0453658
-0.0464953
-0.0473736
-0.0480026
-0.0483847
-0.0485229
-0.0484209
-0.0480826
-0.0475117
-0.0467128
-0.0456911
-0.0444523
-0.0430018
-0.0413443
-0.039485
-0.0374298
-0.0351854
-0.0327596
-0.0301603
-0.0273955
-0.0244723
-0.0213974
-0.0181774
-0.0148186
-0.0113271
-0.00770919
-0.00397085
-0.000118459
0.00384118
0.00790056
0.0120519
0.0162874
0.0205999
0.024982
0.029427
0.0339278
0.0384768
0.0430658
0.0476873
0.0523337
0.0569975
0.0616717
0.0663491
0.0710221
0.0756825
0.0803216
0.0849311
0.0895034
0.0940302
0.0985026
0.102911
0.107247
0.1115
0.115661
0.119721
0.123671
0.127502
0.131205
0.134769
0.138185
0.141443
0.144532
0.147441
0.150162
0.152687
0.155008
0.157118
0.159008
0.160669
0.162092
0.163269
0.164196
0.164867
0.165278
0.165423
0.165302
0.164912
0.164255
0.16333
0.162138
0.16068
0.158958
0.156977
0.154739
0.152248
0.149509
0.146552
0.143405
0.139781
0.135439
-0.0230775
-0.0275178
-0.0312005
-0.0343774
-0.0373469
-0.0400844
-0.0425635
-0.0447818
-0.0467379
-0.0484303
-0.0498581
-0.0510217
-0.0519227
-0.0525633
-0.0529461
-0.0530741
-0.0529511
-0.0525812
-0.0519691
-0.05112
-0.05004
-0.0487349
-0.0472099
-0.0454702
-0.0435215
-0.0413707
-0.0390253
-0.0364929
-0.0337814
-0.0308987
-0.0278523
-0.0246497
-0.0212981
-0.0178047
-0.0141756
-0.0104169
-0.00653434
-0.00253467
0.00157499
0.00578682
0.0100929
0.0144854
0.0189572
0.0235012
0.0281101
0.0327765
0.0374918
0.0422477
0.0470367
0.0518515
0.0566849
0.0615296
0.0663782
0.0712227
0.0760547
0.0808656
0.0856475
0.0903926
0.0950929
0.0997393
0.104322
0.10883
0.113255
0.117586
0.121814
0.12593
0.129925
0.133789
0.137513
0.141084
0.144492
0.147726
0.150775
0.15363
0.156283
0.158725
0.160947
0.162939
0.164693
0.166198
0.16745
0.168442
0.169166
0.169618
0.169791
0.169685
0.169298
0.16863
0.167681
0.166452
0.164943
0.163156
0.161096
0.158766
0.156169
0.153313
0.150228
0.146944
0.143161
0.138626
-0.0267754
-0.031403
-0.0352399
-0.0385486
-0.0416401
-0.0444886
-0.0470662
-0.0493702
-0.051399
-0.0531511
-0.0546259
-0.0558242
-0.0567479
-0.0573991
-0.0577804
-0.0578951
-0.0577473
-0.057342
-0.0566846
-0.055781
-0.0546373
-0.0532595
-0.0516534
-0.0498247
-0.0477805
-0.0455281
-0.0430751
-0.0404291
-0.0375977
-0.0345892
-0.0314121
-0.0280747
-0.0245846
-0.0209492
-0.0171747
-0.0132669
-0.00923207
-0.00507733
-0.000810374
0.0035609
0.00802879
0.0125858
0.0172247
0.0219381
0.0267185
0.0315576
0.0364465
0.0413768
0.0463411
0.0513326
0.056344
0.0613675
0.066395
0.0714184
0.0764294
0.0814199
0.0863822
0.0913087
0.0961909
0.101019
0.105784
0.110474
0.115079
0.119589
0.123995
0.128287
0.132457
0.136493
0.140384
0.144119
0.147687
0.151076
0.154275
0.157275
0.160066
0.162638
0.16498
0.167083
0.168937
0.170534
0.171868
0.17293
0.173714
0.174211
0.174417
0.17433
0.173949
0.173272
0.1723
0.171032
0.169471
0.167617
0.165473
0.163046
0.160338
0.157357
0.154137
0.150707
0.146753
0.142013
-0.0307013
-0.0355288
-0.0395301
-0.0429794
-0.0462008
-0.0491667
-0.0518478
-0.0542411
-0.0563455
-0.0581595
-0.0596829
-0.0609164
-0.061862
-0.062522
-0.0628993
-0.0629975
-0.0628217
-0.0623773
-0.0616703
-0.0607067
-0.059493
-0.0580358
-0.0563416
-0.0544176
-0.0522714
-0.0499104
-0.0473423
-0.0445744
-0.0416151
-0.0384733
-0.0351582
-0.0316787
-0.0280426
-0.024257
-0.0203285
-0.0162633
-0.0120682
-0.00775067
-0.00331893
0.00121929
0.00585669
0.010586
0.0153997
0.0202899
0.0252485
0.0302672
0.0353369
0.0404493
0.0455972
0.0507737
0.0559712
0.0611814
0.0663957
0.0716059
0.076804
0.0819823
0.0871335
0.0922499
0.0973224
0.102341
0.107296
0.112176
0.11697
0.12167
0.126264
0.130743
0.135097
0.139314
0.143384
0.147293
0.151031
0.154586
0.157946
0.161102
0.16404
0.166751
0.169223
0.171446
0.17341
0.175109
0.176532
0.177673
0.178521
0.179069
0.179313
0.17925
0.178878
0.178195
0.1772
0.175894
0.174278
0.172354
0.170123
0.167593
0.164769
0.161657
0.158292
0.154706
0.15057
0.145608
-0.034866
-0.0399074
-0.0440847
-0.0476835
-0.0510424
-0.0541321
-0.0569217
-0.0594087
-0.0615921
-0.0634705
-0.0650435
-0.0663122
-0.0672784
-0.0679451
-0.0683157
-0.0683946
-0.0681873
-0.0676997
-0.0669378
-0.0659081
-0.0646176
-0.0630741
-0.0612854
-0.0592593
-0.0570037
-0.054526
-0.051834
-0.0489359
-0.0458406
-0.0425578
-0.0390974
-0.0354681
-0.0316776
-0.0277332
-0.0236421
-0.0194112
-0.0150478
-0.0105598
-0.00595534
-0.00124204
0.00357301
0.00848253
0.0134785
0.0185524
0.023696
0.028901
0.0341587
0.039461
0.0448005
0.0501699
0.0555612
0.0609658
0.066375
0.0717804
0.0771744
0.0825496
0.0878986
0.0932134
0.0984847
0.103702
0.108856
0.113935
0.118929
0.123828
0.128621
0.133298
0.137846
0.142255
0.146512
0.150607
0.154526
0.158259
0.161792
0.165113
0.16821
0.17107
0.173683
0.176037
0.178123
0.179932
0.181454
0.182679
0.183599
0.184206
0.184494
0.184459
0.184099
0.183411
0.182396
0.181052
0.17938
0.177382
0.175061
0.172424
0.169476
0.166225
0.162707
0.158953
0.154621
0.149421
-0.039282
-0.0445521
-0.0489171
-0.0526746
-0.0561788
-0.0593991
-0.0623034
-0.0648889
-0.0671547
-0.0690994
-0.0707226
-0.0720256
-0.0730111
-0.0736825
-0.0740441
-0.0741006
-0.0738577
-0.0733215
-0.0724986
-0.0713961
-0.0700223
-0.0683859
-0.0664957
-0.0643598
-0.0619862
-0.0593827
-0.0565579
-0.0535211
-0.0502819
-0.0468504
-0.0432365
-0.0394488
-0.0354951
-0.0313832
-0.027121
-0.0227162
-0.0181766
-0.01351
-0.0087244
-0.00382743
0.00117358
0.006271
0.0114564
0.016721
0.0220566
0.0274549
0.0329079
0.0384075
0.0439462
0.049516
0.0551087
0.0607154
0.0663276
0.0719372
0.0775364
0.0831178
0.0886737
0.0941957
0.0996745
0.1051
0.110462
0.115751
0.120955
0.126064
0.131066
0.13595
0.140703
0.145315
0.149772
0.154063
0.158176
0.162098
0.165816
0.169314
0.17258
0.175601
0.178366
0.180864
0.183083
0.185012
0.186642
0.187961
0.188961
0.189634
0.189972
0.18997
0.189626
0.188938
0.187903
0.186521
0.184792
0.182717
0.180302
0.177552
0.174475
0.171076
0.167393
0.163461
0.158918
0.153463
-0.0439619
-0.0494762
-0.0540411
-0.0579675
-0.0616258
-0.0649844
-0.0680098
-0.0706985
-0.0730496
-0.075062
-0.0767356
-0.0780724
-0.0790759
-0.0797501
-0.0800996
-0.0801295
-0.0798457
-0.079255
-0.0783646
-0.0771828
-0.075719
-0.0739827
-0.0719829
-0.0697282
-0.0672272
-0.0644886
-0.0615223
-0.0583384
-0.0549471
-0.0513583
-0.0475817
-0.0436263
-0.0395005
-0.0352126
-0.030771
-0.0261842
-0.02146
-0.0166061
-0.0116305
-0.00654116
-0.00134597
0.00394698
0.00932903
0.0147916
0.0203264
0.0259257
0.0315814
0.0372856
0.0430304
0.0488078
0.0546092
0.0604258
0.0662495
0.0720723
0.0778862
0.0836832
0.0894552
0.0951935
0.100889
0.106532
0.112113
0.117621
0.123046
0.128375
0.133597
0.138699
0.143669
0.148494
0.153164
0.157664
0.161984
0.166107
0.17002
0.173708
0.177156
0.180351
0.183282
0.185936
0.188299
0.19036
0.192108
0.193532
0.194622
0.195368
0.195763
0.195801
0.195478
0.194792
0.19374
0.19232
0.190533
0.18838
0.185866
0.182998
0.179783
0.176226
0.172368
0.168244
0.163476
0.157746
-0.0489193
-0.0546944
-0.0594725
-0.0635787
-0.067401
-0.0709059
-0.0740583
-0.0768546
-0.0792937
-0.0813752
-0.0830997
-0.0844701
-0.0854901
-0.0861643
-0.0864976
-0.0864956
-0.0861649
-0.0855132
-0.0845487
-0.0832809
-0.0817198
-0.0798752
-0.0777566
-0.0753734
-0.0727354
-0.0698528
-0.0667362
-0.0633964
-0.0598436
-0.0560877
-0.0521387
-0.0480061
-0.0436992
-0.0392266
-0.0345973
-0.0298198
-0.024902
-0.0198518
-0.0146774
-0.00938725
-0.00398979
0.00150644
0.00709283
0.012761
0.0185031
0.0243112
0.0301772
0.0360929
0.0420506
0.0480424
0.05406
0.0600947
0.0661384
0.0721831
0.0782206
0.0842423
0.0902396
0.0962036
0.102125
0.107996
0.113806
0.119545
0.125201
0.130762
0.136214
0.141545
0.146743
0.151795
0.156689
0.161412
0.16595
0.170288
0.174409
0.178298
0.181942
0.185326
0.188437
0.19126
0.19378
0.195986
0.197864
0.199404
0.200593
0.201422
0.201881
0.201966
0.20167
0.200991
0.199924
0.198467
0.196621
0.194388
0.191773
0.188781
0.185419
0.181695
0.177649
0.173321
0.16831
0.162286
-0.0541691
-0.0602233
-0.065229
-0.0695269
-0.073523
-0.0771822
-0.0804674
-0.0833754
-0.0859057
-0.0880583
-0.0898345
-0.0912376
-0.0922718
-0.0929422
-0.0932541
-0.0932143
-0.0928303
-0.0921109
-0.0910654
-0.0897038
-0.0880365
-0.086074
-0.0838267
-0.0813053
-0.078521
-0.075485
-0.0722086
-0.0687028
-0.0649781
-0.0610447
-0.0569132
-0.0525939
-0.0480966
-0.0434305
-0.0386045
-0.033627
-0.0285063
-0.0232507
-0.0178689
-0.0123697
-0.00676188
-0.00105419
0.00474483
0.0106271
0.0165847
0.0226095
0.0286932
0.0348276
0.0410051
0.0472184
0.0534596
0.0597204
0.0659925
0.0722675
0.0785369
0.0847919
0.0910236
0.0972231
0.103382
0.10949
0.11554
0.12152
0.127418
0.13322
0.138914
0.144487
0.149925
0.155217
0.160349
0.165308
0.170078
0.174642
0.178985
0.183091
0.186946
0.190533
0.193837
0.196843
0.199534
0.201898
0.20392
0.205588
0.206888
0.20781
0.208344
0.208483
0.208221
0.207552
0.206474
0.204982
0.203078
0.200763
0.198041
0.194919
0.191403
0.187502
0.183256
0.178708
0.173439
0.167097
-0.0597284
-0.0660814
-0.0713301
-0.0758314
-0.0800113
-0.0838327
-0.0872571
-0.0902818
-0.092907
-0.0951327
-0.0969609
-0.0983951
-0.0994401
-0.100102
-0.100387
-0.100303
-0.0998589
-0.0990644
-0.0979295
-0.0964647
-0.0946812
-0.0925905
-0.0902044
-0.0875349
-0.0845945
-0.0813951
-0.0779482
-0.0742652
-0.0703574
-0.0662358
-0.0619116
-0.0573957
-0.0526984
-0.047829
-0.0427964
-0.0376092
-0.0322763
-0.0268065
-0.0212089
-0.0154926
-0.00966626
-0.00373857
0.00228183
0.00838671
0.0145681
0.0208175
0.0271265
0.033487
0.0398918
0.0463341
0.0528066
0.0593012
0.0658096
0.0723229
0.0788324
0.0853291
0.0918043
0.0982492
0.104655
0.111013
0.117313
0.123544
0.129694
0.13575
0.141697
0.147523
0.153215
0.15876
0.164145
0.169352
0.174368
0.179173
0.183754
0.188092
0.192172
0.195978
0.199491
0.202694
0.205572
0.208109
0.210289
0.212098
0.213522
0.214548
0.215168
0.215371
0.21515
0.214498
0.213412
0.211888
0.209927
0.207528
0.204696
0.201438
0.197759
0.193669
0.189211
0.184429
0.178881
0.172198
-0.0656154
-0.0722883
-0.0777961
-0.082513
-0.086887
-0.0908795
-0.0944504
-0.0975974
-0.100321
-0.102621
-0.104501
-0.105964
-0.107015
-0.107664
-0.107916
-0.107781
-0.107269
-0.106391
-0.105156
-0.103578
-0.101667
-0.0994376
-0.0969022
-0.0940743
-0.0909669
-0.0875926
-0.0839634
-0.0800914
-0.075989
-0.0716682
-0.0671407
-0.0624179
-0.05751
-0.0524266
-0.0471771
-0.0417706
-0.0362163
-0.0305237
-0.0247021
-0.0187604
-0.0127071
-0.00655073
-0.000300188
0.00603585
0.012449
0.0189309
0.0254729
0.0320673
0.0387074
0.0453867
0.0520983
0.0588344
0.0655865
0.0723457
0.0791032
0.0858502
0.0925781
0.0992782
0.105942
0.112559
0.11912
0.125613
0.132027
0.138347
0.14456
0.150653
0.156613
0.162425
0.168075
0.173546
0.178822
0.183885
0.188719
0.193306
0.197628
0.201668
0.205406
0.208824
0.211905
0.21463
0.216984
0.218949
0.220511
0.221656
0.222374
0.222651
0.222479
0.221852
0.220763
0.219211
0.217192
0.214708
0.211763
0.208362
0.204513
0.200222
0.195538
0.190506
0.184658
0.177608
-0.0718497
-0.0788649
-0.0846488
-0.0895946
-0.0941743
-0.0983477
-0.102073
-0.105347
-0.108172
-0.110548
-0.112477
-0.113966
-0.11502
-0.115649
-0.115862
-0.115669
-0.11508
-0.114107
-0.112762
-0.111058
-0.109009
-0.10663
-0.103934
-0.100936
-0.0976489
-0.0940868
-0.0902627
-0.0861898
-0.0818812
-0.0773498
-0.0726077
-0.0676665
-0.0625366
-0.0572281
-0.0517512
-0.0461156
-0.040331
-0.0344069
-0.0283527
-0.0221771
-0.0158882
-0.00949469
-0.0030057
0.0035696
0.0102225
0.0169446
0.0237276
0.0305643
0.037448
0.0443726
0.0513311
0.058316
0.0653189
0.0723315
0.0793451
0.0863511
0.093341
0.100306
0.107236
0.114123
0.120955
0.127722
0.13441
0.141008
0.1475
0.153874
0.160115
0.166209
0.172139
0.177889
0.183442
0.18878
0.193884
0.198737
0.203318
0.20761
0.211591
0.215242
0.218543
0.221474
0.224017
0.226155
0.227872
0.229151
0.229979
0.230342
0.23023
0.229635
0.228552
0.226974
0.224901
0.222332
0.21927
0.215721
0.211691
0.207189
0.202263
0.196963
0.190796
0.18335
-0.0784529
-0.0858343
-0.0919131
-0.0971027
-0.101901
-0.106265
-0.110152
-0.113558
-0.116486
-0.118938
-0.120916
-0.122427
-0.12348
-0.124083
-0.124249
-0.123987
-0.12331
-0.122231
-0.120764
-0.118924
-0.116725
-0.114183
-0.111313
-0.108131
-0.104651
-0.100888
-0.0968556
-0.0925693
-0.0880424
-0.083288
-0.078319
-0.073147
-0.0677831
-0.0622383
-0.0565235
-0.0506491
-0.0446248
-0.0384602
-0.0321642
-0.0257455
-0.0192125
-0.0125738
-0.00583864
0.000983612
0.00788409
0.0148544
0.0218868
0.0289741
0.0361099
0.0432879
0.0505011
0.0577422
0.0650034
0.0722769
0.0795547
0.0868284
0.0940893
0.101328
0.108535
0.115701
0.122815
0.129866
0.136841
0.143728
0.150513
0.157181
0.163718
0.170108
0.176334
0.18238
0.188227
0.193857
0.199251
0.204388
0.209248
0.213811
0.218054
0.221957
0.225496
0.228652
0.231404
0.233734
0.235623
0.237052
0.238006
0.238468
0.238428
0.237876
0.236805
0.235208
0.233083
0.230428
0.227247
0.223544
0.219325
0.214598
0.209416
0.20383
0.197319
0.189449
-0.0854499
-0.0932236
-0.0996173
-0.105066
-0.110096
-0.11466
-0.118715
-0.122259
-0.125293
-0.127819
-0.129844
-0.131374
-0.132419
-0.13299
-0.133098
-0.132757
-0.131981
-0.130784
-0.129183
-0.127192
-0.124829
-0.12211
-0.119052
-0.115671
-0.111984
-0.108005
-0.103752
-0.0992386
-0.09448
-0.0894893
-0.0842799
-0.0788643
-0.0732544
-0.0674619
-0.0614984
-0.0553747
-0.0491007
-0.0426856
-0.0361383
-0.0294675
-0.0226818
-0.0157901
-0.00880139
-0.00172476
0.00543112
0.012658
0.019948
0.0272943
0.0346903
0.0421295
0.0496051
0.0571102
0.0646375
0.07218
0.0797302
0.0872801
0.0948206
0.102342
0.109835
0.117289
0.124695
0.132041
0.139315
0.146505
0.153595
0.160572
0.167418
0.17412
0.180659
0.187019
0.193179
0.19912
0.204822
0.210263
0.215422
0.220277
0.224803
0.228978
0.232777
0.236178
0.23916
0.241702
0.243782
0.24538
0.246475
0.247053
0.247099
0.246602
0.245552
0.243943
0.24177
0.239031
0.235728
0.231865
0.227447
0.222482
0.217028
0.211137
0.204258
0.195932
-0.0928687
-0.101063
-0.107793
-0.113517
-0.11879
-0.123566
-0.127797
-0.131481
-0.134622
-0.137224
-0.139293
-0.140836
-0.141866
-0.142394
-0.142435
-0.142003
-0.141115
-0.139787
-0.138037
-0.135882
-0.133339
-0.130428
-0.127165
-0.123569
-0.119658
-0.11545
-0.11096
-0.106205
-0.1012
-0.0959588
-0.0904951
-0.0848229
-0.0789547
-0.072903
-0.0666794
-0.0602951
-0.0537603
-0.0470842
-0.0402757
-0.0333437
-0.026297
-0.0191443
-0.0118946
-0.00455611
0.00286287
0.0103542
0.01791
0.0255231
0.0331869
0.0408949
0.0486406
0.0564176
0.0642192
0.072039
0.0798699
0.0877039
0.0955322
0.103345
0.111132
0.118885
0.126592
0.134245
0.14183
0.149335
0.156744
0.164042
0.171214
0.178243
0.185112
0.191803
0.198296
0.204568
0.210599
0.216366
0.221846
0.227014
0.231845
0.236314
0.240396
0.244066
0.247301
0.250077
0.252369
0.254155
0.255412
0.256123
0.256271
0.255841
0.254825
0.253212
0.250996
0.248175
0.244748
0.240718
0.236092
0.230878
0.225135
0.21892
0.211646
0.202829
-0.10074
-0.109384
-0.116472
-0.122489
-0.12802
-0.133017
-0.13743
-0.14126
-0.144511
-0.147186
-0.149293
-0.150843
-0.151848
-0.152323
-0.152285
-0.15175
-0.150736
-0.149263
-0.147348
-0.145011
-0.142271
-0.139149
-0.135664
-0.131837
-0.127686
-0.123231
-0.118489
-0.113476
-0.108209
-0.102701
-0.0969693
-0.091027
-0.084888
-0.0785645
-0.0720686
-0.0654116
-0.0586042
-0.0516561
-0.0445766
-0.0373743
-0.0300581
-0.0226364
-0.0151176
-0.00750965
0.000179903
0.00794313
0.0157721
0.0236592
0.0315978
0.0395818
0.0476051
0.0556618
0.0637458
0.071851
0.0799705
0.0880966
0.0962203
0.104332
0.112423
0.120483
0.128503
0.136474
0.144381
0.152213
0.159954
0.167588
0.1751
0.182473
0.18969
0.196731
0.203575
0.2102
0.216582
0.222697
0.228521
0.234026
0.239187
0.243975
0.248364
0.252329
0.255842
0.258876
0.261403
0.263399
0.26484
0.265704
0.265972
0.265627
0.264656
0.26305
0.260799
0.257897
0.254345
0.250145
0.245302
0.239825
0.233777
0.227216
0.219522
0.210178
-0.109098
-0.118223
-0.125693
-0.13202
-0.137823
-0.143052
-0.147656
-0.151635
-0.154994
-0.15774
-0.15988
-0.161428
-0.162399
-0.162809
-0.162679
-0.162025
-0.16087
-0.159233
-0.157135
-0.154597
-0.151641
-0.148289
-0.144564
-0.140487
-0.136079
-0.131359
-0.126345
-0.121057
-0.11551
-0.109722
-0.103707
-0.0974807
-0.091057
-0.0844484
-0.0776672
-0.070725
-0.0636331
-0.056402
-0.0490412
-0.0415594
-0.0339648
-0.0262655
-0.0184694
-0.010584
-0.00261667
0.0054251
0.0135335
0.0217012
0.0299215
0.0381884
0.0464964
0.0548402
0.0632141
0.0716123
0.0800279
0.0884534
0.0968802
0.105299
0.113702
0.122079
0.130423
0.138721
0.146963
0.155134
0.163219
0.171203
0.179071
0.186805
0.194387
0.201798
0.209014
0.216012
0.222768
0.229256
0.235448
0.241316
0.246832
0.251968
0.256693
0.26098
0.264797
0.268115
0.270904
0.273137
0.274786
0.275826
0.276234
0.275992
0.275084
0.273496
0.271217
0.26824
0.264563
0.260188
0.255121
0.249369
0.242998
0.236071
0.227926
0.218016
-0.11798
-0.12762
-0.135498
-0.142154
-0.148244
-0.153716
-0.158517
-0.162647
-0.166114
-0.168925
-0.171091
-0.172628
-0.173553
-0.173885
-0.173646
-0.172858
-0.171542
-0.169721
-0.167419
-0.16466
-0.161467
-0.157866
-0.15388
-0.149532
-0.144845
-0.13984
-0.134536
-0.128954
-0.123111
-0.117025
-0.110712
-0.104187
-0.0974637
-0.0905557
-0.0834756
-0.0762356
-0.0688476
-0.0613224
-0.0536699
-0.0458985
-0.038016
-0.0300301
-0.0219483
-0.0137777
-0.00552562
0.00280095
0.0111948
0.0196489
0.028157
0.0367135
0.0453131
0.0539507
0.0626213
0.0713191
0.0800376
0.0887696
0.0975069
0.106241
0.114965
0.123669
0.132345
0.140982
0.149569
0.158092
0.166535
0.174883
0.183122
0.191235
0.199201
0.207
0.21461
0.222004
0.229158
0.236042
0.242629
0.248887
0.254788
0.2603
0.265392
0.27003
0.274181
0.277813
0.280894
0.283392
0.285276
0.286518
0.287091
0.286973
0.286146
0.28459
0.282294
0.279248
0.275448
0.270897
0.265598
0.259559
0.252848
0.245531
0.236904
0.226386
-0.127427
-0.137619
-0.145931
-0.152937
-0.159329
-0.165055
-0.170058
-0.174341
-0.177913
-0.180784
-0.182968
-0.184483
-0.185348
-0.185587
-0.185221
-0.184276
-0.182778
-0.180751
-0.178223
-0.175219
-0.171768
-0.167895
-0.163625
-0.158984
-0.153996
-0.148683
-0.143069
-0.137173
-0.131016
-0.124615
-0.117987
-0.111147
-0.104109
-0.0968864
-0.0894939
-0.0819437
-0.0742479
-0.0664174
-0.0584622
-0.0503905
-0.0422102
-0.0339285
-0.0255526
-0.0170895
-0.00854578
7.1804e-05
0.00875681
0.0175031
0.0263049
0.0351569
0.0440542
0.0529918
0.0619648
0.0709681
0.0799956
0.0890407
0.0980959
0.107154
0.116206
0.125246
0.134264
0.143251
0.152194
0.16108
0.169895
0.178624
0.18725
0.195757
0.204126
0.212335
0.220359
0.228173
0.235748
0.243055
0.250064
0.256743
0.26306
0.268981
0.27447
0.279491
0.28401
0.28799
0.291395
0.29419
0.29634
0.297813
0.298578
0.29861
0.297883
0.296378
0.294077
0.290971
0.287054
0.282325
0.276788
0.270449
0.26338
0.255649
0.246508
0.235338
-0.137487
-0.148269
-0.157046
-0.16442
-0.17113
-0.17712
-0.18233
-0.186767
-0.190442
-0.193367
-0.195559
-0.197037
-0.197826
-0.19795
-0.197436
-0.196312
-0.194607
-0.192349
-0.18957
-0.186297
-0.182562
-0.17839
-0.173812
-0.168852
-0.163539
-0.157897
-0.15195
-0.14572
-0.139229
-0.132494
-0.125533
-0.11836
-0.110991
-0.10344
-0.0957213
-0.0878484
-0.079833
-0.0716858
-0.0634165
-0.0550337
-0.0465454
-0.0379588
-0.0292809
-0.0205179
-0.011676
-0.00276108
0.00622109
0.0152651
0.0243659
0.0335187
0.0427187
0.0519614
0.061242
0.0705559
0.0798979
0.0892622
0.098642
0.10803
0.11742
0.126804
0.136174
0.14552
0.154831
0.164093
0.173293
0.182417
0.191447
0.200367
0.209158
0.217796
0.226257
0.234513
0.242536
0.250293
0.257754
0.264886
0.271651
0.278014
0.283936
0.289377
0.294299
0.298664
0.30243
0.305558
0.308009
0.309746
0.310735
0.310942
0.310341
0.308906
0.306618
0.303464
0.299436
0.294531
0.28875
0.282099
0.274653
0.266484
0.256794
0.244925
-0.148212
-0.159626
-0.168896
-0.17666
-0.183703
-0.189966
-0.19539
-0.199981
-0.203754
-0.206724
-0.20891
-0.210336
-0.211028
-0.211015
-0.210327
-0.208997
-0.207058
-0.204542
-0.201484
-0.197914
-0.193865
-0.189367
-0.184452
-0.179147
-0.173484
-0.167487
-0.161185
-0.1546
-0.147753
-0.140663
-0.133348
-0.125825
-0.118108
-0.110214
-0.102156
-0.093947
-0.0855996
-0.0771239
-0.0685294
-0.059825
-0.051019
-0.0421187
-0.0331309
-0.0240611
-0.0149144
-0.00569585
0.00358947
0.0129368
0.0223416
0.0317995
0.0413064
0.050858
0.0604505
0.0700797
0.0797412
0.0894301
0.0991405
0.108866
0.118601
0.128337
0.138067
0.147782
0.157472
0.167122
0.176722
0.186254
0.195705
0.205056
0.214288
0.223376
0.232297
0.24102
0.249516
0.257754
0.265698
0.273315
0.280564
0.287405
0.293796
0.299697
0.305064
0.309853
0.314021
0.317522
0.320313
0.322352
0.323598
0.324014
0.323566
0.322227
0.319973
0.316786
0.312656
0.307578
0.301549
0.294575
0.286734
0.278102
0.267826
0.255208
-0.15966
-0.171749
-0.181543
-0.189719
-0.197111
-0.203658
-0.209299
-0.214042
-0.217907
-0.22091
-0.223074
-0.224426
-0.224998
-0.224821
-0.223932
-0.222367
-0.220163
-0.217358
-0.213988
-0.210089
-0.205694
-0.200839
-0.195556
-0.189879
-0.183837
-0.177461
-0.170778
-0.163812
-0.156586
-0.149118
-0.14143
-0.133537
-0.125457
-0.117204
-0.108792
-0.100234
-0.0915418
-0.0827257
-0.0737952
-0.0647595
-0.0556269
-0.0464047
-0.0370992
-0.0277153
-0.0182573
-0.00872907
0.000864997
0.0105207
0.0202339
0.0300008
0.0398179
0.0496819
0.0595897
0.069538
0.0795234
0.0895418
0.0995881
0.109657
0.119742
0.129837
0.139936
0.15003
0.160108
0.170159
0.180171
0.190129
0.200016
0.209816
0.219508
0.229068
0.23847
0.247686
0.256685
0.265432
0.273894
0.28203
0.289798
0.297156
0.30406
0.310463
0.316318
0.321577
0.326191
0.33011
0.333286
0.335668
0.337212
0.337872
0.337613
0.336399
0.334203
0.331002
0.326783
0.321536
0.315258
0.30795
0.299696
0.290574
0.279675
0.266256
-0.171893
-0.184705
-0.195056
-0.203668
-0.211425
-0.218265
-0.224124
-0.229017
-0.232962
-0.235983
-0.238104
-0.239359
-0.239782
-0.239412
-0.238289
-0.236455
-0.233953
-0.230822
-0.227104
-0.222839
-0.218065
-0.212818
-0.207136
-0.201054
-0.194606
-0.187821
-0.180729
-0.173355
-0.165724
-0.157857
-0.149773
-0.141493
-0.133031
-0.124403
-0.115622
-0.106701
-0.0976507
-0.0884825
-0.0792059
-0.0698298
-0.0603624
-0.0508106
-0.0411799
-0.0314749
-0.021699
-0.0118554
-0.00194776
0.00802053
0.0180459
0.0281252
0.0382556
0.0484348
0.0586606
0.0689312
0.079244
0.0895958
0.0999823
0.110399
0.120839
0.1313
0.141774
0.152254
0.162732
0.173195
0.183633
0.194029
0.20437
0.214636
0.224807
0.23486
0.244769
0.254504
0.264034
0.273323
0.282335
0.291026
0.299354
0.307272
0.314732
0.321684
0.328075
0.333853
0.338964
0.343352
0.34696
0.349734
0.351619
0.352568
0.352536
0.351483
0.349374
0.346183
0.34189
0.336483
0.329955
0.322305
0.31362
0.303982
0.292421
0.278144
-0.184985
-0.198569
-0.209513
-0.218583
-0.22672
-0.233861
-0.239941
-0.244975
-0.248988
-0.252006
-0.254061
-0.25519
-0.255433
-0.254835
-0.253441
-0.2513
-0.248458
-0.244961
-0.240855
-0.236185
-0.230991
-0.225316
-0.2192
-0.21268
-0.205791
-0.198566
-0.191035
-0.183226
-0.175164
-0.166872
-0.158372
-0.149683
-0.140821
-0.1318
-0.122635
-0.113336
-0.103915
-0.0943834
-0.084751
-0.075026
-0.065216
-0.0553272
-0.0453644
-0.0353317
-0.0252321
-0.0150684
-0.00484306
0.00544118
0.0157817
0.026176
0.0366221
0.0471188
0.0576651
0.0682604
0.0789032
0.0895911
0.100321
0.111088
0.121889
0.132719
0.143575
0.154449
0.165335
0.176221
0.187096
0.197945
0.208753
0.219502
0.230173
0.240741
0.25118
0.261462
0.271553
0.281417
0.291014
0.3003
0.309229
0.317752
0.325816
0.333367
0.340347
0.346699
0.352362
0.357273
0.361369
0.364587
0.366868
0.368155
0.368396
0.367543
0.365557
0.362404
0.358058
0.352504
0.345728
0.337729
0.328596
0.318416
0.306151
0.290958
-0.199014
-0.213424
-0.224999
-0.234551
-0.243084
-0.250532
-0.256828
-0.261993
-0.266057
-0.269049
-0.271008
-0.271977
-0.272003
-0.271136
-0.269429
-0.266935
-0.263709
-0.2598
-0.255262
-0.250142
-0.244487
-0.238344
-0.231754
-0.224758
-0.217393
-0.209693
-0.201691
-0.193416
-0.184897
-0.176156
-0.167217
-0.158097
-0.148814
-0.139383
-0.129815
-0.120124
-0.110321
-0.100416
-0.0904182
-0.0803359
-0.0701755
-0.0599427
-0.0496418
-0.0392762
-0.0288484
-0.0183605
-0.00781439
0.00278828
0.0134459
0.0241569
0.0349205
0.0457365
0.0566051
0.0675268
0.0785011
0.0895266
0.100601
0.111721
0.122885
0.13409
0.145332
0.156608
0.167909
0.179227
0.190549
0.201863
0.213154
0.224403
0.235592
0.246697
0.257693
0.268549
0.279232
0.289704
0.299923
0.309844
0.319419
0.328595
0.337314
0.345518
0.353145
0.360131
0.366407
0.371903
0.376548
0.380272
0.383008
0.384689
0.385256
0.384653
0.382831
0.37975
0.375377
0.369691
0.362675
0.354322
0.344725
0.333976
0.320965
0.304793
-0.21407
-0.229364
-0.241608
-0.251666
-0.260609
-0.268368
-0.274877
-0.280159
-0.28425
-0.287187
-0.289016
-0.289785
-0.289549
-0.288365
-0.286295
-0.283399
-0.279736
-0.275366
-0.270344
-0.264727
-0.258565
-0.251907
-0.2448
-0.237286
-0.229406
-0.221196
-0.212689
-0.203919
-0.194913
-0.185698
-0.176294
-0.166721
-0.156997
-0.147135
-0.137149
-0.127052
-0.116854
-0.106565
-0.0961929
-0.0857447
-0.0752266
-0.0646435
-0.0539994
-0.0432969
-0.0325378
-0.0217233
-0.0108542
6.8574e-05
0.0110445
0.0220732
0.033155
0.044291
0.0554828
0.0667316
0.078038
0.0894016
0.100821
0.112296
0.123825
0.135407
0.147041
0.158723
0.170446
0.182203
0.193982
0.205772
0.217559
0.229324
0.241051
0.252715
0.264291
0.275749
0.287055
0.29817
0.30905
0.319651
0.329918
0.339797
0.349227
0.358144
0.36648
0.374164
0.381119
0.387268
0.392532
0.396832
0.40009
0.402231
0.403185
0.402887
0.401279
0.398311
0.393945
0.388149
0.380902
0.372193
0.362119
0.350774
0.336973
0.319756
-0.230251
-0.246489
-0.259445
-0.270034
-0.2794
-0.287473
-0.294185
-0.299565
-0.303657
-0.306504
-0.308158
-0.308679
-0.308129
-0.306575
-0.304086
-0.300729
-0.296573
-0.291683
-0.286123
-0.279953
-0.273231
-0.266009
-0.258337
-0.250261
-0.241824
-0.233064
-0.224019
-0.214721
-0.205199
-0.195481
-0.185587
-0.175537
-0.16535
-0.155039
-0.144619
-0.134102
-0.123498
-0.112814
-0.102058
-0.091236
-0.0803533
-0.0694146
-0.0584232
-0.0473811
-0.0362888
-0.0251463
-0.0139535
-0.00270997
0.00858455
0.019931
0.0313309
0.0427867
0.0543011
0.0658764
0.0775142
0.0892154
0.100981
0.112811
0.124706
0.136668
0.148696
0.160788
0.172938
0.185139
0.197384
0.20966
0.221954
0.234252
0.246534
0.258778
0.27096
0.283048
0.295009
0.306802
0.318385
0.329708
0.340718
0.351355
0.361554
0.371247
0.380359
0.388811
0.396519
0.403397
0.409358
0.414311
0.418168
0.420843
0.422256
0.422329
0.420993
0.418189
0.413867
0.407991
0.400528
0.391466
0.380902
0.368936
0.354298
0.335966
-0.247667
-0.264916
-0.278626
-0.289772
-0.299574
-0.307961
-0.314863
-0.320317
-0.324374
-0.327086
-0.328516
-0.328733
-0.327808
-0.32582
-0.322846
-0.318963
-0.314249
-0.308775
-0.302614
-0.295831
-0.28849
-0.280648
-0.27236
-0.263673
-0.254635
-0.245286
-0.235664
-0.225804
-0.215736
-0.205485
-0.195074
-0.184524
-0.173853
-0.163076
-0.152206
-0.141255
-0.130232
-0.119143
-0.107994
-0.0967908
-0.085538
-0.0742395
-0.0628981
-0.0515144
-0.0400879
-0.0286173
-0.017101
-0.00553754
0.00607464
0.0177377
0.0294545
0.0412285
0.0530636
0.0649633
0.0769306
0.0889681
0.101078
0.113264
0.125527
0.137869
0.150292
0.162795
0.175375
0.188027
0.200743
0.213514
0.226329
0.239172
0.252027
0.264872
0.277683
0.290429
0.303076
0.315585
0.327911
0.340005
0.351808
0.36326
0.374291
0.384828
0.394788
0.404085
0.412627
0.420319
0.427062
0.432756
0.4373
0.440595
0.442548
0.443068
0.442074
0.439493
0.435265
0.429342
0.421687
0.412277
0.401214
0.3886
0.373077
0.353555
-0.26644
-0.284772
-0.299284
-0.311014
-0.321262
-0.329959
-0.337032
-0.342528
-0.346507
-0.349031
-0.350176
-0.350022
-0.348653
-0.346157
-0.342624
-0.33814
-0.332792
-0.326662
-0.319829
-0.312366
-0.304343
-0.295821
-0.286859
-0.277511
-0.267824
-0.257842
-0.247605
-0.237147
-0.226498
-0.215685
-0.204731
-0.193658
-0.182483
-0.171222
-0.159887
-0.148488
-0.137034
-0.125529
-0.113979
-0.102388
-0.0907609
-0.0790999
-0.0674065
-0.0556803
-0.0439193
-0.0321212
-0.020283
-0.0084017
0.00352575
0.0155028
0.0275337
0.0396228
0.0517753
0.063996
0.0762897
0.0886611
0.101115
0.113654
0.126283
0.139006
0.151824
0.16474
0.177751
0.190856
0.204049
0.217323
0.230667
0.244069
0.257513
0.270978
0.284441
0.297873
0.311239
0.324501
0.337613
0.350525
0.363176
0.375504
0.387434
0.398885
0.409771
0.419996
0.429462
0.43806
0.445683
0.452216
0.457545
0.461557
0.464144
0.4652
0.464629
0.462342
0.458266
0.452344
0.444524
0.434778
0.42321
0.409923
0.393464
0.372672
-0.286709
-0.306203
-0.321568
-0.333906
-0.34461
-0.353606
-0.360825
-0.366323
-0.37017
-0.372444
-0.373232
-0.372629
-0.370733
-0.367645
-0.363466
-0.358295
-0.35223
-0.345361
-0.337778
-0.32956
-0.320784
-0.311516
-0.301822
-0.291756
-0.28137
-0.270709
-0.259814
-0.248719
-0.237456
-0.226051
-0.214528
-0.202909
-0.191211
-0.179448
-0.167633
-0.155773
-0.143876
-0.131946
-0.119987
-0.108004
-0.0959996
-0.0839742
-0.071928
-0.0598591
-0.0477646
-0.0356407
-0.0234831
-0.0112871
0.000951835
0.0132387
0.0255789
0.0379782
0.0504431
0.0629803
0.0755965
0.0882983
0.101092
0.113982
0.126975
0.140075
0.153287
0.166614
0.180058
0.193619
0.207292
0.221074
0.234957
0.248928
0.262975
0.277079
0.291216
0.30536
0.319477
0.333529
0.347471
0.36125
0.374807
0.388072
0.40097
0.413413
0.425308
0.436553
0.447038
0.456647
0.465255
0.472737
0.478964
0.483805
0.487135
0.48883
0.488776
0.486868
0.483017
0.477149
0.469204
0.45914
0.447063
0.43308
0.415634
0.393485
-0.308628
-0.329372
-0.345643
-0.358616
-0.369779
-0.37906
-0.386391
-0.391839
-0.39549
-0.397437
-0.397784
-0.396641
-0.394121
-0.390341
-0.385417
-0.379461
-0.372582
-0.364884
-0.356463
-0.347409
-0.337803
-0.327719
-0.317226
-0.306382
-0.295243
-0.283853
-0.272255
-0.260485
-0.248573
-0.236547
-0.22443
-0.212242
-0.200001
-0.18772
-0.17541
-0.163077
-0.150727
-0.138364
-0.125993
-0.113614
-0.101229
-0.0888381
-0.076439
-0.0640287
-0.0516029
-0.0391562
-0.0266829
-0.0141766
-0.0016311
0.0109598
0.023603
0.0363058
0.0490767
0.0619245
0.0748579
0.0878849
0.101013
0.114249
0.127601
0.141074
0.154676
0.168413
0.182289
0.196305
0.210461
0.224756
0.239182
0.253733
0.268395
0.283153
0.297986
0.312867
0.327767
0.342647
0.357462
0.37216
0.386679
0.400947
0.414885
0.428401
0.441396
0.45376
0.46537
0.476101
0.485815
0.49437
0.50162
0.507418
0.511615
0.514069
0.514643
0.513215
0.509675
0.503932
0.495909
0.485554
0.472971
0.458269
0.439779
0.41618
-0.332373
-0.354462
-0.371696
-0.385328
-0.396952
-0.406495
-0.413893
-0.419229
-0.422607
-0.424136
-0.423939
-0.422145
-0.418889
-0.414302
-0.408517
-0.401665
-0.393866
-0.385236
-0.375881
-0.3659
-0.355382
-0.344405
-0.333041
-0.321356
-0.309405
-0.297235
-0.284889
-0.272403
-0.259808
-0.247131
-0.234394
-0.221617
-0.208814
-0.195998
-0.183178
-0.170361
-0.157551
-0.144752
-0.131963
-0.119187
-0.106421
-0.0936645
-0.0809138
-0.0681646
-0.0554111
-0.0426463
-0.0298624
-0.0170515
-0.00420604
0.00868168
0.02162
0.0346186
0.0476879
0.060839
0.0740821
0.087427
0.100882
0.114457
0.12816
0.142001
0.155988
0.170131
0.184435
0.198906
0.213545
0.228354
0.243329
0.258466
0.273754
0.28918
0.304727
0.320371
0.336084
0.351828
0.36756
0.383227
0.398767
0.414106
0.429161
0.443837
0.458028
0.471614
0.484466
0.496443
0.507395
0.517162
0.525578
0.532475
0.537683
0.541035
0.54237
0.541542
0.538417
0.532883
0.524845
0.514233
0.501152
0.485712
0.46612
0.44097
-0.358141
-0.381681
-0.399942
-0.414257
-0.426336
-0.43611
-0.44352
-0.448665
-0.451672
-0.452671
-0.451808
-0.449236
-0.445109
-0.439582
-0.432807
-0.424931
-0.416092
-0.406415
-0.396021
-0.385014
-0.373491
-0.361537
-0.349229
-0.336634
-0.32381
-0.310807
-0.297666
-0.284424
-0.271111
-0.257753
-0.244371
-0.230982
-0.2176
-0.204235
-0.190895
-0.177586
-0.164311
-0.15107
-0.137864
-0.124689
-0.111543
-0.0984232
-0.085324
-0.0722402
-0.0591642
-0.0460872
-0.0329994
-0.0198916
-0.00675442
0.00642131
0.019646
0.0329315
0.0462905
0.0597357
0.073279
0.0869315
0.100704
0.114608
0.128654
0.142855
0.157221
0.171763
0.186491
0.201411
0.216531
0.231854
0.247381
0.263108
0.279029
0.295137
0.311415
0.327845
0.344399
0.361042
0.377734
0.394421
0.411041
0.42752
0.443772
0.459699
0.475187
0.490111
0.504329
0.517689
0.530024
0.541157
0.5509
0.559061
0.565445
0.569856
0.572108
0.572021
0.569436
0.564216
0.55624
0.545421
0.531858
0.515661
0.494905
0.468093
-0.386156
-0.411267
-0.430623
-0.445644
-0.458168
-0.46813
-0.475478
-0.480335
-0.482852
-0.483186
-0.481511
-0.478007
-0.472855
-0.466234
-0.45832
-0.449277
-0.439261
-0.428411
-0.416858
-0.404716
-0.392089
-0.37907
-0.365737
-0.352162
-0.338403
-0.324511
-0.310528
-0.29649
-0.282424
-0.268356
-0.254304
-0.240284
-0.226306
-0.21238
-0.198512
-0.184705
-0.170961
-0.157279
-0.143654
-0.130083
-0.11656
-0.103081
-0.089639
-0.076227
-0.0628354
-0.0494535
-0.0360702
-0.0226746
-0.00925561
0.00419807
0.0176992
0.0312616
0.0448998
0.0586278
0.0724593
0.0864075
0.100486
0.114708
0.129087
0.143637
0.158372
0.173305
0.188449
0.203814
0.21941
0.235244
0.25132
0.26764
0.284201
0.300999
0.318024
0.335259
0.35268
0.370257
0.387948
0.405705
0.423465
0.441155
0.458686
0.475959
0.492853
0.509235
0.524956
0.539847
0.553727
0.566397
0.577648
0.587261
0.59501
0.600669
0.604017
0.604841
0.602949
0.598169
0.590353
0.579389
0.56537
0.548401
0.526417
0.497818
-0.416674
-0.443494
-0.464021
-0.479769
-0.492718
-0.502809
-0.510003
-0.514448
-0.516328
-0.515835
-0.513173
-0.508557
-0.5022
-0.494309
-0.485083
-0.474711
-0.463364
-0.451199
-0.438355
-0.42496
-0.411124
-0.396943
-0.382502
-0.367874
-0.353116
-0.338281
-0.323408
-0.308533
-0.293681
-0.278875
-0.264131
-0.249461
-0.234874
-0.220378
-0.205976
-0.191669
-0.177456
-0.163332
-0.149291
-0.135327
-0.121433
-0.107602
-0.093826
-0.0800945
-0.0663963
-0.0527193
-0.0390508
-0.0253781
-0.0116883
0.00203225
0.0157985
0.029626
0.0435306
0.0575281
0.0716341
0.0858643
0.100235
0.114762
0.129461
0.144349
0.159441
0.174754
0.190304
0.206105
0.22217
0.238509
0.255132
0.272043
0.289247
0.306744
0.324526
0.342582
0.360894
0.379434
0.398164
0.417039
0.435998
0.454969
0.473865
0.492581
0.510995
0.528966
0.546334
0.562919
0.578521
0.59292
0.605882
0.617159
0.626492
0.633618
0.638275
0.640211
0.639192
0.635009
0.627474
0.616448
0.60201
0.584262
0.560978
0.530453
-0.449991
-0.478678
-0.500459
-0.516953
-0.530294
-0.540436
-0.547356
-0.551237
-0.552301
-0.550783
-0.546927
-0.540988
-0.533214
-0.523847
-0.513114
-0.501226
-0.488377
-0.474737
-0.460461
-0.445684
-0.430525
-0.415084
-0.399448
-0.38369
-0.36787
-0.352035
-0.336227
-0.320476
-0.304807
-0.289238
-0.273781
-0.258447
-0.243242
-0.228169
-0.213231
-0.198424
-0.183743
-0.169181
-0.15473
-0.140381
-0.126124
-0.111952
-0.0978511
-0.0838111
-0.0698181
-0.0558582
-0.0419169
-0.0279797
-0.0140314
-5.62778e-05
0.0139621
0.0280407
0.042197
0.0564487
0.070814
0.0853115
0.0999597
0.114777
0.129781
0.144992
0.160427
0.176107
0.192051
0.208276
0.224799
0.241635
0.258798
0.276298
0.294145
0.312342
0.33089
0.349781
0.369003
0.388532
0.408338
0.428376
0.448592
0.468915
0.48926
0.509521
0.529573
0.549271
0.568443
0.586896
0.604414
0.620755
0.635657
0.64884
0.660007
0.668853
0.675071
0.678359
0.678432
0.675035
0.667934
0.65695
0.642147
0.623617
0.598958
0.56635
-0.486448
-0.517184
-0.540313
-0.557564
-0.57125
-0.58134
-0.587834
-0.59096
-0.590989
-0.588207
-0.582909
-0.575395
-0.565959
-0.554878
-0.542413
-0.528801
-0.514256
-0.498969
-0.483105
-0.46681
-0.450207
-0.433401
-0.416481
-0.399517
-0.382569
-0.365682
-0.348894
-0.332232
-0.315717
-0.299363
-0.283179
-0.267171
-0.251342
-0.235691
-0.220216
-0.204911
-0.189767
-0.174775
-0.159922
-0.145199
-0.130592
-0.11609
-0.101679
-0.0873438
-0.0730702
-0.058842
-0.0446427
-0.0304552
-0.0162626
-0.0020476
0.0122075
0.0265212
0.0409127
0.0554023
0.0700108
0.0847591
0.0996681
0.114758
0.130051
0.145567
0.16133
0.177361
0.193684
0.210319
0.227287
0.244608
0.262301
0.280384
0.298869
0.317766
0.337083
0.356818
0.376964
0.397506
0.418418
0.439662
0.46119
0.482935
0.504814
0.526723
0.548537
0.570103
0.591245
0.611756
0.631402
0.649921
0.66702
0.682383
0.695673
0.706534
0.714607
0.719531
0.720962
0.718583
0.712106
0.701301
0.686207
0.666901
0.640785
0.605913
-0.52644
-0.55944
-0.58402
-0.602034
-0.615997
-0.625898
-0.631772
-0.633904
-0.632629
-0.628294
-0.621256
-0.611872
-0.600484
-0.587416
-0.572962
-0.55739
-0.540938
-0.523813
-0.506194
-0.488235
-0.470063
-0.451785
-0.433488
-0.415242
-0.397103
-0.379114
-0.361305
-0.343701
-0.326316
-0.309161
-0.29224
-0.275553
-0.259099
-0.242872
-0.226865
-0.211069
-0.195471
-0.180059
-0.164819
-0.149735
-0.134794
-0.119978
-0.105271
-0.0906581
-0.0761206
-0.0616409
-0.0472
-0.032779
-0.0183589
-0.00392147
0.0105525
0.0250832
0.0396924
0.0544024
0.0692364
0.0842173
0.0993682
0.114713
0.130274
0.146078
0.162149
0.178514
0.195196
0.212224
0.229621
0.247413
0.265625
0.284278
0.303392
0.322985
0.343068
0.363651
0.384732
0.406304
0.428348
0.450837
0.473727
0.49696
0.520457
0.544118
0.567818
0.591403
0.614689
0.637461
0.659468
0.680423
0.700005
0.71786
0.733602
0.746823
0.757097
0.763997
0.767106
0.766033
0.760418
0.749966
0.734682
0.714618
0.686956
0.649612
-0.570432
-0.60595
-0.632097
-0.650869
-0.66501
-0.674543
-0.679549
-0.68039
-0.677477
-0.671236
-0.662102
-0.650496
-0.636822
-0.62145
-0.604718
-0.586925
-0.568331
-0.549163
-0.52961
-0.509833
-0.489962
-0.470101
-0.450337
-0.430735
-0.411347
-0.392208
-0.373344
-0.354773
-0.336502
-0.318536
-0.300873
-0.283508
-0.266433
-0.249637
-0.233109
-0.216833
-0.200795
-0.18498
-0.169368
-0.153943
-0.138684
-0.123573
-0.108591
-0.0937187
-0.0789369
-0.0642248
-0.0495613
-0.0349258
-0.0202982
-0.00565848
0.0090143
0.0237426
0.0385502
0.0534616
0.0685014
0.0836947
0.0990671
0.114645
0.130455
0.146526
0.162885
0.17956
0.196583
0.213982
0.23179
0.250036
0.268748
0.287956
0.307687
0.327964
0.348808
0.370235
0.392255
0.414867
0.438065
0.461831
0.48613
0.510912
0.536107
0.561621
0.587333
0.61309
0.638704
0.663952
0.688569
0.712246
0.734631
0.755329
0.773902
0.789881
0.802767
0.812051
0.817226
0.817812
0.813357
0.803484
0.788146
0.767359
0.738053
0.697993
-0.618976
-0.657316
-0.685163
-0.704669
-0.718848
-0.727776
-0.731595
-0.730766
-0.725803
-0.71723
-0.70557
-0.69133
-0.674978
-0.656943
-0.637605
-0.617299
-0.59631
-0.574878
-0.553204
-0.531449
-0.509744
-0.488193
-0.466874
-0.445847
-0.425156
-0.404829
-0.384883
-0.365327
-0.346162
-0.327383
-0.308981
-0.290945
-0.27326
-0.255909
-0.238874
-0.222138
-0.20568
-0.189482
-0.173521
-0.157774
-0.14222
-0.126835
-0.1116
-0.0964911
-0.081487
-0.0665644
-0.0517005
-0.036873
-0.0220603
-0.00724053
0.00760952
0.0225144
0.0374995
0.0525908
0.0678147
0.0831985
0.0987706
0.11456
0.130597
0.14691
0.163533
0.180496
0.197835
0.215585
0.23378
0.252456
0.271648
0.291391
0.311719
0.332664
0.354256
0.376519
0.399473
0.423132
0.447498
0.472564
0.49831
0.524697
0.551665
0.579129
0.606977
0.635061
0.663193
0.691145
0.71864
0.74535
0.770893
0.794829
0.816668
0.835868
0.851849
0.864004
0.871721
0.874404
0.871486
0.862482
0.847274
0.825824
0.794767
0.7517
-0.672736
-0.714263
-0.743956
-0.764146
-0.77817
-0.786174
-0.788395
-0.78542
-0.777895
-0.766467
-0.75177
-0.734406
-0.714924
-0.693815
-0.671508
-0.648369
-0.624709
-0.600779
-0.576786
-0.552892
-0.529222
-0.505875
-0.482921
-0.460409
-0.438372
-0.416828
-0.395782
-0.375234
-0.355173
-0.335588
-0.31646
-0.297768
-0.279491
-0.261605
-0.244088
-0.226916
-0.210065
-0.19351
-0.177225
-0.161183
-0.145358
-0.129726
-0.114262
-0.0989417
-0.08374
-0.0686319
-0.0535928
-0.0385987
-0.0236258
-0.00864984
0.00635422
0.0214125
0.0365519
0.0517997
0.0671841
0.082735
0.0984832
0.11446
0.130698
0.147229
0.164089
0.181315
0.198945
0.217018
0.235574
0.254654
0.2743
0.294552
0.315454
0.337045
0.359364
0.382447
0.406325
0.431025
0.456564
0.482947
0.510169
0.538206
0.567012
0.596518
0.626623
0.657186
0.688029
0.718922
0.749581
0.779661
0.808751
0.836371
0.86197
0.884931
0.904578
0.920191
0.931028
0.936354
0.935452
0.927696
0.912866
0.890845
0.857922
0.811502
-0.732519
-0.777677
-0.809376
-0.830158
-0.843751
-0.850408
-0.850497
-0.844772
-0.834049
-0.819129
-0.800782
-0.779721
-0.756588
-0.73194
-0.706256
-0.679937
-0.653311
-0.62664
-0.600128
-0.573934
-0.548176
-0.522938
-0.498278
-0.474233
-0.450819
-0.42804
-0.405889
-0.384351
-0.363407
-0.343032
-0.323199
-0.303876
-0.285036
-0.266646
-0.248678
-0.231103
-0.21389
-0.197009
-0.18043
-0.164123
-0.148058
-0.132207
-0.116543
-0.101039
-0.0856676
-0.070402
-0.0552156
-0.0400821
-0.0249754
-0.00986917
0.0052634
0.0204497
0.0357178
0.0510966
0.0666165
0.0823092
0.0982077
0.114345
0.130757
0.147478
0.164549
0.182009
0.199901
0.218267
0.237154
0.256607
0.276675
0.297406
0.31885
0.341057
0.364076
0.387955
0.412739
0.438467
0.465171
0.492875
0.52159
0.551311
0.582011
0.613639
0.646112
0.679305
0.713051
0.747126
0.781248
0.815059
0.848124
0.879924
0.909846
0.937193
0.961181
0.980958
0.995627
1.00428
1.006
0.999989
0.985874
0.963426
0.928514
0.878322
-0.799315
-0.848647
-0.882527
-0.903746
-0.91652
-0.92126
-0.918519
-0.909276
-0.894562
-0.875374
-0.852644
-0.827216
-0.799832
-0.771123
-0.741618
-0.711745
-0.681845
-0.652182
-0.622956
-0.594311
-0.56635
-0.53914
-0.512721
-0.487109
-0.462302
-0.438287
-0.41504
-0.392532
-0.370729
-0.349593
-0.329087
-0.309171
-0.289804
-0.27095
-0.252571
-0.234631
-0.217094
-0.199924
-0.183088
-0.16655
-0.150279
-0.134243
-0.118411
-0.102755
-0.0872455
-0.0718531
-0.0565492
-0.0413052
-0.0260929
-0.010884
0.00434933
0.0196359
0.0350053
0.0504882
0.0661165
0.0819236
0.0979443
0.114214
0.130771
0.147654
0.164905
0.182568
0.200689
0.219316
0.238498
0.258289
0.278743
0.299916
0.321865
0.344651
0.368335
0.392977
0.418636
0.445366
0.473216
0.502231
0.532443
0.563867
0.5965
0.630317
0.665255
0.701217
0.738052
0.775554
0.813446
0.85137
0.888873
0.925401
0.960285
0.99274
1.02187
1.04666
1.06603
1.07886
1.084
1.08038
1.06745
1.04479
1.00776
0.953283
-0.874359
-0.928538
-0.964777
-0.986182
-0.997587
-0.999638
-0.993153
-0.979409
-0.959719
-0.935316
-0.907329
-0.876754
-0.844439
-0.811091
-0.777281
-0.743459
-0.709971
-0.677072
-0.644945
-0.613714
-0.583457
-0.554216
-0.526003
-0.498812
-0.472616
-0.447382
-0.423067
-0.399623
-0.377001
-0.355149
-0.334017
-0.313554
-0.293711
-0.274441
-0.255698
-0.23744
-0.219623
-0.202208
-0.185156
-0.168428
-0.151989
-0.135804
-0.119841
-0.104069
-0.0884546
-0.0729682
-0.0575784
-0.0422545
-0.0269663
-0.0116846
0.00362006
0.0189777
0.0344195
0.0499776
0.0656853
0.0815776
0.0976909
0.114063
0.130735
0.147748
0.165147
0.182979
0.201294
0.220144
0.239584
0.259672
0.28047
0.30204
0.324451
0.347772
0.372077
0.397438
0.423929
0.451622
0.480586
0.510887
0.542579
0.575706
0.610293
0.646344
0.683829
0.722679
0.762777
0.803941
0.845913
0.888346
0.930783
0.972642
1.0132
1.0516
1.0868
1.11763
1.14279
1.16088
1.17044
1.17009
1.15897
1.13643
1.09717
1.03777
-0.959219
-1.01908
-1.05785
-1.07903
-1.08828
-1.0866
-1.07516
-1.05566
-1.02976
-0.998994
-0.964718
-0.928093
-0.890084
-0.851464
-0.812838
-0.774665
-0.737279
-0.700913
-0.665721
-0.631793
-0.599173
-0.567866
-0.537854
-0.509097
-0.481542
-0.45513
-0.429795
-0.40547
-0.382087
-0.35958
-0.337883
-0.316935
-0.296674
-0.277046
-0.257996
-0.239473
-0.221429
-0.203818
-0.186597
-0.169725
-0.153161
-0.136869
-0.120815
-0.104963
-0.0892807
-0.0737349
-0.0582923
-0.0429206
-0.0275884
-0.0122652
0.00307972
0.0184779
0.0339617
0.0495647
0.0653213
0.081268
0.0974433
0.113887
0.130642
0.147752
0.165263
0.183228
0.201697
0.22073
0.240384
0.260724
0.281818
0.303737
0.326558
0.350361
0.375232
0.401256
0.428524
0.457127
0.487154
0.518694
0.551831
0.586638
0.623174
0.66148
0.701564
0.743401
0.786912
0.831956
0.878311
0.925654
0.973542
1.02138
1.06842
1.11371
1.15608
1.19419
1.22646
1.25117
1.26648
1.27056
1.26215
1.24022
1.19863
1.13353
-1.05591
-1.12249
-1.16392
-1.18425
-1.19021
-1.18335
-1.16536
-1.13849
-1.10485
-1.06633
-1.02455
-0.980852
-0.936304
-0.891737
-0.84777
-0.804847
-0.763273
-0.723239
-0.684851
-0.648152
-0.613138
-0.579769
-0.547984
-0.517708
-0.488853
-0.461331
-0.43505
-0.40992
-0.385855
-0.362769
-0.340584
-0.319224
-0.298618
-0.2787
-0.259407
-0.240681
-0.222467
-0.204717
-0.187381
-0.170414
-0.153774
-0.13742
-0.121316
-0.105426
-0.0897139
-0.0741449
-0.0586844
-0.0432989
-0.027956
-0.0126241
0.00272894
0.0181359
0.0336302
0.0492465
0.0650204
0.08099
0.0971952
0.113678
0.130481
0.147651
0.165238
0.183295
0.201878
0.221048
0.240869
0.261411
0.282747
0.304959
0.328131
0.352354
0.377725
0.404344
0.432319
0.46176
0.49278
0.525493
0.560014
0.59645
0.6349
0.675447
0.71815
0.763032
0.810073
0.859185
0.910202
0.96285
1.01672
1.07123
1.12562
1.17887
1.2297
1.27655
1.31757
1.35065
1.37344
1.38352
1.37909
1.35853
1.31456
1.24278
-1.16707
-1.2417
-1.28582
-1.30426
-1.3053
-1.29126
-1.26461
-1.22829
-1.18501
-1.13707
-1.08638
-1.03446
-0.982464
-0.931251
-0.881422
-0.83338
-0.787367
-0.74351
-0.701847
-0.662353
-0.624961
-0.589578
-0.556091
-0.524379
-0.494319
-0.465786
-0.438661
-0.412828
-0.388178
-0.36461
-0.342028
-0.320344
-0.299475
-0.279344
-0.259882
-0.241022
-0.222706
-0.204877
-0.187484
-0.170477
-0.153812
-0.137445
-0.121337
-0.105451
-0.0897494
-0.0741954
-0.0587537
-0.0433899
-0.028071
-0.012764
0.00256414
0.0179472
0.0334197
0.0490169
0.0647759
0.0807357
0.0969373
0.113423
0.130239
0.147432
0.165054
0.183161
0.201812
0.221071
0.241007
0.261695
0.283216
0.305657
0.329112
0.353682
0.379475
0.406608
0.435204
0.465393
0.497314
0.531108
0.566922
0.604904
0.645195
0.687929
0.733223
0.781164
0.831801
0.885124
0.941041
0.999355
1.05972
1.12162
1.18429
1.2467
1.30746
1.36481
1.4166
1.46025
1.49279
1.51104
1.51237
1.49435
1.44809
1.36839
-1.29626
-1.38058
-1.42721
-1.44213
-1.43583
-1.41185
-1.37371
-1.32531
-1.27004
-1.21071
-1.14951
-1.08811
-1.02771
-0.969161
-0.912989
-0.859513
-0.808879
-0.761115
-0.716164
-0.673916
-0.634226
-0.596933
-0.561863
-0.528846
-0.497713
-0.468303
-0.440465
-0.414054
-0.388941
-0.365004
-0.342133
-0.320226
-0.299188
-0.278934
-0.259384
-0.240468
-0.222121
-0.204281
-0.186894
-0.169906
-0.153269
-0.13694
-0.120876
-0.105039
-0.089389
-0.0738898
-0.0585051
-0.0432
-0.0279404
-0.0126928
0.00257683
0.0179028
0.0333205
0.048866
0.0645771
0.0804934
0.0966564
0.11311
0.129899
0.147075
0.16469
0.182802
0.201472
0.220768
0.240764
0.261538
0.283178
0.305777
0.329439
0.354273
0.380399
0.407948
0.437061
0.467889
0.500593
0.535348
0.572333
0.611738
0.653754
0.69857
0.746372
0.797322
0.851556
0.909161
0.970152
1.03444
1.10179
1.17177
1.2437
1.31656
1.38891
1.45885
1.52387
1.58088
1.62617
1.65554
1.66525
1.65158
1.60337
1.5142
-1.44835
-1.54445
-1.59293
-1.6017
-1.58452
-1.54673
-1.49336
-1.4295
-1.3594
-1.28638
-1.21288
-1.14067
-1.07093
-1.00441
-0.941493
-0.882366
-0.827027
-0.775367
-0.72721
-0.682334
-0.640501
-0.601468
-0.564994
-0.53085
-0.498821
-0.468703
-0.440312
-0.413477
-0.388043
-0.363871
-0.340834
-0.318818
-0.297717
-0.277436
-0.25789
-0.239002
-0.220701
-0.202922
-0.185606
-0.168697
-0.152147
-0.135908
-0.119937
-0.104195
-0.0886406
-0.0732376
-0.0579492
-0.0427402
-0.027576
-0.0124225
0.00275451
0.0179901
0.03332
0.0487807
0.06441
0.0802476
0.0963356
0.112718
0.129442
0.146558
0.164121
0.18219
0.200828
0.220107
0.240101
0.260897
0.282585
0.305265
0.329047
0.35405
0.380406
0.408259
0.437767
0.469101
0.502449
0.538012
0.576009
0.616671
0.660243
0.706979
0.757135
0.810967
0.868713
0.930579
0.996717
1.06719
1.14191
1.22062
1.30277
1.38745
1.47325
1.55816
1.63939
1.71332
1.7753
1.8199
1.84178
1.83533
1.78599
1.68541
-1.63027
-1.74065
-1.78945
-1.7878
-1.75444
-1.69745
-1.62388
-1.54034
-1.45201
-1.36269
-1.27499
-1.19065
-1.1107
-1.03568
-0.965771
-0.900921
-0.840935
-0.785524
-0.734356
-0.68708
-0.643347
-0.60282
-0.565184
-0.530148
-0.497443
-0.466825
-0.438073
-0.410991
-0.385401
-0.361145
-0.338082
-0.316083
-0.295035
-0.274835
-0.25539
-0.236618
-0.218444
-0.2008
-0.183624
-0.166859
-0.150454
-0.134359
-0.118532
-0.102932
-0.0875177
-0.0722529
-0.0571007
-0.0420257
-0.026993
-0.0119687
0.00308176
0.0181935
0.0334023
0.0487443
0.0642569
0.07998
0.0959556
0.112228
0.128846
0.145859
0.163322
0.181298
0.19985
0.219051
0.238981
0.259728
0.281386
0.30406
0.327868
0.352936
0.379406
0.407435
0.437197
0.468883
0.502703
0.538891
0.577699
0.619405
0.664308
0.712729
0.765008
0.821498
0.88256
0.948543
1.01977
1.09648
1.17884
1.2668
1.36006
1.45792
1.55914
1.66172
1.76272
1.85797
1.94187
2.00737
2.04702
2.05236
2.00371
1.88938
-1.85222
-1.97968
-2.02545
-2.00641
-1.94898
-1.86527
-1.76499
-1.65654
-1.54602
-1.43756
-1.33375
-1.23607
-1.14524
-1.06142
-0.984475
-0.914039
-0.849649
-0.790795
-0.736956
-0.687628
-0.642336
-0.600646
-0.562159
-0.52652
-0.493406
-0.462532
-0.433644
-0.406518
-0.380957
-0.356785
-0.333847
-0.312004
-0.291134
-0.271127
-0.251886
-0.233324
-0.215361
-0.19793
-0.180964
-0.164407
-0.148206
-0.132311
-0.116679
-0.101268
-0.0860391
-0.0709547
-0.0559784
-0.041075
-0.0262101
-0.0113497
0.00354037
0.0184947
0.0335484
0.0487371
0.0640976
0.0796693
0.0954943
0.111617
0.128085
0.144949
0.162265
0.180094
0.198503
0.217566
0.237363
0.257985
0.279529
0.302105
0.325835
0.350852
0.377308
0.40537
0.435226
0.467085
0.501181
0.537772
0.57715
0.619634
0.665578
0.715374
0.769448
0.828262
0.89231
0.962107
1.03817
1.121
1.21103
1.30854
1.4136
1.52588
1.6445
1.7677
1.89257
2.01461
2.12722
2.22149
2.28721
2.31173
2.26748
2.13684
-2.12988
-2.27683
-2.31266
-2.26473
-2.17143
-2.05059
-1.91523
-1.7756
-1.6385
-1.50802
-1.38636
-1.27443
-1.17237
-1.0798
-0.996088
-0.920477
-0.852166
-0.790375
-0.734368
-0.683469
-0.637073
-0.594637
-0.555682
-0.519785
-0.486574
-0.455724
-0.426952
-0.40001
-0.374681
-0.350776
-0.328126
-0.306586
-0.286026
-0.266331
-0.247399
-0.229141
-0.211477
-0.194335
-0.177652
-0.161368
-0.14543
-0.12979
-0.114403
-0.0992293
-0.0842297
-0.0693671
-0.0546058
-0.0399111
-0.0252493
-0.0105872
0.00410855
0.0188718
0.0337363
0.0487367
0.063909
0.0792923
0.0949281
0.11086
0.127135
0.143803
0.160921
0.17855
0.196757
0.215616
0.235208
0.255625
0.276966
0.299343
0.322883
0.347724
0.374025
0.401962
0.431734
0.463565
0.497709
0.534451
0.574111
0.617052
0.663681
0.714458
0.769897
0.830571
0.897119
0.970236
1.05067
1.13921
1.23663
1.34366
1.46088
1.58852
1.72633
1.87314
2.02644
2.18178
2.33181
2.46571
2.5698
2.62557
2.59319
2.4442
-2.48859
-2.65484
-2.66671
-2.57095
-2.42428
-2.25215
-2.07123
-1.89323
-1.72502
-1.56992
-1.42916
-1.30263
-1.18954
-1.08874
-0.998965
-0.91894
-0.847474
-0.783481
-0.72599
-0.674149
-0.627214
-0.58454
-0.545567
-0.509812
-0.476858
-0.446348
-0.41797
-0.391457
-0.366579
-0.343132
-0.320943
-0.299858
-0.279743
-0.260479
-0.241964
-0.224107
-0.206827
-0.190054
-0.173724
-0.157777
-0.142161
-0.126829
-0.111738
-0.0968474
-0.0821197
-0.0675189
-0.0530102
-0.0385602
-0.0241362
-0.00970611
0.00476204
0.0193004
0.0339414
0.0487185
0.0636673
0.0788254
0.0942328
0.109932
0.12597
0.142396
0.159265
0.176637
0.19458
0.213167
0.232479
0.252606
0.27365
0.295723
0.318954
0.343486
0.369479
0.397119
0.426612
0.458194
0.492133
0.528736
0.56835
0.611374
0.658263
0.70954
0.765803
0.827734
0.896117
0.971836
1.05589
1.14938
1.25352
1.36955
1.49872
1.64212
1.80041
1.97351
2.15997
2.35604
2.55439
2.74261
2.90328
3.01
3.00433
2.83785
-2.97187
-3.14814
-3.10781
-2.93315
-2.7075
-2.46541
-2.22647
-2.00256
-1.79916
-1.61772
-1.45757
-1.31699
-1.19387
-1.08603
-0.991402
-0.90814
-0.834609
-0.769398
-0.711302
-0.659291
-0.612495
-0.570172
-0.531695
-0.496531
-0.464226
-0.434396
-0.40671
-0.380887
-0.356686
-0.333899
-0.312345
-0.29187
-0.272335
-0.253624
-0.235633
-0.218272
-0.201463
-0.185135
-0.169226
-0.153679
-0.138442
-0.12347
-0.108722
-0.0941581
-0.079743
-0.065442
-0.0512221
-0.0370512
-0.0228982
-0.00873293
0.00547442
0.0197545
0.0341385
0.0486587
0.0633485
0.0782442
0.0933845
0.108811
0.124567
0.140702
0.15727
0.17433
0.191946
0.210191
0.229144
0.248894
0.269543
0.291202
0.314
0.33808
0.363606
0.390765
0.419769
0.450861
0.484319
0.520463
0.559664
0.602346
0.649004
0.700215
0.756648
0.819088
0.888449
0.965805
1.0524
1.14968
1.25932
1.38318
1.52333
1.68193
1.86104
2.06226
2.28607
2.53073
2.79029
3.05219
3.29593
3.4858
3.53636
3.36293
-3.65854
-3.809
-3.65967
-3.35573
-3.015
-2.67973
-2.36939
-2.09295
-1.85196
-1.64422
-1.466
-1.31328
-1.1822
-1.06932
-0.971707
-0.886857
-0.812701
-0.747517
-0.689881
-0.638613
-0.592734
-0.551428
-0.514017
-0.479932
-0.448695
-0.419905
-0.393222
-0.368358
-0.345068
-0.323143
-0.302401
-0.282688
-0.26387
-0.24583
-0.228468
-0.211696
-0.19544
-0.179632
-0.164211
-0.149123
-0.13432
-0.119757
-0.105396
-0.0912001
-0.0771359
-0.0631707
-0.0492734
-0.0354142
-0.0215645
-0.00769639
0.00621827
0.0202083
0.034303
0.0485325
0.062929
0.0775266
0.0923614
0.107473
0.122904
0.138701
0.154916
0.171605
0.188831
0.206662
0.225176
0.24446
0.264613
0.285744
0.307979
0.331462
0.356352
0.382838
0.411131
0.441476
0.474155
0.509496
0.54788
0.58975
0.635627
0.686125
0.74197
0.804023
0.873315
0.951077
1.03879
1.13822
1.2515
1.38118
1.53023
1.70213
1.90075
2.13009
2.39379
2.6939
3.0285
3.38809
3.75221
4.07714
4.24279
4.10082
-4.69188
-4.71303
-4.3448
-3.83335
-3.32951
-2.87502
-2.48162
-2.14929
-1.87176
-1.64075
-1.4482
-1.28705
-1.15141
-1.03648
-0.938408
-0.854103
-0.781102
-0.717428
-0.661486
-0.611989
-0.567885
-0.528318
-0.492579
-0.460085
-0.430351
-0.402971
-0.377606
-0.353971
-0.331825
-0.310961
-0.291204
-0.272404
-0.254432
-0.237178
-0.220546
-0.204454
-0.188829
-0.17361
-0.15874
-0.144167
-0.129846
-0.115738
-0.101805
-0.0880158
-0.0743376
-0.0607411
-0.0471983
-0.033682
-0.0201661
-0.00662492
0.00696694
0.0206362
0.0344107
0.0483182
0.0623882
0.0766522
0.0911444
0.105902
0.120964
0.136376
0.152185
0.168446
0.185217
0.202563
0.220559
0.239287
0.258842
0.27933
0.300872
0.323606
0.34769
0.373303
0.400656
0.429987
0.461577
0.495752
0.532892
0.573447
0.617945
0.667019
0.721426
0.782074
0.85007
0.926762
1.01381
1.11326
1.22765
1.36014
1.51468
1.69615
1.91052
2.16496
2.46756
2.82662
3.24835
3.73248
4.2665
4.80684
5.20042
5.19823
-6.33042
-5.9597
-5.17551
-4.34588
-3.62068
-3.02186
-2.53933
-2.15411
-1.84643
-1.59926
-1.39899
-1.23512
-1.09965
-0.986503
-0.891064
-0.809789
-0.739941
-0.679386
-0.626445
-0.579781
-0.538326
-0.501215
-0.467744
-0.437337
-0.40952
-0.383899
-0.360147
-0.337991
-0.317199
-0.297578
-0.278961
-0.261208
-0.244198
-0.22783
-0.212016
-0.196679
-0.181754
-0.167184
-0.152916
-0.138905
-0.125108
-0.111492
-0.098022
-0.0846695
-0.0714064
-0.0582066
-0.0450447
-0.031897
-0.0187402
-0.00555172
0.00769202
0.0210154
0.0344433
0.0480013
0.0617159
0.0756159
0.0897327
0.1041
0.118755
0.133739
0.149096
0.164876
0.181133
0.197929
0.215332
0.23342
0.252283
0.27202
0.292746
0.314591
0.337704
0.362257
0.388449
0.416511
0.446711
0.479365
0.514842
0.55358
0.5961
0.643028
0.695119
0.753293
0.818679
0.892679
0.977049
1.074
1.18637
1.31781
1.47305
1.65832
1.88178
2.15414
2.48922
2.90432
3.41949
4.05407
4.81792
5.68688
6.50928
6.91721
-9.15095
-7.67215
-6.10384
-4.8202
-3.82225
-3.06894
-2.50696
-2.08444
-1.76185
-1.5114
-1.31367
-1.15501
-1.02577
-0.919035
-0.829774
-0.75426
-0.689688
-0.633919
-0.585295
-0.542518
-0.504558
-0.470591
-0.43995
-0.412092
-0.386574
-0.363029
-0.341156
-0.3207
-0.301452
-0.283231
-0.265889
-0.249298
-0.23335
-0.217953
-0.20303
-0.188512
-0.174342
-0.160468
-0.146844
-0.133431
-0.120192
-0.107096
-0.0941158
-0.0812254
-0.0684006
-0.0556189
-0.0428592
-0.0301007
-0.0173235
-0.00450746
0.008368
0.0213247
0.0343846
0.0475702
0.0609052
0.0744153
0.0881284
0.102075
0.11629
0.130808
0.14567
0.160922
0.176613
0.192798
0.209542
0.226915
0.245
0.263887
0.283683
0.304508
0.326499
0.349815
0.374642
0.401193
0.42972
0.460515
0.493928
0.530368
0.570327
0.614398
0.663301
0.71792
0.779347
0.848953
0.928477
1.02015
1.12689
1.25255
1.40232
1.5833
1.80538
2.08254
2.43461
2.88992
3.48876
4.28429
5.33089
6.66793
8.29431
9.84042
-14.6569
-9.92158
-6.7842
-4.93719
-3.70848
-2.86791
-2.2894
-1.87916
-1.57781
-1.34972
-1.17265
-1.03211
-0.91845
-0.825006
-0.747078
-0.681255
-0.625007
-0.576421
-0.53403
-0.496686
-0.463484
-0.433701
-0.406754
-0.38217
-0.359563
-0.338615
-0.319063
-0.300688
-0.28331
-0.266775
-0.250955
-0.235742
-0.221045
-0.206787
-0.192901
-0.179333
-0.166033
-0.152958
-0.140073
-0.127342
-0.114737
-0.102234
-0.0898089
-0.0774419
-0.0651136
-0.0528058
-0.0405014
-0.028184
-0.0158369
-0.00344344
0.00901363
0.0215526
0.0341922
0.0469514
0.0598499
0.0729101
0.0861563
0.0996147
0.113314
0.127287
0.141568
0.156196
0.171216
0.186675
0.20263
0.219144
0.236288
0.254144
0.272805
0.292376
0.31298
0.334757
0.357871
0.382512
0.408901
0.437299
0.468013
0.501407
0.537917
0.578066
0.622492
0.67198
0.7275
0.790273
0.861856
0.94426
1.04014
1.15304
1.28785
1.45145
1.65379
1.90974
2.24211
2.6873
3.30586
4.19405
5.48221
7.40247
10.6297
15.4759
-23.9398
-12.1247
-6.50797
-4.22354
-3.01311
-2.2794
-1.8138
-1.49853
-1.27105
-1.0993
-0.965388
-0.858364
-0.771135
-0.69888
-0.638191
-0.58658
-0.542188
-0.503595
-0.469701
-0.439642
-0.41273
-0.388409
-0.366233
-0.345836
-0.326918
-0.309235
-0.292582
-0.276791
-0.26172
-0.247253
-0.233292
-0.219753
-0.206569
-0.193682
-0.181042
-0.168608
-0.156345
-0.144221
-0.132209
-0.120286
-0.10843
-0.0966249
-0.0848541
-0.0731034
-0.0613591
-0.0496088
-0.0378404
-0.0260419
-0.0142012
-0.0023059
0.00965731
0.0217024
0.0338435
0.0460956
0.0584743
0.0709971
0.0836836
0.0965549
0.109634
0.122948
0.136524
0.150395
0.164597
0.179169
0.194157
0.209614
0.225598
0.242177
0.259428
0.277436
0.296303
0.316145
0.337096
0.35931
0.382971
0.408288
0.435512
0.464936
0.496907
0.531844
0.570252
0.612745
0.660081
0.713202
0.773299
0.841898
0.920991
1.01322
1.12221
1.25303
1.41312
1.61387
1.8738
2.22567
2.73299
3.51669
4.79501
7.17522
12.9092
24.8475
)
;

boundaryField
{
    movingWall
    {
        type            zeroGradient;
    }
    fixedWalls
    {
        type            zeroGradient;
    }
    frontAndBack
    {
        type            empty;
    }
}


// ************************************************************************* //
