/*--------------------------------*- C++ -*----------------------------------*\
| =========                 |                                                 |
| \\      /  F ield         | OpenFOAM: The Open Source CFD Toolbox           |
|  \\    /   O peration     | Version:  2212                                  |
|   \\  /    A nd           | Website:  www.openfoam.com                      |
|    \\/     M anipulation  |                                                 |
\*---------------------------------------------------------------------------*/
FoamFile
{
    version     2.0;
    format      ascii;
    arch        "LSB;label=32;scalar=64";
    class       volScalarField;
    location    "0.0115";
    object      p;
}
// * * * * * * * * * * * * * * * * * * * * * * * * * * * * * * * * * * * * * //

dimensions      [0 2 -2 0 0 0 0];

internalField   nonuniform List<scalar> 
10000
(
-1.00542e-07
-0.000653677
-0.00183901
-0.00318761
-0.0045202
-0.00584968
-0.00715844
-0.00842567
-0.00962952
-0.0107485
-0.0117642
-0.0126628
-0.0134337
-0.0140685
-0.01456
-0.0149029
-0.0150934
-0.015129
-0.0150085
-0.0147315
-0.0142984
-0.0137101
-0.0129689
-0.0120779
-0.0110405
-0.00986047
-0.0085414
-0.00708689
-0.00550122
-0.0037892
-0.00195608
-7.23393e-06
0.00205225
0.00421738
0.00648304
0.00884394
0.0112946
0.013829
0.016441
0.0191248
0.0218744
0.0246838
0.0275467
0.0304572
0.0334097
0.0363983
0.0394171
0.0424601
0.0455216
0.0485958
0.0516768
0.0547584
0.0578348
0.0609006
0.0639502
0.0669777
0.0699766
0.0729404
0.0758629
0.0787385
0.0815616
0.084326
0.0870253
0.0896528
0.0922023
0.0946678
0.0970436
0.0993239
0.101503
0.103574
0.105532
0.107371
0.109086
0.110674
0.112128
0.113445
0.114621
0.115651
0.116532
0.117262
0.11784
0.118265
0.118537
0.118657
0.118626
0.118449
0.118131
0.11768
0.117105
0.116418
0.115637
0.114779
0.113871
0.112942
0.112028
0.111175
0.110436
0.109872
0.109558
0.109516
-0.000562617
-0.0011642
-0.00211466
-0.00320576
-0.00433604
-0.00547904
-0.00661149
-0.00771198
-0.00876066
-0.0097384
-0.0106278
-0.0114144
-0.0120872
-0.0126371
-0.0130568
-0.0133402
-0.0134829
-0.0134817
-0.0133346
-0.0130407
-0.0125998
-0.0120126
-0.0112801
-0.0104045
-0.0093888
-0.00823604
-0.00694967
-0.00553332
-0.00399061
-0.00232561
-0.000543155
0.0013518
0.00335452
0.00545989
0.00766267
0.00995801
0.012341
0.0148061
0.0173471
0.0199582
0.0226336
0.0253675
0.0281539
0.030987
0.0338614
0.0367713
0.0397107
0.0426737
0.045655
0.0486488
0.0516493
0.0546503
0.0576461
0.0606312
0.0636003
0.0665477
0.0694671
0.0723521
0.0751966
0.0779949
0.0807416
0.0834308
0.0860563
0.0886118
0.0910913
0.0934889
0.095799
0.0980162
0.100135
0.102149
0.104054
0.105844
0.107515
0.109062
0.110482
0.111769
0.112922
0.113935
0.114807
0.115536
0.116121
0.116562
0.11686
0.117017
0.117035
0.116918
0.116672
0.116306
0.115828
0.115253
0.114595
0.113873
0.11311
0.112333
0.111574
0.110869
0.110259
0.109791
0.109521
0.109478
-0.00111537
-0.00157127
-0.00229227
-0.00318039
-0.00414736
-0.00514835
-0.00615076
-0.00712908
-0.00806283
-0.00893439
-0.00972751
-0.0104281
-0.0110247
-0.0115081
-0.0118708
-0.0121066
-0.0122108
-0.0121794
-0.0120101
-0.0117013
-0.0112527
-0.0106646
-0.00993774
-0.00907337
-0.00807386
-0.00694196
-0.00568064
-0.00429346
-0.0027841
-0.00115615
0.000586274
0.00243861
0.0043962
0.00645407
0.00860707
0.0108505
0.0131796
0.0155892
0.0180733
0.0206262
0.0232423
0.0259157
0.0286407
0.0314116
0.0342231
0.0370696
0.0399452
0.0428438
0.0457602
0.048689
0.0516244
0.0545604
0.0574912
0.0604114
0.0633159
0.0661989
0.0690544
0.0718762
0.0746583
0.077395
0.0800809
0.0827101
0.0852767
0.0877747
0.0901984
0.092542
0.0948001
0.0969673
0.0990382
0.101008
0.10287
0.104622
0.106257
0.107773
0.109165
0.11043
0.111564
0.112565
0.11343
0.11416
0.114751
0.115207
0.115526
0.115712
0.115768
0.115698
0.115508
0.115207
0.114804
0.114311
0.113743
0.113117
0.112455
0.111778
0.111116
0.110498
0.109958
0.109532
0.109262
0.109175
-0.00133564
-0.00172598
-0.00232916
-0.00308796
-0.00393856
-0.00483487
-0.00574137
-0.00662994
-0.00747864
-0.00827
-0.00898899
-0.00962224
-0.0101585
-0.0105887
-0.0109053
-0.011102
-0.011174
-0.0111173
-0.0109289
-0.0106071
-0.0101511
-0.00956071
-0.00883689
-0.0079807
-0.00699373
-0.00587818
-0.00463681
-0.00327293
-0.00178991
-0.000191317
0.00151877
0.00333616
0.00525666
0.00727556
0.0093878
0.0115887
0.0138737
0.0162375
0.0186745
0.021179
0.0237458
0.0263692
0.0290431
0.0317622
0.0345213
0.037315
0.0401374
0.0429826
0.045845
0.0487193
0.0516002
0.0544819
0.0573586
0.0602251
0.063076
0.0659057
0.0687083
0.0714778
0.0742084
0.0768944
0.0795302
0.0821101
0.0846283
0.087079
0.0894566
0.0917557
0.093971
0.0960973
0.0981294
0.100062
0.10189
0.10361
0.105217
0.106707
0.108077
0.109323
0.110443
0.111434
0.112295
0.113025
0.113623
0.11409
0.114427
0.114638
0.114724
0.114691
0.114546
0.114295
0.113948
0.113516
0.113013
0.112455
0.111859
0.111246
0.11064
0.110066
0.109551
0.109124
0.108812
0.108631
-0.00119311
-0.00163786
-0.00221781
-0.00291334
-0.00369126
-0.00451238
-0.00534462
-0.00616171
-0.00694185
-0.00766756
-0.00832466
-0.00890083
-0.00938538
-0.00976943
-0.0100456
-0.0102077
-0.0102507
-0.0101707
-0.00996473
-0.00963061
-0.00916727
-0.0085744
-0.00785237
-0.00700225
-0.00602563
-0.00492425
-0.00370034
-0.00235691
-0.000897093
0.00067574
0.00235753
0.00414413
0.00603157
0.00801547
0.0100911
0.0122538
0.0144992
0.0168219
0.0192163
0.0216772
0.0241995
0.0267774
0.0294051
0.0320772
0.0347888
0.0375346
0.0403086
0.043105
0.0459184
0.0487434
0.051575
0.0544074
0.057235
0.0600527
0.0628551
0.0656369
0.0683921
0.0711146
0.0737987
0.0764389
0.0790297
0.0815654
0.0840404
0.0864488
0.0887851
0.0910442
0.0932211
0.0953107
0.0973079
0.0992079
0.101006
0.102697
0.104278
0.105745
0.107096
0.108326
0.109433
0.110416
0.111274
0.112004
0.112608
0.113085
0.113439
0.11367
0.113783
0.113782
0.113674
0.113465
0.113164
0.112782
0.11233
0.111822
0.111274
0.110704
0.110131
0.109575
0.109059
0.108606
0.108224
0.107914
-0.000828629
-0.00137558
-0.00198525
-0.00266487
-0.00340865
-0.00418469
-0.00496554
-0.0057292
-0.00645618
-0.00713
-0.00773714
-0.00826627
-0.00870755
-0.00905244
-0.0092939
-0.00942599
-0.00944356
-0.00934264
-0.00912043
-0.0087748
-0.00830431
-0.0077085
-0.00698751
-0.00614206
-0.00517354
-0.00408362
-0.00287436
-0.00154845
-0.000108712
0.00144175
0.003099
0.0048589
0.00671761
0.00867092
0.0107143
0.0128433
0.0150535
0.0173399
0.0196967
0.0221188
0.0246013
0.0271386
0.029725
0.0323553
0.0350245
0.0377273
0.0404579
0.0432105
0.0459799
0.0487611
0.0515487
0.0543371
0.057121
0.0598951
0.0626545
0.0653937
0.0681068
0.0707878
0.0734308
0.0760304
0.0785813
0.081078
0.0835149
0.0858861
0.0881864
0.0904104
0.0925534
0.0946107
0.0965773
0.0984485
0.10022
0.101886
0.103445
0.104893
0.106226
0.107442
0.108539
0.109516
0.11037
0.111101
0.111709
0.112196
0.112563
0.112812
0.112948
0.112974
0.112896
0.112721
0.112456
0.112112
0.111697
0.111225
0.110709
0.110163
0.109603
0.109045
0.108508
0.10801
0.10754
0.107083
-0.000325763
-0.000998063
-0.00166811
-0.00236325
-0.0031018
-0.00385861
-0.00461009
-0.00533839
-0.00602732
-0.00666237
-0.00723116
-0.00772319
-0.00812948
-0.00844223
-0.00865466
-0.00876113
-0.00875688
-0.00863787
-0.00840114
-0.00804467
-0.00756713
-0.00696795
-0.00624704
-0.00540487
-0.00444258
-0.00336169
-0.0021641
-0.000852366
0.000570806
0.00210246
0.00373886
0.00547607
0.00731038
0.00923768
0.0112534
0.0133534
0.0155333
0.0177882
0.0201124
0.0225009
0.0249487
0.0274505
0.0300008
0.0325945
0.0352266
0.0378918
0.0405843
0.0432986
0.0460296
0.0487722
0.0515214
0.0542717
0.0570175
0.0597538
0.0624758
0.065178
0.0678546
0.0704995
0.0731069
0.0756715
0.0781881
0.0806513
0.0830554
0.0853948
0.087664
0.089858
0.0919721
0.0940017
0.0959421
0.0977887
0.0995371
0.101183
0.102723
0.104154
0.105473
0.106678
0.107767
0.108737
0.109589
0.110321
0.110934
0.111428
0.111806
0.11207
0.112224
0.112271
0.112217
0.112068
0.11183
0.111512
0.111122
0.110672
0.110172
0.109634
0.109071
0.108495
0.107921
0.107365
0.106796
0.106185
0.000255506
-0.000552447
-0.00130106
-0.00203263
-0.00278634
-0.00354339
-0.00428356
-0.00499248
-0.00565719
-0.00626527
-0.006806
-0.00727003
-0.00764909
-0.00793608
-0.0081248
-0.00820991
-0.00818697
-0.00805225
-0.0078028
-0.00743654
-0.00695216
-0.00634909
-0.0056272
-0.00478684
-0.00382901
-0.00275495
-0.00156638
-0.000265779
0.0011442
0.00266065
0.00427994
0.0059983
0.00781225
0.00971778
0.0117104
0.013786
0.0159404
0.0181684
0.0204648
0.0228245
0.0252427
0.0277143
0.0302336
0.0327957
0.0353957
0.0380286
0.0406885
0.04337
0.046068
0.0487777
0.051494
0.0542115
0.0569249
0.0596292
0.0623193
0.06499
0.0676354
0.0702495
0.0728266
0.0753615
0.0778492
0.0802842
0.0826608
0.0849733
0.0872164
0.0893851
0.0914749
0.0934814
0.0954
0.0972261
0.0989555
0.100584
0.102109
0.103527
0.104835
0.106031
0.107113
0.108079
0.108928
0.109661
0.110278
0.110779
0.111166
0.111442
0.111609
0.111672
0.111635
0.111504
0.111284
0.110982
0.110607
0.110166
0.109669
0.109127
0.108547
0.10794
0.107319
0.106695
0.106024
0.10526
0.000868304
-7.67261e-05
-0.000913269
-0.0016953
-0.00247886
-0.00325049
-0.00399345
-0.00469614
-0.0053484
-0.0059401
-0.00646191
-0.00690577
-0.00726452
-0.00753169
-0.00770158
-0.00776928
-0.00773069
-0.00758242
-0.00732175
-0.00694666
-0.0064558
-0.00584857
-0.0051248
-0.00428484
-0.00332958
-0.00226017
-0.00107819
0.000214002
0.00161383
0.00311846
0.00472426
0.00642756
0.00822507
0.0101129
0.0120868
0.0141424
0.0162757
0.0184816
0.0207548
0.0230905
0.0254841
0.0279304
0.0304238
0.0329595
0.0355326
0.0381384
0.0407711
0.0434252
0.0460957
0.048778
0.051467
0.0541574
0.0568439
0.0595216
0.0621853
0.0648299
0.0674493
0.0700378
0.0725897
0.0751002
0.077564
0.0799758
0.0823298
0.0846203
0.0868419
0.0889899
0.0910599
0.0930475
0.0949484
0.0967581
0.0984724
0.100088
0.1016
0.103008
0.104307
0.105496
0.106573
0.107536
0.108385
0.109119
0.109738
0.110244
0.110638
0.110923
0.1111
0.111174
0.111148
0.111028
0.110818
0.110524
0.110153
0.109712
0.109209
0.10865
0.108045
0.107399
0.106723
0.106027
0.105252
0.104342
0.0014751
0.000397328
-0.000530024
-0.00137091
-0.00219478
-0.00299166
-0.00374811
-0.00445522
-0.00510481
-0.00568899
-0.00619998
-0.00663076
-0.00697521
-0.00722772
-0.00738319
-0.00743715
-0.00738586
-0.00722619
-0.0069557
-0.00657256
-0.00607552
-0.00546395
-0.00473765
-0.00389688
-0.00294251
-0.00187566
-0.000697877
0.000588521
0.00198103
0.00347688
0.00507255
0.00676445
0.00854938
0.0104236
0.0123827
0.0144225
0.0165391
0.0187275
0.0209823
0.0232989
0.0256726
0.0280985
0.0305711
0.0330855
0.0356372
0.0382213
0.0408321
0.0434643
0.0461129
0.0487733
0.0514407
0.0541097
0.056775
0.0594314
0.0620741
0.0646977
0.0672964
0.0698645
0.0723965
0.0748874
0.0773323
0.0797256
0.0820617
0.0843348
0.0865395
0.0886712
0.0907257
0.0926988
0.0945861
0.0963833
0.0980862
0.0996913
0.101195
0.102595
0.103889
0.105073
0.106147
0.107108
0.107956
0.108691
0.109313
0.109823
0.110222
0.110512
0.110696
0.110776
0.110757
0.110641
0.110434
0.11014
0.109766
0.109317
0.108798
0.108217
0.107578
0.106886
0.106152
0.105382
0.104506
0.103457
0.00204751
0.000843849
-0.000173345
-0.00107706
-0.00194803
-0.00277803
-0.00355599
-0.00427568
-0.00493068
-0.00551472
-0.00602167
-0.0064456
-0.00678116
-0.00702359
-0.00716853
-0.00721204
-0.00715073
-0.00698176
-0.0067029
-0.00631254
-0.00580958
-0.00519348
-0.00446403
-0.00362142
-0.00266651
-0.00160038
-0.000424616
0.000858441
0.00224631
0.0037363
0.005325
0.00700893
0.00878496
0.0106493
0.0125976
0.0146259
0.01673
0.0189052
0.0211463
0.0234484
0.0258072
0.0282177
0.0306746
0.033173
0.0357086
0.0382765
0.0408711
0.0434869
0.0461191
0.0487634
0.0514149
0.0540681
0.0567176
0.0593583
0.0619853
0.0645933
0.0671766
0.0697295
0.0722466
0.074723
0.0771537
0.0795332
0.0818559
0.084116
0.0863083
0.0884282
0.0904716
0.0924343
0.0943121
0.0961006
0.0977958
0.0993941
0.100892
0.102288
0.103578
0.10476
0.105832
0.106793
0.107642
0.108378
0.109002
0.109514
0.109916
0.11021
0.110397
0.11048
0.110461
0.110345
0.110136
0.109837
0.109453
0.108988
0.108448
0.107838
0.10716
0.10642
0.105625
0.104782
0.103808
0.102629
0.00256523
0.00124279
0.000138399
-0.000829311
-0.00175113
-0.00261961
-0.00342516
-0.00416365
-0.00483043
-0.00542048
-0.00592902
-0.00635128
-0.00668271
-0.00691926
-0.00705721
-0.00709319
-0.00702423
-0.00684785
-0.00656207
-0.00616541
-0.00565691
-0.00503613
-0.00430291
-0.00345748
-0.00250073
-0.00143374
-0.000258082
0.00102386
0.00240963
0.00389659
0.00548138
0.0071606
0.00893115
0.0107893
0.0127307
0.0147513
0.0168472
0.0190137
0.0212454
0.0235378
0.0258865
0.0282866
0.030733
0.0332207
0.0357456
0.0383028
0.0408866
0.0434917
0.0461134
0.0487472
0.0513884
0.0540314
0.0566707
0.0593011
0.0619179
0.0645157
0.0670889
0.0696318
0.0721391
0.0746058
0.0770271
0.0793976
0.0817114
0.0839631
0.0861474
0.08826
0.0902967
0.0922533
0.0941256
0.0959092
0.0976002
0.0991951
0.100691
0.102084
0.103373
0.104555
0.105627
0.106589
0.107439
0.108177
0.108803
0.109317
0.109721
0.110015
0.110203
0.110285
0.110265
0.110144
0.109928
0.109618
0.109219
0.108735
0.108169
0.107525
0.106806
0.106015
0.105158
0.104243
0.103177
0.101877
0.0030133
0.00157886
0.000390474
-0.000640845
-0.00161531
-0.00252564
-0.0033631
-0.00412519
-0.00480872
-0.00540978
-0.00592463
-0.00634956
-0.00668089
-0.00691523
-0.00704942
-0.00708057
-0.00700616
-0.00682406
-0.00653261
-0.00613051
-0.00561687
-0.00499133
-0.00425383
-0.00340469
-0.00244488
-0.00137553
-0.000198217
0.00108469
0.00247075
0.00395738
0.00554121
0.00721886
0.00898727
0.0108427
0.0127809
0.0147979
0.0168897
0.0190516
0.0212784
0.0235657
0.0259092
0.028304
0.030745
0.0332274
0.035747
0.0382988
0.0408774
0.0434775
0.0460942
0.0487233
0.0513597
0.053998
0.0566326
0.0592583
0.0618702
0.0644632
0.0670317
0.0695698
0.0720724
0.0745344
0.0769512
0.0793172
0.0816269
0.0838748
0.0860558
0.0881655
0.0901998
0.0921546
0.0940253
0.0958079
0.0974983
0.099093
0.100589
0.101983
0.103274
0.104457
0.105532
0.106496
0.107348
0.108088
0.108715
0.10923
0.109634
0.109929
0.110115
0.110194
0.110169
0.110041
0.109814
0.10949
0.109073
0.108565
0.10797
0.10729
0.106528
0.105684
0.104767
0.103782
0.102627
0.101214
0.00337983
0.00184002
0.000570992
-0.00052278
-0.0015504
-0.00250469
-0.00337697
-0.00416623
-0.00487037
-0.00548644
-0.00601155
-0.00644286
-0.00677752
-0.00701277
-0.00714598
-0.00717472
-0.00709687
-0.00691065
-0.00661464
-0.00620775
-0.00568924
-0.00505884
-0.0043166
-0.00346296
-0.00249894
-0.00142575
-0.000245
0.00104092
0.0024296
0.00391848
0.00550421
0.00718339
0.00895298
0.0108093
0.0127479
0.0147651
0.0168568
0.0190185
0.0212449
0.0235317
0.0258748
0.0282693
0.0307101
0.0331924
0.0357119
0.0382638
0.0408428
0.0434432
0.0460605
0.0486903
0.0513275
0.0539666
0.0566018
0.0592281
0.0618406
0.0644342
0.0670032
0.0695418
0.0720447
0.074507
0.076924
0.0792905
0.0816008
0.0838497
0.086032
0.0881434
0.0901797
0.0921367
0.09401
0.0957953
0.0974885
0.0990863
0.100586
0.101984
0.103277
0.104465
0.105543
0.106511
0.107366
0.108108
0.108737
0.109253
0.109657
0.10995
0.110134
0.110208
0.110176
0.110038
0.109798
0.109457
0.109019
0.108486
0.10786
0.107143
0.106336
0.10544
0.104463
0.10341
0.102171
0.100652
0.00365495
0.00201633
0.000670101
-0.000484683
-0.00156516
-0.0025645
-0.00347376
-0.00429272
-0.00502039
-0.00565463
-0.00619324
-0.0066341
-0.00697503
-0.00721383
-0.0073484
-0.0073768
-0.00729727
-0.00710831
-0.00680868
-0.00639749
-0.00587419
-0.00523871
-0.00449122
-0.00363223
-0.00266283
-0.0015843
-0.000398293
0.000892747
0.00228641
0.00378017
0.00537067
0.00705449
0.0088286
0.0106893
0.0126321
0.0146533
0.0167491
0.0189148
0.0211454
0.0234364
0.0257839
0.0281831
0.0306287
0.033116
0.0356407
0.0381981
0.0407826
0.0433889
0.0460121
0.0486479
0.0512911
0.0539362
0.0565773
0.0592095
0.0618279
0.0644272
0.0670019
0.069546
0.0720543
0.074522
0.0769443
0.0793161
0.0816321
0.0838867
0.086075
0.0881927
0.0902353
0.0921988
0.0940785
0.0958702
0.0975699
0.099174
0.10068
0.102084
0.103384
0.104577
0.105661
0.106633
0.107492
0.108237
0.108868
0.109385
0.109789
0.110081
0.11026
0.110329
0.110288
0.110139
0.109884
0.109525
0.109064
0.108504
0.107845
0.10709
0.106238
0.10529
0.104254
0.103135
0.101816
0.100197
0.00383045
0.00209934
0.000679431
-0.00053489
-0.00166763
-0.00271231
-0.00365997
-0.00451056
-0.005264
-0.00591888
-0.00647359
-0.00692657
-0.00727621
-0.00752082
-0.00765877
-0.00768853
-0.00760871
-0.00741802
-0.00711544
-0.00670027
-0.00617216
-0.00553124
-0.00477778
-0.0039124
-0.00293631
-0.00185083
-0.000657687
0.000640664
0.00204179
0.00354316
0.00514141
0.00683308
0.00861509
0.0104837
0.0124346
0.0144638
0.0165678
0.018742
0.0209812
0.0232812
0.025638
0.0280468
0.0305023
0.0329997
0.0355347
0.0381027
0.0406981
0.0433154
0.0459497
0.0485966
0.051251
0.0539071
0.0565593
0.0592024
0.0618317
0.0644419
0.0670274
0.0695821
0.0721009
0.074579
0.0770116
0.0793939
0.0817203
0.0839856
0.0861846
0.0883129
0.0903662
0.0923402
0.0942305
0.0960324
0.097742
0.0993558
0.100871
0.102284
0.103592
0.104793
0.105884
0.106862
0.107726
0.108475
0.109109
0.109627
0.110031
0.11032
0.110496
0.110558
0.110507
0.110345
0.110075
0.109697
0.109212
0.108623
0.107931
0.107137
0.10624
0.10524
0.104145
0.102962
0.101566
0.099854
0.00389951
0.00208175
0.000591645
-0.000680668
-0.00186504
-0.00295503
-0.00394179
-0.0048255
-0.00560645
-0.0062839
-0.00685676
-0.00732389
-0.00768418
-0.00793646
-0.00807946
-0.00811193
-0.00803281
-0.00784105
-0.00753587
-0.00711679
-0.00658365
-0.00593672
-0.00517638
-0.0043034
-0.00331912
-0.00222494
-0.00102262
0.000285357
0.00169656
0.00320843
0.00481752
0.00652032
0.00831373
0.010194
0.0121567
0.0141982
0.0163147
0.0185018
0.0207544
0.0230681
0.0254391
0.0278624
0.0303327
0.0328452
0.0353956
0.0379794
0.0405907
0.0432241
0.0458745
0.0485375
0.0512081
0.0538803
0.0565485
0.0592076
0.0618528
0.0644789
0.0670801
0.0696506
0.072185
0.0746785
0.0771267
0.0795244
0.0818663
0.0841468
0.0863611
0.0885045
0.0905727
0.0925615
0.0944661
0.096282
0.0980051
0.0996318
0.101159
0.102583
0.103902
0.105113
0.106212
0.107197
0.108067
0.108821
0.109459
0.109979
0.110383
0.11067
0.110841
0.110896
0.110835
0.110661
0.110373
0.109975
0.109466
0.108848
0.108121
0.107287
0.106344
0.105293
0.104141
0.102895
0.101426
0.0996253
0.00385664
0.00195728
0.00040018
-0.000928564
-0.00216386
-0.00329909
-0.00432533
-0.00524313
-0.00605295
-0.00675445
-0.00734703
-0.00782995
-0.00820245
-0.00846379
-0.00861304
-0.00864922
-0.00857144
-0.00837896
-0.00807126
-0.00764806
-0.00710939
-0.00645563
-0.00568733
-0.00480537
-0.00381124
-0.00270644
-0.00149272
-0.000172626
0.00125137
0.00277671
0.00439983
0.00611712
0.00792547
0.00982116
0.0117998
0.0138576
0.0159911
0.0181957
0.0204663
0.0227985
0.0251884
0.0276312
0.0301212
0.0326539
0.0352248
0.0378293
0.0404617
0.0431161
0.0457877
0.0484719
0.0511635
0.0538569
0.0565461
0.0592261
0.0618921
0.0645391
0.0671612
0.0697525
0.0723076
0.0748218
0.0772905
0.0797087
0.0820709
0.0843715
0.0866056
0.0887684
0.0908557
0.0928631
0.094786
0.0966196
0.0983595
0.100002
0.101544
0.102982
0.104314
0.105536
0.106645
0.10764
0.108517
0.109277
0.109919
0.110442
0.110846
0.111131
0.111297
0.111345
0.111274
0.111086
0.110781
0.110361
0.109827
0.109178
0.108416
0.107541
0.106553
0.105451
0.104243
0.102936
0.101397
0.0995134
0.00369742
0.00172043
9.91332e-05
-0.00128454
-0.00257011
-0.00375041
-0.00481642
-0.00576895
-0.00660863
-0.00733535
-0.00794888
-0.00844884
-0.00883476
-0.00910616
-0.00926245
-0.00930287
-0.00922679
-0.0090337
-0.00872332
-0.00829555
-0.00775057
-0.00708895
-0.00631142
-0.00541898
-0.00441321
-0.0032957
-0.00206825
-0.000733438
0.000706196
0.00224799
0.00388832
0.00562352
0.00745047
0.00936544
0.011364
0.0134425
0.0155973
0.0178239
0.0201171
0.0224726
0.0248864
0.0273534
0.0298682
0.0324259
0.0350224
0.0376527
0.040311
0.0429916
0.0456893
0.0483997
0.0511175
0.053837
0.0565523
0.0592582
0.0619503
0.0646233
0.0672715
0.0698888
0.0724698
0.0750098
0.0775042
0.0799478
0.0823352
0.0846606
0.0869188
0.0891054
0.091216
0.0932461
0.0951909
0.0970456
0.0988057
0.100467
0.102027
0.103481
0.104828
0.106063
0.107185
0.10819
0.109076
0.109843
0.11049
0.111016
0.111421
0.111704
0.111866
0.111906
0.111825
0.111622
0.1113
0.110858
0.110297
0.109617
0.108819
0.107904
0.10687
0.105717
0.104454
0.103089
0.101484
0.0995211
0.00341831
0.00136642
-0.000316965
-0.00175413
-0.00308941
-0.00431465
-0.00542062
-0.00640836
-0.00727867
-0.00803151
-0.00866692
-0.00918484
-0.00958503
-0.00986719
-0.010031
-0.0100759
-0.0100016
-0.00980777
-0.0094943
-0.00906129
-0.00850909
-0.00783845
-0.00705027
-0.00614571
-0.00512642
-0.00399402
-0.00275039
-0.0013982
5.98989e-05
0.00162118
0.00328195
0.00503851
0.00688772
0.00882584
0.0108485
0.0129518
0.0151323
0.0173855
0.0197059
0.0220894
0.0245316
0.0270278
0.0295722
0.0321601
0.034787
0.0374481
0.0401375
0.0428492
0.0455782
0.0483199
0.051069
0.0538198
0.0565664
0.0593037
0.062027
0.0647314
0.067411
0.0700596
0.0726719
0.075243
0.0777682
0.0802423
0.0826596
0.0850145
0.0873015
0.0895162
0.0916542
0.0937109
0.0956814
0.0975607
0.099344
0.101027
0.102608
0.104081
0.105445
0.106696
0.107832
0.108849
0.109746
0.110522
0.111175
0.111704
0.11211
0.112392
0.11255
0.112583
0.112491
0.112274
0.111933
0.111468
0.110879
0.110168
0.109334
0.108378
0.107299
0.106097
0.10478
0.103359
0.10169
0.099652
0.00301618
0.000891149
-0.000853048
-0.00234263
-0.00372698
-0.0049972
-0.00614338
-0.00716674
-0.00806827
-0.00884797
-0.00950598
-0.0100425
-0.0104575
-0.0107509
-0.0109224
-0.010972
-0.0108993
-0.0107043
-0.0103872
-0.0099481
-0.00938764
-0.00870674
-0.00790645
-0.006988
-0.00595317
-0.00480362
-0.00354133
-0.0021691
-0.00068967
0.000894158
0.00257864
0.00436003
0.0062352
0.00820037
0.0102511
0.0123835
0.0145941
0.0168782
0.0192305
0.0216464
0.024122
0.0266521
0.029231
0.0318539
0.0345162
0.0372131
0.0399385
0.0426866
0.045452
0.0482302
0.051016
0.0538035
0.0565868
0.0593609
0.0621211
0.0648625
0.067579
0.0702645
0.0729135
0.0755209
0.0780822
0.080592
0.0830444
0.0854335
0.0877541
0.0900013
0.0921709
0.0942582
0.0962581
0.0981654
0.0999754
0.101684
0.103288
0.104783
0.106167
0.107437
0.108589
0.109621
0.11053
0.111315
0.111975
0.11251
0.112918
0.113199
0.113353
0.113379
0.113275
0.113043
0.112683
0.112195
0.111579
0.110836
0.109966
0.10897
0.107846
0.106595
0.105227
0.103751
0.10202
0.0999097
0.00248796
0.00029087
-0.00151345
-0.00305501
-0.00448799
-0.00580327
-0.00699005
-0.00804946
-0.00898268
-0.0097898
-0.010471
-0.0110266
-0.0114568
-0.0117616
-0.011941
-0.0119951
-0.0119238
-0.0117272
-0.0114056
-0.0109595
-0.0103897
-0.00969723
-0.00888323
-0.00794906
-0.00689656
-0.00572754
-0.00444407
-0.00304907
-0.00154539
6.41156e-05
0.00177565
0.00358545
0.00549032
0.00748647
0.00956936
0.0117351
0.01398
0.0162995
0.0186881
0.0211412
0.0236548
0.0262236
0.0288419
0.0315046
0.0342072
0.036945
0.0397116
0.0425012
0.0453083
0.0481284
0.0509563
0.0537861
0.0566118
0.0594285
0.0622314
0.0650154
0.0677745
0.0705026
0.0731938
0.0758433
0.078446
0.0809967
0.0834893
0.0859178
0.0882767
0.0905611
0.0927667
0.0948887
0.0969218
0.0988609
0.100701
0.102438
0.104069
0.105589
0.106997
0.108288
0.109459
0.110507
0.11143
0.112227
0.112896
0.113437
0.113848
0.114129
0.114279
0.114297
0.114183
0.113936
0.113556
0.113044
0.112401
0.111627
0.110721
0.109685
0.108518
0.107219
0.105799
0.10427
0.102479
0.100297
0.00183047
-0.000438102
-0.00230232
-0.00389589
-0.00537757
-0.006738
-0.00796581
-0.0090618
-0.0100272
-0.0108622
-0.0115671
-0.0121422
-0.0125878
-0.0129042
-0.0130915
-0.0131498
-0.0130794
-0.0128806
-0.0125538
-0.0120997
-0.0115193
-0.0108138
-0.00998432
-0.00903244
-0.00796006
-0.00676913
-0.00546185
-0.00404125
-0.00251027
-0.000871807
0.000870286
0.00271215
0.00465057
0.00668169
0.00880089
0.0110042
0.0132879
0.0156472
0.0180767
0.0205717
0.0231279
0.0257402
0.0284027
0.0311102
0.0338583
0.0366419
0.039455
0.0422912
0.0451455
0.048013
0.0508886
0.0537665
0.0566405
0.0595056
0.062357
0.0651896
0.0679972
0.0707736
0.0735128
0.0762098
0.0788595
0.0814565
0.0839946
0.0864675
0.0888696
0.091196
0.0934421
0.095603
0.0976736
0.0996484
0.101523
0.103292
0.104953
0.106502
0.107936
0.109251
0.110444
0.111511
0.112451
0.113261
0.113941
0.114489
0.114904
0.115186
0.115333
0.115343
0.115218
0.114955
0.114557
0.114022
0.113351
0.112545
0.111604
0.110529
0.109318
0.107972
0.106502
0.10492
0.103068
0.100814
0.00104039
-0.00129939
-0.00322368
-0.00486969
-0.0064006
-0.0078065
-0.00907577
-0.0102089
-0.011207
-0.0120705
-0.0127994
-0.0133943
-0.0138556
-0.0141836
-0.0143786
-0.0144409
-0.0143709
-0.0141691
-0.0138361
-0.0133729
-0.0127805
-0.0120602
-0.0112134
-0.0102416
-0.00914701
-0.0079316
-0.00659771
-0.0051485
-0.00358697
-0.00191608
-0.000139778
0.00173801
0.00371397
0.00578419
0.00794396
0.0101892
0.0125161
0.0149199
0.017395
0.0199366
0.0225403
0.025201
0.0279127
0.03067
0.0334686
0.0363034
0.0391682
0.0420566
0.0449635
0.047884
0.0508132
0.053745
0.0566732
0.0595927
0.0624986
0.0653856
0.0682475
0.0710779
0.0738708
0.0766209
0.0793231
0.0819718
0.0845605
0.0870831
0.0895334
0.0919066
0.0941978
0.0964023
0.0985147
0.10053
0.102442
0.104248
0.105943
0.107524
0.108988
0.11033
0.111547
0.112637
0.113595
0.114421
0.115113
0.11567
0.11609
0.116373
0.116517
0.116521
0.116385
0.116108
0.11569
0.115132
0.114435
0.113597
0.112621
0.111506
0.110252
0.108858
0.107337
0.105701
0.103787
0.101462
0.00011454
-0.00229667
-0.00428142
-0.00598065
-0.00756157
-0.00901361
-0.0103249
-0.0114959
-0.0125273
-0.0134196
-0.0141731
-0.0147881
-0.0152651
-0.0156046
-0.0158071
-0.0158729
-0.0158026
-0.0155969
-0.0152567
-0.014783
-0.014177
-0.0134401
-0.0125738
-0.0115799
-0.0104604
-0.00921776
-0.00785426
-0.00637318
-0.00477763
-0.00307067
-0.00125631
0.000661415
0.00267909
0.0047927
0.00699746
0.00928917
0.011664
0.014117
0.0166425
0.0192356
0.0218919
0.024606
0.027372
0.0301844
0.0330389
0.0359302
0.0388521
0.0417983
0.0447635
0.0477429
0.0507315
0.0537231
0.0567115
0.0596913
0.0626576
0.0656049
0.0685269
0.0714172
0.0742693
0.0770781
0.0798381
0.0825437
0.0851884
0.0877656
0.0902693
0.0926942
0.0950354
0.0972881
0.099447
0.101507
0.103462
0.105308
0.107042
0.108659
0.110155
0.111528
0.112773
0.113887
0.114867
0.11571
0.116416
0.116983
0.117409
0.117694
0.117837
0.117835
0.117689
0.117397
0.116961
0.11638
0.115656
0.114787
0.113775
0.112619
0.111321
0.109878
0.108305
0.106613
0.104637
0.102238
-0.000949782
-0.00343353
-0.00547948
-0.00723277
-0.00886471
-0.0103639
-0.011718
-0.0129274
-0.013993
-0.0149147
-0.015693
-0.0163283
-0.0168211
-0.017172
-0.0173816
-0.0174503
-0.017379
-0.0171684
-0.0168196
-0.0163338
-0.0157123
-0.0149567
-0.0140687
-0.01305
-0.011903
-0.0106301
-0.00923375
-0.00771734
-0.00608411
-0.00433722
-0.00248078
-0.000518947
0.00154476
0.00370622
0.00596057
0.00830348
0.010731
0.0132382
0.0158191
0.0184688
0.0211827
0.0239555
0.0267811
0.0296541
0.0325698
0.0355232
0.038508
0.0415178
0.0445471
0.0475914
0.0506453
0.0537028
0.0567574
0.0598034
0.0628359
0.0658494
0.0688374
0.071793
0.0747101
0.0775828
0.0804061
0.0831739
0.0858797
0.0885167
0.0910787
0.0935604
0.0959567
0.0982627
0.100473
0.102582
0.104585
0.106476
0.108251
0.109908
0.111441
0.112848
0.114123
0.115265
0.116268
0.117132
0.117853
0.118432
0.118866
0.119154
0.119296
0.119289
0.119133
0.118828
0.118374
0.11777
0.117017
0.116116
0.115067
0.113871
0.112526
0.111033
0.109405
0.107656
0.105616
0.103143
-0.00215472
-0.00471299
-0.00682162
-0.00862995
-0.0103141
-0.0118616
-0.0132595
-0.0145083
-0.0156085
-0.0165602
-0.0173638
-0.0180196
-0.0185283
-0.0188903
-0.0191065
-0.0191774
-0.0191041
-0.0188874
-0.0185285
-0.0180289
-0.0173899
-0.0166134
-0.015701
-0.0146549
-0.0134775
-0.0121711
-0.0107386
-0.00918324
-0.00750852
-0.00571771
-0.00381506
-0.00180482
0.000309362
0.00252326
0.00483191
0.00723088
0.00971611
0.0122824
0.0149239
0.0176354
0.0204122
0.023249
0.0261397
0.0290787
0.0320614
0.0350827
0.0381363
0.0412156
0.0443152
0.0474303
0.0505558
0.0536851
0.0568119
0.0599303
0.063035
0.0661205
0.0691801
0.072207
0.0751944
0.0781367
0.0810285
0.0838638
0.0866359
0.089338
0.0919636
0.0945072
0.0969638
0.0993283
0.101595
0.103758
0.105813
0.107753
0.109575
0.111275
0.112849
0.114293
0.115602
0.116774
0.117804
0.118689
0.119428
0.12002
0.120464
0.120757
0.120899
0.120888
0.120723
0.120404
0.119931
0.119304
0.118523
0.117589
0.116502
0.115261
0.113868
0.112323
0.11064
0.108832
0.106727
0.104178
-0.00350214
-0.00613759
-0.00831108
-0.0101759
-0.0119135
-0.0135108
-0.0149537
-0.0162428
-0.0173786
-0.0183609
-0.0191901
-0.0198666
-0.020391
-0.020764
-0.0209862
-0.0210586
-0.0209821
-0.0207579
-0.0203874
-0.019872
-0.0192134
-0.0184136
-0.0174745
-0.0163982
-0.0151872
-0.0138442
-0.0123719
-0.0107739
-0.00905384
-0.00721507
-0.00526198
-0.00319895
-0.00102979
0.0012412
0.00360895
0.00606889
0.00861679
0.0112474
0.0139546
0.0167331
0.0195782
0.0224846
0.0254459
0.0284568
0.0315123
0.0346074
0.0377358
0.0408907
0.0440668
0.0472591
0.0504622
0.0536696
0.0568748
0.0600715
0.0632545
0.066418
0.0695552
0.072659
0.0757226
0.0787401
0.081706
0.0846143
0.0874582
0.0902307
0.0929253
0.0955364
0.0980588
0.100487
0.102816
0.105038
0.107149
0.109143
0.111016
0.112764
0.114382
0.115867
0.117213
0.118418
0.119476
0.120386
0.121146
0.121753
0.122208
0.122507
0.122651
0.122637
0.122463
0.122131
0.121639
0.120988
0.120177
0.119208
0.11808
0.116795
0.115352
0.113752
0.112012
0.110145
0.107973
0.105346
-0.00499404
-0.00770984
-0.00995075
-0.0118741
-0.0136668
-0.0153153
-0.0168047
-0.0181352
-0.0193074
-0.0203212
-0.0211765
-0.021874
-0.0224141
-0.0227976
-0.0230254
-0.0230983
-0.0230175
-0.0227845
-0.0224006
-0.0218676
-0.0211873
-0.0203619
-0.0193933
-0.0182839
-0.0170363
-0.0156533
-0.0141377
-0.0124934
-0.010724
-0.0088332
-0.0068254
-0.00470517
-0.00247643
-0.000143612
0.00228809
0.00481396
0.00742957
0.0101295
0.0129077
0.0157587
0.0186776
0.0216591
0.0246969
0.0277854
0.0309198
0.0340948
0.0373041
0.040541
0.0437998
0.0470755
0.0503625
0.0536543
0.056944
0.0602254
0.0634928
0.0667404
0.0699612
0.073148
0.0762938
0.0793924
0.0824383
0.0854254
0.0883469
0.0911957
0.0939651
0.0966494
0.0992431
0.101741
0.104136
0.106423
0.108596
0.110649
0.112577
0.114377
0.116043
0.117572
0.11896
0.1202
0.121291
0.122228
0.12301
0.123636
0.124103
0.124411
0.124557
0.12454
0.124359
0.124013
0.123502
0.122825
0.121984
0.120978
0.119809
0.118477
0.116982
0.115327
0.113528
0.111601
0.10936
0.106654
-0.00663293
-0.00943243
-0.0117436
-0.0137279
-0.0155778
-0.0172792
-0.0188167
-0.0201901
-0.0213999
-0.0224459
-0.023328
-0.0240466
-0.0246024
-0.0249962
-0.0252289
-0.0253015
-0.0252154
-0.0249721
-0.0245732
-0.0240207
-0.0233166
-0.0224631
-0.0214625
-0.020317
-0.0190297
-0.0176032
-0.0160409
-0.0143464
-0.0125237
-0.0105767
-0.00850981
-0.00632783
-0.00403482
-0.00163536
0.000865247
0.00346207
0.00615054
0.00892515
0.0117797
0.0147086
0.017707
0.0207693
0.0238894
0.0270616
0.0302808
0.033542
0.0368385
0.0401636
0.0435115
0.0468769
0.0502542
0.0536367
0.0570173
0.0603895
0.0637476
0.0670855
0.0703962
0.0736721
0.0769062
0.0800922
0.0832244
0.0862965
0.0893018
0.092233
0.0950834
0.0978468
0.100518
0.10309
0.105559
0.107916
0.110155
0.112272
0.11426
0.116116
0.117835
0.119413
0.120845
0.122126
0.123252
0.12422
0.125027
0.125674
0.126156
0.126473
0.126624
0.126605
0.126416
0.126056
0.125525
0.124823
0.12395
0.122906
0.121694
0.120314
0.118767
0.117055
0.115197
0.113206
0.110895
0.108104
-0.00842163
-0.0113083
-0.0136928
-0.0157409
-0.0176503
-0.0194068
-0.0209942
-0.0224121
-0.0236609
-0.0247401
-0.0256496
-0.0263898
-0.0269614
-0.0273652
-0.0276023
-0.0276738
-0.0275812
-0.0273263
-0.0269108
-0.0263369
-0.0256067
-0.0247227
-0.0236873
-0.0225028
-0.0211725
-0.0196992
-0.0180863
-0.0163378
-0.0144577
-0.0124501
-0.0103196
-0.00807119
-0.00570904
-0.00323793
-0.00066333
0.00200967
0.00477632
0.00763102
0.0105675
0.0135801
0.0166637
0.0198129
0.0230213
0.0262833
0.0295937
0.0329472
0.0363372
0.039757
0.0432003
0.0466618
0.0501358
0.0536152
0.057093
0.0605623
0.0640173
0.0674517
0.0708585
0.0742301
0.077559
0.0808388
0.0840637
0.0872274
0.090323
0.0933431
0.0962807
0.0991295
0.101884
0.104537
0.107084
0.109516
0.111828
0.114014
0.116068
0.117985
0.119762
0.121393
0.122873
0.124198
0.125363
0.126365
0.127202
0.127871
0.128371
0.1287
0.128855
0.128836
0.12864
0.128266
0.127715
0.126986
0.12608
0.124998
0.123742
0.122313
0.120713
0.118943
0.117022
0.114967
0.112581
0.109699
-0.0103631
-0.0133411
-0.0158021
-0.0179169
-0.0198888
-0.0217028
-0.0233423
-0.0248067
-0.0260958
-0.0272092
-0.0281469
-0.0289092
-0.0294967
-0.0299104
-0.0301514
-0.030221
-0.0301208
-0.0298528
-0.029419
-0.0288217
-0.0280632
-0.0271461
-0.026073
-0.0248464
-0.0234697
-0.0219459
-0.0202786
-0.0184719
-0.01653
-0.0144573
-0.0122585
-0.00993861
-0.00750222
-0.00495425
-0.00230032
0.000454311
0.00330472
0.00624522
0.00926947
0.0123717
0.0155467
0.0187888
0.0220919
0.0254499
0.0288579
0.0323102
0.0358002
0.0393209
0.0428661
0.0464301
0.050007
0.0535898
0.057171
0.0607438
0.0643019
0.0678392
0.0713485
0.074822
0.0782523
0.0816326
0.0849569
0.0882189
0.0914114
0.094527
0.0975583
0.100499
0.103342
0.106083
0.108714
0.111228
0.113618
0.115878
0.118003
0.119987
0.121826
0.123514
0.125048
0.126422
0.12763
0.12867
0.129539
0.130234
0.130754
0.131096
0.131258
0.131238
0.131036
0.130649
0.130077
0.129321
0.128382
0.127261
0.12596
0.124481
0.122825
0.120995
0.119009
0.116884
0.114418
0.111441
-0.0124606
-0.0155347
-0.0180761
-0.0202609
-0.0222984
-0.0241727
-0.0258666
-0.0273792
-0.0287103
-0.0298593
-0.030826
-0.0316109
-0.0322145
-0.0326378
-0.0328822
-0.032949
-0.0328401
-0.0325575
-0.0321035
-0.0314806
-0.0306913
-0.0297383
-0.0286244
-0.0273524
-0.0259255
-0.0243473
-0.0226214
-0.0207522
-0.018744
-0.0166012
-0.014329
-0.0119325
-0.00941658
-0.0067863
-0.00404745
-0.00120546
0.00173456
0.00476681
0.00788491
0.0110829
0.0143555
0.017697
0.0211012
0.0245619
0.0280739
0.0316315
0.035228
0.0388562
0.0425097
0.0461827
0.049869
0.0535615
0.0572525
0.060935
0.0646027
0.0682493
0.0718675
0.0754496
0.0789878
0.0824753
0.0859058
0.0892729
0.0925691
0.0957868
0.0989184
0.101957
0.104896
0.10773
0.110451
0.113053
0.115527
0.117868
0.120069
0.122125
0.124031
0.125783
0.127375
0.128802
0.130058
0.13114
0.132044
0.132768
0.133309
0.133666
0.133837
0.133818
0.133609
0.133209
0.132617
0.131834
0.130861
0.1297
0.128353
0.126822
0.125108
0.123215
0.121159
0.118959
0.116407
0.113328
-0.0147178
-0.0178935
-0.0205196
-0.0227781
-0.0248846
-0.0268221
-0.0285729
-0.0301359
-0.0315107
-0.0326966
-0.0336933
-0.0345013
-0.0351211
-0.0355539
-0.0358009
-0.0358639
-0.0357449
-0.035446
-0.0349698
-0.0343189
-0.0334961
-0.0325042
-0.0313461
-0.0300249
-0.0285442
-0.0269074
-0.0251185
-0.023182
-0.0211025
-0.0188847
-0.0165339
-0.0140554
-0.0114543
-0.00873604
-0.00590647
-0.00297119
6.44637e-05
0.0031946
0.0064128
0.009713
0.0130897
0.016537
0.0200488
0.0236188
0.0272415
0.030911
0.0346205
0.0383628
0.0421312
0.0459197
0.049722
0.0535307
0.0573381
0.061137
0.0649208
0.0686833
0.0724172
0.0761145
0.0797675
0.083369
0.0869126
0.0903916
0.0937983
0.0971248
0.100363
0.103507
0.106548
0.109482
0.112299
0.114995
0.117559
0.119986
0.12227
0.124404
0.126383
0.128204
0.129859
0.131343
0.132651
0.133778
0.134721
0.135477
0.136043
0.136417
0.136597
0.136581
0.136367
0.135954
0.135342
0.134532
0.133525
0.132322
0.130927
0.129341
0.127565
0.125603
0.123473
0.121194
0.118551
0.115365
-0.0171387
-0.0204223
-0.023138
-0.0254739
-0.0276529
-0.029657
-0.0314674
-0.033083
-0.0345034
-0.0357276
-0.0367554
-0.037587
-0.0382232
-0.0386651
-0.0389142
-0.0389722
-0.0388415
-0.0385244
-0.0380237
-0.0373422
-0.0364829
-0.0354488
-0.034243
-0.0328688
-0.03133
-0.0296302
-0.0277737
-0.0257651
-0.0236093
-0.0213112
-0.0188763
-0.0163102
-0.0136183
-0.0108063
-0.00788013
-0.00484553
-0.00170813
0.0015261
0.00485071
0.00825949
0.0117467
0.0153065
0.0189325
0.0226184
0.0263584
0.0301464
0.0339756
0.0378387
0.0417288
0.0456396
0.0495645
0.0534963
0.0574269
0.0613489
0.0652559
0.0691412
0.0729977
0.0768174
0.0805922
0.0843148
0.0879785
0.0915762
0.0951004
0.0985427
0.101895
0.10515
0.1083
0.11134
0.114261
0.117057
0.119718
0.122238
0.12461
0.126828
0.128887
0.130781
0.132505
0.134051
0.135415
0.136591
0.137576
0.138367
0.13896
0.139354
0.139546
0.139534
0.139316
0.138891
0.138259
0.137421
0.136378
0.135132
0.133686
0.132041
0.1302
0.128165
0.125956
0.123593
0.120854
0.117555
-0.0197279
-0.0231259
-0.0259368
-0.0283545
-0.0306098
-0.0326838
-0.0345567
-0.0362274
-0.0376954
-0.0389596
-0.0400194
-0.0408752
-0.0415278
-0.0419785
-0.0422287
-0.0422806
-0.0421365
-0.0417992
-0.0412715
-0.0405566
-0.0396577
-0.0385779
-0.0373207
-0.0358895
-0.0342882
-0.0325208
-0.0305918
-0.0285061
-0.0262687
-0.023885
-0.0213606
-0.0187013
-0.0159129
-0.0130012
-0.0099724
-0.00683241
-0.00358709
-0.000242524
0.00319482
0.00671861
0.0103229
0.0140016
0.0177485
0.0215569
0.0254209
0.0293341
0.0332897
0.0372803
0.0412987
0.0453386
0.0493932
0.0534549
0.0575158
0.0615683
0.0656056
0.0696211
0.0736076
0.0775569
0.0814608
0.0853118
0.0891028
0.0928267
0.0964755
0.100041
0.103514
0.106888
0.110154
0.113307
0.116339
0.119242
0.122006
0.124626
0.127093
0.129401
0.131546
0.133519
0.135317
0.13693
0.138355
0.139584
0.140615
0.141444
0.142068
0.142484
0.14269
0.142684
0.142463
0.142028
0.141376
0.14051
0.13943
0.138138
0.136637
0.13493
0.133019
0.130906
0.128614
0.126164
0.123325
0.119907
-0.0224905
-0.0260101
-0.0289219
-0.0314261
-0.0337617
-0.0359093
-0.0378482
-0.0395768
-0.0410945
-0.0424001
-0.043493
-0.0443736
-0.0450427
-0.0455016
-0.0457521
-0.0457965
-0.0456373
-0.0452775
-0.0447204
-0.0439693
-0.0430274
-0.0418984
-0.0405858
-0.0390932
-0.0374249
-0.0355851
-0.0335787
-0.0314106
-0.0290863
-0.0266114
-0.0239919
-0.0212336
-0.0183428
-0.0153255
-0.0121879
-0.00893635
-0.00557685
-0.00211563
0.00144085
0.00508613
0.008814
0.0126183
0.0164926
0.0204302
0.0244248
0.0284699
0.0325586
0.0366834
0.0408371
0.045013
0.0492041
0.053403
0.0576015
0.0617918
0.065967
0.0701203
0.0742442
0.0783307
0.0823713
0.0863583
0.0902842
0.0941417
0.0979227
0.101618
0.10522
0.10872
0.112111
0.115384
0.118534
0.121551
0.124427
0.127153
0.129722
0.132128
0.134363
0.136423
0.138299
0.139986
0.141476
0.142763
0.143845
0.144716
0.145374
0.145816
0.146039
0.14604
0.145819
0.145373
0.144702
0.143806
0.142687
0.141347
0.139789
0.138016
0.136031
0.133837
0.131458
0.128916
0.125973
0.122427
-0.0254321
-0.0290806
-0.0320994
-0.0346954
-0.037116
-0.0393412
-0.0413495
-0.0431389
-0.0447086
-0.0460573
-0.0471845
-0.0480905
-0.0487761
-0.0492429
-0.0494927
-0.0495281
-0.049352
-0.0489677
-0.0483785
-0.047588
-0.0465998
-0.0454177
-0.0440455
-0.0424871
-0.0407469
-0.0388297
-0.0367405
-0.0344846
-0.0320678
-0.0294961
-0.0267755
-0.0239123
-0.0209129
-0.0177837
-0.0145311
-0.0111616
-0.00768145
-0.00409704
-0.000414819
0.0033586
0.00721675
0.0111533
0.0151617
0.0192353
0.0233674
0.0275513
0.0317798
0.0360457
0.0403415
0.0446604
0.0489952
0.0533385
0.0576819
0.0620176
0.0663383
0.070637
0.0749061
0.0791375
0.0833226
0.0874532
0.0915218
0.0955207
0.0994417
0.103276
0.107014
0.110648
0.11417
0.117573
0.120848
0.123987
0.126982
0.129822
0.132501
0.135011
0.137345
0.139496
0.141458
0.143223
0.144784
0.146135
0.147272
0.14819
0.148886
0.149357
0.1496
0.149612
0.149391
0.148935
0.148244
0.147317
0.146158
0.144767
0.143149
0.141308
0.139246
0.136968
0.134498
0.131859
0.128803
0.125121
-0.0285587
-0.0323442
-0.0354764
-0.0381698
-0.0406806
-0.0429878
-0.0450691
-0.0469223
-0.0485465
-0.0499402
-0.0511029
-0.0520349
-0.0527371
-0.0532113
-0.0534595
-0.0534846
-0.0532897
-0.0528784
-0.0522543
-0.0514212
-0.050383
-0.0491437
-0.0477074
-0.0460783
-0.0442612
-0.0422611
-0.0400836
-0.0377342
-0.035219
-0.0325443
-0.0297165
-0.0267419
-0.0236274
-0.0203798
-0.0170056
-0.0135114
-0.00990384
-0.00618942
-0.00237461
0.00153385
0.00552922
0.00960499
0.0137546
0.0179712
0.0222477
0.0265773
0.0309527
0.0353667
0.0398117
0.0442807
0.0487665
0.0532614
0.0577572
0.0622459
0.0667197
0.0711716
0.0755937
0.0799777
0.084315
0.0885973
0.0928165
0.0969648
0.101034
0.105014
0.108897
0.112674
0.116336
0.119875
0.123284
0.126554
0.129675
0.132637
0.135433
0.138054
0.140494
0.142744
0.144798
0.146648
0.148286
0.149707
0.150904
0.151874
0.152612
0.153116
0.153382
0.153407
0.153188
0.152723
0.152011
0.151053
0.149851
0.148408
0.146728
0.144815
0.142673
0.140307
0.137741
0.134998
0.13182
0.127991
-0.0318769
-0.0358081
-0.0390608
-0.0418575
-0.0444639
-0.046858
-0.0490163
-0.0509366
-0.0526179
-0.0540585
-0.055258
-0.0562166
-0.0569355
-0.0574165
-0.0576622
-0.0576754
-0.0574597
-0.0570188
-0.0563567
-0.0554774
-0.0543851
-0.0530841
-0.0515788
-0.0498738
-0.0479742
-0.0458855
-0.0436136
-0.0411645
-0.0385446
-0.0357605
-0.0328187
-0.0297261
-0.0264899
-0.023117
-0.0196142
-0.0159883
-0.0122463
-0.00839483
-0.0044403
-0.000389643
0.00375012
0.0079723
0.0122703
0.0166371
0.0210653
0.0255478
0.0300774
0.0346467
0.0392483
0.0438748
0.048519
0.053173
0.0578288
0.062478
0.0671127
0.0717254
0.0763083
0.0808529
0.0853504
0.0897922
0.0941701
0.0984761
0.102701
0.106837
0.110872
0.1148
0.11861
0.122295
0.125847
0.129255
0.13251
0.135603
0.138524
0.141264
0.143817
0.146173
0.148326
0.150268
0.15199
0.153486
0.154749
0.155776
0.156562
0.157103
0.157395
0.157435
0.157219
0.156745
0.156013
0.155023
0.153778
0.15228
0.150535
0.148548
0.146322
0.143862
0.141192
0.138337
0.135027
0.13104
-0.035394
-0.0394806
-0.0428615
-0.0457679
-0.0484757
-0.0509616
-0.0532012
-0.0551921
-0.0569331
-0.0584227
-0.0596602
-0.060646
-0.0613816
-0.0618689
-0.0621108
-0.0621104
-0.0618714
-0.061398
-0.0606944
-0.059765
-0.0586141
-0.0572465
-0.0556668
-0.0538802
-0.0518922
-0.0497087
-0.0473361
-0.0447807
-0.0420493
-0.039149
-0.0360866
-0.032869
-0.0295039
-0.0259987
-0.0223602
-0.0185955
-0.0147118
-0.010716
-0.00661442
-0.00241425
0.00187723
0.00625318
0.0107069
0.0152313
0.0198186
0.0244614
0.0291526
0.0338847
0.0386504
0.043442
0.0482521
0.053073
0.0578964
0.0627139
0.0675172
0.0722987
0.0770503
0.0817635
0.0864293
0.091039
0.095584
0.100056
0.104446
0.108745
0.112942
0.117029
0.120997
0.124836
0.128538
0.132094
0.135492
0.138723
0.141777
0.144645
0.147319
0.149789
0.152049
0.15409
0.155902
0.15748
0.158817
0.159907
0.160745
0.161326
0.161647
0.161704
0.161492
0.161011
0.160259
0.159237
0.157947
0.156394
0.154582
0.152516
0.1502
0.147638
0.144857
0.14188
0.138431
0.134276
-0.0391175
-0.0433702
-0.0468877
-0.0499107
-0.052726
-0.0553092
-0.0576346
-0.0596997
-0.0615033
-0.0630438
-0.0643206
-0.0653343
-0.0660864
-0.0665793
-0.0668159
-0.0667997
-0.0665348
-0.0660256
-0.0652767
-0.0642926
-0.0630783
-0.0616386
-0.0599789
-0.0581047
-0.0560219
-0.0537371
-0.0512571
-0.0485886
-0.0457388
-0.0427152
-0.039525
-0.0361753
-0.0326743
-0.0290296
-0.0252482
-0.0213373
-0.0173046
-0.0131571
-0.00890114
-0.00454406
-9.34439e-05
0.00444366
0.00906054
0.0137499
0.0185038
0.0233145
0.0281747
0.0330773
0.0380148
0.0429792
0.0479631
0.0529585
0.0579573
0.062951
0.067931
0.0728893
0.0778178
0.0827078
0.0875504
0.0923365
0.0970572
0.101704
0.106267
0.110738
0.115107
0.119363
0.123497
0.127499
0.131362
0.135073
0.138624
0.142002
0.145198
0.148202
0.151005
0.153598
0.155973
0.158121
0.160032
0.161699
0.163114
0.164273
0.165168
0.165794
0.166148
0.166224
0.16602
0.165532
0.164761
0.163707
0.162373
0.160762
0.158879
0.156729
0.154317
0.151646
0.148744
0.145639
0.14204
0.137706
-0.0430561
-0.0474861
-0.0511495
-0.0542965
-0.0572257
-0.0599118
-0.0623279
-0.0644712
-0.0663404
-0.0679339
-0.0692513
-0.0702934
-0.0710618
-0.0715591
-0.0717888
-0.0717544
-0.0714605
-0.0709118
-0.0701132
-0.0690697
-0.0677866
-0.0662692
-0.0645233
-0.0625551
-0.060371
-0.057978
-0.0553836
-0.0525949
-0.0496195
-0.0464655
-0.0431403
-0.0396513
-0.036007
-0.0322154
-0.0282836
-0.0242192
-0.0200301
-0.0157234
-0.0113056
-0.00678412
-0.00216691
0.00253881
0.0073263
0.0121881
0.0171161
0.0221022
0.0271392
0.03222
0.037337
0.0424821
0.0476475
0.0528253
0.0580074
0.0631852
0.06835
0.0734934
0.0786071
0.0836826
0.0887106
0.0936819
0.0985873
0.103418
0.108164
0.112817
0.117366
0.1218
0.12611
0.130285
0.134317
0.138194
0.141906
0.145441
0.148789
0.151938
0.154881
0.157606
0.160105
0.162368
0.164385
0.166149
0.167651
0.168884
0.169841
0.170518
0.170908
0.171008
0.170813
0.170322
0.169533
0.168447
0.167067
0.165396
0.163438
0.161199
0.158683
0.155896
0.152867
0.149624
0.145867
0.141343
-0.0472192
-0.0518384
-0.0556574
-0.0589365
-0.0619868
-0.0647819
-0.0672936
-0.0695192
-0.0714571
-0.0731059
-0.0744652
-0.075536
-0.0763203
-0.0768209
-0.0770416
-0.0769864
-0.07666
-0.0760677
-0.0752147
-0.0741065
-0.0727489
-0.0711477
-0.0693092
-0.0672403
-0.0649478
-0.0624395
-0.0597234
-0.0568071
-0.0536987
-0.0504068
-0.046939
-0.0433031
-0.0395079
-0.0355619
-0.0314721
-0.0272464
-0.0228932
-0.0184196
-0.0138322
-0.00913871
-0.00434724
0.000534707
0.00550038
0.0105423
0.015652
0.0208212
0.0260428
0.0313096
0.0366139
0.0419475
0.0473022
0.0526703
0.0580437
0.0634137
0.0687714
0.0741082
0.0794156
0.0846851
0.0899073
0.0950729
0.100172
0.105196
0.110135
0.114979
0.119718
0.124341
0.128836
0.133195
0.137406
0.141459
0.145343
0.149045
0.152554
0.15586
0.158951
0.161818
0.164451
0.166838
0.168971
0.17084
0.172435
0.173749
0.174776
0.175508
0.17594
0.176068
0.175887
0.175394
0.174589
0.173472
0.172044
0.170309
0.168272
0.165938
0.163313
0.160402
0.157238
0.153851
0.149925
0.145195
-0.051617
-0.0564384
-0.0604232
-0.0638428
-0.0670219
-0.0699325
-0.0725454
-0.0748574
-0.0768674
-0.0785736
-0.0799761
-0.0810761
-0.0818757
-0.0823783
-0.0825876
-0.0825084
-0.0821458
-0.0815054
-0.0805929
-0.0794143
-0.077976
-0.0762843
-0.0743464
-0.0721695
-0.0697612
-0.0671299
-0.0642844
-0.0612327
-0.0579834
-0.0545456
-0.0509272
-0.0471364
-0.0431824
-0.0390737
-0.0348179
-0.0304229
-0.0258974
-0.0212488
-0.0164839
-0.0116104
-0.00663672
-0.00157066
0.00358104
0.00881085
0.0141101
0.0194704
0.0248843
0.030345
0.0358445
0.0413745
0.0469266
0.0524929
0.0580655
0.0636357
0.0691946
0.0747332
0.0802428
0.0857149
0.0911402
0.0965092
0.101812
0.107039
0.11218
0.117226
0.122164
0.126985
0.131677
0.136229
0.140631
0.14487
0.148936
0.152816
0.156498
0.159971
0.163222
0.166241
0.169018
0.17154
0.173797
0.175779
0.177477
0.17888
0.179983
0.180777
0.181257
0.181418
0.181254
0.180763
0.179943
0.178793
0.177316
0.175515
0.173394
0.17096
0.16822
0.165179
0.161873
0.158331
0.154223
0.149272
-0.0562604
-0.0612979
-0.0654596
-0.069029
-0.072345
-0.0753781
-0.0780978
-0.0805009
-0.0825863
-0.0843525
-0.0857995
-0.0869289
-0.0877431
-0.0882457
-0.0884412
-0.0883344
-0.0879312
-0.0872376
-0.0862599
-0.0850047
-0.0834789
-0.0816898
-0.0796448
-0.0773521
-0.07482
-0.0720576
-0.0690744
-0.0658788
-0.0624802
-0.0588881
-0.0551106
-0.0511564
-0.0470349
-0.0427551
-0.0383247
-0.0337519
-0.0290456
-0.0242136
-0.0192627
-0.0142008
-0.00903679
-0.00377847
0.00156732
0.00699306
0.0124899
0.0180492
0.0236635
0.029326
0.0350287
0.0407631
0.0465205
0.0522931
0.058073
0.0638517
0.06962
0.0753688
0.0810893
0.0867728
0.0924102
0.0979917
0.103507
0.108947
0.1143
0.119557
0.124706
0.129735
0.134634
0.139391
0.143994
0.148431
0.152691
0.156761
0.160627
0.164278
0.1677
0.170883
0.173814
0.176481
0.178873
0.180979
0.182787
0.184289
0.185475
0.186339
0.186873
0.187072
0.18693
0.186443
0.185609
0.184427
0.182898
0.181027
0.178819
0.176281
0.17342
0.170243
0.166784
0.163076
0.158771
0.15358
-0.061161
-0.0664298
-0.0707806
-0.0745096
-0.077971
-0.0811341
-0.0839667
-0.0864658
-0.0886303
-0.0904589
-0.0919517
-0.0931105
-0.0939382
-0.0944388
-0.0946172
-0.0944789
-0.0940302
-0.0932777
-0.0922285
-0.0908898
-0.0892692
-0.0873747
-0.0852145
-0.0827977
-0.0801332
-0.0772309
-0.0741011
-0.0707529
-0.067196
-0.0634404
-0.0594949
-0.0553682
-0.0510702
-0.0466104
-0.0419964
-0.0372369
-0.0323411
-0.027317
-0.0221715
-0.0169128
-0.01155
-0.00609117
-0.000543085
0.00508667
0.0107891
0.0165554
0.0223781
0.0282504
0.0341643
0.040111
0.0460819
0.0520689
0.0580645
0.06406
0.0700462
0.0760138
0.0819539
0.0878579
0.0937165
0.0995199
0.105258
0.11092
0.116495
0.121973
0.127343
0.132593
0.137709
0.142682
0.147498
0.152146
0.156612
0.160883
0.164946
0.168787
0.172393
0.175751
0.178848
0.181671
0.184209
0.186448
0.188377
0.189986
0.191266
0.192208
0.192803
0.193046
0.192929
0.192449
0.191602
0.190387
0.188807
0.186864
0.184565
0.181918
0.17893
0.175606
0.171984
0.168095
0.163577
0.15813
-0.0663316
-0.0718483
-0.0764013
-0.0803004
-0.0839166
-0.0872175
-0.0901696
-0.0927698
-0.0950172
-0.0969105
-0.0984501
-0.0996381
-0.100478
-0.100974
-0.101132
-0.100957
-0.100457
-0.0996397
-0.098512
-0.0970821
-0.0953587
-0.0933503
-0.0910661
-0.088516
-0.0857099
-0.0826585
-0.0793727
-0.0758624
-0.0721378
-0.0682094
-0.0640863
-0.0597778
-0.0552941
-0.0506448
-0.0458382
-0.0408829
-0.0357886
-0.0305635
-0.0252148
-0.0197508
-0.0141808
-0.00851309
-0.00275455
0.00308725
0.00900324
0.0149845
0.0210234
0.0271134
0.0332464
0.0394135
0.0456058
0.0518156
0.0580351
0.0642559
0.0704687
0.076664
0.0828327
0.0889663
0.0950556
0.101091
0.107061
0.112955
0.118763
0.124473
0.130075
0.135555
0.140902
0.146103
0.151144
0.156014
0.160699
0.165185
0.169457
0.173501
0.177303
0.180849
0.184125
0.187117
0.189812
0.192197
0.194259
0.195987
0.19737
0.198397
0.199061
0.199354
0.199267
0.198797
0.197939
0.196693
0.19506
0.193045
0.190653
0.187891
0.184767
0.181287
0.177487
0.173404
0.168659
0.162936
-0.0717867
-0.0775692
-0.0823386
-0.0864192
-0.0901999
-0.0936471
-0.0967255
-0.0994322
-0.101766
-0.103726
-0.105314
-0.10653
-0.10738
-0.107869
-0.108001
-0.107785
-0.107228
-0.106338
-0.105124
-0.103595
-0.10176
-0.0996282
-0.0972106
-0.0945176
-0.0915602
-0.0883498
-0.0848981
-0.0812157
-0.0773134
-0.0732023
-0.0688919
-0.0643917
-0.0597126
-0.0548644
-0.0498556
-0.0446952
-0.0393933
-0.0339582
-0.0283975
-0.0227195
-0.0169339
-0.011049
-0.00507187
0.000989992
0.00712741
0.0133314
0.0195944
0.0259098
0.0322697
0.0386651
0.045087
0.0515276
0.0579794
0.064434
0.0708821
0.0773139
0.0837204
0.0900931
0.0964227
0.102699
0.108911
0.115048
0.121099
0.127053
0.132898
0.138621
0.14421
0.149652
0.154932
0.160038
0.164955
0.169669
0.174164
0.178425
0.182438
0.186185
0.189654
0.192828
0.195694
0.198237
0.200445
0.202302
0.203799
0.204923
0.205664
0.206013
0.205963
0.205507
0.204642
0.203366
0.201681
0.199592
0.197102
0.19422
0.190951
0.187302
0.183313
0.179023
0.174035
0.168015
-0.0775425
-0.0836099
-0.0886108
-0.0928852
-0.0968412
-0.100443
-0.103655
-0.106474
-0.108898
-0.110927
-0.112563
-0.113807
-0.114665
-0.115141
-0.115244
-0.114981
-0.114359
-0.113389
-0.11208
-0.110442
-0.108486
-0.106221
-0.10366
-0.100814
-0.0976944
-0.0943144
-0.0906864
-0.0868215
-0.082731
-0.0784267
-0.0739185
-0.0692164
-0.0643316
-0.0592744
-0.0540536
-0.0486785
-0.0431595
-0.0375052
-0.0317233
-0.0258225
-0.0198126
-0.0137021
-0.00749807
-0.00120803
0.0051588
0.0115934
0.0180883
0.024637
0.0312317
0.0378631
0.0445225
0.051202
0.0578942
0.0645911
0.0712831
0.0779604
0.0846139
0.0912349
0.0978144
0.104342
0.110807
0.117197
0.123502
0.129711
0.135811
0.14179
0.147634
0.153329
0.158861
0.164217
0.16938
0.174336
0.17907
0.183563
0.1878
0.191765
0.195441
0.198812
0.201864
0.20458
0.206946
0.208947
0.210569
0.2118
0.212627
0.213042
0.213034
0.212598
0.21173
0.210428
0.208693
0.206527
0.203935
0.200925
0.197501
0.193672
0.189482
0.184973
0.179724
0.173385
-0.0836166
-0.0899896
-0.0952384
-0.0997196
-0.103862
-0.107629
-0.110982
-0.113918
-0.116435
-0.118535
-0.120219
-0.121489
-0.122352
-0.122812
-0.12288
-0.122561
-0.121868
-0.120809
-0.119396
-0.117639
-0.115551
-0.113142
-0.110426
-0.107416
-0.104123
-0.100563
-0.0967468
-0.092688
-0.0883982
-0.0838895
-0.0791724
-0.0742574
-0.0691561
-0.0638793
-0.0584361
-0.0528362
-0.0470901
-0.041207
-0.0351945
-0.0290617
-0.0228186
-0.0164737
-0.0100343
-0.00350774
0.00309669
0.00976997
0.0165048
0.0232947
0.0301319
0.0370073
0.043912
0.0508384
0.0577793
0.0647267
0.0716711
0.0786026
0.0855121
0.0923908
0.0992297
0.106019
0.112746
0.1194
0.125971
0.132446
0.138813
0.14506
0.151172
0.157135
0.162933
0.168553
0.173977
0.179191
0.184178
0.188919
0.193397
0.197594
0.201494
0.20508
0.208333
0.211238
0.213777
0.215935
0.217696
0.219045
0.21997
0.220459
0.220503
0.220095
0.219229
0.217904
0.216118
0.213873
0.211175
0.208028
0.204441
0.200422
0.196019
0.191275
0.185746
0.179062
-0.090028
-0.0967293
-0.102244
-0.106946
-0.111287
-0.115228
-0.118729
-0.121788
-0.124403
-0.126575
-0.128306
-0.1296
-0.130464
-0.130903
-0.130928
-0.130548
-0.129773
-0.128616
-0.127088
-0.125201
-0.12297
-0.120405
-0.117523
-0.114336
-0.110858
-0.107104
-0.103088
-0.0988234
-0.094322
-0.0895969
-0.0846591
-0.0795195
-0.0741904
-0.0686829
-0.0630064
-0.057171
-0.0511877
-0.0450657
-0.038813
-0.0324389
-0.0259534
-0.0193653
-0.0126818
-0.00591031
0.000939987
0.00786012
0.0148429
0.0218818
0.0289694
0.0360965
0.0432544
0.0504357
0.0576333
0.0648394
0.0720446
0.079239
0.0864133
0.0935589
0.100667
0.107727
0.114727
0.121657
0.128504
0.135258
0.141905
0.148433
0.154826
0.16107
0.167149
0.173047
0.178749
0.184236
0.189492
0.194498
0.199234
0.203682
0.207824
0.21164
0.215113
0.218223
0.220952
0.223281
0.225195
0.226676
0.22771
0.228286
0.228391
0.228019
0.227162
0.225816
0.22398
0.221655
0.218845
0.215556
0.211798
0.207579
0.202949
0.197952
0.192119
0.185061
-0.0967979
-0.103852
-0.109651
-0.114589
-0.119141
-0.123267
-0.126925
-0.130111
-0.132827
-0.135072
-0.13685
-0.138166
-0.139025
-0.139438
-0.139413
-0.138961
-0.138096
-0.136829
-0.135174
-0.133146
-0.130758
-0.128025
-0.124962
-0.121585
-0.117909
-0.113949
-0.10972
-0.105235
-0.100509
-0.0955551
-0.0903841
-0.0850078
-0.0794388
-0.0736889
-0.067768
-0.0616864
-0.0554554
-0.0490845
-0.0425819
-0.035957
-0.0292202
-0.0223802
-0.015444
-0.00841914
-0.0013148
0.0058602
0.0130988
0.0203946
0.0277401
0.0351267
0.0425455
0.0499893
0.0574516
0.0649245
0.0723987
0.0798645
0.0873125
0.0947342
0.102121
0.109462
0.116746
0.123962
0.131098
0.138142
0.145082
0.151904
0.158593
0.165133
0.171507
0.1777
0.183695
0.189473
0.195016
0.200304
0.205317
0.210034
0.214436
0.218503
0.222213
0.225546
0.228482
0.231001
0.233084
0.234712
0.235871
0.236546
0.236724
0.236396
0.235554
0.234192
0.232307
0.2299
0.226975
0.223539
0.219602
0.215171
0.210298
0.205028
0.198868
0.191407
-0.10395
-0.111382
-0.117486
-0.122676
-0.127453
-0.131775
-0.135597
-0.138917
-0.141736
-0.144056
-0.145879
-0.147212
-0.148062
-0.14844
-0.148356
-0.147824
-0.146856
-0.145467
-0.143673
-0.141489
-0.138931
-0.136015
-0.132758
-0.129177
-0.125287
-0.121106
-0.11665
-0.111932
-0.106968
-0.101771
-0.0963533
-0.0907274
-0.0849063
-0.0789021
-0.0727251
-0.0663864
-0.0598972
-0.0532672
-0.046505
-0.0396202
-0.0326231
-0.0255223
-0.018325
-0.0110387
-0.00367232
0.00376534
0.0112673
0.0188275
0.0264386
0.034092
0.0417792
0.0494932
0.0572278
0.0649753
0.0727267
0.0804721
0.0882026
0.0959096
0.103585
0.111217
0.118796
0.12631
0.133746
0.141093
0.148339
0.155469
0.162468
0.169319
0.176005
0.182509
0.188814
0.194901
0.200749
0.206339
0.211649
0.216656
0.221339
0.225675
0.229643
0.23322
0.236383
0.23911
0.24138
0.243174
0.244473
0.245262
0.245526
0.245253
0.244434
0.24306
0.241129
0.238641
0.235599
0.232012
0.227885
0.223229
0.218094
0.212532
0.206019
0.198124
-0.111509
-0.119349
-0.12578
-0.131239
-0.136255
-0.140784
-0.144778
-0.148237
-0.151163
-0.153556
-0.155422
-0.156768
-0.157602
-0.157937
-0.157784
-0.157158
-0.156075
-0.154551
-0.152603
-0.150248
-0.147505
-0.14439
-0.140924
-0.137122
-0.133004
-0.128587
-0.123888
-0.118922
-0.113705
-0.10825
-0.102572
-0.0966835
-0.0905973
-0.0843264
-0.0778816
-0.0712744
-0.0645162
-0.0576169
-0.0505854
-0.0434312
-0.0361647
-0.0287945
-0.0213277
-0.0137717
-0.00613542
0.0015726
0.00934559
0.0171776
0.0250615
0.032989
0.0409518
0.0489435
0.0569578
0.0649876
0.0730239
0.0810572
0.0890786
0.09708
0.105053
0.112987
0.120871
0.128694
0.136442
0.144106
0.151671
0.159123
0.166446
0.173624
0.180638
0.187471
0.194105
0.200519
0.206694
0.212606
0.218234
0.223552
0.228538
0.233167
0.237414
0.241256
0.244668
0.247625
0.250104
0.252082
0.253541
0.25446
0.254824
0.254618
0.25383
0.252453
0.250481
0.247913
0.244754
0.241009
0.236683
0.231786
0.226372
0.220497
0.213607
0.205243
-0.119505
-0.127784
-0.134566
-0.140311
-0.145581
-0.150328
-0.154504
-0.158108
-0.161141
-0.163607
-0.165512
-0.166865
-0.167675
-0.167956
-0.167722
-0.16699
-0.165777
-0.164102
-0.161984
-0.159442
-0.156497
-0.153167
-0.149474
-0.145435
-0.141072
-0.136401
-0.131443
-0.126212
-0.120726
-0.115
-0.109047
-0.10288
-0.0965155
-0.0899648
-0.0832399
-0.0763524
-0.069314
-0.0621349
-0.0548238
-0.0473906
-0.0398455
-0.032197
-0.0244521
-0.0166182
-0.00870415
-0.0007181
0.00733338
0.0154446
0.0236086
0.0318173
0.040063
0.0483394
0.0566408
0.0649602
0.073289
0.0816181
0.0899388
0.0982432
0.106523
0.114769
0.122969
0.131111
0.139184
0.147176
0.155073
0.162861
0.170525
0.178045
0.185405
0.192585
0.199566
0.206329
0.212851
0.219108
0.225076
0.230728
0.23604
0.240985
0.245537
0.249669
0.253353
0.256564
0.259274
0.26146
0.263098
0.264166
0.264646
0.264521
0.263777
0.262405
0.260399
0.257756
0.254477
0.250568
0.246032
0.240878
0.235168
0.228959
0.221664
0.212794
-0.12797
-0.13672
-0.143878
-0.14993
-0.15547
-0.160448
-0.164813
-0.168565
-0.171708
-0.174245
-0.176184
-0.177535
-0.178312
-0.178527
-0.178199
-0.177345
-0.175986
-0.174143
-0.171837
-0.16909
-0.165924
-0.162361
-0.158422
-0.154128
-0.1495
-0.144559
-0.139323
-0.133811
-0.128039
-0.122023
-0.115779
-0.109321
-0.102663
-0.095819
-0.0888009
-0.081621
-0.074291
-0.066821
-0.05922
-0.0514979
-0.0436648
-0.0357291
-0.0276977
-0.0195779
-0.0113782
-0.00310659
0.00523072
0.0136282
0.0220793
0.0305763
0.0391119
0.04768
0.0562755
0.0648916
0.0735204
0.0821529
0.0907808
0.0993968
0.107993
0.116559
0.125085
0.133558
0.141967
0.150299
0.158543
0.166682
0.1747
0.18258
0.190302
0.197848
0.205198
0.21233
0.219221
0.225845
0.232177
0.238189
0.243853
0.24914
0.254022
0.25847
0.262454
0.265945
0.268913
0.27133
0.27317
0.274408
0.275023
0.274996
0.274312
0.272957
0.270924
0.268209
0.264809
0.260729
0.255972
0.25055
0.244525
0.237961
0.230228
0.220811
-0.13694
-0.146198
-0.153758
-0.160137
-0.165963
-0.171183
-0.175746
-0.179651
-0.182903
-0.185508
-0.187475
-0.188816
-0.189546
-0.189683
-0.189244
-0.188252
-0.186729
-0.184698
-0.182184
-0.179212
-0.175805
-0.171987
-0.167782
-0.163212
-0.1583
-0.153067
-0.147535
-0.141723
-0.135647
-0.129326
-0.122774
-0.116008
-0.109042
-0.10189
-0.0945657
-0.0870808
-0.0794474
-0.0716754
-0.0637741
-0.0557533
-0.0476229
-0.0393912
-0.031065
-0.0226515
-0.0141589
-0.00559461
0.00303542
0.011726
0.0204708
0.0292626
0.0380945
0.046961
0.0558571
0.0647769
0.0737126
0.0826557
0.0915987
0.100534
0.109455
0.118352
0.127213
0.136027
0.144783
0.153469
0.162072
0.170576
0.178965
0.187221
0.195325
0.203256
0.210995
0.218518
0.225801
0.232818
0.239539
0.245937
0.25198
0.257638
0.26288
0.267674
0.271987
0.275787
0.27904
0.281716
0.283784
0.285216
0.285989
0.286081
0.285472
0.284149
0.282099
0.279315
0.275794
0.271539
0.266553
0.260849
0.254492
0.247546
0.239343
0.229335
-0.146455
-0.156258
-0.164251
-0.170978
-0.177107
-0.182582
-0.187349
-0.19141
-0.194771
-0.197439
-0.199426
-0.200746
-0.201416
-0.201457
-0.20089
-0.199739
-0.198031
-0.195792
-0.193048
-0.189828
-0.186157
-0.182061
-0.177567
-0.172699
-0.167481
-0.161936
-0.156087
-0.149954
-0.143555
-0.13691
-0.130033
-0.122942
-0.115653
-0.108179
-0.100535
-0.0927326
-0.0847836
-0.0766985
-0.0684862
-0.0601568
-0.0517201
-0.0431839
-0.0345551
-0.0258405
-0.0170478
-0.0081842
0.000744954
0.00973475
0.0187793
0.0278719
0.0370061
0.046177
0.0553801
0.0646098
0.073859
0.0831197
0.0923848
0.101648
0.110902
0.120137
0.129344
0.13851
0.147624
0.156676
0.165651
0.174535
0.183311
0.191961
0.200465
0.208802
0.216951
0.224889
0.232589
0.240023
0.247161
0.253973
0.260425
0.266485
0.272119
0.277291
0.281966
0.286106
0.289677
0.292641
0.294967
0.296622
0.297579
0.297813
0.297301
0.296025
0.293969
0.291124
0.287484
0.283051
0.27783
0.27183
0.265119
0.257765
0.249057
0.238411
-0.15656
-0.166951
-0.175406
-0.182504
-0.188952
-0.194695
-0.199674
-0.203892
-0.207359
-0.210084
-0.21208
-0.213366
-0.21396
-0.213886
-0.21317
-0.211839
-0.209922
-0.207449
-0.204451
-0.200957
-0.196997
-0.192599
-0.187791
-0.182601
-0.177053
-0.171173
-0.164984
-0.158509
-0.151767
-0.144778
-0.137559
-0.130126
-0.122497
-0.114687
-0.106709
-0.0985755
-0.0902988
-0.0818889
-0.0733551
-0.0647073
-0.055955
-0.047106
-0.0381666
-0.0291435
-0.0200441
-0.0108747
-0.00164036
0.00765449
0.0170044
0.0264033
0.0358454
0.0453263
0.0548419
0.0643874
0.0739559
0.0835405
0.0931345
0.102732
0.112327
0.121909
0.13147
0.140998
0.150482
0.159911
0.169273
0.178552
0.187731
0.196792
0.205715
0.214479
0.223061
0.231437
0.239579
0.247458
0.255043
0.262299
0.269193
0.275688
0.281748
0.287333
0.292405
0.296922
0.300844
0.304133
0.30675
0.30866
0.309832
0.310235
0.309843
0.308632
0.306585
0.303688
0.299934
0.295324
0.289861
0.28355
0.276465
0.268676
0.259426
0.248093
-0.167306
-0.178329
-0.187279
-0.194771
-0.201556
-0.207578
-0.212775
-0.217152
-0.220721
-0.223494
-0.225487
-0.226721
-0.22722
-0.22701
-0.226121
-0.224584
-0.222432
-0.219698
-0.216417
-0.212622
-0.208344
-0.203616
-0.198467
-0.192927
-0.187023
-0.180783
-0.174232
-0.167392
-0.160285
-0.152932
-0.145351
-0.137559
-0.129574
-0.121411
-0.113085
-0.104607
-0.0959897
-0.0872433
-0.0783771
-0.0694009
-0.0603239
-0.0511535
-0.0418958
-0.0325572
-0.0231442
-0.013663
-0.00411771
0.00548763
0.0151482
0.0248585
0.0346134
0.0444093
0.0542425
0.0641088
0.0740022
0.0839163
0.0938453
0.103784
0.113726
0.123664
0.133588
0.143487
0.153352
0.16317
0.172931
0.182619
0.192218
0.201708
0.211069
0.220281
0.229318
0.238157
0.246769
0.255122
0.263183
0.270917
0.278287
0.285253
0.291776
0.297812
0.303319
0.308252
0.312566
0.316218
0.319165
0.321367
0.322787
0.32339
0.323145
0.322023
0.320002
0.317067
0.313208
0.308422
0.302709
0.296073
0.288591
0.28034
0.270509
0.258437
-0.178748
-0.190451
-0.199931
-0.20784
-0.214981
-0.221293
-0.226713
-0.231248
-0.234913
-0.237723
-0.239697
-0.24086
-0.241241
-0.24087
-0.23978
-0.238008
-0.235591
-0.232566
-0.22897
-0.224842
-0.220216
-0.215126
-0.209606
-0.203688
-0.197401
-0.190773
-0.183833
-0.176604
-0.16911
-0.161371
-0.153408
-0.145238
-0.13688
-0.128348
-0.119658
-0.110822
-0.101851
-0.0927568
-0.0835474
-0.0742328
-0.0648221
-0.0553222
-0.0457387
-0.0360777
-0.0263452
-0.0165464
-0.00668497
0.00323575
0.0132116
0.0232377
0.0333098
0.0434249
0.0535801
0.0637716
0.0739944
0.084243
0.0945123
0.104798
0.115095
0.125395
0.135689
0.145969
0.156224
0.166444
0.176617
0.186729
0.196762
0.206699
0.216518
0.226198
0.235715
0.245043
0.254152
0.263009
0.27158
0.279826
0.287708
0.295184
0.302209
0.308738
0.314724
0.320116
0.324866
0.328924
0.332244
0.334779
0.336487
0.337325
0.337258
0.336252
0.334281
0.331326
0.327372
0.322413
0.316444
0.309469
0.30157
0.292828
0.282376
0.269507
-0.19095
-0.203383
-0.213429
-0.221782
-0.229296
-0.235909
-0.241556
-0.246246
-0.249998
-0.25283
-0.254766
-0.255836
-0.256072
-0.255509
-0.254188
-0.252147
-0.24943
-0.246078
-0.242134
-0.237637
-0.232628
-0.227143
-0.22122
-0.214891
-0.208189
-0.201146
-0.193789
-0.186146
-0.17824
-0.170093
-0.161727
-0.153159
-0.144409
-0.135493
-0.126423
-0.117215
-0.107878
-0.0984237
-0.0888606
-0.0791982
-0.069445
-0.0596078
-0.0496917
-0.0397022
-0.0296445
-0.0195231
-0.0093409
0.000899382
0.0111943
0.0215398
0.0319326
0.0423702
0.0528506
0.0633709
0.0739269
0.0845141
0.0951283
0.105766
0.116423
0.127092
0.137765
0.148433
0.159088
0.169721
0.180318
0.190867
0.201352
0.211753
0.22205
0.23222
0.242241
0.252084
0.261719
0.271113
0.280227
0.289022
0.297455
0.305481
0.313053
0.320121
0.326631
0.332531
0.337766
0.34228
0.346021
0.348936
0.350974
0.352089
0.352238
0.351382
0.34949
0.346535
0.3425
0.337371
0.331143
0.323818
0.315483
0.306221
0.295104
0.281376
-0.203982
-0.217199
-0.22785
-0.236672
-0.244578
-0.251502
-0.257377
-0.262218
-0.266044
-0.26888
-0.270755
-0.271703
-0.271763
-0.270975
-0.269385
-0.267038
-0.263982
-0.260264
-0.255931
-0.251027
-0.245596
-0.23968
-0.233316
-0.226542
-0.219394
-0.211903
-0.204101
-0.196015
-0.187671
-0.179093
-0.170301
-0.161316
-0.152156
-0.142837
-0.133373
-0.123778
-0.114062
-0.104236
-0.0943093
-0.0842898
-0.0741861
-0.0640041
-0.0537489
-0.0434251
-0.0330372
-0.0225887
-0.0120817
-0.00151834
0.00909879
0.0197666
0.0304825
0.0412452
0.0520533
0.0629049
0.0737968
0.0847257
0.0956885
0.106682
0.117704
0.128747
0.139805
0.150871
0.161935
0.172989
0.184023
0.195024
0.205974
0.216857
0.227651
0.238334
0.248883
0.259269
0.269461
0.279423
0.289116
0.298499
0.307525
0.316146
0.324312
0.331967
0.339054
0.345515
0.351289
0.356314
0.36053
0.363876
0.366297
0.367736
0.368146
0.36748
0.365699
0.362771
0.358671
0.353381
0.346894
0.33921
0.330419
0.320606
0.308778
0.294127
-0.21792
-0.231981
-0.243277
-0.252596
-0.260911
-0.268155
-0.274259
-0.279241
-0.283126
-0.285944
-0.287729
-0.288522
-0.288368
-0.287316
-0.285415
-0.282719
-0.27928
-0.275151
-0.270384
-0.26503
-0.259136
-0.252746
-0.245903
-0.238647
-0.231015
-0.223044
-0.214764
-0.206207
-0.197399
-0.188364
-0.179124
-0.1697
-0.16011
-0.150371
-0.140497
-0.1305
-0.120393
-0.110185
-0.0998832
-0.0894976
-0.0790353
-0.0685018
-0.0579013
-0.0472379
-0.036515
-0.0257353
-0.0149001
-0.00401068
0.00693114
0.0179232
0.0289642
0.0400534
0.0511908
0.0623754
0.0736052
0.0848779
0.0961917
0.107545
0.118935
0.130357
0.141806
0.153274
0.164755
0.176242
0.187723
0.199187
0.210618
0.221999
0.23331
0.244529
0.255631
0.266587
0.277366
0.287931
0.298241
0.308251
0.317914
0.327178
0.335988
0.344284
0.352005
0.359086
0.365458
0.371054
0.375805
0.379644
0.382504
0.384324
0.385047
0.384617
0.382987
0.380116
0.375973
0.370537
0.363795
0.355745
0.346477
0.336082
0.323495
0.307853
-0.232855
-0.247822
-0.259807
-0.26965
-0.278392
-0.285963
-0.292292
-0.297402
-0.301325
-0.304097
-0.305758
-0.306357
-0.305947
-0.304583
-0.302323
-0.299227
-0.295355
-0.290766
-0.285517
-0.279663
-0.273258
-0.26635
-0.258985
-0.251205
-0.243053
-0.234564
-0.225774
-0.216714
-0.207413
-0.197895
-0.188183
-0.178298
-0.168259
-0.158082
-0.147781
-0.137369
-0.126858
-0.116255
-0.105569
-0.0948091
-0.0839809
-0.0730894
-0.0621383
-0.0511305
-0.0400687
-0.0289545
-0.0177884
-0.00657082
0.00469722
0.0160148
0.0273815
0.0387982
0.0502655
0.0617837
0.0733521
0.0849697
0.0966359
0.10835
0.120112
0.131916
0.14376
0.155636
0.167541
0.179468
0.191406
0.203346
0.215272
0.227168
0.239014
0.250789
0.262469
0.274024
0.285422
0.296624
0.307589
0.31827
0.328617
0.338574
0.348082
0.357078
0.365494
0.373258
0.380295
0.38653
0.391884
0.396282
0.39965
0.401915
0.40301
0.402869
0.401436
0.398661
0.394505
0.388943
0.381954
0.373531
0.363767
0.352759
0.339364
0.322658
-0.248884
-0.264825
-0.277546
-0.287941
-0.297126
-0.305028
-0.311576
-0.316797
-0.320732
-0.323422
-0.324919
-0.325278
-0.324561
-0.322831
-0.320157
-0.316605
-0.312242
-0.307135
-0.301348
-0.294942
-0.287975
-0.280498
-0.272564
-0.264217
-0.255502
-0.246458
-0.237122
-0.227527
-0.217702
-0.207674
-0.197465
-0.187096
-0.176587
-0.165953
-0.15521
-0.144368
-0.13344
-0.122432
-0.111353
-0.100211
-0.0890099
-0.077755
-0.0664486
-0.0550927
-0.043689
-0.032238
-0.0207394
-0.00919289
0.00240173
0.0140447
0.0257371
0.0374806
0.0492773
0.0611286
0.0730352
0.0849976
0.0970166
0.109093
0.121227
0.133416
0.145657
0.157947
0.170281
0.182654
0.195059
0.207485
0.219919
0.232345
0.244745
0.257098
0.26938
0.281562
0.29361
0.305486
0.317147
0.328543
0.339623
0.350327
0.360592
0.370351
0.379528
0.388045
0.39582
0.402768
0.408803
0.413838
0.417789
0.420572
0.422108
0.42232
0.421139
0.418507
0.414377
0.408714
0.40149
0.392691
0.382415
0.370764
0.356508
0.338662
-0.26612
-0.283107
-0.296612
-0.307588
-0.317231
-0.325466
-0.332221
-0.337531
-0.341444
-0.344012
-0.345294
-0.345358
-0.344274
-0.342118
-0.338964
-0.33489
-0.329972
-0.324285
-0.317898
-0.310879
-0.303292
-0.295193
-0.286638
-0.277676
-0.268353
-0.258713
-0.248793
-0.238628
-0.228249
-0.217681
-0.206949
-0.196074
-0.185074
-0.173966
-0.162764
-0.151479
-0.140122
-0.128699
-0.117218
-0.105686
-0.0941069
-0.0824839
-0.0708184
-0.0591117
-0.047364
-0.035575
-0.0237436
-0.0118683
5.21345e-05
0.0120195
0.024036
0.0361049
0.0482293
0.060412
0.0726553
0.084961
0.0973316
0.109769
0.122275
0.13485
0.14749
0.160196
0.172963
0.185789
0.198668
0.21159
0.224543
0.237515
0.250486
0.263437
0.276346
0.289182
0.301913
0.3145
0.326897
0.339056
0.35092
0.362428
0.373514
0.384102
0.394112
0.403459
0.412052
0.419797
0.426598
0.432358
0.436978
0.440364
0.44242
0.443057
0.442196
0.439766
0.435708
0.429977
0.422534
0.413361
0.402561
0.390235
0.375066
0.355995
-0.284688
-0.302799
-0.317139
-0.328726
-0.338839
-0.347405
-0.354351
-0.35972
-0.363571
-0.365965
-0.366974
-0.366677
-0.365157
-0.3625
-0.358794
-0.354124
-0.348578
-0.342237
-0.335181
-0.327483
-0.319212
-0.310432
-0.3012
-0.291571
-0.281593
-0.271313
-0.260769
-0.249999
-0.239032
-0.227896
-0.216615
-0.205209
-0.193698
-0.182098
-0.170421
-0.158679
-0.146881
-0.135034
-0.123143
-0.111215
-0.0992526
-0.0872574
-0.0752301
-0.0631705
-0.0510779
-0.038951
-0.0267874
-0.0145848
-0.00234032
0.00994914
0.0222874
0.0346788
0.047128
0.0596393
0.0722164
0.0848628
0.0975825
0.110379
0.123256
0.136215
0.149255
0.162377
0.175581
0.188864
0.202222
0.215648
0.229132
0.242661
0.25622
0.269789
0.283347
0.296866
0.310312
0.323646
0.336823
0.349792
0.362494
0.374867
0.386838
0.398327
0.409249
0.419509
0.429009
0.437644
0.445308
0.451889
0.457277
0.461359
0.464028
0.465179
0.464718
0.462559
0.458629
0.452871
0.445235
0.435696
0.42436
0.41133
0.39519
0.374807
-0.304728
-0.324048
-0.339277
-0.351503
-0.362098
-0.370989
-0.378102
-0.383492
-0.387229
-0.389387
-0.390053
-0.389319
-0.387281
-0.38404
-0.379695
-0.374345
-0.368086
-0.361011
-0.353208
-0.344757
-0.335734
-0.326206
-0.316238
-0.305886
-0.295203
-0.284236
-0.273027
-0.261612
-0.250024
-0.23829
-0.226433
-0.214474
-0.202431
-0.19032
-0.178153
-0.165941
-0.153692
-0.141412
-0.129104
-0.116775
-0.104425
-0.0920547
-0.0796638
-0.0672508
-0.0548139
-0.0423503
-0.0298568
-0.0173295
-0.0047642
0.00784384
0.0204999
0.0332099
0.0459797
0.0588152
0.0717218
0.0847047
0.0977696
0.110922
0.124167
0.137507
0.150946
0.164485
0.178125
0.191868
0.20571
0.219646
0.233668
0.247767
0.261928
0.276133
0.290364
0.304591
0.318784
0.332902
0.346902
0.36073
0.374327
0.387627
0.400553
0.41302
0.424937
0.436202
0.446706
0.456334
0.464967
0.47248
0.478744
0.483634
0.487022
0.48879
0.488822
0.487017
0.483283
0.477549
0.469756
0.459867
0.447987
0.434224
0.417053
0.395264
-0.326399
-0.347021
-0.363197
-0.37609
-0.387175
-0.396377
-0.403626
-0.408988
-0.412548
-0.414396
-0.414635
-0.413372
-0.410721
-0.406797
-0.401715
-0.395587
-0.388522
-0.380623
-0.371986
-0.3627
-0.352848
-0.342502
-0.331732
-0.320598
-0.309155
-0.297452
-0.285534
-0.273437
-0.261193
-0.248829
-0.236369
-0.223833
-0.211239
-0.1986
-0.18593
-0.173236
-0.160526
-0.147804
-0.135075
-0.12234
-0.109599
-0.096853
-0.0840986
-0.0713333
-0.058554
-0.0457568
-0.032937
-0.0200893
-0.00720786
0.00571368
0.0186823
0.0317051
0.0447898
0.0579437
0.071174
0.0844876
0.097892
0.111395
0.125002
0.138721
0.152555
0.166508
0.180585
0.194788
0.209116
0.223567
0.238135
0.252812
0.267588
0.282447
0.29737
0.312332
0.327302
0.342243
0.357108
0.371846
0.386395
0.400687
0.414641
0.428169
0.441171
0.453539
0.465154
0.475888
0.485609
0.494175
0.501442
0.507265
0.511498
0.514
0.514637
0.513282
0.509828
0.504186
0.496282
0.486064
0.473639
0.459115
0.440853
0.417557
-0.34988
-0.371904
-0.389089
-0.402678
-0.414256
-0.423749
-0.431092
-0.436365
-0.43967
-0.441117
-0.440827
-0.438928
-0.435552
-0.430833
-0.424901
-0.417885
-0.409907
-0.40108
-0.391513
-0.381303
-0.370537
-0.359297
-0.347655
-0.335675
-0.323415
-0.310926
-0.298253
-0.285433
-0.272498
-0.259474
-0.246385
-0.23325
-0.220084
-0.206902
-0.193714
-0.180528
-0.167349
-0.154181
-0.141024
-0.127881
-0.114749
-0.101627
-0.08851
-0.0753951
-0.0622771
-0.0491507
-0.0360097
-0.0228472
-0.00965585
0.00357267
0.0168469
0.0301757
0.0435679
0.0570328
0.0705792
0.0842161
0.0979528
0.111799
0.125764
0.139855
0.154079
0.168443
0.182953
0.197614
0.212428
0.227396
0.242514
0.257778
0.27318
0.288707
0.304342
0.320063
0.335841
0.351639
0.367413
0.383111
0.398671
0.414022
0.429082
0.443757
0.457942
0.471519
0.484359
0.496324
0.507263
0.517021
0.525433
0.532333
0.537554
0.54093
0.542299
0.541513
0.538442
0.532975
0.525018
0.514504
0.501537
0.486228
0.466811
0.441898
-0.375373
-0.398911
-0.417172
-0.431483
-0.443552
-0.453308
-0.460689
-0.465796
-0.468751
-0.469687
-0.468748
-0.466085
-0.461853
-0.456207
-0.449296
-0.441265
-0.432253
-0.422385
-0.411781
-0.400546
-0.388777
-0.37656
-0.36397
-0.351078
-0.337941
-0.324613
-0.311138
-0.297554
-0.283892
-0.270179
-0.256434
-0.242678
-0.228923
-0.215183
-0.201466
-0.187779
-0.174125
-0.160505
-0.146919
-0.133366
-0.119843
-0.106347
-0.092871
-0.0794106
-0.0659591
-0.0525094
-0.0390539
-0.025584
-0.0120903
0.00143723
0.0150088
0.0286348
0.0423257
0.0560923
0.0699456
0.0838966
0.0979569
0.112138
0.126451
0.140907
0.155514
0.170283
0.185221
0.200336
0.215635
0.231119
0.24679
0.262646
0.278682
0.294889
0.311254
0.327756
0.344369
0.36106
0.377785
0.394494
0.411124
0.427605
0.44385
0.459764
0.475233
0.490133
0.504324
0.517655
0.529959
0.541062
0.550781
0.558924
0.565297
0.569705
0.57196
0.571885
0.569321
0.564131
0.556195
0.545429
0.531933
0.515817
0.495178
0.468531
-0.403109
-0.428287
-0.447694
-0.462753
-0.475304
-0.48528
-0.492629
-0.497472
-0.49996
-0.500252
-0.498519
-0.494942
-0.489701
-0.482975
-0.474936
-0.465748
-0.455565
-0.444529
-0.432769
-0.420402
-0.407531
-0.394247
-0.380631
-0.366755
-0.352679
-0.338457
-0.324133
-0.309744
-0.295321
-0.280888
-0.266464
-0.252066
-0.237706
-0.223396
-0.209141
-0.194946
-0.180812
-0.166738
-0.152722
-0.13876
-0.124849
-0.110982
-0.0971528
-0.0833532
-0.0695753
-0.0558103
-0.0420487
-0.0282803
-0.0144936
-0.000676832
0.013182
0.0270947
0.0410734
0.0551309
0.0692802
0.0835345
0.0979076
0.112413
0.127065
0.141876
0.156857
0.172021
0.18738
0.202944
0.218722
0.23472
0.250944
0.267394
0.28407
0.300968
0.318076
0.335379
0.352854
0.37047
0.388187
0.405956
0.423717
0.441398
0.458912
0.476159
0.493021
0.509366
0.525044
0.539889
0.553719
0.566342
0.577548
0.58712
0.594834
0.600463
0.603784
0.604588
0.602681
0.597893
0.590074
0.579117
0.565113
0.548174
0.526242
0.49773
-0.433351
-0.460308
-0.480941
-0.496771
-0.509785
-0.519925
-0.527149
-0.531608
-0.533484
-0.53297
-0.530272
-0.525603
-0.519173
-0.51119
-0.501852
-0.491343
-0.479837
-0.467491
-0.454446
-0.440828
-0.426748
-0.412303
-0.397578
-0.382644
-0.367565
-0.352393
-0.337173
-0.321939
-0.306721
-0.29154
-0.276414
-0.261356
-0.246378
-0.231487
-0.216687
-0.20198
-0.187364
-0.172836
-0.158391
-0.144025
-0.129731
-0.1155
-0.101325
-0.0871943
-0.0730991
-0.0590284
-0.0449712
-0.0309149
-0.0168464
-0.00275182
0.0113823
0.0255693
0.0398233
0.054159
0.0685916
0.0831367
0.0978102
0.112628
0.127606
0.14276
0.158104
0.173653
0.189422
0.205426
0.221677
0.238184
0.254956
0.272001
0.28932
0.306914
0.324777
0.342898
0.361258
0.379829
0.398578
0.417456
0.436407
0.455359
0.474226
0.492905
0.511275
0.529194
0.546504
0.563026
0.578562
0.592895
0.605793
0.617007
0.62628
0.633348
0.637949
0.639833
0.638763
0.63453
0.626949
0.61588
0.601406
0.583631
0.560332
0.529809
-0.466401
-0.495298
-0.517241
-0.533861
-0.547308
-0.557534
-0.564516
-0.568439
-0.569526
-0.568011
-0.564141
-0.558168
-0.55034
-0.540896
-0.530063
-0.518049
-0.505049
-0.491235
-0.476762
-0.461766
-0.446364
-0.430658
-0.414735
-0.398668
-0.382521
-0.366344
-0.35018
-0.334063
-0.318018
-0.302064
-0.286215
-0.270484
-0.254876
-0.239398
-0.224049
-0.208829
-0.193732
-0.178753
-0.163885
-0.149121
-0.134451
-0.119865
-0.105353
-0.0909024
-0.0765012
-0.0621367
-0.0477958
-0.0334643
-0.0191267
-0.00476774
0.00962787
0.0240752
0.0385901
0.0531896
0.0678912
0.0827128
0.0976723
0.112788
0.128078
0.143561
0.159254
0.175174
0.191342
0.207774
0.224487
0.241495
0.25881
0.276445
0.294407
0.312701
0.331326
0.350278
0.369542
0.389097
0.408912
0.428946
0.449145
0.46944
0.489745
0.509957
0.529952
0.549583
0.568682
0.587058
0.604494
0.620751
0.63557
0.648669
0.659751
0.668513
0.674646
0.677848
0.677833
0.674345
0.667153
0.656078
0.641185
0.622567
0.597823
0.565128
-0.502607
-0.533629
-0.556976
-0.574399
-0.588231
-0.598441
-0.60503
-0.608228
-0.608307
-0.605555
-0.600266
-0.59274
-0.583267
-0.572126
-0.559573
-0.545847
-0.531161
-0.515707
-0.499651
-0.483139
-0.466294
-0.449222
-0.432011
-0.414735
-0.397454
-0.380218
-0.363067
-0.34603
-0.329129
-0.312381
-0.295794
-0.279377
-0.263133
-0.247064
-0.231167
-0.215436
-0.199863
-0.18444
-0.169157
-0.154003
-0.138968
-0.12404
-0.109204
-0.094446
-0.0797523
-0.0651079
-0.0504977
-0.0359053
-0.0213137
-0.00670564
0.00793579
0.0226275
0.0373873
0.0522346
0.0671892
0.0822711
0.0975004
0.112898
0.128483
0.144279
0.160304
0.176581
0.193132
0.209979
0.227141
0.244637
0.262486
0.280704
0.299303
0.318296
0.337688
0.357479
0.377663
0.398225
0.419139
0.440372
0.461873
0.48358
0.505409
0.527258
0.549
0.570487
0.591542
0.611961
0.63151
0.649928
0.666925
0.682183
0.695365
0.706117
0.714076
0.718881
0.720187
0.717678
0.711065
0.700119
0.684879
0.665425
0.63915
0.604099
-0.542375
-0.575735
-0.60059
-0.618821
-0.63297
-0.643029
-0.649031
-0.651266
-0.650069
-0.64579
-0.638785
-0.62941
-0.618006
-0.604894
-0.590368
-0.574694
-0.558111
-0.540827
-0.523021
-0.504847
-0.486433
-0.467887
-0.449296
-0.430734
-0.412257
-0.393911
-0.375731
-0.357743
-0.339963
-0.322402
-0.305066
-0.287958
-0.271076
-0.254417
-0.237975
-0.22174
-0.2057
-0.189844
-0.174157
-0.158628
-0.143243
-0.127986
-0.112841
-0.0977924
-0.0828223
-0.0679143
-0.0530512
-0.0382149
-0.0233863
-0.00854653
0.00632313
0.0212415
0.0362287
0.0513061
0.0664959
0.0818201
0.0973008
0.112961
0.128824
0.144913
0.161253
0.177868
0.194785
0.212029
0.229625
0.247595
0.265964
0.284753
0.303982
0.323668
0.343825
0.36446
0.385574
0.40716
0.429202
0.451671
0.474527
0.497711
0.521147
0.544736
0.568352
0.591844
0.61503
0.637696
0.659591
0.680429
0.699891
0.717622
0.733236
0.746322
0.756456
0.763206
0.766154
0.764912
0.759116
0.748474
0.732988
0.712714
0.684817
0.647199
-0.586181
-0.622131
-0.64861
-0.667642
-0.682008
-0.691735
-0.696902
-0.697876
-0.69507
-0.688913
-0.679837
-0.668264
-0.654593
-0.639195
-0.622406
-0.604524
-0.58581
-0.56649
-0.546755
-0.526765
-0.506652
-0.486521
-0.46646
-0.446537
-0.426805
-0.407302
-0.388058
-0.369092
-0.350415
-0.332031
-0.313941
-0.296141
-0.278625
-0.261384
-0.244407
-0.227679
-0.211186
-0.19491
-0.178837
-0.16295
-0.147231
-0.131664
-0.11623
-0.100908
-0.08568
-0.070527
-0.0554299
-0.0403687
-0.0253224
-0.0102703
0.00480827
0.0199341
0.0351292
0.0504175
0.0658229
0.0813695
0.0970815
0.112984
0.129103
0.145466
0.162099
0.179033
0.196296
0.213918
0.231927
0.250353
0.269224
0.288568
0.308413
0.328783
0.349698
0.371176
0.393225
0.415847
0.439036
0.462775
0.48703
0.511754
0.536878
0.562307
0.587923
0.613574
0.639075
0.664204
0.688694
0.71224
0.734488
0.755044
0.77347
0.789292
0.80201
0.811115
0.816098
0.816478
0.811799
0.801686
0.786091
0.765033
0.735417
0.694985
-0.634588
-0.673428
-0.701658
-0.721466
-0.735909
-0.745064
-0.749078
-0.748413
-0.743587
-0.735125
-0.72355
-0.709364
-0.693037
-0.674995
-0.655617
-0.635235
-0.614135
-0.592558
-0.570705
-0.548739
-0.526793
-0.50497
-0.483352
-0.461998
-0.440956
-0.420257
-0.399921
-0.379959
-0.360374
-0.341164
-0.322321
-0.303836
-0.285696
-0.267886
-0.250389
-0.233187
-0.216259
-0.199585
-0.183145
-0.16692
-0.150891
-0.135036
-0.119332
-0.10376
-0.0882951
-0.0729186
-0.0576089
-0.0423441
-0.0271015
-0.0118583
0.00340805
0.0187203
0.0341025
0.0495804
0.0651801
0.0809274
0.0968486
0.112971
0.129324
0.145938
0.162843
0.180071
0.197657
0.215634
0.234034
0.252893
0.272244
0.292124
0.312567
0.333604
0.355266
0.377577
0.400558
0.424221
0.448572
0.473604
0.499298
0.525617
0.552502
0.57987
0.60761
0.635575
0.663581
0.6914
0.718755
0.745319
0.77071
0.794489
0.816161
0.835184
0.850975
0.862926
0.870421
0.872862
0.86968
0.860389
0.844871
0.823089
0.791647
0.748114
-0.688269
-0.730359
-0.760483
-0.781013
-0.795336
-0.803601
-0.806049
-0.80327
-0.795912
-0.784622
-0.770036
-0.752751
-0.733316
-0.712217
-0.689884
-0.666682
-0.64292
-0.618851
-0.594683
-0.570581
-0.546671
-0.523051
-0.499794
-0.476949
-0.454553
-0.432627
-0.41118
-0.390213
-0.36972
-0.349689
-0.330105
-0.31095
-0.292203
-0.273845
-0.255851
-0.238197
-0.220859
-0.203811
-0.187031
-0.170494
-0.154179
-0.138061
-0.122115
-0.106315
-0.0906385
-0.0750625
-0.0595641
-0.0441196
-0.0287041
-0.0132929
0.00213831
0.0176142
0.0331609
0.0488056
0.0645764
0.0805009
0.0966073
0.112926
0.129489
0.146329
0.16348
0.180978
0.198861
0.217166
0.235931
0.255196
0.275003
0.295393
0.31641
0.338093
0.360481
0.383611
0.407513
0.432213
0.45773
0.484072
0.511233
0.539192
0.567905
0.597303
0.627286
0.657719
0.688422
0.719168
0.749674
0.779595
0.80852
0.835967
0.861383
0.884149
0.903587
0.918974
0.929562
0.934614
0.93341
0.925323
0.910132
0.887722
0.854342
0.807364
-0.74804
-0.793817
-0.82599
-0.847148
-0.861073
-0.868023
-0.868369
-0.862871
-0.852345
-0.837592
-0.819381
-0.798423
-0.775356
-0.750737
-0.725043
-0.698672
-0.671952
-0.645148
-0.618466
-0.592066
-0.566067
-0.540554
-0.515587
-0.491201
-0.467419
-0.444247
-0.421683
-0.399715
-0.378325
-0.35749
-0.337185
-0.317383
-0.298058
-0.279179
-0.260717
-0.242643
-0.224925
-0.207534
-0.190444
-0.173627
-0.157056
-0.140703
-0.124542
-0.108543
-0.0926818
-0.0769332
-0.0612727
-0.0456744
-0.0301115
-0.0145573
0.00101423
0.0166295
0.032316
0.0481029
0.0640198
0.0800962
0.0963625
0.112851
0.129598
0.146638
0.164008
0.181748
0.199899
0.218503
0.237602
0.257244
0.277475
0.298346
0.319907
0.342207
0.365295
0.389218
0.414022
0.439745
0.466422
0.494078
0.522724
0.552356
0.582952
0.61446
0.646799
0.679848
0.713441
0.747356
0.781311
0.81495
0.847837
0.87945
0.909176
0.936313
0.960077
0.979608
0.994005
1.00235
1.00374
0.997358
0.982835
0.959944
0.924508
0.873668
-0.814901
-0.8649
-0.89929
-0.920915
-0.934052
-0.939115
-0.936662
-0.927674
-0.913187
-0.894193
-0.871625
-0.846323
-0.819026
-0.790364
-0.760861
-0.730947
-0.700962
-0.671172
-0.641779
-0.61293
-0.584728
-0.55724
-0.530506
-0.504545
-0.47936
-0.454941
-0.431269
-0.408316
-0.386053
-0.364443
-0.34345
-0.323038
-0.303169
-0.283808
-0.264916
-0.246458
-0.228398
-0.210702
-0.193338
-0.176274
-0.159481
-0.142928
-0.126583
-0.110416
-0.0944001
-0.0785085
-0.0627146
-0.0469905
-0.0313076
-0.0156371
4.84454e-05
0.0157768
0.0315771
0.0474798
0.0635162
0.0797176
0.0961167
0.112749
0.129651
0.146862
0.164422
0.182373
0.20076
0.219629
0.239029
0.259013
0.279634
0.30095
0.323018
0.345899
0.369651
0.394336
0.42001
0.446732
0.47455
0.50351
0.533643
0.564969
0.597486
0.63117
0.665963
0.701766
0.738434
0.775762
0.813474
0.851213
0.888526
0.924855
0.959531
0.991766
1.02065
1.04518
1.06427
1.07677
1.08154
1.07752
1.06413
1.04098
1.00337
0.948164
-0.890094
-0.944976
-0.981755
-1.00359
-1.01539
-1.01779
-1.01162
-0.99816
-0.978723
-0.954542
-0.926742
-0.896315
-0.864107
-0.830822
-0.797029
-0.763177
-0.729612
-0.696591
-0.6643
-0.632865
-0.602363
-0.572837
-0.544302
-0.516752
-0.490168
-0.464519
-0.439766
-0.415864
-0.392768
-0.370426
-0.348791
-0.327815
-0.30745
-0.287652
-0.268377
-0.249582
-0.231224
-0.213265
-0.195668
-0.178398
-0.161421
-0.144703
-0.128209
-0.111909
-0.0957715
-0.0797689
-0.0638726
-0.0480528
-0.0322788
-0.0165205
-0.000748983
0.0150647
0.0309507
0.0469411
0.0630689
0.0793671
0.0958705
0.112617
0.129645
0.146997
0.164714
0.182842
0.20143
0.220529
0.240193
0.260479
0.28145
0.303168
0.325701
0.349118
0.373491
0.398893
0.425398
0.453079
0.482005
0.512243
0.543848
0.576867
0.611327
0.647232
0.684558
0.723237
0.763153
0.804128
0.845907
0.888142
0.930376
0.972026
1.01237
1.05053
1.08549
1.11604
1.1409
1.15864
1.16782
1.16703
1.15543
1.13235
1.09244
1.03225
-0.975191
-1.03578
-1.07511
-1.09675
-1.10641
-1.1051
-1.094
-1.07481
-1.04919
-1.01868
-0.98461
-0.948157
-0.910275
-0.871734
-0.833138
-0.794944
-0.757488
-0.721005
-0.68565
-0.651515
-0.618645
-0.587046
-0.556702
-0.527577
-0.499623
-0.472783
-0.446998
-0.422202
-0.398329
-0.375316
-0.353098
-0.331617
-0.310815
-0.290638
-0.271035
-0.251955
-0.233351
-0.215178
-0.197395
-0.179963
-0.162845
-0.146002
-0.129399
-0.113001
-0.0967782
-0.0806989
-0.0647333
-0.0488495
-0.0330151
-0.017199
-0.00137109
0.0144983
0.0304406
0.0464894
0.062679
0.0790446
0.0956226
0.112452
0.129575
0.147034
0.164874
0.183143
0.201894
0.221183
0.24107
0.261616
0.282889
0.304962
0.327908
0.351809
0.376748
0.402814
0.430095
0.458682
0.488666
0.520137
0.553178
0.587867
0.624265
0.662413
0.702324
0.743974
0.787288
0.832129
0.878276
0.925409
0.973082
1.0207
1.06752
1.11256
1.15468
1.1925
1.22445
1.24881
1.26372
1.26734
1.25842
1.23592
1.19363
1.12768
-1.07221
-1.13954
-1.18154
-1.20233
-1.20872
-1.20225
-1.18464
-1.1581
-1.12476
-1.08652
-1.04497
-1.00147
-0.957063
-0.912591
-0.868665
-0.825731
-0.784092
-0.743942
-0.705391
-0.668481
-0.63321
-0.599541
-0.567416
-0.53676
-0.507494
-0.479532
-0.452787
-0.427172
-0.402601
-0.378991
-0.356266
-0.334353
-0.313185
-0.292697
-0.27283
-0.253527
-0.234735
-0.216403
-0.198486
-0.180941
-0.163727
-0.146804
-0.130133
-0.113679
-0.0974075
-0.0812879
-0.0652875
-0.0493728
-0.0335104
-0.0176679
-0.00181484
0.0140793
0.0300472
0.0461236
0.0623447
0.078747
0.0953683
0.112249
0.129432
0.146963
0.164888
0.183259
0.202133
0.221571
0.241634
0.262391
0.283916
0.306287
0.329589
0.353912
0.379354
0.406016
0.434003
0.463426
0.494399
0.527036
0.561455
0.597764
0.636065
0.676441
0.718956
0.763637
0.810465
0.85936
0.910154
0.962577
1.01622
1.0705
1.12465
1.17765
1.22822
1.27478
1.31548
1.34819
1.37056
1.38018
1.37521
1.35405
1.30936
1.23667
-1.1838
-1.25916
-1.30386
-1.32277
-1.32425
-1.31062
-1.28436
-1.24841
-1.20545
-1.15781
-1.10738
-1.05567
-1.00383
-0.952728
-0.902951
-0.854904
-0.808831
-0.764859
-0.72303
-0.68332
-0.645665
-0.609973
-0.576134
-0.544032
-0.513548
-0.484562
-0.456958
-0.430623
-0.405451
-0.381341
-0.3582
-0.335942
-0.314489
-0.293768
-0.273711
-0.254255
-0.235339
-0.21691
-0.198915
-0.18131
-0.16405
-0.147094
-0.130399
-0.113931
-0.097652
-0.0815299
-0.0655308
-0.0496199
-0.0337628
-0.0179269
-0.00208116
0.0138056
0.0297672
0.0458399
0.0620611
0.0784683
0.0951
0.111998
0.129205
0.14677
0.164742
0.183174
0.202128
0.221667
0.241857
0.262771
0.284488
0.307096
0.330687
0.355363
0.381232
0.40841
0.437018
0.467189
0.499059
0.532773
0.568479
0.606326
0.646457
0.689009
0.7341
0.781825
0.832235
0.885324
0.941003
0.999077
1.05921
1.12086
1.18328
1.24543
1.30592
1.36298
1.41445
1.45772
1.48984
1.50761
1.5084
1.48977
1.44276
1.36212
-1.3135
-1.39854
-1.44573
-1.46112
-1.45528
-1.43172
-1.394
-1.34597
-1.29106
-1.23204
-1.17112
-1.10995
-1.04973
-0.991294
-0.935183
-0.881707
-0.831014
-0.783135
-0.738015
-0.695546
-0.655586
-0.617974
-0.582543
-0.549124
-0.517553
-0.487676
-0.459342
-0.432414
-0.406761
-0.382263
-0.358813
-0.336311
-0.314668
-0.293803
-0.273639
-0.254105
-0.235137
-0.216675
-0.198665
-0.181056
-0.163804
-0.146864
-0.130194
-0.113755
-0.0975103
-0.081425
-0.0654643
-0.0495928
-0.0337759
-0.0179806
-0.00217567
0.0136709
0.0295939
0.0456309
0.06182
0.0781989
0.0948066
0.111685
0.12888
0.14644
0.164417
0.182868
0.201855
0.221445
0.241707
0.262718
0.284564
0.30734
0.331146
0.356094
0.382302
0.4099
0.439028
0.469837
0.502492
0.537164
0.574037
0.6133
0.655146
0.699768
0.747355
0.798075
0.852067
0.909422
0.970158
1.03419
1.10128
1.17101
1.24267
1.31527
1.38734
1.45698
1.52167
1.57832
1.62318
1.65208
1.66124
1.64696
1.59799
1.50785
-1.46619
-1.56297
-1.61199
-1.62123
-1.6045
-1.56716
-1.51421
-1.45075
-1.38103
-1.30834
-1.23514
-1.16317
-1.09362
-1.02722
-0.964373
-0.905249
-0.849853
-0.798079
-0.749749
-0.704647
-0.662535
-0.623174
-0.586327
-0.551769
-0.519289
-0.488688
-0.459787
-0.432416
-0.406424
-0.381672
-0.358036
-0.335405
-0.313678
-0.292766
-0.272584
-0.253057
-0.234113
-0.215688
-0.197727
-0.180176
-0.162987
-0.146117
-0.129519
-0.113156
-0.0969875
-0.0809789
-0.0650947
-0.0492993
-0.033558
-0.0178382
-0.00210813
0.013665
0.0295169
0.0454857
0.0616095
0.0779258
0.0944735
0.111295
0.128438
0.145953
0.163893
0.182317
0.201287
0.220873
0.241148
0.262192
0.284099
0.306967
0.330905
0.356032
0.382478
0.410387
0.439914
0.471234
0.504534
0.540016
0.577897
0.618411
0.661806
0.708338
0.758269
0.811858
0.869347
0.930946
0.996812
1.06701
1.14146
1.21989
1.30177
1.38617
1.47168
1.55628
1.63719
1.71075
1.77232
1.81645
1.83779
1.83073
1.78065
1.6791
-1.64879
-1.75979
-1.80911
-1.80792
-1.77501
-1.71847
-1.64534
-1.56221
-1.47428
-1.3853
-1.29792
-1.21383
-1.13408
-1.05919
-0.989351
-0.924508
-0.864466
-0.808939
-0.757596
-0.710088
-0.666068
-0.625204
-0.587184
-0.55172
-0.51855
-0.487435
-0.458158
-0.430523
-0.404357
-0.379501
-0.355818
-0.333184
-0.31149
-0.290636
-0.270534
-0.251101
-0.232261
-0.213949
-0.196104
-0.178673
-0.161607
-0.144859
-0.128385
-0.112143
-0.0960942
-0.080203
-0.0644339
-0.0487519
-0.0331226
-0.0175133
-0.00189208
0.0137746
0.0295227
0.0453901
0.0614143
0.0776323
0.0940832
0.11081
0.127862
0.14529
0.163148
0.181495
0.200396
0.21992
0.240144
0.261154
0.283046
0.305923
0.3299
0.355104
0.381674
0.409769
0.43956
0.471239
0.505017
0.541124
0.579816
0.621371
0.666092
0.714303
0.766348
0.822583
0.883373
0.949073
1.02001
1.09643
1.17849
1.26616
1.35912
1.45668
1.5576
1.65987
1.76054
1.85544
1.93894
2.00398
2.04311
2.04786
1.99848
1.8832
-1.87147
-1.99949
-2.04574
-2.02714
-1.97016
-1.8869
-1.78707
-1.67905
-1.56895
-1.46085
-1.35736
-1.25995
-1.16931
-1.08564
-1.00876
-0.938336
-0.873892
-0.81492
-0.760902
-0.711336
-0.665751
-0.623715
-0.584834
-0.548755
-0.515164
-0.483779
-0.45435
-0.426655
-0.400499
-0.375708
-0.352129
-0.32963
-0.308093
-0.287412
-0.267491
-0.248244
-0.229592
-0.211468
-0.19381
-0.176563
-0.159679
-0.143109
-0.126808
-0.110734
-0.0948479
-0.0791148
-0.0634998
-0.0479686
-0.0324875
-0.0170236
-0.0015447
0.0139826
0.029594
0.0453262
0.0612159
0.0772995
0.0936162
0.11021
0.127131
0.144429
0.162158
0.180377
0.199151
0.218553
0.238661
0.259563
0.281358
0.304154
0.328069
0.353236
0.379806
0.407947
0.437845
0.469708
0.503768
0.540284
0.579548
0.621883
0.667644
0.717226
0.771059
0.829608
0.893372
0.962871
1.03863
1.12114
1.21085
1.30805
1.41279
1.52475
1.64305
1.76593
1.89047
2.01215
2.12437
2.21821
2.28343
2.30739
2.26244
2.13089
-2.14991
-2.29734
-2.3336
-2.28609
-2.19324
-2.07285
-1.93795
-1.79876
-1.66208
-1.53199
-1.41065
-1.29899
-1.19714
-1.10471
-1.02108
-0.945484
-0.87712
-0.815211
-0.759022
-0.707882
-0.661186
-0.618396
-0.579037
-0.542691
-0.508992
-0.477619
-0.448291
-0.420764
-0.394821
-0.370275
-0.346965
-0.324747
-0.303498
-0.283106
-0.263471
-0.244505
-0.226128
-0.20827
-0.190869
-0.173873
-0.157229
-0.140891
-0.124812
-0.108952
-0.0932716
-0.0777371
-0.0623151
-0.046972
-0.0316745
-0.0163899
-0.00108614
0.0142693
0.0297107
0.0452736
0.0609934
0.0769063
0.0930519
0.109475
0.126223
0.143346
0.160897
0.178934
0.197524
0.21674
0.236663
0.25738
0.278992
0.301607
0.32535
0.350359
0.376792
0.404825
0.434654
0.466503
0.500622
0.537298
0.576852
0.619649
0.666098
0.716659
0.771852
0.832255
0.898508
0.971313
1.05142
1.13962
1.2367
1.34339
1.46026
1.58756
1.72503
1.8715
2.02447
2.17944
2.32911
2.46258
2.56621
2.62144
2.58841
2.43858
-2.50942
-2.67606
-2.68831
-2.59294
-2.4467
-2.27503
-2.09457
-1.91704
-1.74925
-1.59454
-1.45411
-1.32787
-1.215
-1.11435
-1.02466
-0.944652
-0.873136
-0.809026
-0.751354
-0.699268
-0.652029
-0.608994
-0.569609
-0.533397
-0.499946
-0.4689
-0.439952
-0.412836
-0.387324
-0.363218
-0.340346
-0.318562
-0.297735
-0.277753
-0.258512
-0.239923
-0.221905
-0.204391
-0.187319
-0.170635
-0.154291
-0.138237
-0.122429
-0.106827
-0.0913942
-0.0760982
-0.060907
-0.045788
-0.0307082
-0.0156355
-0.000539065
0.0146121
0.0298503
0.0452096
0.0607248
0.0764318
0.0923696
0.108582
0.125115
0.142017
0.159339
0.17714
0.195487
0.214453
0.234117
0.254567
0.275903
0.298236
0.321691
0.346412
0.37256
0.400316
0.429884
0.461499
0.495429
0.53198
0.5715
0.614388
0.661102
0.712166
0.768183
0.829839
0.897919
0.973313
1.05702
1.15016
1.25393
1.36959
1.49839
1.64141
1.79933
1.97208
2.15817
2.35389
2.55187
2.73969
2.89992
3.00616
2.99989
2.83265
-2.99349
-3.17006
-3.13005
-2.95575
-2.73052
-2.48889
-2.25042
-2.02698
-1.82402
-1.64298
-1.48317
-1.34289
-1.22
-1.11232
-1.01779
-0.934551
-0.860976
-0.795653
-0.737376
-0.68512
-0.638017
-0.59533
-0.556437
-0.520809
-0.487996
-0.457618
-0.429346
-0.402902
-0.378049
-0.35458
-0.332323
-0.311127
-0.290859
-0.271405
-0.252664
-0.234546
-0.216973
-0.199878
-0.183203
-0.166895
-0.150905
-0.135186
-0.119695
-0.104394
-0.0892494
-0.0742303
-0.0593061
-0.0444451
-0.0296153
-0.014786
7.17387e-05
0.0149865
0.0299888
0.0451114
0.0603884
0.075855
0.0915487
0.107511
0.123786
0.140419
0.157463
0.174973
0.193017
0.211665
0.230995
0.251092
0.272056
0.294
0.317048
0.341343
0.367047
0.394344
0.423445
0.45459
0.488058
0.524169
0.56329
0.605849
0.652342
0.703347
0.759537
0.8217
0.890754
0.967774
1.05401
1.15092
1.26016
1.38362
1.52337
1.68156
1.86027
2.0611
2.28453
2.52881
2.788
3.04952
3.29285
3.48227
3.53231
3.35823
-3.6809
-3.83155
-3.68249
-3.3789
-3.03858
-2.70377
-2.39391
-2.11794
-1.87741
-1.67008
-1.49223
-1.33982
-1.20898
-1.09628
-0.998775
-0.913964
-0.839775
-0.774487
-0.716676
-0.665165
-0.618979
-0.577307
-0.539476
-0.504919
-0.473164
-0.443813
-0.416527
-0.391024
-0.367061
-0.344433
-0.322967
-0.302511
-0.282935
-0.264128
-0.24599
-0.228435
-0.211389
-0.194788
-0.178575
-0.162701
-0.147117
-0.13178
-0.11665
-0.101691
-0.0868734
-0.0721672
-0.0575438
-0.0429727
-0.0284235
-0.0138678
0.000720482
0.0153677
0.0301026
0.0449568
0.0599634
0.0751557
0.0905686
0.106241
0.122214
0.138533
0.155247
0.172412
0.190091
0.208353
0.22727
0.246927
0.267423
0.288867
0.311381
0.335106
0.360201
0.38685
0.415265
0.445688
0.478401
0.513729
0.552053
0.593816
0.639541
0.689844
0.745452
0.807231
0.876213
0.953633
1.04097
1.14001
1.25288
1.38213
1.53075
1.70221
1.90038
2.1293
2.39258
2.69228
3.0265
3.3857
3.74943
4.07397
4.23916
4.09665
-4.7149
-4.73615
-4.36814
-3.85702
-3.35359
-2.89956
-2.50665
-2.17481
-1.89775
-1.66718
-1.47502
-1.3142
-1.17883
-1.0641
-0.966161
-0.881914
-0.808896
-0.745129
-0.689021
-0.639286
-0.594878
-0.554944
-0.51878
-0.485807
-0.455542
-0.427586
-0.401601
-0.377306
-0.354465
-0.332877
-0.312372
-0.292806
-0.274053
-0.256005
-0.238569
-0.221664
-0.205222
-0.189183
-0.173493
-0.158106
-0.142977
-0.128067
-0.113338
-0.09876
-0.0843042
-0.0699441
-0.0556523
-0.0414004
-0.0271607
-0.0129077
0.00138177
0.0157318
0.0301699
0.044726
0.059431
0.0743153
0.089411
0.104754
0.120383
0.136343
0.152678
0.169443
0.186695
0.204499
0.222926
0.242058
0.261987
0.282819
0.30467
0.327676
0.351993
0.3778
0.405303
0.434741
0.466391
0.500577
0.53768
0.578147
0.622511
0.671404
0.725583
0.785962
0.853649
0.929996
1.01666
1.1157
1.22966
1.3617
1.51577
1.69676
1.91066
2.16462
2.46676
2.82538
3.24669
3.73042
4.26406
4.80403
5.19724
5.19463
-6.35396
-5.98328
-5.19928
-4.36996
-3.64517
-3.04682
-2.5648
-2.1801
-1.87292
-1.62622
-1.42637
-1.26287
-1.1277
-1.01479
-0.91951
-0.838318
-0.768474
-0.707843
-0.654746
-0.607853
-0.566096
-0.528616
-0.494714
-0.463818
-0.435457
-0.409242
-0.38485
-0.362012
-0.340503
-0.320134
-0.300746
-0.2822
-0.264382
-0.247192
-0.230544
-0.214365
-0.198592
-0.183172
-0.168056
-0.153201
-0.138568
-0.124121
-0.109828
-0.0956618
-0.0815972
-0.06761
-0.0536752
-0.0397672
-0.0258615
-0.0119362
0.00202959
0.0160578
0.030174
0.044406
0.0587816
0.0733279
0.0880739
0.103053
0.118301
0.13386
0.149772
0.166084
0.182852
0.200136
0.218002
0.236527
0.255797
0.27591
0.296977
0.319126
0.342505
0.367283
0.393658
0.421857
0.452146
0.484839
0.520303
0.558978
0.601383
0.648145
0.700021
0.757933
0.823013
0.896667
0.98065
1.07718
1.1891
1.32006
1.4748
1.65956
1.8825
2.15433
2.48891
2.90352
3.41822
4.05236
4.81582
5.68443
6.50652
6.91416
-9.17486
-7.69605
-6.1279
-4.84458
-3.84706
-3.09425
-2.53281
-2.11085
-1.7888
-1.53886
-1.3416
-1.18335
-1.05446
-0.948001
-0.858937
-0.783536
-0.718992
-0.663165
-0.6144
-0.5714
-0.533141
-0.498801
-0.467721
-0.439361
-0.413283
-0.389125
-0.366588
-0.345428
-0.325437
-0.306444
-0.288303
-0.27089
-0.254103
-0.237853
-0.222064
-0.206672
-0.191622
-0.176867
-0.162365
-0.148078
-0.133972
-0.120018
-0.106187
-0.0924576
-0.0788066
-0.0652131
-0.0516552
-0.038111
-0.0245595
-0.0109818
0.00264023
0.0163265
0.0301001
0.0439857
0.0580078
0.0721901
0.0865585
0.101143
0.115979
0.131101
0.146547
0.162362
0.178595
0.195301
0.212541
0.230385
0.248911
0.268209
0.28838
0.309543
0.331835
0.355411
0.380454
0.407175
0.435822
0.466686
0.500114
0.536514
0.576379
0.620303
0.669006
0.723372
0.784498
0.853757
0.93289
1.02413
1.1304
1.25556
1.40479
1.58522
1.80675
2.08333
2.43484
2.88959
3.48791
4.28296
5.32913
6.66582
8.29192
9.83783
-14.6809
-9.94563
-6.80841
-4.96175
-3.7335
-2.89348
-2.31558
-1.90597
-1.60523
-1.37773
-1.2012
-1.06114
-0.947884
-0.854767
-0.77708
-0.711407
-0.655216
-0.606595
-0.564075
-0.526514
-0.493012
-0.46285
-0.435451
-0.410347
-0.387157
-0.365568
-0.345325
-0.326215
-0.308063
-0.290721
-0.274067
-0.257997
-0.242423
-0.227272
-0.212483
-0.198004
-0.183788
-0.169797
-0.155997
-0.142358
-0.128853
-0.115459
-0.102154
-0.0889194
-0.0757369
-0.0625894
-0.0494591
-0.0363281
-0.0231796
-0.00999793
0.00323208
0.0165276
0.0299083
0.0433954
0.0570092
0.0707698
0.0846998
0.0988259
0.113178
0.127787
0.142685
0.157911
0.173508
0.189525
0.206014
0.223037
0.240662
0.258968
0.278045
0.297995
0.31894
0.341018
0.364387
0.389235
0.415781
0.444282
0.475043
0.508426
0.544867
0.58489
0.629132
0.678379
0.733604
0.79603
0.867215
0.949175
1.04456
1.15694
1.29118
1.45418
1.6559
1.91122
2.24295
2.68751
3.30547
4.1931
5.48077
7.40063
10.6276
15.4736
-23.9639
-12.1487
-6.53218
-4.24813
-3.03824
-2.30518
-1.8403
-1.52576
-1.29901
-1.12796
-0.99469
-0.888236
-0.801494
-0.729635
-0.669243
-0.617827
-0.573525
-0.534919
-0.500909
-0.470637
-0.443418
-0.418704
-0.396055
-0.375111
-0.355579
-0.33722
-0.319837
-0.303269
-0.287382
-0.272063
-0.257221
-0.242778
-0.228669
-0.214842
-0.201251
-0.18786
-0.174636
-0.161552
-0.148584
-0.135712
-0.122917
-0.110184
-0.0974975
-0.0848447
-0.0722132
-0.0595908
-0.0469645
-0.0343212
-0.0216485
-0.00893505
0.0038309
0.0166628
0.0295762
0.0425879
0.0557137
0.0689694
0.0823733
0.0959475
0.109716
0.123703
0.137936
0.152445
0.167267
0.18244
0.198009
0.214021
0.230534
0.24761
0.265325
0.283762
0.30302
0.32321
0.344463
0.366932
0.390793
0.416255
0.443564
0.473011
0.504945
0.539781
0.578024
0.620291
0.667338
0.720111
0.779802
0.847939
0.926517
1.01819
1.12656
1.25673
1.41613
1.61617
1.87536
2.22651
2.73311
3.51614
4.79385
7.17356
12.9073
24.8454
)
;

boundaryField
{
    movingWall
    {
        type            zeroGradient;
    }
    fixedWalls
    {
        type            zeroGradient;
    }
    frontAndBack
    {
        type            empty;
    }
}


// ************************************************************************* //
