/*--------------------------------*- C++ -*----------------------------------*\
| =========                 |                                                 |
| \\      /  F ield         | OpenFOAM: The Open Source CFD Toolbox           |
|  \\    /   O peration     | Version:  2212                                  |
|   \\  /    A nd           | Website:  www.openfoam.com                      |
|    \\/     M anipulation  |                                                 |
\*---------------------------------------------------------------------------*/
FoamFile
{
    version     2.0;
    format      ascii;
    arch        "LSB;label=32;scalar=64";
    class       volScalarField;
    location    "0.0195";
    object      p;
}
// * * * * * * * * * * * * * * * * * * * * * * * * * * * * * * * * * * * * * //

dimensions      [0 2 -2 0 0 0 0];

internalField   nonuniform List<scalar> 
10000
(
-1.25458e-07
2.4743e-05
-0.000165524
-0.000544855
-0.00110312
-0.00182072
-0.00265678
-0.00356796
-0.00451543
-0.00546573
-0.00639053
-0.00726546
-0.00807036
-0.00878857
-0.00940563
-0.00991004
-0.0102929
-0.0105463
-0.0106635
-0.01064
-0.0104728
-0.0101598
-0.00970013
-0.00909387
-0.00834163
-0.00744494
-0.0064065
-0.00522924
-0.00391556
-0.00246796
-0.000890196
0.000812891
0.00263603
0.00457385
0.00662092
0.00877194
0.0110221
0.0133662
0.0157985
0.0183124
0.0209011
0.0235583
0.0262775
0.0290519
0.0318749
0.0347396
0.0376391
0.0405658
0.0435121
0.0464707
0.0494348
0.0523972
0.0553507
0.0582879
0.0612017
0.0640853
0.0669319
0.069734
0.0724844
0.0751762
0.0778027
0.0803573
0.0828331
0.0852233
0.0875212
0.0897207
0.0918156
0.0937995
0.0956663
0.0974105
0.0990266
0.10051
0.101855
0.103057
0.104114
0.105022
0.105779
0.106385
0.106839
0.107139
0.107286
0.107283
0.107133
0.10684
0.106411
0.105853
0.105175
0.104389
0.103508
0.102549
0.101532
0.100479
0.0994179
0.0983808
0.0974058
0.0965364
0.0958212
0.0953132
0.0950676
0.095079
8.78154e-06
0.000116713
-1.09026e-05
-0.000321034
-0.000788831
-0.00139597
-0.00210606
-0.00288249
-0.00369199
-0.00450633
-0.00530016
-0.0060514
-0.0067422
-0.00735625
-0.00787975
-0.0083021
-0.00861376
-0.00880664
-0.00887464
-0.00881239
-0.00861595
-0.00828338
-0.00781372
-0.00720656
-0.00646195
-0.0055806
-0.00456447
-0.00341617
-0.00213826
-0.00073352
0.000794616
0.0024423
0.00420534
0.00607882
0.00805737
0.0101358
0.0123094
0.0145733
0.0169221
0.0193493
0.0218489
0.0244146
0.02704
0.0297187
0.0324442
0.0352102
0.0380097
0.0408353
0.0436796
0.0465358
0.0493971
0.0522567
0.0551076
0.0579424
0.0607546
0.0635376
0.0662845
0.0689882
0.0716419
0.074239
0.076773
0.0792377
0.0816265
0.0839327
0.0861501
0.0882732
0.0902959
0.0922119
0.0940156
0.0957022
0.0972666
0.0987041
0.10001
0.101181
0.102214
0.103105
0.103855
0.104463
0.104927
0.105247
0.105425
0.105463
0.105365
0.105136
0.104782
0.10431
0.103731
0.103054
0.102294
0.101466
0.100589
0.0996837
0.0987757
0.0978933
0.0970685
0.0963366
0.0957344
0.0952992
0.0950785
0.0950898
0.000323136
0.00044018
0.000327537
4.42797e-05
-0.000379211
-0.000922873
-0.00155527
-0.00224372
-0.00296046
-0.00368068
-0.00438143
-0.00504383
-0.00565067
-0.00618698
-0.00664056
-0.00700029
-0.00725687
-0.00740287
-0.00743198
-0.00733864
-0.00711902
-0.00677054
-0.00629218
-0.0056837
-0.00494488
-0.00407589
-0.00307794
-0.00195289
-0.000703238
0.000667856
0.00215688
0.00376048
0.00547517
0.00729649
0.00921938
0.0112391
0.013351
0.0155503
0.0178313
0.0201883
0.0226154
0.0251066
0.0276557
0.0302565
0.0329028
0.0355886
0.0383067
0.0410499
0.0438113
0.0465844
0.0493626
0.052139
0.0549066
0.0576586
0.0603887
0.0630904
0.0657568
0.068381
0.0709565
0.0734774
0.0759372
0.0783298
0.0806487
0.0828877
0.085041
0.087103
0.089068
0.0909298
0.0926833
0.0943239
0.0958473
0.0972488
0.0985242
0.09967
0.100684
0.101563
0.102307
0.102916
0.103388
0.103724
0.103926
0.103997
0.10394
0.103761
0.103465
0.10306
0.102555
0.10196
0.10129
0.100558
0.0997815
0.0989809
0.0981783
0.0973987
0.0966695
0.0960201
0.0954798
0.0950784
0.0948579
0.0948448
0.000970972
0.00100825
0.000854185
0.000552086
0.000131459
-0.000388357
-0.000979901
-0.0016169
-0.00227472
-0.0029313
-0.003568
-0.00416672
-0.00471175
-0.00519046
-0.00559077
-0.00590228
-0.0061163
-0.00622518
-0.00622279
-0.00610431
-0.0058658
-0.00550449
-0.00501902
-0.00440886
-0.00367404
-0.00281497
-0.00183233
-0.000727121
0.000498567
0.00184164
0.00329871
0.0048664
0.00654107
0.00831861
0.0101946
0.0121649
0.0142252
0.0163701
0.0185942
0.0208921
0.023258
0.0256863
0.0281708
0.0307057
0.0332853
0.0359032
0.0385523
0.0412258
0.0439174
0.0466206
0.0493288
0.052035
0.0547327
0.0574153
0.0600767
0.0627103
0.0653091
0.0678668
0.0703773
0.0728347
0.0752328
0.0775654
0.0798264
0.0820099
0.0841102
0.0861219
0.0880391
0.089856
0.0915679
0.0931708
0.0946604
0.0960322
0.0972823
0.0984077
0.0994059
0.100275
0.101015
0.101624
0.102103
0.102452
0.102673
0.102769
0.102746
0.102606
0.102356
0.102003
0.101555
0.101023
0.100419
0.099757
0.099053
0.098325
0.0975927
0.0968779
0.0962043
0.0955966
0.0950793
0.0946776
0.0944239
0.0943397
0.00184813
0.00174945
0.00151565
0.00116912
0.000728353
0.00021077
-0.00036175
-0.000967361
-0.0015847
-0.00219573
-0.0027836
-0.00333244
-0.0038288
-0.00426052
-0.00461661
-0.00488788
-0.0050659
-0.00514312
-0.00511357
-0.00497308
-0.00471797
-0.00434571
-0.00385451
-0.0032433
-0.00251208
-0.00166145
-0.000691977
0.000395394
0.00159886
0.00291587
0.0043436
0.0058787
0.00751712
0.00925487
0.0110883
0.0130135
0.0150261
0.017121
0.0192929
0.0215365
0.0238462
0.0262163
0.0286412
0.0311157
0.0336337
0.0361889
0.0387744
0.0413838
0.0440111
0.0466502
0.0492939
0.0519357
0.0545693
0.0571885
0.0597869
0.062358
0.0648951
0.0673921
0.0698435
0.0722434
0.0745852
0.0768632
0.0790718
0.081205
0.0832574
0.0852235
0.0870974
0.0888738
0.0905482
0.092117
0.0935761
0.0949212
0.0961485
0.0972553
0.0982395
0.0990997
0.099835
0.100445
0.100929
0.101289
0.101526
0.101646
0.101651
0.101545
0.101334
0.101024
0.100623
0.100143
0.0995935
0.0989875
0.0983397
0.0976661
0.0969843
0.0963129
0.0956719
0.0950818
0.0945633
0.0941375
0.0938226
0.0936284
0.00286802
0.00260651
0.00227162
0.00186414
0.00138699
0.00085374
0.00028286
-0.000307852
-0.000901714
-0.00148238
-0.00203525
-0.00254733
-0.00300648
-0.00340139
-0.00372232
-0.00396069
-0.00410882
-0.00415975
-0.00410766
-0.00394851
-0.00367916
-0.00329736
-0.00280133
-0.00218991
-0.00146273
-0.00061982
0.000338243
0.00141006
0.00259383
0.00388758
0.00528871
0.00679395
0.00839946
0.0101015
0.0118968
0.0137814
0.0157508
0.0178003
0.0199248
0.022119
0.0243775
0.0266948
0.0290658
0.0314852
0.0339471
0.036445
0.0389726
0.0415239
0.0440931
0.0466737
0.0492587
0.0518421
0.0544177
0.0569794
0.0595208
0.0620354
0.0645167
0.0669591
0.0693573
0.0717052
0.0739965
0.0762255
0.0783868
0.0804751
0.0824846
0.0844098
0.086245
0.0879851
0.0896262
0.0911648
0.0925968
0.0939179
0.0951246
0.0962148
0.0971866
0.0980384
0.0987693
0.099379
0.0998678
0.100237
0.100489
0.100628
0.100657
0.100579
0.100399
0.100125
0.099763
0.0993238
0.0988167
0.0982532
0.0976465
0.0970109
0.0963617
0.0957147
0.0950865
0.0944939
0.0939545
0.0934856
0.0930888
0.0927603
0.00397723
0.00354377
0.00309556
0.00261583
0.00208836
0.00152474
0.000940884
0.000349621
-0.000235193
-0.000799373
-0.00133075
-0.00181814
-0.00225069
-0.00261869
-0.00291316
-0.00312597
-0.00325028
-0.00327994
-0.00320987
-0.00303586
-0.00275506
-0.00236531
-0.0018652
-0.00125381
-0.000530457
0.000305224
0.00125275
0.00231072
0.00347745
0.00475107
0.00612881
0.00760737
0.00918355
0.0108541
0.0126156
0.0144641
0.0163952
0.0184042
0.0204864
0.0226364
0.0248489
0.0271191
0.0294422
0.0318125
0.034224
0.0366706
0.0391466
0.041646
0.0441631
0.0466913
0.049224
0.0517552
0.0542791
0.0567896
0.0592801
0.0617443
0.0641762
0.0665704
0.0689214
0.0712232
0.0734695
0.075655
0.0777748
0.0798234
0.081795
0.083684
0.0854853
0.0871939
0.0888061
0.0903183
0.0917264
0.0930262
0.0942148
0.0952903
0.0962511
0.0970954
0.0978224
0.098432
0.0989246
0.0993018
0.0995661
0.0997205
0.0997679
0.0997119
0.0995571
0.09931
0.0989785
0.0985703
0.0980943
0.0975606
0.0969809
0.096368
0.0957352
0.0950958
0.0944634
0.0938516
0.0932752
0.0927481
0.0922556
0.09178
0.00513612
0.00453038
0.00396379
0.00340282
0.00281493
0.00220971
0.00159987
0.000995767
0.000408329
-0.000151506
-0.000673026
-0.0011462
-0.00156184
-0.00191157
-0.00218723
-0.00238125
-0.00248749
-0.00250065
-0.00241632
-0.00223087
-0.00194142
-0.0015458
-0.00104281
-0.000431662
0.000288492
0.00111785
0.00205581
0.0031014
0.00425327
0.0055093
0.00686656
0.00832183
0.0098724
0.0115154
0.0132472
0.0150638
0.0169611
0.0189346
0.0209793
0.0230901
0.0252622
0.027491
0.0297716
0.0320985
0.0344654
0.0368666
0.039297
0.0417508
0.0442218
0.0467035
0.0491897
0.0516749
0.0541534
0.0566186
0.0590641
0.061484
0.0638727
0.0662246
0.0685342
0.0707953
0.0730021
0.0751496
0.0772331
0.079247
0.0811854
0.083043
0.0848148
0.0864963
0.0880836
0.0895731
0.0909604
0.0922419
0.0934147
0.0944775
0.0954286
0.0962665
0.0969902
0.0975996
0.0980955
0.0984792
0.0987528
0.0989191
0.0989808
0.0989414
0.0988054
0.0985792
0.0982695
0.0978832
0.0974279
0.0969124
0.0963474
0.0957442
0.0951141
0.0944684
0.0938181
0.0931737
0.0925478
0.0919519
0.0913553
0.0907274
0.00631275
0.00553963
0.00485268
0.00420543
0.00355048
0.00289423
0.00224845
0.00162144
0.00102087
0.000455394
-6.5705e-05
-0.00053386
-0.000941189
-0.0012801
-0.00154349
-0.0017248
-0.00181836
-0.00181962
-0.00172463
-0.00153045
-0.00123457
-0.000835072
-0.000330584
0.000279908
0.000997077
0.00182086
0.0027506
0.00378563
0.00492465
0.00616518
0.00750446
0.00893981
0.0104685
0.0120875
0.0137935
0.0155825
0.0174504
0.0193928
0.0214048
0.0234814
0.0256184
0.0278113
0.030055
0.0323436
0.0346714
0.0370334
0.0394243
0.0418381
0.0442686
0.0467097
0.0491557
0.0516009
0.0540397
0.0564653
0.0588718
0.0612536
0.063605
0.0659203
0.0681939
0.0704198
0.0725925
0.0747073
0.0767595
0.0787435
0.0806533
0.082484
0.0842309
0.0858894
0.0874557
0.0889257
0.0902954
0.0915612
0.0927209
0.0937731
0.0947162
0.0955486
0.0962695
0.0968789
0.0973775
0.0977661
0.0980466
0.0982214
0.0982935
0.0982662
0.0981438
0.097932
0.0976368
0.097264
0.09682
0.0963127
0.0957517
0.0951472
0.0945086
0.0938453
0.0931658
0.0924783
0.0917938
0.0911217
0.090417
0.0896366
0.00748115
0.00654724
0.0057411
0.00500556
0.00427815
0.00356485
0.00287583
0.00221702
0.00159443
0.0010151
0.000486351
1.52688e-05
-0.000390981
-0.000725605
-0.000982556
-0.00115634
-0.00124202
-0.00123557
-0.00113358
-0.000933408
-0.000633118
-0.000231187
0.000273919
0.000883329
0.00159738
0.00241607
0.00333902
0.00436524
0.00549318
0.00672046
0.00804439
0.00946273
0.0109729
0.0125716
0.0142555
0.0160209
0.0178638
0.0197793
0.021763
0.0238106
0.0259179
0.02808
0.0302917
0.0325475
0.0348422
0.0371707
0.0395277
0.0419071
0.044303
0.0467095
0.0491211
0.0515323
0.0539371
0.0563291
0.0587025
0.061052
0.0633719
0.0656562
0.0678992
0.0700953
0.0722393
0.0743267
0.0763526
0.0783112
0.080197
0.0820053
0.0837315
0.0853711
0.0869198
0.0883737
0.0897289
0.090982
0.0921312
0.0931748
0.0941115
0.0949396
0.0956583
0.0962675
0.0967679
0.0971599
0.0974452
0.097626
0.0977052
0.0976858
0.097572
0.0973689
0.0970814
0.0967145
0.0962735
0.0957657
0.0951999
0.0945848
0.0939284
0.093238
0.0925203
0.0917817
0.0910319
0.0902793
0.0894652
0.0885354
0.00862001
0.00753312
0.00661103
0.0057855
0.00498291
0.00420844
0.00347044
0.00277315
0.0021216
0.00152126
0.000977869
0.000497494
8.63164e-05
-0.000249841
-0.000505658
-0.000676481
-0.000758417
-0.000747876
-0.000642082
-0.000438763
-0.000136225
0.000266951
0.000772075
0.00138007
0.00209113
0.00290535
0.00382264
0.0048416
0.00596007
0.00717616
0.00848768
0.00989201
0.0113865
0.0129683
0.014634
0.0163797
0.0182013
0.0200943
0.0220546
0.024078
0.0261603
0.0282966
0.0304815
0.0327099
0.034977
0.0372776
0.0396064
0.041957
0.044324
0.0467019
0.0490851
0.0514679
0.0538445
0.0562087
0.058555
0.0608781
0.063172
0.0654306
0.0676485
0.0698204
0.0719411
0.0740062
0.0760106
0.0779486
0.0798149
0.0816051
0.0833147
0.0849389
0.0864736
0.0879146
0.0892585
0.090502
0.0916431
0.0926805
0.0936124
0.0944371
0.0951539
0.0957628
0.0962641
0.0966584
0.0969467
0.0971312
0.0972144
0.0971993
0.0970897
0.0968898
0.0966038
0.0962358
0.0957908
0.0952755
0.0946975
0.0940641
0.0933819
0.0926567
0.0918938
0.0910981
0.0902788
0.0894435
0.0885207
0.0874459
0.00971273
0.00848069
0.00744557
0.00653087
0.0056517
0.00481245
0.0040212
0.00328078
0.00259474
0.00196737
0.00140369
0.000908826
0.000487652
0.000145102
-0.000114234
-0.000286408
-0.000368224
-0.000356821
-0.000249975
-4.59501e-05
0.000256929
0.00066021
0.00116467
0.00177083
0.00247936
0.00329023
0.00420268
0.0052154
0.0063264
0.00753362
0.00883504
0.0102282
0.0117104
0.0132785
0.0149294
0.0166592
0.0184634
0.0203382
0.0222796
0.0242837
0.0263458
0.0284609
0.030624
0.0328305
0.0350754
0.0373536
0.0396594
0.0419869
0.0443309
0.046686
0.0490466
0.0514067
0.0537608
0.056103
0.058428
0.0607303
0.0630036
0.065242
0.0674403
0.0695934
0.0716963
0.0737441
0.0757318
0.0776539
0.0795052
0.0812814
0.0829782
0.0845908
0.0861147
0.0875463
0.088882
0.0901189
0.0912547
0.0922878
0.0932162
0.0940384
0.0947537
0.0953622
0.0958642
0.0962596
0.0965495
0.0967356
0.0968202
0.096806
0.0966964
0.0964947
0.0962048
0.0958302
0.0953756
0.0948467
0.0942503
0.0935923
0.0928778
0.0921117
0.0912982
0.0904414
0.0895501
0.0886311
0.0876011
0.0863867
0.0107456
0.00937498
0.00823093
0.00722875
0.00627197
0.0053658
0.00451837
0.00373113
0.00300628
0.00234745
0.00175888
0.0012449
0.00080946
0.000456498
0.000189704
1.23669e-05
-7.26103e-05
-6.33644e-05
4.19175e-05
0.000244831
0.000546724
0.000948838
0.00145196
0.0020564
0.00276275
0.00357101
0.00447985
0.00548756
0.00659269
0.00779344
0.0090874
0.010472
0.0119448
0.0135027
0.0151424
0.0168596
0.0186505
0.0205114
0.0224386
0.0244278
0.0264743
0.0285729
0.0307195
0.0329093
0.0351373
0.0373983
0.0396865
0.0419965
0.0443233
0.0466614
0.0490048
0.0513479
0.0536852
0.0560113
0.0583206
0.0606075
0.0628657
0.0650893
0.0672735
0.0694134
0.0715036
0.0735392
0.075515
0.0774257
0.0792664
0.0810329
0.0827208
0.0843251
0.0858418
0.0872672
0.0885981
0.0898314
0.0909643
0.091995
0.0929213
0.0937419
0.0944563
0.0950647
0.095567
0.0959629
0.096253
0.0964388
0.0965224
0.0965062
0.0963927
0.0961851
0.0958868
0.0955012
0.0950322
0.0944849
0.0938647
0.0931765
0.0924247
0.091613
0.0907453
0.0898246
0.0888597
0.0878567
0.0867219
0.0853736
0.011707
0.0102045
0.00895532
0.00786659
0.00683269
0.00585869
0.00495276
0.00411575
0.00334914
0.00265565
0.00203855
0.00150155
0.00104806
0.000681078
0.000403512
0.000217902
0.000126595
0.000131079
0.000232579
0.000432666
0.000732554
0.0011327
0.00163384
0.00223686
0.00294182
0.00374792
0.00465393
0.0056584
0.00675977
0.00795606
0.00924492
0.0106239
0.0120904
0.0136414
0.015273
0.0169814
0.0187631
0.0206147
0.022532
0.0245107
0.0265458
0.028633
0.0307681
0.0329464
0.0351626
0.0374114
0.0396876
0.0419859
0.0443012
0.0466278
0.0489596
0.0512913
0.0536176
0.0559332
0.0582324
0.0605093
0.0627576
0.064972
0.0671477
0.0692797
0.0713624
0.0733906
0.0753594
0.0772634
0.0790981
0.0808591
0.0825419
0.0841416
0.0856544
0.0870772
0.0884065
0.0896389
0.0907712
0.0918011
0.0927268
0.093547
0.0942615
0.0948702
0.0953726
0.0957682
0.0960572
0.0962411
0.0963215
0.0963004
0.09618
0.0959631
0.0956529
0.0952523
0.0947649
0.0941947
0.0935463
0.0928237
0.0920304
0.0911698
0.0902451
0.0892587
0.0882193
0.0871327
0.0858959
0.0844193
0.0125877
0.0109594
0.00960801
0.00843455
0.00732431
0.00628201
0.00531613
0.00442728
0.00361655
0.00288581
0.00223743
0.0016744
0.00119956
0.000815331
0.00052405
0.000327577
0.000227152
0.000224487
0.000320735
0.000516642
0.000813079
0.00121079
0.00171032
0.00231212
0.00301592
0.00382069
0.00472516
0.00572804
0.00682757
0.00802164
0.00930799
0.0106842
0.0121476
0.0136946
0.0153217
0.0170252
0.0188019
0.0206483
0.02256
0.0245324
0.026561
0.0286417
0.0307704
0.0329421
0.0351515
0.0373935
0.0396632
0.0419554
0.0442647
0.0465852
0.048911
0.0512369
0.053558
0.0558688
0.0581633
0.0604354
0.0626794
0.0648901
0.0670627
0.069192
0.0712722
0.073298
0.0752645
0.0771668
0.079
0.0807597
0.0824412
0.0840401
0.0855528
0.0869764
0.0883071
0.0895409
0.0906746
0.0917056
0.0926324
0.0934537
0.0941693
0.0947787
0.095281
0.0956755
0.0959623
0.0961426
0.0962179
0.0961895
0.0960596
0.0958307
0.0955055
0.0950867
0.0945772
0.0939803
0.0933
0.0925394
0.0917016
0.0907896
0.0898059
0.0887525
0.0876381
0.0864689
0.0851329
0.0835335
0.0133795
0.0116305
0.0101805
0.00892404
0.00773795
0.00662753
0.00560119
0.00465921
0.0038023
0.00303205
0.00235008
0.00175845
0.00125963
0.000855615
0.000547828
0.000337762
0.000226437
0.000214928
0.000304242
0.000494866
0.00078723
0.00118221
0.00168035
0.00228132
0.00298441
0.00378876
0.00469321
0.00569621
0.00679585
0.00799008
0.00927667
0.0106531
0.0121161
0.0136624
0.0152884
0.0169912
0.0187671
0.0206125
0.0225226
0.0244931
0.0265201
0.0285994
0.0307266
0.0328966
0.0351043
0.0373449
0.0396137
0.0419053
0.0442139
0.0465337
0.048859
0.0511849
0.0535065
0.0558179
0.0581129
0.0603858
0.062631
0.0648435
0.0670183
0.0691499
0.0712324
0.0732606
0.07523
0.0771353
0.0789716
0.0807342
0.0824185
0.0840204
0.0855368
0.0869643
0.0882991
0.0895368
0.0906738
0.0917081
0.0926378
0.0934619
0.0941796
0.0947899
0.0952919
0.0956846
0.0959682
0.0961437
0.0962122
0.0961749
0.0960334
0.0957901
0.0954472
0.0950071
0.0944722
0.0938456
0.0931303
0.0923291
0.0914445
0.090479
0.0894349
0.0883137
0.0871244
0.0858738
0.0844413
0.082724
0.0140752
0.0122105
0.0106654
0.00932738
0.00806619
0.00688785
0.00580091
0.00480507
0.00390049
0.00308866
0.00237099
0.00174875
0.00122364
0.00079741
0.000470996
0.00024515
0.000121176
9.96204e-05
0.000180775
0.000365118
0.00065327
0.00104575
0.00154252
0.00214289
0.0028461
0.00365137
0.00455735
0.00556221
0.00666407
0.00786101
0.0091506
0.0105299
0.0119955
0.0135444
0.0151734
0.0168794
0.0186586
0.0205068
0.0224197
0.0243932
0.0264234
0.0285061
0.0306366
0.0328099
0.0350212
0.0372659
0.0395392
0.0418353
0.0441485
0.046473
0.0488036
0.0511353
0.0534628
0.05578
0.0580809
0.0603601
0.062612
0.0648316
0.0670136
0.0691523
0.0712419
0.0732776
0.0752547
0.0771679
0.0790118
0.0807816
0.0824729
0.0840819
0.0856055
0.0870402
0.0883817
0.0896256
0.0907685
0.0918082
0.092743
0.0935713
0.094292
0.0949037
0.0954053
0.0957959
0.0960757
0.0962456
0.0963063
0.0962586
0.0961038
0.0958439
0.0954808
0.0950168
0.0944541
0.0937953
0.0930428
0.0921988
0.0912654
0.090245
0.0891395
0.0879502
0.0866865
0.0853554
0.083829
0.081998
0.0146692
0.0126931
0.0110555
0.00963794
0.0083027
0.0070566
0.00590867
0.00485821
0.00390502
0.00305005
0.00229465
0.00163994
0.00108676
0.000636109
0.000289097
4.6272e-05
-9.17908e-05
-0.000124794
-5.25932e-05
0.000125256
0.000409253
0.000799296
0.0012948
0.00189513
0.00259963
0.00340725
0.00431631
0.00532496
0.00643146
0.00763372
0.00892891
0.0103138
0.0117852
0.0133404
0.0149763
0.0166895
0.0184757
0.0203309
0.022251
0.0242323
0.0262708
0.0283616
0.0305002
0.0326819
0.0349022
0.0371564
0.0394394
0.0417453
0.0440683
0.0464031
0.0487446
0.0510875
0.0534262
0.0557546
0.0580669
0.0603577
0.0626217
0.0648535
0.0670475
0.069198
0.0712998
0.073348
0.0753378
0.0772635
0.0791195
0.0809009
0.0826036
0.0842238
0.0857581
0.0872031
0.0885541
0.0898069
0.0909583
0.092006
0.0929479
0.0937821
0.0945066
0.0951203
0.0956217
0.0960104
0.0962864
0.0964504
0.0965026
0.0964434
0.0962737
0.0959953
0.0956102
0.0951204
0.094528
0.093835
0.0930433
0.0921547
0.0911709
0.0900945
0.0889271
0.0876695
0.0863318
0.0849213
0.0833032
0.081362
0.0151577
0.0130728
0.011345
0.00984965
0.00844132
0.00712759
0.00591826
0.00481246
0.00380962
0.00291041
0.0021158
0.00142664
0.000843567
0.000367153
-1.87455e-06
-0.000262954
-0.000416237
-0.000461561
-0.000398627
-0.000227204
5.26009e-05
0.000440202
0.000934931
0.00153624
0.00224329
0.00305464
0.00396852
0.00498321
0.00609687
0.00730694
0.00861026
0.0100036
0.0114844
0.0130497
0.0146963
0.0164202
0.0182174
0.020084
0.0220162
0.0240102
0.0260614
0.0281651
0.0303169
0.0325123
0.034747
0.037016
0.0393138
0.0416346
0.043973
0.0463237
0.0486816
0.051041
0.0533961
0.055741
0.0580701
0.0603782
0.0626595
0.0649083
0.0671191
0.0692866
0.0714055
0.0734711
0.0754783
0.0774211
0.0792937
0.0810913
0.0828097
0.0844452
0.0859942
0.0874527
0.0888163
0.090081
0.0912437
0.0923018
0.0932529
0.0940944
0.094824
0.0954404
0.0959426
0.09633
0.0966026
0.0967606
0.0968037
0.0967319
0.096546
0.0962477
0.0958392
0.0953224
0.0946986
0.0939697
0.0931369
0.0922021
0.0911669
0.0900337
0.0888038
0.087478
0.0860665
0.0845776
0.0828695
0.0808212
0.0155363
0.0133451
0.0115289
0.00995668
0.00847604
0.00709489
0.00582367
0.00466176
0.00360834
0.00266377
0.00182868
0.00110361
0.000489148
-1.41644e-05
-0.000406157
-0.000686734
-0.000856008
-0.000913853
-0.000860181
-0.000695276
-0.000419749
-3.42606e-05
0.00046062
0.00106411
0.00177494
0.00259156
0.00351235
0.0045355
0.00565869
0.00687892
0.00819306
0.00959827
0.011092
0.0126711
0.014332
0.0160704
0.0178827
0.0197653
0.0217144
0.0237256
0.0257942
0.0279158
0.030086
0.0323007
0.034555
0.0368438
0.0391616
0.0415027
0.0438621
0.0462344
0.048614
0.0509951
0.0533719
0.0557388
0.0580904
0.060421
0.0627247
0.0649955
0.0672282
0.0694176
0.0715588
0.0736468
0.075676
0.0776404
0.0795342
0.0813525
0.0830912
0.0847461
0.0863135
0.0877892
0.0891688
0.0904486
0.0916254
0.0926965
0.0936587
0.094509
0.0952452
0.0958657
0.0963699
0.096757
0.0970268
0.0971787
0.0972121
0.0971269
0.0969239
0.0966051
0.0961724
0.0956273
0.0949708
0.094204
0.0933286
0.0923462
0.0912586
0.0900679
0.0887752
0.0873808
0.0858956
0.0843289
0.0825323
0.0803791
0.015801
0.013506
0.0116024
0.00995383
0.00840103
0.00695258
0.00561911
0.0044002
0.00329528
0.00230427
0.00142749
0.000665497
1.87885e-05
-0.000512472
-0.000928362
-0.00122914
-0.00141465
-0.00148496
-0.00144061
-0.00128237
-0.00101088
-0.000626681
-0.000130572
0.000476208
0.00119223
0.00201607
0.00294607
0.00397995
0.00511485
0.00634775
0.00767582
0.00909644
0.0106067
0.0122031
0.0138817
0.0156387
0.0174706
0.0193739
0.0213443
0.0233772
0.0254681
0.0276126
0.0298067
0.0320459
0.0343251
0.0366388
0.0389819
0.0413491
0.0437352
0.0461345
0.0485411
0.0509492
0.0533532
0.0557477
0.0581272
0.0604857
0.0628169
0.065115
0.0673748
0.0695915
0.0717599
0.073875
0.0759309
0.0779214
0.0798409
0.0816846
0.0834481
0.0851267
0.0867164
0.088213
0.0896123
0.0909106
0.0921045
0.0931909
0.0941663
0.0950273
0.0957718
0.0963984
0.0969062
0.0972942
0.0975616
0.0977074
0.0977309
0.0976319
0.0974117
0.0970721
0.0966146
0.0960401
0.0953494
0.0945434
0.093624
0.0925929
0.0914519
0.0902029
0.0888465
0.087383
0.0858242
0.08418
0.0822957
0.0800393
0.0159483
0.0135506
0.0115606
0.00983596
0.00821068
0.00669457
0.00529872
0.00402221
0.00286467
0.0018262
0.000906938
0.000107305
-0.000572441
-0.00113247
-0.00157291
-0.00189393
-0.00209563
-0.00217857
-0.00214369
-0.00199186
-0.00172363
-0.00133973
-0.000841379
-0.000230034
0.000493008
0.00132629
0.00226765
0.00331427
0.0044632
0.0057117
0.00705716
0.00849664
0.0100268
0.0116437
0.0133439
0.0151237
0.0169798
0.0189082
0.0209044
0.0229636
0.0250818
0.0272547
0.0294779
0.0317468
0.0340558
0.0363998
0.0387739
0.041173
0.0435913
0.046023
0.0484619
0.0509025
0.0533394
0.0557672
0.0581801
0.0605717
0.0629357
0.0652664
0.0675589
0.0698082
0.072009
0.0741559
0.076243
0.0782642
0.0802142
0.082088
0.0838807
0.0855873
0.0872035
0.088725
0.0901477
0.0914677
0.0926818
0.0937862
0.0947771
0.0956511
0.0964062
0.0970409
0.0975541
0.0979442
0.0982098
0.0983498
0.0983635
0.0982513
0.0980142
0.0976538
0.097171
0.0965661
0.0958398
0.0949935
0.0940291
0.0929484
0.091753
0.0904445
0.0890234
0.0874903
0.0858574
0.0841357
0.0821641
0.0798051
0.0159745
0.0134746
0.0113984
0.00959773
0.0078998
0.00631539
0.0048566
0.00352195
0.00231097
0.00122428
0.000261988
-0.000575942
-0.00128952
-0.00187872
-0.00234378
-0.00268494
-0.00290294
-0.00299868
-0.00297308
-0.00282691
-0.00256097
-0.0021764
-0.00167463
-0.00105699
-0.000324802
0.000519994
0.00147463
0.00253613
0.00370186
0.0049693
0.00633551
0.00779705
0.00935023
0.0109914
0.0127173
0.0145244
0.016409
0.0183667
0.020393
0.0224836
0.0246342
0.0268406
0.0290981
0.0314015
0.0337457
0.0361256
0.0385366
0.0409731
0.0434292
0.0458985
0.0483752
0.050854
0.0533295
0.0557962
0.0582479
0.060678
0.0630804
0.0654495
0.0677803
0.0700677
0.0723059
0.0744894
0.0766123
0.0786691
0.0806544
0.082563
0.0843894
0.0861284
0.0877752
0.0893257
0.0907756
0.092121
0.0933583
0.0944835
0.0954926
0.0963824
0.0971506
0.0977957
0.0983159
0.0987092
0.0989738
0.0991087
0.0991137
0.098989
0.0987357
0.0983545
0.0978457
0.0972096
0.096447
0.0955596
0.0945493
0.0934179
0.0921669
0.0907976
0.0893107
0.0877069
0.0859993
0.0841997
0.0821406
0.0796789
0.0158762
0.013274
0.0111111
0.00923427
0.00746345
0.00580998
0.00428717
0.00289376
0.00162897
0.000493485
-0.000512565
-0.00138942
-0.00213712
-0.00275555
-0.00324513
-0.00360661
-0.00384104
-0.00394933
-0.00393229
-0.00379089
-0.00352631
-0.00313992
-0.00263306
-0.00200706
-0.00126372
-0.000405612
0.000564305
0.00164335
0.00282911
0.00411878
0.00550887
0.00699557
0.0085753
0.0102448
0.0120007
0.0138393
0.0157565
0.0177478
0.0198089
0.0219358
0.0241241
0.026369
0.0286656
0.0310087
0.0333934
0.0358151
0.0382686
0.040748
0.0432471
0.0457596
0.0482798
0.0508026
0.0533225
0.0558336
0.0583295
0.0608037
0.0632503
0.0656637
0.0680387
0.0703695
0.0726502
0.0748753
0.0770393
0.0791368
0.0811623
0.0831103
0.0849749
0.0867505
0.0884323
0.0900159
0.091497
0.0928715
0.0941353
0.0952844
0.0963147
0.0972231
0.0980072
0.0986648
0.0991936
0.0995914
0.0998563
0.0999875
0.0999849
0.0998488
0.0995796
0.0991774
0.0986423
0.0979745
0.0971752
0.0962461
0.0951891
0.0940058
0.0926975
0.091266
0.0897119
0.0880361
0.0862528
0.0843744
0.0822272
0.0796622
0.0156506
0.0129452
0.0106947
0.00874085
0.00689648
0.00517317
0.0035854
0.00213253
0.000813447
-0.000371496
-0.00142201
-0.00233812
-0.00311986
-0.00376756
-0.00428186
-0.00466386
-0.00491449
-0.00503461
-0.00502526
-0.00488774
-0.00462341
-0.00423356
-0.00371956
-0.00308325
-0.00232705
-0.00145373
-0.000465965
0.000633774
0.0018428
0.00315774
0.00457473
0.00609
0.00770027
0.0094023
0.0111924
0.0130665
0.0150204
0.0170498
0.0191508
0.0213191
0.0235499
0.0258381
0.0281787
0.0305669
0.0329979
0.0354669
0.0379683
0.0404959
0.0430434
0.0456048
0.0481745
0.0507472
0.0533171
0.0558781
0.0584238
0.0609482
0.063445
0.0659088
0.0683335
0.0707132
0.0730418
0.0753139
0.0775244
0.0796679
0.0817388
0.0837309
0.0856381
0.0874548
0.0891759
0.090797
0.0923135
0.0937208
0.0950146
0.0961909
0.0972458
0.0981759
0.0989784
0.0996507
0.10019
0.100594
0.100861
0.10099
0.100981
0.100835
0.10055
0.100126
0.0995649
0.0988654
0.0980291
0.0970576
0.0959528
0.0947161
0.0933491
0.0918536
0.0902307
0.0884815
0.086621
0.0846629
0.0824261
0.0797568
0.0152944
0.0124848
0.0101453
0.00811283
0.00619381
0.00440003
0.00274655
0.00123325
-0.00014101
-0.00137606
-0.00247139
-0.0034269
-0.0042429
-0.00492011
-0.00545939
-0.00586169
-0.00612788
-0.00625903
-0.00625652
-0.00612179
-0.00585612
-0.00546085
-0.00493785
-0.00428958
-0.00351869
-0.00262767
-0.00161898
-0.000495362
0.000739906
0.00208306
0.00353028
0.00507805
0.00672307
0.00846176
0.0102901
0.0122037
0.0141988
0.0162713
0.0184171
0.0206317
0.0229098
0.0252462
0.027636
0.0300748
0.0325577
0.0350794
0.037634
0.0402152
0.0428168
0.0454329
0.048058
0.0506864
0.0533119
0.0559285
0.0585301
0.0611106
0.0636639
0.0661838
0.068664
0.0710982
0.0734805
0.0758056
0.0780685
0.0802635
0.0823848
0.0844259
0.0863804
0.0882428
0.090008
0.0916711
0.0932271
0.0946712
0.0959989
0.0972061
0.0982889
0.0992437
0.100067
0.100757
0.101309
0.101721
0.101992
0.102121
0.102108
0.101951
0.101651
0.101207
0.100619
0.0998877
0.099014
0.0979994
0.0968456
0.0955542
0.0941268
0.0925656
0.090872
0.0890476
0.0871085
0.0850689
0.0827411
0.0799652
0.0148041
0.0118889
0.00945894
0.00734605
0.00535097
0.00348576
0.00176557
0.000190587
-0.00123982
-0.00252541
-0.00366585
-0.00466118
-0.00551202
-0.00621904
-0.00678315
-0.0072052
-0.00748627
-0.00762772
-0.007631
-0.00749752
-0.00722865
-0.00682621
-0.00629265
-0.00563066
-0.00484267
-0.00393096
-0.00289825
-0.00174785
-0.000483465
0.000891178
0.0023725
0.00395696
0.00564085
0.00742014
0.00929064
0.0112483
0.0132895
0.0154102
0.0176058
0.0198713
0.0222015
0.0245912
0.027036
0.029531
0.0320712
0.0346508
0.0372638
0.0399042
0.0425658
0.0452427
0.0479291
0.0506187
0.0533056
0.0559837
0.0586473
0.0612902
0.063906
0.0664879
0.0690295
0.0715242
0.0739664
0.0763509
0.0786722
0.0809244
0.0831013
0.0851964
0.0872034
0.0891166
0.0909307
0.0926405
0.0942405
0.0957256
0.0970912
0.0983331
0.0994474
0.10043
0.101278
0.101987
0.102555
0.102978
0.103256
0.103386
0.103369
0.103203
0.102888
0.102424
0.10181
0.101047
0.100135
0.0990767
0.0978729
0.0965253
0.0950359
0.0934072
0.0916411
0.0897397
0.08772
0.0855969
0.083176
0.0802906
0.0141766
0.0111536
0.00863157
0.00643662
0.00436349
0.00242519
0.000636963
-0.00100082
-0.00248827
-0.00382507
-0.00501127
-0.00604718
-0.00693328
-0.00767015
-0.00825868
-0.00869995
-0.00899528
-0.00914606
-0.00915372
-0.00901979
-0.00874609
-0.00833501
-0.00778921
-0.00711119
-0.00630317
-0.00536774
-0.00430818
-0.00312822
-0.0018315
-0.000421561
0.001098
0.00272322
0.00444991
0.00627383
0.00819098
0.0101976
0.0122899
0.0144636
0.0167138
0.0190351
0.0214226
0.0238713
0.0263766
0.0289334
0.0315361
0.0341789
0.0368559
0.0395613
0.042289
0.0450326
0.0477859
0.0505427
0.053297
0.0560429
0.0587747
0.0614862
0.0641703
0.0668202
0.0694291
0.0719908
0.0744996
0.0769499
0.0793357
0.0816509
0.0838889
0.0860434
0.0881083
0.0900777
0.091946
0.0937074
0.0953559
0.0968863
0.098294
0.0995747
0.100724
0.101738
0.102613
0.103345
0.103931
0.104369
0.104655
0.104788
0.104769
0.104595
0.104266
0.103782
0.103143
0.102347
0.101397
0.100294
0.0990392
0.0976341
0.096081
0.0943829
0.0925424
0.090562
0.0884595
0.0862505
0.0837333
0.0807349
0.0134092
0.010275
0.00765882
0.00537997
0.00322643
0.00121287
-0.000644821
-0.00234643
-0.00389203
-0.00528125
-0.00651423
-0.00759131
-0.00851278
-0.00927933
-0.00989194
-0.0103519
-0.0106607
-0.0108195
-0.01083
-0.0106942
-0.0104143
-0.00999298
-0.00943269
-0.00873577
-0.00790477
-0.00694288
-0.00585376
-0.00464108
-0.00330829
-0.00185895
-0.000297129
0.00137274
0.00314622
0.0050192
0.00698789
0.0090485
0.0111969
0.0134285
0.0157381
0.0181205
0.0205709
0.0230843
0.0256557
0.0282795
0.0309501
0.0336618
0.0364087
0.0391852
0.0419849
0.044801
0.0476271
0.050457
0.0532849
0.056105
0.0589114
0.0616974
0.0644558
0.0671797
0.0698624
0.0724976
0.0750795
0.077602
0.0800585
0.0824425
0.0847475
0.0869674
0.089096
0.0911273
0.0930552
0.0948731
0.0965749
0.0981553
0.0996096
0.100933
0.102122
0.103171
0.104077
0.104836
0.105443
0.105897
0.106194
0.106333
0.106312
0.106132
0.10579
0.105287
0.104622
0.103794
0.102805
0.101657
0.100349
0.0988854
0.0972669
0.0954976
0.0935806
0.0915189
0.0893309
0.0870331
0.0844157
0.0813002
0.0124997
0.00924959
0.00653584
0.00417075
0.00193453
-0.000156521
-0.00208541
-0.00385234
-0.00545757
-0.00690057
-0.00818124
-0.00929982
-0.0102567
-0.0110528
-0.0116892
-0.0121672
-0.0124883
-0.0126538
-0.0126659
-0.0125269
-0.0122393
-0.0118055
-0.011228
-0.0105093
-0.00965262
-0.00866158
-0.00753979
-0.00629069
-0.00491778
-0.00342506
-0.00181712
-9.86459e-05
0.00172601
0.00365291
0.00567822
0.00779781
0.0100072
0.0123015
0.0146757
0.017125
0.0196441
0.0222279
0.0248708
0.0275671
0.0303113
0.0330977
0.0359207
0.0387743
0.0416518
0.0445463
0.0474512
0.0503606
0.0532685
0.0561693
0.0590564
0.061923
0.0647617
0.0675659
0.0703289
0.0730444
0.0757059
0.0783068
0.0808401
0.0832991
0.0856774
0.087969
0.0901675
0.0922665
0.0942594
0.0961391
0.0978995
0.099535
0.101041
0.102412
0.103645
0.104733
0.105674
0.106462
0.107094
0.107567
0.107877
0.108024
0.108005
0.10782
0.107466
0.106944
0.106253
0.105393
0.104365
0.10317
0.10181
0.100285
0.0985995
0.0967572
0.0947615
0.0926157
0.090339
0.0879485
0.0852267
0.0819889
0.0114447
0.00807326
0.00525772
0.00280357
0.00048246
-0.00168844
-0.00369092
-0.00552523
-0.00719174
-0.00868963
-0.0100186
-0.011179
-0.0121716
-0.012997
-0.0136567
-0.0141519
-0.0144841
-0.0146553
-0.0146679
-0.0145242
-0.0142267
-0.0137778
-0.0131801
-0.012437
-0.0115521
-0.0105288
-0.00937066
-0.00808113
-0.00666413
-0.00512419
-0.00346617
-0.00169472
0.000185955
0.00217184
0.00425874
0.00644217
0.00871742
0.0110798
0.0135243
0.0160461
0.0186398
0.0212995
0.0240194
0.0267941
0.0296178
0.0324852
0.0353904
0.0383271
0.0412884
0.0442673
0.0472574
0.0502527
0.0532473
0.056235
0.059209
0.0621623
0.0650878
0.0679788
0.0708288
0.0736311
0.0763786
0.0790642
0.0816806
0.084221
0.0866794
0.0890492
0.091324
0.0934967
0.0955603
0.0975075
0.099332
0.101028
0.102591
0.104015
0.105296
0.106428
0.107407
0.108229
0.108889
0.109384
0.109711
0.109868
0.109853
0.109664
0.109299
0.108759
0.108042
0.10715
0.106083
0.104841
0.103425
0.101839
0.100085
0.0981673
0.0960904
0.0938573
0.0914881
0.0890006
0.0861698
0.0828037
0.0102399
0.0067417
0.00381979
0.00127314
-0.00113567
-0.00338917
-0.005468
-0.0073719
-0.00910116
-0.0106549
-0.012033
-0.0132357
-0.014264
-0.0151186
-0.0158008
-0.0163123
-0.0166549
-0.0168308
-0.0168424
-0.016692
-0.016382
-0.0159152
-0.0152948
-0.0145247
-0.0136083
-0.0125491
-0.0113506
-0.0100167
-0.00855176
-0.00696067
-0.0052482
-0.00341891
-0.00147714
0.000572729
0.00272609
0.00497827
0.00732467
0.00976069
0.0122814
0.0148815
0.0175553
0.0202965
0.0230993
0.0259582
0.0288679
0.0318225
0.0348161
0.0378419
0.0408931
0.0439627
0.0470446
0.0501327
0.0532205
0.0563015
0.0593687
0.0624152
0.0654341
0.0684188
0.0713625
0.074258
0.077098
0.0798746
0.0825807
0.0852095
0.0877546
0.0902095
0.0925669
0.0948194
0.0969597
0.0989804
0.100875
0.102638
0.104263
0.105746
0.10708
0.10826
0.109282
0.110141
0.110833
0.111354
0.111701
0.111871
0.111861
0.11167
0.111295
0.110737
0.109996
0.109072
0.107964
0.106674
0.105202
0.103552
0.101728
0.0997329
0.0975718
0.0952479
0.092782
0.0901931
0.0872481
0.0837474
0.00888046
0.00525018
0.00221723
-0.000426201
-0.00292641
-0.00526559
-0.00742337
-0.00939894
-0.0111925
-0.0128033
-0.0142313
-0.0154769
-0.0165409
-0.0174243
-0.0181287
-0.0186559
-0.019008
-0.0191872
-0.0191958
-0.0190362
-0.0187111
-0.0182238
-0.0175782
-0.0167779
-0.0158264
-0.0147272
-0.0134843
-0.0121021
-0.0105853
-0.00893871
-0.00716693
-0.00527471
-0.00326681
-0.00114808
0.0010767
0.00340288
0.00582605
0.00834158
0.0109443
0.0136283
0.0163877
0.0192161
0.0221079
0.0250575
0.0280594
0.0311075
0.0341956
0.0373167
0.0404642
0.0436313
0.0468119
0.0499993
0.0531869
0.0563677
0.0595349
0.0626815
0.0658008
0.068886
0.0719301
0.0749254
0.0778642
0.0807386
0.0835413
0.0862654
0.0889043
0.0914507
0.0938972
0.0962359
0.0984592
0.10056
0.102531
0.104367
0.106061
0.107608
0.109
0.110234
0.111303
0.112204
0.112932
0.113483
0.113852
0.114037
0.114035
0.113843
0.11346
0.112886
0.112121
0.111164
0.110015
0.108675
0.107147
0.105432
0.103534
0.10146
0.0992112
0.0967925
0.0942255
0.0915307
0.0884655
0.0848235
0.00736121
0.00359312
0.000444219
-0.00230068
-0.00489646
-0.00732452
-0.00956372
-0.0116131
-0.0134727
-0.015142
-0.0166209
-0.0179098
-0.0190096
-0.0199218
-0.020648
-0.0211902
-0.0215507
-0.0217314
-0.0217346
-0.0215633
-0.0212206
-0.0207104
-0.0200364
-0.0192022
-0.0182116
-0.0170684
-0.0157773
-0.0143428
-0.0127697
-0.0110626
-0.00922641
-0.00726621
-0.00518728
-0.00299468
-0.000693205
0.00171266
0.00421845
0.00681929
0.00950953
0.0122831
0.0151338
0.0180556
0.0210426
0.0240893
0.0271897
0.0303375
0.0335262
0.0367492
0.0399997
0.0432712
0.0465571
0.0498507
0.0531447
0.0564323
0.0597064
0.0629603
0.0661872
0.06938
0.0725311
0.0756328
0.0786772
0.0816564
0.0845629
0.0873894
0.0901289
0.0927736
0.0953157
0.0977472
0.10006
0.102248
0.104303
0.106218
0.107987
0.109603
0.11106
0.112352
0.113474
0.114422
0.11519
0.115775
0.116171
0.116374
0.116381
0.11619
0.115801
0.115213
0.114424
0.113434
0.112244
0.110854
0.109267
0.107485
0.105513
0.103355
0.101016
0.0984982
0.0958254
0.0930196
0.089828
0.0860371
0.00567665
0.0017642
-0.00150593
-0.00435687
-0.00705232
-0.00957265
-0.0118961
-0.0140218
-0.0159496
-0.0176789
-0.0192097
-0.0205424
-0.0216784
-0.0226193
-0.0233669
-0.0239233
-0.0242903
-0.0244703
-0.024466
-0.0242807
-0.023918
-0.0233817
-0.0226757
-0.0218036
-0.0207699
-0.0195789
-0.0182354
-0.0167442
-0.0151098
-0.0133371
-0.0114314
-0.00939824
-0.00724322
-0.00497142
-0.00258752
-9.60421e-05
0.00249825
0.00519007
0.00797347
0.0108423
0.0137904
0.0168117
0.0199004
0.0230505
0.0262556
0.0295093
0.0328052
0.0361367
0.0394972
0.0428799
0.046278
0.0496844
0.0530917
0.056493
0.0598814
0.0632501
0.0665918
0.0698991
0.0731642
0.0763793
0.0795364
0.0826277
0.0856454
0.0885816
0.0914287
0.0941786
0.0968232
0.0993545
0.101765
0.104046
0.106192
0.108193
0.110044
0.111736
0.113263
0.114619
0.1158
0.1168
0.117614
0.118236
0.118662
0.118886
0.118906
0.118721
0.118327
0.117726
0.116914
0.115891
0.114659
0.113218
0.111571
0.109721
0.107672
0.105428
0.102993
0.100372
0.097589
0.0946662
0.0913419
0.0873929
0.00382111
-0.000243133
-0.0036401
-0.00660158
-0.00940096
-0.0120174
-0.0144285
-0.0166333
-0.0186314
-0.0204223
-0.022006
-0.0233835
-0.0245562
-0.0255257
-0.0262939
-0.0268628
-0.0272346
-0.0274119
-0.027398
-0.0271963
-0.0268106
-0.0262447
-0.0255026
-0.0245888
-0.023508
-0.0222651
-0.0208649
-0.0193119
-0.0176109
-0.0157674
-0.0137871
-0.011676
-0.00943944
-0.00708263
-0.00461027
-0.00202721
0.000661382
0.00344986
0.00633221
0.00930235
0.0123542
0.0154815
0.0186781
0.0219377
0.0252538
0.0286198
0.0320296
0.0354765
0.0389538
0.0424546
0.0459716
0.0494976
0.0530254
0.0565478
0.060058
0.0635487
0.0670124
0.0704415
0.0738279
0.0771638
0.0804414
0.0836524
0.0867886
0.0898418
0.0928037
0.095666
0.0984206
0.101059
0.103575
0.105958
0.108201
0.110296
0.112234
0.114009
0.115613
0.117041
0.118286
0.119344
0.120209
0.120873
0.121332
0.121582
0.121619
0.121441
0.121046
0.120432
0.119598
0.118543
0.117269
0.115776
0.114068
0.112148
0.110018
0.107685
0.105151
0.102422
0.0995226
0.0964767
0.093012
0.0888957
0.00178878
-0.00243546
-0.0059655
-0.00904245
-0.0119504
-0.0146674
-0.0171697
-0.0194564
-0.0215272
-0.0233814
-0.0250196
-0.0264427
-0.0276523
-0.0286499
-0.0294375
-0.0300174
-0.0303922
-0.030565
-0.0305391
-0.0303182
-0.029906
-0.0293065
-0.0285245
-0.027565
-0.0264331
-0.0251337
-0.0236715
-0.0220514
-0.0202787
-0.0183593
-0.0162992
-0.0141044
-0.0117805
-0.00933256
-0.00676567
-0.00408511
-0.00129641
0.00159464
0.00458211
0.00765996
0.0108219
0.0140615
0.0173723
0.0207477
0.0241812
0.0276663
0.0311968
0.034766
0.038367
0.0419925
0.0456352
0.0492879
0.0529434
0.0565945
0.0602339
0.0638541
0.0674472
0.0710053
0.0745207
0.0779853
0.0813912
0.0847298
0.0879923
0.09117
0.0942543
0.0972369
0.100109
0.102864
0.105491
0.107984
0.110332
0.112527
0.114561
0.116426
0.118114
0.11962
0.120938
0.12206
0.12298
0.123691
0.124189
0.124469
0.124526
0.12436
0.123965
0.123341
0.122486
0.121399
0.120083
0.118539
0.116768
0.114774
0.112562
0.110135
0.107498
0.104655
0.101633
0.0984579
0.0948441
0.0905506
-0.000426891
-0.00482006
-0.00849025
-0.0116884
-0.0147101
-0.017532
-0.0201293
-0.0225008
-0.0246468
-0.0265665
-0.0282605
-0.0297299
-0.0309761
-0.032001
-0.0328069
-0.0333964
-0.0337726
-0.0339386
-0.0338979
-0.0336542
-0.0332116
-0.0325748
-0.031749
-0.0307397
-0.029552
-0.0281908
-0.0266613
-0.0249687
-0.0231191
-0.0211184
-0.018973
-0.0166886
-0.0142709
-0.0117256
-0.00905819
-0.0062742
-0.00337934
-0.000379403
0.0027197
0.00591181
0.00919039
0.0125486
0.0159798
0.0194774
0.023035
0.0266461
0.0303042
0.0340026
0.0377339
0.0414909
0.0452663
0.0490529
0.0528436
0.0566308
0.0604069
0.064164
0.0678941
0.0715891
0.0752413
0.0788428
0.0823851
0.0858593
0.0892559
0.0925661
0.095781
0.0988922
0.101891
0.104769
0.107518
0.110127
0.112588
0.114891
0.117028
0.118991
0.120772
0.122364
0.123759
0.124952
0.125933
0.126698
0.12724
0.127554
0.127637
0.127485
0.127094
0.126462
0.125587
0.124471
0.123113
0.121515
0.119681
0.117612
0.115313
0.112788
0.110043
0.107081
0.10393
0.100617
0.0968458
0.092364
-0.00283391
-0.00740555
-0.0112236
-0.0145491
-0.0176898
-0.0206213
-0.0233175
-0.0257773
-0.0280012
-0.0299884
-0.0317393
-0.0332551
-0.0345377
-0.0355892
-0.0364122
-0.03701
-0.0373855
-0.037542
-0.037483
-0.0372128
-0.036736
-0.0360579
-0.0351842
-0.0341203
-0.0328715
-0.031443
-0.0298407
-0.0280704
-0.0261383
-0.0240507
-0.0218136
-0.0194332
-0.0169156
-0.0142667
-0.0114927
-0.00859904
-0.00559158
-0.0024761
0.000741324
0.00405426
0.00745588
0.0109391
0.0144973
0.0181239
0.0218125
0.0255566
0.0293493
0.0331835
0.0370519
0.0409473
0.0448626
0.0487906
0.0527238
0.0566545
0.0605748
0.0644763
0.068351
0.0721909
0.0759883
0.0797349
0.0834219
0.0870398
0.090579
0.0940301
0.0973844
0.100633
0.103767
0.106778
0.109656
0.11239
0.114972
0.117392
0.11964
0.121709
0.123591
0.125276
0.126757
0.128026
0.129076
0.1299
0.130492
0.130847
0.13096
0.130825
0.130441
0.129804
0.128913
0.127767
0.126368
0.124717
0.122817
0.120671
0.118282
0.115656
0.112796
0.109708
0.106421
0.102964
0.0990254
0.0943432
-0.00544165
-0.0102018
-0.0141758
-0.0176351
-0.0209004
-0.0239463
-0.0267456
-0.0292974
-0.0316016
-0.0336579
-0.0354666
-0.0370292
-0.038348
-0.0394254
-0.0402647
-0.0408687
-0.0412408
-0.0413843
-0.0413035
-0.041003
-0.0404882
-0.0397646
-0.038838
-0.0377141
-0.0363986
-0.0348974
-0.0332168
-0.0313632
-0.0293428
-0.0271617
-0.0248266
-0.0223437
-0.0197198
-0.0169613
-0.0140742
-0.0110644
-0.0079375
-0.00469962
-0.00135716
0.00208314
0.00561427
0.00922921
0.0129212
0.0166839
0.0205106
0.0243946
0.0283287
0.0323056
0.036318
0.040359
0.0444216
0.0484984
0.0525815
0.0566631
0.0607348
0.0647884
0.0688158
0.072809
0.0767598
0.0806598
0.0844998
0.08827
0.0919604
0.0955616
0.0990645
0.10246
0.105739
0.108891
0.111906
0.114775
0.117486
0.120031
0.122401
0.124585
0.126575
0.128361
0.129935
0.131289
0.132415
0.133306
0.133954
0.134355
0.134502
0.13439
0.134017
0.133378
0.132472
0.131299
0.12986
0.128156
0.126189
0.123963
0.12148
0.118747
0.115768
0.112547
0.109117
0.105506
0.101391
0.0964964
-0.00826026
-0.0132192
-0.0173574
-0.0209575
-0.0243533
-0.0275189
-0.0304258
-0.0330727
-0.0354598
-0.0375868
-0.0394542
-0.0410641
-0.042419
-0.0435217
-0.0443753
-0.0449831
-0.0453486
-0.0454758
-0.0453695
-0.0450349
-0.0444777
-0.0437036
-0.0427187
-0.0415291
-0.0401412
-0.0385618
-0.0367973
-0.0348542
-0.0327388
-0.0304578
-0.0280179
-0.0254262
-0.0226896
-0.0198149
-0.0168081
-0.0136751
-0.0104219
-0.00705478
-0.00358058
-6.2744e-06
0.00366114
0.00741473
0.0112478
0.0151537
0.0191256
0.0231564
0.0272388
0.0313654
0.0355291
0.0397231
0.0439403
0.0481732
0.0524138
0.0566536
0.0608844
0.0650979
0.0692861
0.0734408
0.0775535
0.0816153
0.0856168
0.0895479
0.0933987
0.0971595
0.100821
0.104373
0.107805
0.111108
0.114271
0.117283
0.120134
0.122814
0.125314
0.127622
0.129729
0.131625
0.1333
0.134747
0.135957
0.136922
0.137634
0.138087
0.138274
0.13819
0.137832
0.137195
0.136278
0.13508
0.133601
0.131844
0.12981
0.1275
0.124921
0.122076
0.118971
0.115611
0.11203
0.108257
0.103954
0.0988334
-0.0113003
-0.016469
-0.0207802
-0.0245283
-0.0280611
-0.0313516
-0.0343703
-0.0371157
-0.0395881
-0.0417874
-0.0437149
-0.0453726
-0.0467632
-0.0478897
-0.0487555
-0.0493642
-0.0497199
-0.0498274
-0.0496917
-0.0493187
-0.048714
-0.0478839
-0.0468348
-0.0455738
-0.044108
-0.0424444
-0.0405896
-0.0385503
-0.0363332
-0.0339454
-0.0313942
-0.0286871
-0.0258313
-0.0228335
-0.0196999
-0.0164366
-0.01305
-0.00954687
-0.00593417
-0.00221894
0.00159186
0.00549139
0.00947282
0.0135292
0.0176533
0.0218379
0.0260756
0.0303592
0.0346817
0.0390361
0.0434155
0.0478119
0.0522172
0.0566228
0.0610205
0.0654021
0.0697593
0.0740838
0.0783667
0.0825989
0.0867706
0.0908718
0.0948924
0.0988224
0.102652
0.10637
0.109966
0.11343
0.116751
0.119916
0.122917
0.125743
0.128382
0.130824
0.133057
0.135072
0.136859
0.138409
0.139711
0.140758
0.141541
0.142052
0.142286
0.142236
0.141898
0.141267
0.140342
0.139121
0.137605
0.135795
0.133692
0.131298
0.128617
0.125656
0.12242
0.118914
0.115173
0.111229
0.106726
0.101365
-0.0145731
-0.0199634
-0.0244567
-0.0283603
-0.0320367
-0.0354575
-0.0385922
-0.0414394
-0.044
-0.0462738
-0.0482624
-0.049968
-0.0513934
-0.0525419
-0.0534173
-0.0540241
-0.0543668
-0.0544508
-0.0542814
-0.0538647
-0.053207
-0.0523149
-0.051196
-0.0498578
-0.0483079
-0.0465535
-0.0446015
-0.0424589
-0.0401332
-0.0376318
-0.0349626
-0.0321333
-0.0291511
-0.0260228
-0.022755
-0.0193543
-0.0158274
-0.0121813
-0.00842311
-0.00455974
-0.000598144
0.00345471
0.00759176
0.0118057
0.0160892
0.0204347
0.0248351
0.0292832
0.0337721
0.0382946
0.0428434
0.0474108
0.0519882
0.0565675
0.0611402
0.0656981
0.0702327
0.0747353
0.0791969
0.0836081
0.0879591
0.0922399
0.0964401
0.100549
0.104557
0.108452
0.112222
0.115858
0.119346
0.122677
0.125839
0.12882
0.13161
0.134195
0.136566
0.13871
0.140619
0.14228
0.143684
0.144822
0.145684
0.146262
0.146549
0.146539
0.146226
0.145607
0.144677
0.143437
0.141885
0.140022
0.137849
0.135368
0.132583
0.129502
0.126128
0.122468
0.118559
0.114434
0.10972
0.104102
-0.018091
-0.0237153
-0.0284006
-0.0324672
-0.0362938
-0.0398506
-0.0431059
-0.0460589
-0.0487105
-0.0510608
-0.0531112
-0.0548641
-0.0563229
-0.0574914
-0.058374
-0.0589758
-0.059302
-0.059358
-0.0591497
-0.0586837
-0.057967
-0.0570071
-0.0558123
-0.0543905
-0.0527496
-0.0508971
-0.0488406
-0.0465876
-0.0441461
-0.0415243
-0.0387299
-0.0357709
-0.0326547
-0.0293884
-0.0259791
-0.0224337
-0.0187594
-0.0149633
-0.0110522
-0.00703325
-0.0029134
0.0013001
0.00559991
0.00997858
0.0144286
0.0189425
0.0235132
0.0281335
0.0327962
0.0374943
0.0422202
0.046966
0.0517234
0.0564843
0.0612404
0.065983
0.0707034
0.0753927
0.0800417
0.084641
0.0891807
0.0936508
0.0980405
0.102339
0.106535
0.110617
0.114572
0.11839
0.122059
0.125566
0.1289
0.132049
0.135
0.137741
0.14026
0.142545
0.144585
0.146368
0.147885
0.149123
0.150073
0.150726
0.151075
0.151112
0.150831
0.150227
0.149298
0.148042
0.146456
0.14454
0.142297
0.139727
0.136835
0.133628
0.130111
0.12629
0.122203
0.117886
0.112947
0.107057
-0.021867
-0.0277388
-0.0326262
-0.0368638
-0.0408475
-0.0445464
-0.0479275
-0.0509903
-0.0537355
-0.0561635
-0.0582758
-0.0600754
-0.0615661
-0.0627526
-0.0636397
-0.064233
-0.0645382
-0.0645611
-0.0643083
-0.063787
-0.0630052
-0.0619713
-0.0606938
-0.0591812
-0.0574417
-0.0554835
-0.0533148
-0.0509441
-0.0483797
-0.0456298
-0.0427026
-0.0396059
-0.0363479
-0.032936
-0.0293777
-0.0256804
-0.0218513
-0.0178975
-0.013826
-0.00964383
-0.00535834
-0.000977019
0.00349264
0.00804317
0.0126671
0.017357
0.0221057
0.0269057
0.0317499
0.036631
0.0415415
0.0464736
0.0514191
0.0563699
0.0613176
0.0662534
0.0711682
0.076053
0.0808984
0.0856952
0.0904334
0.0951027
0.099692
0.10419
0.108585
0.112864
0.117017
0.121029
0.124889
0.128585
0.132104
0.135432
0.138556
0.141464
0.144144
0.146581
0.148765
0.150682
0.152321
0.15367
0.154719
0.155457
0.155876
0.155967
0.155725
0.155144
0.15422
0.152951
0.151333
0.149366
0.147051
0.144391
0.141389
0.138052
0.134386
0.130395
0.126122
0.121601
0.116424
0.110245
-0.0259156
-0.0320487
-0.0371492
-0.0415664
-0.0457149
-0.0495624
-0.0530744
-0.0562504
-0.0590915
-0.0615981
-0.0637724
-0.0656178
-0.067139
-0.068341
-0.0692293
-0.0698098
-0.0700887
-0.0700728
-0.0697695
-0.0691868
-0.0683335
-0.0672184
-0.0658506
-0.0642392
-0.062393
-0.0603212
-0.0580328
-0.0555366
-0.0528412
-0.0499551
-0.0468867
-0.0436443
-0.0402364
-0.0366712
-0.0329564
-0.0290994
-0.0251076
-0.0209882
-0.0167485
-0.0123957
-0.00793727
-0.00338096
0.00126573
0.00599545
0.0108008
0.0156744
0.0206086
0.0255959
0.0306289
0.0357005
0.0408033
0.0459296
0.0510714
0.0562204
0.0613681
0.0665056
0.0716236
0.0767129
0.0817642
0.0867682
0.0917148
0.0965934
0.101393
0.106101
0.110705
0.115194
0.119554
0.123773
0.127838
0.131734
0.13545
0.13897
0.142281
0.14537
0.148222
0.150825
0.153165
0.155228
0.157002
0.158475
0.159633
0.160466
0.160964
0.161119
0.160923
0.160372
0.159459
0.15818
0.156533
0.154517
0.152131
0.14938
0.146265
0.142794
0.138971
0.134803
0.130332
0.125598
0.120168
0.113681
-0.0302529
-0.0366621
-0.0419872
-0.0465936
-0.0509147
-0.0549171
-0.0585648
-0.0618573
-0.0647962
-0.0673824
-0.0696186
-0.071509
-0.0730586
-0.0742729
-0.0751581
-0.0757207
-0.0759678
-0.0759071
-0.0755469
-0.0748961
-0.0739637
-0.0727595
-0.0712931
-0.0695743
-0.0676132
-0.0654196
-0.0630032
-0.0603729
-0.0575379
-0.0545069
-0.0512887
-0.0478922
-0.0443264
-0.0405997
-0.0367202
-0.0326953
-0.0285326
-0.0242396
-0.0198238
-0.0152928
-0.0106542
-0.00591561
-0.00108445
0.00383198
0.00882634
0.013891
0.0190181
0.0242
0.0294293
0.0346989
0.0400018
0.0453304
0.0506766
0.0560321
0.0613882
0.0667358
0.0720659
0.077369
0.082636
0.0878572
0.0930223
0.0981205
0.10314
0.108069
0.112894
0.117604
0.122184
0.126622
0.130903
0.135014
0.13894
0.142666
0.146177
0.14946
0.1525
0.155281
0.157791
0.160014
0.161937
0.163544
0.164824
0.165763
0.166351
0.16658
0.166441
0.165926
0.16503
0.163747
0.162074
0.16001
0.157556
0.154711
0.151481
0.147871
0.143886
0.139532
0.134854
0.129894
0.124197
0.117384
-0.0348967
-0.0415976
-0.0471597
-0.0519647
-0.0564663
-0.0606297
-0.0644177
-0.0678301
-0.0708689
-0.0735357
-0.0758337
-0.0777674
-0.0793424
-0.0805651
-0.0814423
-0.0819815
-0.0821909
-0.082079
-0.0816548
-0.0809279
-0.0799082
-0.0786061
-0.0770321
-0.0751973
-0.0731125
-0.0707883
-0.0682347
-0.0654611
-0.062477
-0.0592919
-0.055915
-0.0523559
-0.0486237
-0.044727
-0.0406741
-0.0364726
-0.0321304
-0.0276556
-0.0230559
-0.0183391
-0.0135128
-0.00858438
-0.00356108
0.00154971
0.0067405
0.0120035
0.0173308
0.0227146
0.0281476
0.0336229
0.0391337
0.0446725
0.0502312
0.0558013
0.061374
0.0669405
0.0724916
0.0780181
0.0835106
0.0889591
0.0943531
0.0996814
0.104932
0.110093
0.115151
0.120093
0.124906
0.129576
0.134087
0.138425
0.142575
0.146521
0.150248
0.153739
0.15698
0.159956
0.16265
0.165048
0.167132
0.168889
0.170303
0.171362
0.172053
0.172367
0.172294
0.171824
0.170951
0.16967
0.167976
0.165868
0.163345
0.160407
0.157059
0.153306
0.149152
0.144605
0.13971
0.134511
0.128532
0.121373
-0.0398664
-0.0468753
-0.0526868
-0.0577001
-0.0623902
-0.0667211
-0.0706543
-0.07419
-0.0773309
-0.0800789
-0.0824376
-0.0844123
-0.0860092
-0.0872356
-0.0880995
-0.0886095
-0.0887744
-0.0886038
-0.0881075
-0.0872958
-0.0861796
-0.0847702
-0.0830796
-0.0811195
-0.0789016
-0.076437
-0.0737361
-0.0708091
-0.0676662
-0.0643174
-0.0607728
-0.0570419
-0.0531341
-0.0490583
-0.0448227
-0.0404357
-0.0359056
-0.0312406
-0.026449
-0.0215386
-0.0165166
-0.0113904
-0.00616723
-0.000854493
0.00454008
0.0100086
0.0155432
0.0211362
0.0267805
0.0324693
0.0381958
0.0439526
0.0497315
0.0555241
0.0613218
0.0671158
0.0728971
0.0786565
0.0843844
0.0900704
0.0957038
0.101273
0.106766
0.11217
0.117472
0.12266
0.127718
0.132633
0.137388
0.141968
0.146357
0.150538
0.154495
0.158211
0.16167
0.164855
0.16775
0.170337
0.172599
0.17452
0.176084
0.177276
0.178084
0.178495
0.178498
0.178083
0.177243
0.17597
0.174261
0.172112
0.169522
0.166492
0.163024
0.159123
0.154794
0.150044
0.144922
0.139473
0.133196
0.125668
-0.0451826
-0.0525165
-0.0585903
-0.0638217
-0.0687086
-0.0732138
-0.0772973
-0.0809598
-0.0842044
-0.0870335
-0.0894513
-0.0914639
-0.0930787
-0.094304
-0.0951487
-0.0956225
-0.0957353
-0.0954974
-0.0949198
-0.0940137
-0.0927913
-0.0912651
-0.089448
-0.0873525
-0.0849909
-0.082375
-0.0795161
-0.0764252
-0.0731133
-0.0695911
-0.0658689
-0.0619564
-0.0578632
-0.0535985
-0.0491709
-0.0445894
-0.0398626
-0.0349991
-0.0300073
-0.0248948
-0.019669
-0.014337
-0.0089062
-0.00338407
0.00222156
0.00790279
0.0136519
0.0194615
0.0253246
0.0312346
0.0371844
0.0431667
0.0491734
0.0551964
0.0612274
0.0672577
0.0732784
0.0792802
0.0852532
0.0911869
0.0970702
0.102891
0.108638
0.114298
0.119857
0.125303
0.13062
0.135793
0.140807
0.145643
0.150286
0.154718
0.158921
0.162878
0.166572
0.169984
0.173096
0.17589
0.178346
0.180448
0.182177
0.183519
0.184458
0.184979
0.185072
0.184723
0.183925
0.182669
0.180951
0.178766
0.176112
0.172989
0.169399
0.165347
0.160837
0.155877
0.150517
0.144804
0.138211
0.130294
-0.0508671
-0.0585437
-0.0648933
-0.0703533
-0.0754459
-0.0801324
-0.0843712
-0.0881635
-0.0915128
-0.0944223
-0.0968971
-0.0989444
-0.100573
-0.101791
-0.10261
-0.103039
-0.103091
-0.102776
-0.102107
-0.101096
-0.0997576
-0.0981041
-0.0961496
-0.0939073
-0.0913904
-0.0886117
-0.0855835
-0.0823178
-0.0788263
-0.07512
-0.0712096
-0.067105
-0.0628161
-0.0583525
-0.0537235
-0.0489383
-0.0440061
-0.0389354
-0.0337346
-0.0284114
-0.0229733
-0.0174275
-0.0117815
-0.00604262
-0.000218731
0.00568249
0.0116535
0.0176871
0.0237765
0.0299149
0.0360955
0.0423107
0.0485529
0.0548142
0.0610867
0.0673619
0.0736311
0.0798846
0.0861124
0.0923039
0.0984477
0.104532
0.110544
0.116472
0.122302
0.128019
0.133608
0.139055
0.144341
0.14945
0.154363
0.159062
0.163529
0.167746
0.171692
0.175349
0.178697
0.181715
0.184383
0.186684
0.188597
0.190105
0.19119
0.191838
0.192033
0.191764
0.191019
0.18979
0.18807
0.185855
0.18314
0.179925
0.176213
0.172006
0.16731
0.16213
0.156521
0.150531
0.143605
0.135275
-0.0569438
-0.064982
-0.0716218
-0.0773214
-0.0826287
-0.0875032
-0.0919019
-0.0958263
-0.099281
-0.10227
-0.104799
-0.106877
-0.108513
-0.109718
-0.110503
-0.110879
-0.110859
-0.110457
-0.109686
-0.10856
-0.107093
-0.1053
-0.103196
-0.100795
-0.0981102
-0.0951565
-0.0919472
-0.0884951
-0.0848124
-0.0809106
-0.0768005
-0.0724927
-0.0679975
-0.063325
-0.0584849
-0.0534868
-0.0483398
-0.0430528
-0.0376341
-0.0320915
-0.0264327
-0.0206651
-0.0147962
-0.00883336
-0.00278391
0.00334467
0.00954502
0.01581
0.0221329
0.028507
0.0349254
0.0413809
0.0478662
0.0543738
0.0608959
0.0674246
0.0739509
0.0804652
0.0869574
0.0934167
0.0998317
0.106191
0.112481
0.118689
0.124802
0.130804
0.13668
0.142415
0.147989
0.153386
0.158587
0.163572
0.168322
0.172816
0.177034
0.180955
0.184558
0.18782
0.190721
0.19324
0.195356
0.197048
0.198299
0.199089
0.199404
0.199228
0.19855
0.197359
0.195646
0.193407
0.190636
0.187332
0.183496
0.179132
0.174243
0.168836
0.162966
0.156686
0.149408
0.14064
-0.0634391
-0.0718589
-0.078804
-0.0847545
-0.0902852
-0.0953542
-0.099917
-0.103976
-0.107536
-0.110603
-0.113184
-0.115288
-0.116925
-0.118108
-0.118849
-0.119161
-0.11906
-0.118559
-0.117674
-0.11642
-0.114812
-0.112867
-0.110599
-0.108025
-0.10516
-0.102019
-0.0986158
-0.0949647
-0.0910782
-0.0869683
-0.0826466
-0.078124
-0.0734116
-0.0685199
-0.0634588
-0.0582378
-0.0528665
-0.0473537
-0.0417079
-0.0359372
-0.0300495
-0.0240522
-0.0179528
-0.0117584
-0.00547603
0.00088728
0.00732426
0.0138278
0.0203912
0.0270079
0.0336713
0.0403746
0.0471106
0.0538723
0.0606523
0.0674425
0.0742344
0.0810183
0.0877841
0.0945212
0.101218
0.107863
0.114443
0.120945
0.127354
0.133655
0.139833
0.145871
0.15175
0.157453
0.162959
0.168248
0.1733
0.178092
0.182602
0.186808
0.190686
0.194214
0.197369
0.200128
0.202467
0.204365
0.2058
0.206752
0.207204
0.207138
0.206541
0.2054
0.203706
0.201452
0.198631
0.195241
0.191282
0.186758
0.18167
0.176027
0.169885
0.1633
0.155651
0.146421
-0.0703821
-0.0792044
-0.0864702
-0.0926829
-0.0984459
-0.103716
-0.108447
-0.112642
-0.116308
-0.119451
-0.122079
-0.124203
-0.125833
-0.126985
-0.127671
-0.127909
-0.127713
-0.127101
-0.126088
-0.124692
-0.122929
-0.120817
-0.118371
-0.11561
-0.11255
-0.109208
-0.105597
-0.101733
-0.0976291
-0.093298
-0.088752
-0.0840028
-0.0790619
-0.07394
-0.0686473
-0.0631933
-0.0575875
-0.0518392
-0.0459572
-0.0399499
-0.033825
-0.0275902
-0.0212525
-0.0148189
-0.00829605
-0.00169076
0.00498989
0.0117389
0.0185497
0.0254159
0.0323314
0.0392896
0.046284
0.0533076
0.0603532
0.067413
0.0744785
0.0815406
0.0885892
0.0956138
0.102603
0.109545
0.116427
0.123235
0.129954
0.136569
0.143063
0.14942
0.155621
0.161647
0.167478
0.173091
0.178465
0.183575
0.188399
0.192912
0.197089
0.200906
0.204338
0.20736
0.209945
0.21207
0.213712
0.214847
0.215455
0.215518
0.215019
0.213943
0.212281
0.210021
0.207157
0.203686
0.199605
0.194919
0.189628
0.18374
0.177315
0.170409
0.16237
0.15265
-0.0778043
-0.0870508
-0.0946534
-0.10114
-0.107144
-0.112622
-0.117525
-0.121859
-0.125629
-0.128845
-0.131514
-0.133649
-0.135264
-0.136374
-0.136995
-0.137145
-0.136841
-0.136102
-0.134947
-0.133393
-0.131458
-0.129163
-0.126524
-0.123561
-0.120291
-0.116731
-0.112898
-0.108806
-0.10447
-0.0999041
-0.0951208
-0.0901325
-0.084951
-0.0795873
-0.0740517
-0.0683538
-0.0625033
-0.0565098
-0.0503826
-0.0441299
-0.0377597
-0.0312793
-0.0246955
-0.0180149
-0.0112442
-0.0043899
0.0025411
0.00954216
0.0166069
0.0237295
0.0309041
0.0381245
0.0453845
0.0526774
0.0599961
0.0673331
0.0746802
0.0820287
0.0893691
0.096691
0.103983
0.111234
0.118429
0.125555
0.132597
0.13954
0.146367
0.15306
0.1596
0.165968
0.172143
0.1781
0.183817
0.189268
0.194429
0.199272
0.203773
0.207904
0.211639
0.214948
0.217804
0.220181
0.222053
0.223394
0.224181
0.224393
0.224011
0.223019
0.221402
0.219149
0.216251
0.212704
0.208504
0.203654
0.198156
0.192015
0.185295
0.178054
0.169604
0.159366
-0.0857397
-0.0954332
-0.103389
-0.110162
-0.116417
-0.122109
-0.127189
-0.13166
-0.135534
-0.138817
-0.141521
-0.143659
-0.145248
-0.146304
-0.146846
-0.146894
-0.146466
-0.145585
-0.144269
-0.142539
-0.140416
-0.13792
-0.13507
-0.131888
-0.12839
-0.124597
-0.120525
-0.116189
-0.111606
-0.106791
-0.101756
-0.0965155
-0.0910805
-0.0854625
-0.0796721
-0.0737192
-0.0676136
-0.0613653
-0.0549835
-0.0484768
-0.0418529
-0.0351187
-0.0282808
-0.0213459
-0.0143201
-0.00721021
-2.24629e-05
0.00723692
0.0145621
0.0219477
0.0293881
0.0368777
0.0444102
0.0519792
0.0595781
0.0671997
0.0748362
0.0824795
0.0901203
0.0977487
0.105354
0.112923
0.120443
0.127901
0.13528
0.142565
0.149739
0.156785
0.163683
0.170413
0.176951
0.183274
0.189356
0.195172
0.200693
0.205894
0.210745
0.215217
0.21928
0.222904
0.226059
0.228715
0.230843
0.232416
0.233406
0.233791
0.233548
0.232658
0.231103
0.228871
0.225951
0.222335
0.21802
0.213007
0.207298
0.200896
0.193869
0.186279
0.177395
0.166611
-0.0942256
-0.10439
-0.112718
-0.119789
-0.126305
-0.132217
-0.137475
-0.142085
-0.146058
-0.149403
-0.152134
-0.154265
-0.155816
-0.156804
-0.157252
-0.157181
-0.156612
-0.155569
-0.154074
-0.152149
-0.149818
-0.147102
-0.144023
-0.140601
-0.136858
-0.132813
-0.128484
-0.123888
-0.119042
-0.113961
-0.108661
-0.103153
-0.0974509
-0.0915656
-0.085508
-0.0792887
-0.0729176
-0.0664046
-0.059759
-0.0529892
-0.0461028
-0.0391066
-0.0320071
-0.0248106
-0.0175232
-0.0101512
-0.00270051
0.00482333
0.0124152
0.02007
0.0277827
0.0355477
0.0433591
0.0512108
0.0590966
0.0670097
0.0749432
0.0828892
0.0908391
0.0987831
0.106711
0.114609
0.122466
0.130266
0.137996
0.145638
0.153177
0.160593
0.167867
0.174978
0.181901
0.188611
0.195083
0.201287
0.207196
0.212781
0.218009
0.222851
0.227272
0.231241
0.234724
0.237689
0.240103
0.241935
0.243157
0.243741
0.243661
0.242895
0.241423
0.239228
0.236298
0.232623
0.228199
0.223025
0.217101
0.210432
0.203087
0.195129
0.18579
0.174428
-0.103303
-0.113964
-0.122682
-0.130065
-0.136851
-0.142989
-0.148428
-0.153175
-0.157242
-0.160642
-0.16339
-0.165503
-0.167001
-0.167906
-0.168242
-0.168032
-0.167302
-0.166077
-0.164382
-0.162241
-0.15968
-0.156723
-0.153393
-0.149712
-0.145703
-0.141386
-0.136781
-0.131906
-0.12678
-0.121418
-0.115835
-0.110046
-0.104062
-0.0978955
-0.0915583
-0.0850608
-0.0784132
-0.0716254
-0.0647064
-0.0576643
-0.0505068
-0.0432405
-0.0358719
-0.028407
-0.0208516
-0.0132114
-0.00549164
0.00230264
0.0101669
0.0180968
0.0260874
0.0341336
0.0422298
0.0503702
0.0585491
0.0667607
0.0749983
0.0832547
0.0915217
0.0997901
0.108049
0.116287
0.124492
0.132648
0.140741
0.148756
0.156675
0.164479
0.172148
0.17966
0.186989
0.19411
0.200995
0.207615
0.21394
0.219937
0.225573
0.230814
0.235626
0.239971
0.243815
0.247121
0.249853
0.251978
0.253461
0.254273
0.254384
0.253767
0.252399
0.250261
0.247336
0.243615
0.239089
0.233757
0.227617
0.220674
0.212999
0.204659
0.19484
0.182869
-0.113015
-0.1242
-0.133327
-0.141036
-0.1481
-0.15447
-0.160091
-0.164973
-0.169131
-0.172577
-0.17533
-0.17741
-0.178839
-0.179642
-0.179845
-0.179476
-0.178562
-0.177132
-0.175213
-0.172832
-0.170018
-0.166796
-0.163191
-0.159228
-0.154931
-0.150321
-0.145421
-0.140249
-0.134823
-0.129162
-0.12328
-0.117192
-0.110911
-0.10445
-0.0978204
-0.0910326
-0.0840973
-0.077024
-0.0698216
-0.062498
-0.0550608
-0.0475165
-0.0398716
-0.0321317
-0.0243021
-0.0163877
-0.00839308
-0.000322664
0.00781956
0.0160296
0.0243031
0.0326355
0.0410215
0.0494562
0.0579344
0.0664507
0.0749992
0.0835732
0.092165
0.100766
0.109366
0.117953
0.126516
0.13504
0.143511
0.151913
0.160228
0.168438
0.176521
0.184454
0.192212
0.199768
0.207093
0.214156
0.220924
0.227365
0.23344
0.239115
0.244351
0.249108
0.253348
0.25703
0.260116
0.262568
0.264348
0.26542
0.265752
0.265312
0.264074
0.262015
0.259115
0.255361
0.250743
0.245258
0.238903
0.231679
0.223662
0.214923
0.204602
0.191988
-0.12341
-0.135148
-0.144705
-0.152752
-0.160105
-0.166712
-0.172516
-0.17753
-0.18177
-0.185252
-0.187996
-0.190026
-0.191366
-0.192045
-0.192093
-0.19154
-0.190417
-0.188756
-0.186587
-0.18394
-0.180846
-0.177333
-0.173428
-0.169159
-0.16455
-0.159625
-0.154407
-0.148916
-0.143172
-0.137192
-0.130992
-0.124589
-0.117996
-0.111226
-0.10429
-0.0971995
-0.0899646
-0.0825948
-0.0750989
-0.0674847
-0.0597594
-0.0519296
-0.0440014
-0.0359799
-0.0278699
-0.0196754
-0.0114005
-0.00304877
0.00537622
0.013871
0.0224318
0.0310546
0.0397351
0.0484691
0.0572518
0.0660786
0.0749442
0.0838422
0.0927658
0.101707
0.110656
0.119602
0.128534
0.137438
0.1463
0.155104
0.163832
0.172466
0.180982
0.189357
0.197567
0.205582
0.213374
0.220909
0.228152
0.235068
0.241617
0.24776
0.253457
0.258664
0.263338
0.267436
0.270915
0.273733
0.275847
0.277216
0.277803
0.277573
0.276494
0.274539
0.271685
0.267916
0.263219
0.257587
0.251017
0.243508
0.23514
0.225985
0.215137
0.201844
-0.13454
-0.146861
-0.156869
-0.16527
-0.172921
-0.17977
-0.185758
-0.190898
-0.195211
-0.198715
-0.201433
-0.203392
-0.204621
-0.205153
-0.205019
-0.204254
-0.202894
-0.200972
-0.198524
-0.195582
-0.192178
-0.188346
-0.184114
-0.179511
-0.174564
-0.169299
-0.16374
-0.157907
-0.151822
-0.145504
-0.138968
-0.132232
-0.125311
-0.118216
-0.11096
-0.103554
-0.0960075
-0.0883302
-0.0805307
-0.0726168
-0.0645954
-0.0564728
-0.0482544
-0.0399449
-0.0315484
-0.0230683
-0.014508
-0.00587051
0.00284133
0.0116246
0.0204764
0.0293936
0.0383726
0.04741
0.056502
0.0656443
0.0748321
0.08406
0.0933217
0.10261
0.111916
0.12123
0.130542
0.139838
0.149104
0.158324
0.167481
0.176555
0.185524
0.194364
0.203049
0.21155
0.219836
0.227872
0.235622
0.243047
0.250106
0.256756
0.262953
0.26865
0.273801
0.278358
0.282274
0.2855
0.287989
0.289696
0.290578
0.290593
0.289706
0.287886
0.285104
0.28134
0.276578
0.27081
0.264027
0.256229
0.247499
0.237913
0.226511
0.212504
-0.146462
-0.159398
-0.169881
-0.17865
-0.18661
-0.193704
-0.199874
-0.205134
-0.209508
-0.213018
-0.21569
-0.217556
-0.218648
-0.219002
-0.218657
-0.217649
-0.216019
-0.213804
-0.211043
-0.207772
-0.204028
-0.199844
-0.195255
-0.190289
-0.184976
-0.179344
-0.173417
-0.167219
-0.160771
-0.154092
-0.147201
-0.140114
-0.132847
-0.125412
-0.117822
-0.110086
-0.102216
-0.0942204
-0.0861075
-0.0778851
-0.0695598
-0.0611371
-0.0526218
-0.0440181
-0.0353294
-0.0265586
-0.0177084
-0.00878129
0.000220775
0.00929578
0.0184417
0.0276564
0.0369373
0.0462817
0.0556865
0.0651481
0.0746626
0.0842252
0.0938306
0.103472
0.113143
0.122834
0.132535
0.142234
0.151916
0.161566
0.171168
0.1807
0.190141
0.199467
0.208652
0.217665
0.226474
0.235043
0.243333
0.251303
0.25891
0.266107
0.272847
0.279079
0.284753
0.289816
0.294215
0.297896
0.300808
0.302898
0.304117
0.30442
0.303764
0.302112
0.299432
0.295697
0.290889
0.284995
0.278005
0.269917
0.260816
0.250782
0.238801
0.224038
-0.159238
-0.172826
-0.183807
-0.192961
-0.201238
-0.208581
-0.214928
-0.220299
-0.22472
-0.228216
-0.230819
-0.232564
-0.233489
-0.233634
-0.233042
-0.231756
-0.229819
-0.227273
-0.224163
-0.220527
-0.216407
-0.211838
-0.206857
-0.201496
-0.195787
-0.189758
-0.183436
-0.176846
-0.17001
-0.162949
-0.155681
-0.148225
-0.140594
-0.132802
-0.124862
-0.116784
-0.108578
-0.100253
-0.0918175
-0.083278
-0.0746408
-0.0659109
-0.0570925
-0.0481888
-0.0392027
-0.0301368
-0.020993
-0.011773
-0.00247797
0.00689128
0.0163338
0.0258485
0.0354338
0.0450877
0.0548079
0.0645918
0.0744362
0.0843375
0.0942914
0.104293
0.114335
0.124411
0.134509
0.144621
0.154731
0.164825
0.174886
0.184894
0.194827
0.204662
0.21437
0.223922
0.233283
0.242417
0.251282
0.259836
0.26803
0.275818
0.283146
0.289961
0.296207
0.301827
0.306761
0.31095
0.314336
0.31686
0.318466
0.319103
0.318721
0.317277
0.314733
0.311057
0.306224
0.30022
0.293031
0.284652
0.275171
0.264673
0.252085
0.236527
-0.172938
-0.187215
-0.198722
-0.208275
-0.216878
-0.224471
-0.230992
-0.236461
-0.240911
-0.244371
-0.246878
-0.24847
-0.249193
-0.249091
-0.248213
-0.246607
-0.244321
-0.241404
-0.237903
-0.233862
-0.229326
-0.224333
-0.218924
-0.213132
-0.206992
-0.200535
-0.193788
-0.186779
-0.17953
-0.172063
-0.164397
-0.15655
-0.148537
-0.140372
-0.132067
-0.123633
-0.115079
-0.106414
-0.0976462
-0.0887811
-0.0798245
-0.0707806
-0.061653
-0.0524443
-0.0431567
-0.033792
-0.0243516
-0.0148362
-0.00524592
0.00441958
0.0141605
0.0239768
0.0338679
0.0438327
0.0538699
0.0639778
0.0741546
0.0843977
0.0947041
0.10507
0.115489
0.125956
0.136461
0.146994
0.157543
0.168093
0.178628
0.189129
0.199574
0.209939
0.220196
0.230314
0.240258
0.249989
0.259466
0.268641
0.277467
0.28589
0.293856
0.301306
0.308179
0.31441
0.319937
0.324691
0.328609
0.331624
0.333673
0.334697
0.334638
0.333448
0.331079
0.327495
0.322665
0.31657
0.309192
0.300523
0.290657
0.279678
0.266453
0.250055
-0.187637
-0.202645
-0.214704
-0.224674
-0.233611
-0.241455
-0.24814
-0.253695
-0.258152
-0.261549
-0.263926
-0.265329
-0.265808
-0.265416
-0.264206
-0.262234
-0.259553
-0.256218
-0.25228
-0.24779
-0.242793
-0.237335
-0.231456
-0.225195
-0.218588
-0.211668
-0.204466
-0.197007
-0.189318
-0.18142
-0.173332
-0.165073
-0.156659
-0.148104
-0.139419
-0.130615
-0.121701
-0.112686
-0.103576
-0.0943776
-0.0850945
-0.0757305
-0.0662884
-0.0567703
-0.0471779
-0.0375119
-0.0277727
-0.01796
-0.00807283
0.00189021
0.0119304
0.0220489
0.032246
0.042522
0.0528766
0.0633096
0.0738202
0.0844074
0.0950691
0.105803
0.116604
0.127467
0.138385
0.149349
0.160346
0.171365
0.182388
0.193398
0.204374
0.215291
0.226121
0.236832
0.247389
0.257753
0.267878
0.277718
0.287219
0.296327
0.304983
0.313123
0.320679
0.327584
0.333765
0.339149
0.343662
0.347232
0.349786
0.351257
0.351579
0.350693
0.348546
0.345094
0.340299
0.334136
0.326583
0.31763
0.30737
0.295895
0.282004
0.264719
-0.203418
-0.219202
-0.231843
-0.242246
-0.251525
-0.259618
-0.26646
-0.27208
-0.276519
-0.279819
-0.282028
-0.283198
-0.283388
-0.282655
-0.281063
-0.278672
-0.275543
-0.271738
-0.267312
-0.26232
-0.256814
-0.250843
-0.24445
-0.237678
-0.230565
-0.223147
-0.215455
-0.207516
-0.199358
-0.191001
-0.182468
-0.173776
-0.164941
-0.155978
-0.146897
-0.13771
-0.128425
-0.119049
-0.109588
-0.100048
-0.090432
-0.0807425
-0.0709818
-0.0611511
-0.0512513
-0.0412821
-0.0312428
-0.0211318
-0.0109471
-0.00068621
0.00965315
0.0200731
0.0305755
0.0411619
0.0518335
0.0625914
0.0734364
0.0843685
0.0953874
0.106491
0.117678
0.128942
0.140279
0.15168
0.163135
0.174633
0.186158
0.197694
0.209218
0.220708
0.232135
0.243468
0.25467
0.2657
0.276513
0.28706
0.297285
0.307129
0.31653
0.325418
0.333722
0.341365
0.348269
0.354352
0.359532
0.363728
0.366858
0.368844
0.369611
0.36909
0.367219
0.363944
0.359222
0.35302
0.345311
0.336079
0.325422
0.313434
0.298844
0.280622
-0.220372
-0.236981
-0.250237
-0.261091
-0.27072
-0.279059
-0.286042
-0.291705
-0.296094
-0.299258
-0.301253
-0.302141
-0.301985
-0.300856
-0.298821
-0.295952
-0.292317
-0.287981
-0.283009
-0.27746
-0.271392
-0.264856
-0.257901
-0.250573
-0.242913
-0.234957
-0.226738
-0.218286
-0.209628
-0.200786
-0.191782
-0.182635
-0.173359
-0.163971
-0.154479
-0.144895
-0.135226
-0.125479
-0.115659
-0.105771
-0.0958159
-0.0857966
-0.0757141
-0.0655686
-0.0553597
-0.0450863
-0.0347463
-0.024337
-0.0138553
-0.00329763
0.0073394
0.0180592
0.0288651
0.0397601
0.0507472
0.0618289
0.0730074
0.0842843
0.0956606
0.107136
0.11871
0.130379
0.142139
0.153983
0.165905
0.177892
0.189931
0.202007
0.214098
0.226181
0.23823
0.250211
0.262089
0.273822
0.285363
0.296661
0.307659
0.318295
0.328499
0.338199
0.347317
0.35577
0.363471
0.370331
0.376258
0.381159
0.384943
0.387521
0.388806
0.388719
0.387186
0.384144
0.37954
0.373334
0.36549
0.355991
0.344934
0.332416
0.317093
0.297879
-0.2386
-0.256089
-0.269995
-0.281319
-0.291303
-0.299883
-0.30699
-0.312666
-0.316967
-0.319949
-0.321677
-0.322221
-0.321658
-0.320066
-0.317523
-0.314108
-0.309897
-0.304965
-0.299382
-0.293214
-0.286523
-0.279367
-0.271798
-0.263866
-0.255612
-0.247076
-0.238293
-0.229292
-0.220102
-0.210747
-0.201247
-0.191622
-0.181887
-0.172055
-0.162137
-0.152143
-0.142079
-0.131951
-0.121764
-0.111521
-0.101222
-0.0908699
-0.0804634
-0.0700018
-0.0594834
-0.0489057
-0.0382655
-0.0275591
-0.0167822
-0.00593015
0.00500175
0.0160185
0.027125
0.038326
0.0496259
0.061029
0.0725389
0.084159
0.0958916
0.107738
0.1197
0.131775
0.143962
0.156255
0.168648
0.181134
0.193698
0.206328
0.219002
0.231699
0.244392
0.25705
0.269635
0.282107
0.294418
0.306515
0.318337
0.32982
0.34089
0.35147
0.361475
0.370815
0.379395
0.387116
0.393876
0.399572
0.404099
0.407356
0.409243
0.409669
0.408547
0.405801
0.401369
0.3952
0.387251
0.377497
0.366038
0.352975
0.336884
0.316619
-0.258213
-0.276644
-0.29124
-0.303052
-0.313397
-0.322207
-0.329415
-0.335071
-0.339236
-0.34198
-0.343377
-0.343511
-0.342467
-0.340336
-0.337207
-0.333168
-0.328306
-0.322702
-0.316436
-0.30958
-0.302202
-0.294365
-0.286126
-0.277536
-0.26864
-0.25948
-0.250091
-0.240505
-0.230751
-0.220853
-0.210832
-0.200706
-0.190491
-0.180198
-0.169839
-0.159422
-0.148952
-0.138435
-0.127874
-0.11727
-0.106625
-0.095937
-0.0852053
-0.0744273
-0.0635999
-0.0527191
-0.0417807
-0.0307797
-0.0197109
-0.00856822
0.00265459
0.0139642
0.0253673
0.0368703
0.0484792
0.0601998
0.0720376
0.0839975
0.0960839
0.1083
0.120649
0.13313
0.145745
0.15849
0.171362
0.184352
0.197452
0.210647
0.22392
0.237249
0.250609
0.26397
0.277295
0.290543
0.303666
0.316608
0.329309
0.341698
0.3537
0.365231
0.376201
0.386512
0.396059
0.404735
0.412426
0.419015
0.424384
0.428419
0.431005
0.432034
0.431406
0.429032
0.424835
0.418753
0.410735
0.400745
0.388887
0.375262
0.358363
0.336982
-0.279338
-0.29878
-0.314108
-0.326429
-0.337138
-0.346165
-0.353445
-0.359035
-0.36301
-0.36545
-0.366442
-0.366083
-0.364473
-0.361715
-0.35791
-0.353159
-0.347559
-0.341201
-0.334171
-0.326552
-0.318416
-0.309832
-0.300861
-0.291556
-0.281966
-0.272134
-0.262098
-0.25189
-0.241538
-0.231068
-0.220499
-0.20985
-0.199135
-0.188365
-0.17755
-0.166698
-0.155813
-0.144899
-0.133958
-0.12299
-0.111995
-0.10097
-0.0899129
-0.0788193
-0.0676845
-0.0565035
-0.0452704
-0.0339792
-0.0226231
-0.0111948
0.000313818
0.0119111
0.0236055
0.0354049
0.0473172
0.05935
0.0715104
0.0838056
0.0962416
0.108824
0.121557
0.134444
0.147487
0.160685
0.174038
0.187539
0.201182
0.214953
0.228838
0.242817
0.256867
0.270957
0.285053
0.299114
0.313091
0.326928
0.340562
0.35392
0.366923
0.379482
0.3915
0.402872
0.413484
0.423217
0.431945
0.439537
0.445861
0.450785
0.454178
0.455916
0.45588
0.453965
0.450079
0.444145
0.4361
0.425899
0.413646
0.399445
0.381696
0.359127
-0.302115
-0.322645
-0.338752
-0.351604
-0.362677
-0.371904
-0.379219
-0.384691
-0.388407
-0.390463
-0.390961
-0.390014
-0.387739
-0.384252
-0.379671
-0.374108
-0.367672
-0.360465
-0.352584
-0.344118
-0.335146
-0.325743
-0.315972
-0.305891
-0.295552
-0.285
-0.274272
-0.263403
-0.252421
-0.241348
-0.230206
-0.219011
-0.207777
-0.196514
-0.18523
-0.173932
-0.162624
-0.151307
-0.139981
-0.128647
-0.1173
-0.105939
-0.094557
-0.0831498
-0.071711
-0.0602339
-0.0487114
-0.0371358
-0.0254988
-0.0137911
-0.00200312
0.00987528
0.021854
0.0339428
0.0461513
0.0584891
0.0709655
0.0835894
0.0963691
0.109312
0.122425
0.135715
0.149184
0.162836
0.176671
0.190687
0.204878
0.219234
0.233744
0.248389
0.263148
0.277993
0.292891
0.307801
0.322675
0.337457
0.35208
0.366472
0.380549
0.394217
0.407372
0.419902
0.431684
0.442586
0.452469
0.461187
0.468592
0.474532
0.478858
0.481424
0.482094
0.480741
0.477255
0.471543
0.463524
0.453143
0.440503
0.425711
0.407068
0.383231
-0.326701
-0.34841
-0.36535
-0.378753
-0.390189
-0.399591
-0.406894
-0.412182
-0.415558
-0.417134
-0.417034
-0.415387
-0.41233
-0.407998
-0.402523
-0.396034
-0.388653
-0.380494
-0.371663
-0.362257
-0.352364
-0.342063
-0.331421
-0.320501
-0.309355
-0.298031
-0.286567
-0.274997
-0.263348
-0.251644
-0.239903
-0.22814
-0.216369
-0.204598
-0.192835
-0.181083
-0.169344
-0.157619
-0.145906
-0.134203
-0.122506
-0.110809
-0.099106
-0.0873892
-0.0756513
-0.0638841
-0.052079
-0.0402262
-0.0283158
-0.0163366
-0.00427723
0.0078739
0.0201284
0.0324978
0.0449937
0.0576278
0.0704116
0.0833561
0.0964719
0.109769
0.123256
0.136943
0.150835
0.164938
0.179255
0.193786
0.208529
0.223477
0.238621
0.253947
0.269434
0.285058
0.300787
0.316582
0.332396
0.348171
0.363843
0.379336
0.394562
0.409424
0.423813
0.437606
0.450672
0.462865
0.474034
0.484014
0.49264
0.49974
0.505141
0.508677
0.510184
0.509515
0.506534
0.50113
0.493203
0.482683
0.469671
0.454274
0.434687
0.409493
-0.353278
-0.376266
-0.394099
-0.408076
-0.41987
-0.429412
-0.436645
-0.441668
-0.444604
-0.445587
-0.444764
-0.442287
-0.438314
-0.433
-0.426499
-0.418954
-0.410505
-0.401276
-0.391387
-0.380941
-0.370034
-0.358749
-0.347161
-0.335333
-0.323321
-0.311172
-0.298925
-0.286614
-0.274265
-0.261899
-0.249534
-0.237184
-0.22486
-0.212569
-0.200316
-0.188102
-0.175928
-0.163792
-0.151692
-0.139622
-0.127576
-0.115547
-0.103527
-0.0915062
-0.0794762
-0.0674268
-0.0553472
-0.0432259
-0.0310509
-0.0188095
-0.00648859
0.00592505
0.0184449
0.0310844
0.0438573
0.0567774
0.0698584
0.0831135
0.0965558
0.110198
0.124052
0.138128
0.152437
0.166986
0.181781
0.196827
0.212123
0.227668
0.243455
0.259473
0.275705
0.292129
0.308717
0.325432
0.342226
0.359046
0.375825
0.392487
0.408942
0.425088
0.440811
0.45598
0.470452
0.484072
0.496669
0.508066
0.518072
0.526493
0.533134
0.537799
0.540298
0.540454
0.538106
0.533116
0.525361
0.514753
0.501389
0.485374
0.464789
0.438136
-0.382051
-0.406437
-0.42523
-0.439804
-0.451943
-0.461582
-0.46867
-0.473327
-0.475703
-0.475957
-0.474263
-0.470801
-0.465755
-0.459304
-0.451623
-0.442878
-0.43322
-0.422793
-0.411724
-0.400128
-0.388107
-0.375749
-0.363134
-0.350327
-0.337387
-0.324359
-0.311283
-0.29819
-0.285106
-0.272051
-0.259039
-0.246084
-0.233192
-0.220371
-0.20762
-0.19494
-0.182329
-0.169782
-0.157295
-0.144861
-0.13247
-0.120115
-0.107785
-0.0954687
-0.0831557
-0.0708336
-0.0584894
-0.0461097
-0.0336808
-0.0211882
-0.00861745
0.00404674
0.0168198
0.0297173
0.042755
0.0559489
0.069315
0.082869
0.0966266
0.110603
0.124813
0.13927
0.153987
0.168975
0.184243
0.1998
0.215649
0.231792
0.248227
0.264946
0.281937
0.299182
0.316654
0.33432
0.352136
0.37005
0.387995
0.405896
0.423661
0.441185
0.458348
0.475013
0.491026
0.506218
0.520403
0.533384
0.544949
0.554877
0.562945
0.568925
0.572595
0.573745
0.572179
0.56773
0.560246
0.549615
0.535928
0.519286
0.497643
0.469415
-0.413257
-0.439179
-0.459007
-0.474199
-0.486663
-0.49634
-0.50319
-0.507359
-0.509028
-0.508389
-0.505649
-0.50102
-0.494718
-0.48695
-0.477915
-0.467802
-0.456782
-0.445012
-0.432631
-0.419765
-0.406522
-0.392997
-0.379271
-0.365413
-0.351479
-0.337518
-0.323565
-0.309652
-0.295801
-0.282029
-0.268351
-0.254775
-0.241305
-0.227944
-0.214691
-0.201543
-0.188495
-0.17554
-0.162671
-0.149878
-0.13715
-0.124476
-0.111845
-0.0992441
-0.0866589
-0.0740752
-0.0614781
-0.0488521
-0.0361819
-0.0234515
-0.0106443
0.00225681
0.0152693
0.028411
0.0416996
0.0551534
0.0687906
0.08263
0.0966899
0.110988
0.125542
0.140368
0.155482
0.170899
0.186632
0.202694
0.219092
0.235833
0.252917
0.270344
0.288105
0.306186
0.324565
0.343213
0.362089
0.381144
0.400315
0.419525
0.438684
0.457684
0.476399
0.494687
0.512383
0.529306
0.545255
0.560008
0.573332
0.584978
0.594687
0.602197
0.607249
0.60959
0.608988
0.605233
0.598141
0.587571
0.573599
0.556324
0.533557
0.503622
-0.447169
-0.474788
-0.495738
-0.511567
-0.524327
-0.533965
-0.540458
-0.543987
-0.54477
-0.54304
-0.539044
-0.533035
-0.525262
-0.515969
-0.505382
-0.493714
-0.481158
-0.467885
-0.454049
-0.439784
-0.425206
-0.410413
-0.395489
-0.380504
-0.365513
-0.350563
-0.335689
-0.320917
-0.30627
-0.29176
-0.277397
-0.263187
-0.249131
-0.235226
-0.221469
-0.207854
-0.194372
-0.181015
-0.16777
-0.154627
-0.141572
-0.128592
-0.115673
-0.102799
-0.0899538
-0.0771217
-0.0642852
-0.0514274
-0.0385309
-0.0255778
-0.0125495
0.000573248
0.0138098
0.02718
0.0407037
0.0544016
0.0682946
0.0824041
0.0967508
0.111355
0.126238
0.141419
0.156916
0.17275
0.188938
0.205496
0.222436
0.23977
0.257504
0.275641
0.294179
0.313108
0.332414
0.35207
0.372042
0.392285
0.412738
0.433328
0.453965
0.47454
0.494925
0.51497
0.534504
0.553332
0.571234
0.58797
0.603278
0.616878
0.628476
0.637767
0.644446
0.648214
0.64879
0.645918
0.639368
0.628962
0.614759
0.596849
0.572883
0.541087
-0.484108
-0.513611
-0.535781
-0.552265
-0.565274
-0.574773
-0.58076
-0.583458
-0.583136
-0.580076
-0.574575
-0.566932
-0.557441
-0.546383
-0.534017
-0.520584
-0.506298
-0.491348
-0.475901
-0.4601
-0.444065
-0.4279
-0.411689
-0.395501
-0.37939
-0.363398
-0.347559
-0.331897
-0.316427
-0.301159
-0.286098
-0.271245
-0.256597
-0.242148
-0.22789
-0.213813
-0.199905
-0.186154
-0.172545
-0.159064
-0.145695
-0.132423
-0.119229
-0.106097
-0.0930079
-0.079943
-0.0668834
-0.0538103
-0.0407044
-0.0275456
-0.0143133
-0.000986205
0.0124571
0.0260382
0.0397796
0.0537041
0.0678355
0.0821975
0.0968136
0.111707
0.126901
0.14242
0.158286
0.174522
0.19115
0.208192
0.225664
0.243583
0.261961
0.280807
0.300125
0.319912
0.340158
0.360846
0.381946
0.403419
0.425209
0.447247
0.469446
0.491698
0.513874
0.535819
0.557354
0.578272
0.598338
0.617289
0.634834
0.650658
0.664427
0.675788
0.684384
0.689859
0.691873
0.690112
0.684291
0.674183
0.659821
0.64128
0.616034
0.582196
-0.524447
-0.55606
-0.579561
-0.59671
-0.609905
-0.619131
-0.62442
-0.626052
-0.624355
-0.619676
-0.61237
-0.602795
-0.591296
-0.578197
-0.563795
-0.548361
-0.532132
-0.515315
-0.498089
-0.480604
-0.462988
-0.445344
-0.427755
-0.410289
-0.392995
-0.375914
-0.359072
-0.34249
-0.326176
-0.310136
-0.294369
-0.278869
-0.263629
-0.24864
-0.233887
-0.219357
-0.205035
-0.190903
-0.176944
-0.163141
-0.149475
-0.135927
-0.122477
-0.109105
-0.0957891
-0.0825099
-0.0692461
-0.0559767
-0.0426803
-0.0293348
-0.0159174
-0.00240507
0.0112256
0.0249984
0.0389381
0.0530701
0.0674203
0.082015
0.0968803
0.112043
0.127529
0.143366
0.159582
0.176203
0.193255
0.210764
0.228754
0.247246
0.26626
0.285809
0.305905
0.326553
0.34775
0.369487
0.391742
0.414482
0.437661
0.461213
0.485058
0.509089
0.533179
0.557172
0.580881
0.60409
0.626548
0.647969
0.668034
0.686388
0.702653
0.716421
0.727275
0.734791
0.738558
0.738189
0.733329
0.723688
0.709264
0.690107
0.663487
0.627396
-0.568635
-0.602623
-0.627581
-0.645397
-0.658685
-0.667464
-0.671811
-0.672078
-0.668674
-0.662022
-0.652554
-0.640696
-0.626852
-0.611396
-0.594668
-0.57697
-0.558563
-0.539672
-0.520488
-0.501167
-0.481839
-0.462608
-0.443552
-0.424736
-0.406204
-0.387989
-0.370113
-0.352587
-0.335414
-0.318594
-0.302116
-0.285972
-0.270147
-0.254626
-0.239391
-0.224423
-0.209702
-0.195208
-0.180918
-0.166813
-0.15287
-0.139066
-0.12538
-0.111787
-0.0982666
-0.0847944
-0.0713478
-0.0579034
-0.0444376
-0.0309263
-0.017345
-0.00366851
0.0101284
0.0240718
0.0381887
0.0525067
0.0670539
0.0818591
0.0969513
0.11236
0.128117
0.144251
0.160795
0.177779
0.195235
0.213193
0.231683
0.250732
0.270366
0.290607
0.311475
0.332981
0.355134
0.377931
0.401362
0.425402
0.450014
0.475142
0.500711
0.526623
0.552753
0.578945
0.605011
0.630725
0.655823
0.679996
0.702894
0.724126
0.743259
0.759828
0.773342
0.783298
0.789199
0.790568
0.786961
0.778006
0.763649
0.743905
0.715807
0.677213
-0.617205
-0.653887
-0.680446
-0.698914
-0.712165
-0.720263
-0.723352
-0.72188
-0.716356
-0.707304
-0.695247
-0.680691
-0.66411
-0.645937
-0.626556
-0.606302
-0.585462
-0.564277
-0.542946
-0.521631
-0.50046
-0.479534
-0.458927
-0.438694
-0.418874
-0.399489
-0.380553
-0.362068
-0.34403
-0.326427
-0.309245
-0.292466
-0.276069
-0.260033
-0.244334
-0.228947
-0.213849
-0.199014
-0.184417
-0.170033
-0.155836
-0.141801
-0.127902
-0.114114
-0.100411
-0.0867703
-0.0731645
-0.0595685
-0.0459566
-0.0323028
-0.0185806
-0.0047632
0.00917701
0.0232681
0.0375389
0.0520191
0.0667392
0.0817305
0.0970254
0.112657
0.128659
0.145066
0.161913
0.179236
0.197071
0.215454
0.234421
0.254006
0.274241
0.295158
0.316783
0.339139
0.362244
0.386106
0.410726
0.436091
0.462175
0.488933
0.516302
0.544192
0.572485
0.601032
0.629643
0.658088
0.686091
0.713325
0.739408
0.763907
0.786336
0.806162
0.822813
0.835689
0.84419
0.847726
0.84574
0.837753
0.823639
0.803357
0.773667
0.732268
-0.670804
-0.710566
-0.738886
-0.757967
-0.770992
-0.778099
-0.779523
-0.775838
-0.767686
-0.755712
-0.740553
-0.722811
-0.703042
-0.68174
-0.65934
-0.63621
-0.612661
-0.588948
-0.565275
-0.541806
-0.518664
-0.495942
-0.473706
-0.451999
-0.430848
-0.410267
-0.390256
-0.370807
-0.351904
-0.333528
-0.315654
-0.298258
-0.28131
-0.264782
-0.248644
-0.232865
-0.217417
-0.202269
-0.187392
-0.172757
-0.158333
-0.144094
-0.13001
-0.116053
-0.102197
-0.0884133
-0.0746743
-0.0609524
-0.0472199
-0.0334491
-0.0196114
-0.00567797
0.00838059
0.0225941
0.0369933
0.0516098
0.0664766
0.081628
0.0970993
0.112927
0.129147
0.145799
0.162921
0.180555
0.198741
0.217521
0.236938
0.257031
0.277842
0.29941
0.321772
0.344962
0.369007
0.39393
0.419743
0.446449
0.474033
0.502468
0.531703
0.561662
0.59224
0.623294
0.654643
0.686056
0.717248
0.747876
0.777531
0.805738
0.831953
0.855568
0.875918
0.892293
0.903963
0.910201
0.910304
0.903652
0.890018
0.869282
0.837871
0.793308
-0.730224
-0.773532
-0.803791
-0.823405
-0.835941
-0.84164
-0.840869
-0.834371
-0.822956
-0.807425
-0.78855
-0.76705
-0.74357
-0.718676
-0.692851
-0.666497
-0.639947
-0.613463
-0.587253
-0.561473
-0.536237
-0.511626
-0.487692
-0.464465
-0.441956
-0.420163
-0.399074
-0.378666
-0.358912
-0.339782
-0.321241
-0.303255
-0.285786
-0.268797
-0.252252
-0.236115
-0.22035
-0.204922
-0.189797
-0.174943
-0.160325
-0.145913
-0.131674
-0.11758
-0.1036
-0.0897024
-0.0758589
-0.0620392
-0.048214
-0.0343535
-0.0204274
-0.00640491
0.00774486
0.0220534
0.0365532
0.0512783
0.0662641
0.0815475
0.0971664
0.11316
0.129568
0.146434
0.163801
0.181713
0.200218
0.219362
0.239195
0.259764
0.281119
0.303308
0.32638
0.350377
0.375343
0.401311
0.428311
0.45636
0.485462
0.515608
0.546764
0.578874
0.611848
0.645561
0.679841
0.714463
0.749142
0.783524
0.817176
0.849582
0.880142
0.908165
0.932881
0.953451
0.968991
0.978601
0.981391
0.976556
0.963727
0.942666
0.909398
0.861233
-0.796445
-0.843869
-0.87626
-0.896267
-0.907936
-0.911666
-0.908008
-0.897931
-0.882463
-0.8626
-0.839278
-0.813349
-0.785561
-0.756553
-0.726859
-0.69691
-0.667054
-0.637554
-0.608612
-0.580372
-0.552932
-0.526354
-0.500671
-0.475893
-0.452012
-0.429008
-0.406851
-0.385505
-0.364928
-0.345076
-0.325904
-0.307365
-0.289414
-0.272005
-0.255093
-0.238637
-0.222594
-0.206925
-0.191591
-0.176554
-0.161779
-0.147229
-0.132871
-0.118673
-0.1046
-0.0906209
-0.0767036
-0.0628166
-0.0489286
-0.0350079
-0.0210225
-0.00694012
0.00727158
0.0216458
0.0362169
0.0510212
0.0660964
0.0814814
0.0972169
0.113345
0.129909
0.146954
0.16453
0.182685
0.201471
0.220942
0.241152
0.262158
0.284018
0.30679
0.330533
0.355304
0.381157
0.408144
0.43631
0.465692
0.496316
0.528191
0.561309
0.595637
0.631108
0.667618
0.705016
0.743092
0.781567
0.820084
0.858194
0.895348
0.930885
0.964033
0.993904
1.01951
1.03978
1.05361
1.05986
1.05748
1.0459
1.02472
0.989447
0.937147
-0.870697
-0.922937
-0.95766
-0.977822
-0.988086
-0.989085
-0.981631
-0.966996
-0.946491
-0.92135
-0.89271
-0.861574
-0.8288
-0.795102
-0.761059
-0.727125
-0.693651
-0.660895
-0.629039
-0.598206
-0.56847
-0.539867
-0.512403
-0.486064
-0.460817
-0.436622
-0.413428
-0.391181
-0.369822
-0.349295
-0.329539
-0.310498
-0.292114
-0.274333
-0.257103
-0.240375
-0.224102
-0.208236
-0.192736
-0.17756
-0.162667
-0.148019
-0.13358
-0.119313
-0.105183
-0.0911562
-0.0771985
-0.0632767
-0.0493577
-0.0354081
-0.0213946
-0.00728357
0.00695898
0.0213679
0.0359796
0.0508321
0.0659648
0.0814191
0.0972377
0.113465
0.130149
0.147338
0.165085
0.183442
0.202468
0.222221
0.242764
0.264162
0.28648
0.309788
0.334155
0.359652
0.386349
0.414313
0.443611
0.474299
0.506427
0.540033
0.575133
0.611726
0.649775
0.689206
0.729897
0.771663
0.814246
0.857296
0.900359
0.942861
0.984091
1.02319
1.05915
1.09081
1.11688
1.13599
1.14669
1.14762
1.13792
1.11692
1.07951
1.02242
-0.954541
-1.01246
-1.04971
-1.06964
-1.07773
-1.07495
-1.0625
-1.04206
-1.01528
-0.98372
-0.948731
-0.911489
-0.872968
-0.833952
-0.795053
-0.756736
-0.71934
-0.6831
-0.648169
-0.614635
-0.582538
-0.551879
-0.52263
-0.494745
-0.468165
-0.442821
-0.418641
-0.395548
-0.373468
-0.352326
-0.332048
-0.312565
-0.293809
-0.275715
-0.258225
-0.241281
-0.22483
-0.208819
-0.193202
-0.177933
-0.162968
-0.148265
-0.133784
-0.119488
-0.105339
-0.0913011
-0.0773384
-0.0634162
-0.0494999
-0.0355548
-0.0215462
-0.00743928
0.00680164
0.021213
0.0358328
0.0507005
0.0658573
0.0813463
0.0972125
0.113503
0.130268
0.14756
0.165435
0.183951
0.20317
0.223157
0.243983
0.265718
0.28844
0.312226
0.337159
0.363324
0.390805
0.419691
0.450067
0.482015
0.515611
0.550922
0.588001
0.62688
0.667561
0.710011
0.754148
0.799826
0.846821
0.894808
0.943345
0.991848
1.03957
1.08556
1.1287
1.16764
1.20083
1.22657
1.24304
1.24843
1.24147
1.22114
1.18146
1.11877
-1.05
-1.11468
-1.15461
-1.17368
-1.17847
-1.17048
-1.15145
-1.12358
-1.08901
-1.04964
-1.00709
-0.962722
-0.917615
-0.87261
-0.828335
-0.785242
-0.743637
-0.703715
-0.665582
-0.629277
-0.594791
-0.56208
-0.531076
-0.501694
-0.47384
-0.447417
-0.422325
-0.398465
-0.375742
-0.354062
-0.333338
-0.313487
-0.29443
-0.276094
-0.258409
-0.241312
-0.224743
-0.208645
-0.192966
-0.177655
-0.162666
-0.147954
-0.133476
-0.119193
-0.105064
-0.0910538
-0.0771235
-0.0632372
-0.049359
-0.0354534
-0.0214843
-0.00741546
0.00679015
0.0211703
0.0357642
0.0506125
0.0657579
0.0812451
0.0971212
0.113436
0.130241
0.147592
0.16555
0.184175
0.203536
0.223704
0.244754
0.266767
0.289828
0.314025
0.339455
0.366214
0.394407
0.424139
0.45552
0.488658
0.523659
0.560625
0.599646
0.640797
0.68413
0.729662
0.777364
0.827145
0.878835
0.932155
0.9867
1.0419
1.09698
1.15095
1.20254
1.25022
1.29216
1.32627
1.35021
1.36162
1.35865
1.33971
1.29771
1.22839
-1.15972
-1.23252
-1.27518
-1.29238
-1.29224
-1.27706
-1.24933
-1.21197
-1.16771
-1.11887
-1.06736
-1.01472
-0.962119
-0.910432
-0.860266
-0.81203
-0.765971
-0.722216
-0.680803
-0.641705
-0.604851
-0.57014
-0.537452
-0.506658
-0.477626
-0.450223
-0.42432
-0.399792
-0.376524
-0.354402
-0.333324
-0.313193
-0.293919
-0.275418
-0.257614
-0.240435
-0.223815
-0.207692
-0.192009
-0.176713
-0.161752
-0.14708
-0.132652
-0.118426
-0.104361
-0.0904183
-0.0765595
-0.062747
-0.0489441
-0.0351142
-0.02122
-0.00722424
0.00691125
0.0212252
0.0357576
0.0505503
0.0656471
0.0810942
0.0969401
0.113236
0.130038
0.147402
0.165393
0.184076
0.203523
0.223811
0.245022
0.267244
0.29057
0.315101
0.340943
0.368211
0.397023
0.427508
0.459799
0.494031
0.530344
0.568878
0.609767
0.653137
0.699095
0.747722
0.799058
0.853089
0.909716
0.968739
1.02981
1.09242
1.1558
1.21894
1.28047
1.33865
1.39134
1.436
1.46968
1.48924
1.49204
1.47565
1.43137
1.35417
-1.28727
-1.36987
-1.4151
-1.42881
-1.42135
-1.39622
-1.35697
-1.30749
-1.2512
-1.19091
-1.12884
-1.06668
-1.00565
-0.946589
-0.890056
-0.836368
-0.785676
-0.738007
-0.693306
-0.65146
-0.612318
-0.575711
-0.541461
-0.509385
-0.479306
-0.451055
-0.42447
-0.399401
-0.375706
-0.353256
-0.331932
-0.311622
-0.292225
-0.27365
-0.25581
-0.238626
-0.222028
-0.205948
-0.190324
-0.175101
-0.160224
-0.145645
-0.131316
-0.117194
-0.103237
-0.0894042
-0.0756574
-0.061958
-0.0482684
-0.0345512
-0.0207683
-0.00688147
0.00714796
0.0213594
0.0357935
0.0504928
0.0655023
0.0808688
0.0966426
0.112876
0.129627
0.146955
0.164926
0.18361
0.203082
0.223424
0.244726
0.26708
0.290589
0.315364
0.341524
0.369196
0.39852
0.429642
0.462721
0.497922
0.535421
0.575397
0.618035
0.663517
0.712016
0.76369
0.818665
0.87702
0.938762
1.0038
1.07189
1.14261
1.21528
1.28888
1.36201
1.43276
1.49868
1.55668
1.60309
1.63374
1.6449
1.63284
1.58659
1.4999
-1.43756
-1.53207
-1.57924
-1.58685
-1.56851
-1.52957
-1.47507
-1.4101
-1.33894
-1.26492
-1.19052
-1.11751
-1.0471
-0.980043
-0.916747
-0.857393
-0.801987
-0.750421
-0.702515
-0.658047
-0.616772
-0.578441
-0.542804
-0.509624
-0.478673
-0.449742
-0.422636
-0.397175
-0.373196
-0.35055
-0.329101
-0.308727
-0.289315
-0.270762
-0.252977
-0.235873
-0.219374
-0.203408
-0.187912
-0.172824
-0.15809
-0.143657
-0.129478
-0.115509
-0.101705
-0.0880268
-0.0744337
-0.0608874
-0.0473499
-0.0337829
-0.0201482
-0.00640697
0.00747958
0.0215512
0.035849
0.050416
0.0652977
0.0805419
0.0961996
0.112325
0.128976
0.146215
0.16411
0.182733
0.202165
0.222491
0.243804
0.266205
0.289805
0.314724
0.341091
0.369051
0.398757
0.430378
0.464097
0.50011
0.538629
0.579877
0.624092
0.671519
0.722406
0.776998
0.835527
0.898188
0.965125
1.03639
1.1119
1.19139
1.27431
1.35976
1.44635
1.53207
1.61418
1.68907
1.75214
1.79798
1.82126
1.81638
1.76897
1.67082
-1.61754
-1.72649
-1.77409
-1.77134
-1.73686
-1.67872
-1.604
-1.51932
-1.4299
-1.33954
-1.2509
-1.16574
-1.08509
-1.00951
-0.939199
-0.874111
-0.81405
-0.75873
-0.707816
-0.660953
-0.617788
-0.577976
-0.541193
-0.507139
-0.475535
-0.446129
-0.418691
-0.393016
-0.368916
-0.346224
-0.32479
-0.304478
-0.285166
-0.266743
-0.249109
-0.232174
-0.215856
-0.200082
-0.184782
-0.169895
-0.155363
-0.141134
-0.127158
-0.11339
-0.0997871
-0.0863069
-0.0729098
-0.0595571
-0.0462105
-0.0328318
-0.0193825
-0.00582421
0.00788198
0.0217758
0.0358983
0.050293
0.0650054
0.080084
0.0955801
0.111549
0.128048
0.145143
0.162902
0.181401
0.200721
0.220953
0.242194
0.26455
0.288139
0.313089
0.339542
0.367653
0.397593
0.429551
0.463734
0.500367
0.5397
0.582001
0.627562
0.676696
0.729734
0.787021
0.848907
0.915732
0.987805
1.06537
1.14857
1.23735
1.33142
1.43009
1.53211
1.63552
1.73738
1.83358
1.91852
1.98521
2.0262
2.03304
1.98624
1.87425
-1.83745
-1.96368
-2.00838
-1.9883
-1.92978
-1.84493
-1.74349
-1.63388
-1.52224
-1.41272
-1.30794
-1.2094
-1.11784
-1.03345
-0.956087
-0.8854
-0.820929
-0.762161
-0.708575
-0.659663
-0.614945
-0.573978
-0.536357
-0.501715
-0.469722
-0.440083
-0.412537
-0.386849
-0.362812
-0.340242
-0.318974
-0.298862
-0.279774
-0.261593
-0.244214
-0.227542
-0.211491
-0.195985
-0.180954
-0.166334
-0.152067
-0.138099
-0.12438
-0.110864
-0.0975079
-0.0842704
-0.0711116
-0.0579928
-0.0448761
-0.0317237
-0.0184976
-0.00515973
0.00832821
0.0220056
0.0359136
0.0500953
0.0645963
0.0794648
0.0947522
0.110514
0.126808
0.143701
0.161262
0.179568
0.198702
0.218758
0.239835
0.262046
0.285513
0.310372
0.336774
0.364886
0.394893
0.427002
0.461442
0.498468
0.538364
0.581444
0.628056
0.678581
0.733439
0.793083
0.857995
0.928681
1.00565
1.08938
1.18031
1.27871
1.38463
1.49777
1.61722
1.74127
1.867
1.98996
2.10357
2.19898
2.26595
2.29189
2.24939
2.12094
-2.11303
-2.25897
-2.29386
-2.24496
-2.15062
-2.02865
-1.89212
-1.75131
-1.61307
-1.4815
-1.35883
-1.24603
-1.14322
-1.05005
-0.96591
-0.890035
-0.82163
-0.759916
-0.704156
-0.653672
-0.60785
-0.566141
-0.528059
-0.493171
-0.461099
-0.431507
-0.404102
-0.378627
-0.354856
-0.332589
-0.31165
-0.291884
-0.273152
-0.255332
-0.238314
-0.222001
-0.206306
-0.191149
-0.17646
-0.162174
-0.148233
-0.134583
-0.121174
-0.10796
-0.0948981
-0.0819475
-0.0690688
-0.056224
-0.0433759
-0.0304877
-0.0175222
-0.00444245
0.00878928
0.0222119
0.0358658
0.0497935
0.0640401
0.0786533
0.093684
0.109187
0.125221
0.141852
0.159149
0.17719
0.19606
0.215852
0.236671
0.258629
0.281856
0.306491
0.332694
0.36064
0.390527
0.422577
0.45704
0.494196
0.534361
0.577891
0.625189
0.676705
0.732946
0.794478
0.861926
0.935976
1.01737
1.10687
1.20525
1.31324
1.43138
1.55994
1.69864
1.84632
2.00052
2.15676
2.30777
2.44273
2.548
2.60507
2.57429
2.42732
-2.46968
-2.63515
-2.64622
-2.54957
-2.40188
-2.22864
-2.04655
-1.86737
-1.69798
-1.54177
-1.39998
-1.27254
-1.15868
-1.05727
-0.967037
-0.886727
-0.815149
-0.751217
-0.693961
-0.642523
-0.596156
-0.554207
-0.51611
-0.481374
-0.449573
-0.420339
-0.393352
-0.368336
-0.345047
-0.323276
-0.302837
-0.28357
-0.26533
-0.247993
-0.231446
-0.215591
-0.200339
-0.185612
-0.171338
-0.157454
-0.143901
-0.130625
-0.117578
-0.104715
-0.0919929
-0.0793722
-0.0668146
-0.0542831
-0.0417418
-0.0291551
-0.0164875
-0.00370292
0.00923534
0.022365
0.0357254
0.0493583
0.0633076
0.0776198
0.0923448
0.107537
0.123254
0.139561
0.156527
0.174229
0.192753
0.212192
0.23265
0.254244
0.277104
0.301374
0.327218
0.354818
0.384382
0.416142
0.450366
0.487353
0.52745
0.571049
0.6186
0.670618
0.727694
0.790503
0.859817
0.93651
1.02157
1.11608
1.22125
1.33831
1.46849
1.61286
1.77212
1.94616
2.13354
2.33054
2.52984
2.71907
2.88083
2.98874
2.9845
2.81981
-2.95099
-3.12673
-3.08574
-2.91025
-2.68362
-2.44043
-2.20031
-1.9752
-1.7706
-1.58802
-1.42681
-1.28529
-1.16137
-1.05288
-0.957767
-0.874189
-0.800517
-0.735343
-0.677458
-0.625833
-0.57959
-0.537986
-0.500384
-0.466243
-0.435102
-0.406565
-0.380293
-0.355994
-0.333416
-0.312341
-0.29258
-0.273967
-0.256359
-0.239628
-0.223662
-0.208363
-0.193643
-0.179425
-0.165639
-0.152222
-0.139116
-0.12627
-0.113635
-0.10117
-0.0888315
-0.0765823
-0.0643852
-0.0522051
-0.0400078
-0.0277593
-0.0154255
-0.00297211
0.00963601
0.0224353
0.0354639
0.0487616
0.0623705
0.0763359
0.0907065
0.105535
0.120878
0.136798
0.153364
0.170652
0.188745
0.207737
0.227731
0.248845
0.271206
0.294963
0.32028
0.347343
0.376364
0.407586
0.441284
0.477777
0.517429
0.560662
0.607967
0.659913
0.717163
0.780494
0.850811
0.929175
1.01682
1.11519
1.22592
1.35088
1.49212
1.65179
1.83194
2.03418
2.25898
2.50459
2.76511
3.02798
3.27273
3.46367
3.51549
3.34359
-3.63587
-3.78601
-3.63615
-3.33145
-2.98977
-2.6534
-2.34188
-2.0642
-1.82199
-1.61306
-1.43376
-1.28005
-1.14812
-1.03455
-0.936397
-0.851188
-0.77685
-0.711666
-0.65421
-0.6033
-0.557955
-0.517355
-0.480813
-0.447753
-0.417689
-0.390208
-0.364961
-0.341648
-0.320015
-0.299842
-0.280938
-0.263138
-0.2463
-0.230297
-0.215021
-0.200375
-0.186275
-0.172644
-0.159415
-0.146528
-0.133926
-0.121562
-0.109389
-0.0973663
-0.0854541
-0.0736162
-0.0618178
-0.0500259
-0.0382081
-0.0263328
-0.0143679
-0.0022808
0.00996204
0.0223949
0.0350534
0.0479757
0.061202
0.0747755
0.0887426
0.103154
0.118065
0.133536
0.149633
0.166429
0.184007
0.202457
0.221881
0.242393
0.264121
0.28721
0.311824
0.338149
0.366399
0.396818
0.429687
0.465331
0.504128
0.546518
0.593019
0.644238
0.700896
0.763846
0.83411
0.912911
1.00171
1.10228
1.21673
1.34758
1.49781
1.67088
1.87064
2.10109
2.36586
2.66699
3.00259
3.36313
3.7282
4.0541
4.22081
4.08007
-4.66767
-4.6887
-4.32005
-3.80789
-3.30312
-2.84753
-2.4529
-2.11931
-1.8405
-1.60825
-1.41455
-1.25235
-1.1158
-1.00011
-0.901434
-0.816711
-0.743474
-0.67975
-0.623947
-0.574774
-0.53118
-0.4923
-0.457422
-0.425953
-0.397398
-0.371343
-0.347438
-0.325385
-0.304933
-0.285864
-0.267995
-0.251163
-0.235231
-0.220077
-0.205597
-0.191699
-0.1783
-0.165331
-0.152725
-0.140428
-0.128386
-0.116553
-0.104887
-0.0933491
-0.0819027
-0.0705137
-0.0591498
-0.0477806
-0.0363765
-0.024908
-0.0133448
-0.00165705
0.0101863
0.0222172
0.0344692
0.0469774
0.0597795
0.0729166
0.0864326
0.100375
0.114797
0.129756
0.145314
0.161543
0.178519
0.196332
0.215078
0.234867
0.255824
0.278089
0.301822
0.327204
0.354447
0.383789
0.415511
0.449937
0.487446
0.528483
0.573576
0.623351
0.678559
0.740104
0.809084
0.886838
0.975013
1.07564
1.19126
1.32501
1.48082
1.66355
1.87919
2.13484
2.43862
2.7988
3.22159
3.70671
4.24165
4.78286
5.17732
5.17606
-6.30502
-5.93433
-5.1498
-4.31948
-3.59335
-2.99339
-2.5096
-2.12305
-1.81402
-1.56552
-1.36401
-1.199
-1.06253
-0.948533
-0.852416
-0.770647
-0.700495
-0.639832
-0.586979
-0.540601
-0.499624
-0.463181
-0.43056
-0.401177
-0.374549
-0.35027
-0.328004
-0.307465
-0.28841
-0.270634
-0.25396
-0.238237
-0.223332
-0.209134
-0.195543
-0.182473
-0.169849
-0.157605
-0.145681
-0.134024
-0.122587
-0.111328
-0.100207
-0.0891897
-0.0782419
-0.0673331
-0.0564339
-0.0455166
-0.0345543
-0.0235202
-0.0123869
-0.0011269
0.0102881
0.0218868
0.0337
0.0457602
0.058102
0.0707633
0.0837854
0.0972128
0.111094
0.125484
0.140441
0.156032
0.172329
0.189416
0.207385
0.226339
0.246396
0.267691
0.290374
0.31462
0.34063
0.368636
0.398905
0.431754
0.467549
0.506728
0.549809
0.597414
0.650291
0.709357
0.775734
0.850816
0.936346
1.03453
1.14819
1.28095
1.43755
1.62419
1.84902
2.12273
2.45912
2.87546
3.39179
4.02743
4.79222
5.66201
6.48513
6.8937
-9.12479
-7.64609
-6.07747
-4.79316
-3.79424
-3.03973
-2.47641
-2.05246
-1.7284
-1.47651
-1.27742
-1.1175
-0.987136
-0.879446
-0.789408
-0.713308
-0.648353
-0.592408
-0.543817
-0.501282
-0.463769
-0.430449
-0.400648
-0.373817
-0.3495
-0.327322
-0.306966
-0.288169
-0.270706
-0.254388
-0.239052
-0.224558
-0.210787
-0.197635
-0.185012
-0.172841
-0.161052
-0.149586
-0.13839
-0.127416
-0.116622
-0.10597
-0.0954258
-0.0849571
-0.0745347
-0.064131
-0.0537203
-0.043278
-0.0327803
-0.0222032
-0.0115223
-0.000713328
0.0102488
0.02139
0.0327375
0.0443205
0.0561709
0.0683229
0.080814
0.0936852
0.106981
0.120752
0.135052
0.149942
0.16549
0.181771
0.198872
0.216888
0.235929
0.256117
0.277595
0.300526
0.325095
0.351519
0.380049
0.410981
0.44466
0.481496
0.52198
0.566702
0.616376
0.67188
0.734304
0.805009
0.885726
0.978676
1.08676
1.21382
1.36504
1.5475
1.77108
2.04971
2.40322
2.85992
3.46006
4.25676
5.30438
6.64226
8.26926
9.81576
-14.6304
-9.89525
-6.75755
-4.90982
-3.68005
-2.83817
-2.25816
-1.84632
-1.54333
-1.31362
-1.135
-0.993041
-0.878097
-0.783548
-0.704711
-0.638188
-0.581459
-0.532617
-0.490195
-0.453045
-0.420258
-0.391105
-0.364997
-0.341451
-0.320069
-0.300522
-0.282535
-0.265875
-0.250349
-0.235789
-0.222054
-0.209023
-0.196591
-0.184668
-0.173177
-0.16205
-0.151229
-0.140661
-0.130301
-0.120109
-0.110049
-0.100089
-0.0901993
-0.080353
-0.0705253
-0.0606933
-0.0508351
-0.0409299
-0.0309577
-0.020898
-0.0107303
-0.000433705
0.0100128
0.0206315
0.031446
0.0424818
0.0537664
0.0653301
0.077206
0.0894303
0.102043
0.115087
0.128613
0.142674
0.15733
0.17265
0.188708
0.205592
0.223398
0.242237
0.262235
0.283536
0.306307
0.330741
0.357061
0.385529
0.416452
0.450194
0.48719
0.527961
0.573143
0.623513
0.680038
0.743933
0.816747
0.900482
0.997776
1.11217
1.24854
1.41374
1.61771
1.87529
2.20927
2.65603
3.27608
4.16563
5.45497
7.37617
10.604
15.4505
-23.9135
-12.0984
-6.48144
-4.1962
-2.98456
-2.24932
-1.78197
-1.46483
-1.23543
-1.0618
-0.926083
-0.817391
-0.728664
-0.65511
-0.593342
-0.540886
-0.495892
-0.456945
-0.422948
-0.393031
-0.366503
-0.342803
-0.321473
-0.302138
-0.284487
-0.26826
-0.253239
-0.239241
-0.22611
-0.213715
-0.201942
-0.190694
-0.179888
-0.169452
-0.159325
-0.149453
-0.13979
-0.130294
-0.120931
-0.111668
-0.102478
-0.0933367
-0.0842201
-0.075108
-0.0659813
-0.0568223
-0.0476145
-0.0383417
-0.0289885
-0.0195388
-0.00997685
-0.000286326
0.00954963
0.0195485
0.0297295
0.0401132
0.0507224
0.061582
0.0727195
0.0841653
0.0959526
0.108119
0.120704
0.133755
0.147322
0.161462
0.176239
0.191726
0.208003
0.225164
0.243314
0.262573
0.28308
0.304995
0.3285
0.353811
0.381178
0.410894
0.443309
0.478839
0.517987
0.561363
0.60972
0.663997
0.725376
0.795376
0.875975
0.969812
1.08049
1.21306
1.37496
1.57755
1.83931
2.193
2.70207
3.48741
4.76716
7.14853
12.8833
24.8218
)
;

boundaryField
{
    movingWall
    {
        type            zeroGradient;
    }
    fixedWalls
    {
        type            zeroGradient;
    }
    frontAndBack
    {
        type            empty;
    }
}


// ************************************************************************* //
