/*--------------------------------*- C++ -*----------------------------------*\
| =========                 |                                                 |
| \\      /  F ield         | OpenFOAM: The Open Source CFD Toolbox           |
|  \\    /   O peration     | Version:  2212                                  |
|   \\  /    A nd           | Website:  www.openfoam.com                      |
|    \\/     M anipulation  |                                                 |
\*---------------------------------------------------------------------------*/
FoamFile
{
    version     2.0;
    format      ascii;
    arch        "LSB;label=32;scalar=64";
    class       volScalarField;
    location    "0.0005";
    object      p;
}
// * * * * * * * * * * * * * * * * * * * * * * * * * * * * * * * * * * * * * //

dimensions      [0 2 -2 0 0 0 0];

internalField   nonuniform List<scalar> 
10000
(
-1.07822e-07
-0.00208004
-0.0029499
-0.00357038
-0.00425359
-0.0048317
-0.00515238
-0.00507099
-0.00445409
-0.00319339
-0.00122411
0.00145693
0.00478225
0.00862352
0.0128258
0.0172603
0.0218782
0.026745
0.0320402
0.0380201
0.0449535
0.0530514
0.0624094
0.072979
0.0845754
0.096921
0.109714
0.122705
0.135758
0.148874
0.162176
0.175849
0.190067
0.204937
0.220474
0.236624
0.25332
0.27053
0.288275
0.3066
0.325507
0.344886
0.364498
0.384013
0.403108
0.421575
0.43939
0.456698
0.473709
0.490568
0.507291
0.523787
0.539924
0.555637
0.571044
0.586408
0.601925
0.617573
0.633203
0.648654
0.663722
0.678266
0.692436
0.706553
0.720646
0.734431
0.747792
0.760916
0.773914
0.786719
0.799387
0.812061
0.824627
0.836812
0.848625
0.860321
0.871914
0.883085
0.893584
0.903416
0.912616
0.921085
0.92872
0.935506
0.941455
0.94659
0.951018
0.954896
0.958278
0.96109
0.963308
0.965106
0.966665
0.967875
0.968456
0.968363
0.967728
0.966581
0.964713
0.961899
0.00452607
0.00231412
0.00101854
2.77646e-05
-0.0008487
-0.0015563
-0.00196821
-0.00194991
-0.0013738
-0.000136111
0.0018226
0.00449726
0.00780865
0.011616
0.0157566
0.0201028
0.0246174
0.0293842
0.0346006
0.0405335
0.0474519
0.0555554
0.0649205
0.0754763
0.087019
0.0992613
0.111906
0.124722
0.137608
0.150599
0.163846
0.17754
0.191838
0.206806
0.222411
0.238564
0.255186
0.272262
0.289853
0.30804
0.326847
0.346157
0.365698
0.385107
0.404042
0.422309
0.439915
0.457044
0.473924
0.49068
0.507279
0.523595
0.539505
0.554988
0.570211
0.585488
0.601025
0.616732
0.632362
0.647723
0.662659
0.677082
0.691171
0.705245
0.719299
0.733006
0.746246
0.759241
0.77215
0.784937
0.797624
0.810253
0.82266
0.834671
0.846432
0.85816
0.869704
0.880715
0.891099
0.900955
0.910199
0.918589
0.926079
0.932809
0.938796
0.943912
0.948199
0.951938
0.955294
0.958126
0.96031
0.962042
0.963561
0.964785
0.965471
0.965507
0.964995
0.963934
0.962104
0.959266
0.00866324
0.00599398
0.00415632
0.00278124
0.00167646
0.000832932
0.000343222
0.000319464
0.000872009
0.00209089
0.00402449
0.00665877
0.00990866
0.013634
0.017682
0.0219443
0.0264068
0.0311709
0.0364384
0.0424633
0.0494864
0.0576718
0.0670618
0.0775625
0.0889648
0.100997
0.113398
0.125989
0.138718
0.151666
0.164997
0.178884
0.193432
0.20864
0.224412
0.240621
0.257185
0.274124
0.291546
0.309576
0.328254
0.347454
0.366873
0.386123
0.404865
0.42293
0.440358
0.457351
0.474134
0.490795
0.507242
0.523327
0.538985
0.554273
0.569391
0.584669
0.600315
0.616151
0.631782
0.647019
0.661857
0.676266
0.690341
0.704389
0.718465
0.732168
0.745279
0.758143
0.771099
0.784015
0.79668
0.80914
0.821419
0.83339
0.845101
0.856751
0.868247
0.879218
0.889524
0.899327
0.908604
0.91703
0.92445
0.931067
0.937034
0.942195
0.946458
0.950087
0.953377
0.956271
0.958584
0.960377
0.961861
0.963107
0.963942
0.964167
0.963787
0.962661
0.960844
0.957999
0.0118295
0.00875561
0.00652374
0.00484534
0.00354718
0.0025953
0.00205171
0.00199763
0.00251679
0.00368014
0.00552583
0.00803916
0.0111454
0.0147269
0.0186633
0.0228807
0.0273902
0.0322973
0.0377818
0.0440521
0.0512909
0.0596068
0.0690034
0.0793752
0.0905325
0.102252
0.11434
0.12669
0.139313
0.15232
0.165865
0.180074
0.194978
0.210494
0.226466
0.24274
0.25925
0.276056
0.293314
0.311182
0.329707
0.348752
0.367996
0.387046
0.40558
0.423465
0.440767
0.457676
0.474384
0.490943
0.507223
0.523073
0.538501
0.553672
0.568804
0.58416
0.599906
0.615833
0.631456
0.646556
0.661292
0.675773
0.689983
0.704061
0.718106
0.731829
0.744962
0.757795
0.770761
0.783774
0.796463
0.808753
0.820817
0.832741
0.844539
0.856208
0.867592
0.878462
0.888802
0.898705
0.907996
0.916319
0.923631
0.930231
0.936221
0.941361
0.945577
0.949225
0.952626
0.95569
0.958194
0.960149
0.961764
0.963109
0.963975
0.964262
0.963871
0.962789
0.960852
0.957976
0.0139523
0.0106886
0.00824068
0.00637627
0.00495314
0.00393185
0.00334786
0.00324972
0.00369433
0.00473762
0.00641627
0.0087282
0.0116259
0.0150312
0.018869
0.0231034
0.0277619
0.0329352
0.0387565
0.0453656
0.052872
0.0613247
0.0706964
0.0808868
0.0917474
0.103123
0.114903
0.127055
0.13964
0.152781
0.166604
0.181169
0.196428
0.212229
0.228374
0.244703
0.261176
0.277893
0.29504
0.312788
0.331175
0.350047
0.369081
0.387898
0.406211
0.423929
0.441137
0.457999
0.474655
0.491122
0.507265
0.52294
0.538216
0.553348
0.568566
0.584023
0.5998
0.615699
0.631257
0.646255
0.660942
0.675545
0.689985
0.704208
0.718256
0.731974
0.745187
0.758126
0.771124
0.784075
0.796654
0.808843
0.820843
0.832751
0.844586
0.856339
0.867811
0.878716
0.889038
0.898936
0.908248
0.916539
0.923706
0.930107
0.935986
0.941175
0.945533
0.949295
0.952788
0.956064
0.958927
0.96124
0.96307
0.964419
0.965238
0.96557
0.965082
0.963908
0.961993
0.959134
0.0153162
0.0119556
0.00939691
0.00743545
0.00594871
0.00488994
0.00426808
0.00410309
0.00443311
0.00530899
0.00677592
0.00885365
0.0115295
0.0147698
0.0185438
0.0228464
0.0277084
0.0331911
0.0393695
0.0463108
0.054056
0.062607
0.0719224
0.0819234
0.0925134
0.103608
0.115169
0.127223
0.139857
0.153185
0.167291
0.182172
0.197717
0.213732
0.230005
0.246391
0.262878
0.279588
0.296714
0.314407
0.332678
0.351355
0.370127
0.388654
0.406703
0.424234
0.441352
0.458191
0.474825
0.491242
0.507314
0.52291
0.538129
0.553286
0.568606
0.584121
0.599829
0.615597
0.631047
0.645986
0.660723
0.675547
0.690285
0.704703
0.718819
0.732594
0.745901
0.758915
0.771921
0.784783
0.797189
0.809244
0.821298
0.833408
0.845402
0.857214
0.868789
0.8799
0.890362
0.900168
0.909252
0.917382
0.924474
0.930744
0.936417
0.941512
0.946011
0.950048
0.953825
0.957379
0.960532
0.963165
0.965282
0.966798
0.967682
0.967747
0.96718
0.965899
0.964034
0.961226
0.0160134
0.0125902
0.00997006
0.00796705
0.00646275
0.00539267
0.00473993
0.00450508
0.00471872
0.00543463
0.00670946
0.00858346
0.0110744
0.0141858
0.0179216
0.0222959
0.0273338
0.0330635
0.0395073
0.0466753
0.0545624
0.0631477
0.0723948
0.0822562
0.0926841
0.103649
0.115157
0.12726
0.140046
0.153599
0.167957
0.183072
0.198804
0.214949
0.231313
0.247779
0.264354
0.281156
0.298349
0.316037
0.334188
0.352618
0.37105
0.389211
0.406943
0.424259
0.441292
0.458136
0.474796
0.49122
0.507307
0.522933
0.538183
0.553397
0.568808
0.584336
0.599884
0.615443
0.630808
0.645794
0.660671
0.675777
0.690877
0.705533
0.71971
0.733541
0.746981
0.76007
0.772994
0.785703
0.798015
0.810099
0.822319
0.834694
0.846953
0.858973
0.870732
0.882019
0.89255
0.902241
0.911105
0.91904
0.925965
0.932047
0.937584
0.942729
0.947442
0.951734
0.95577
0.959619
0.963114
0.966109
0.968457
0.970038
0.970976
0.970975
0.970143
0.968662
0.966769
0.963996
0.0160623
0.0125805
0.00992068
0.00791187
0.00642339
0.00536455
0.00469919
0.00442078
0.00456103
0.00517715
0.00633025
0.00806985
0.0104314
0.0134428
0.0171308
0.0215208
0.0266305
0.0324643
0.0390122
0.0462551
0.0541724
0.0627453
0.0719564
0.0817879
0.0922236
0.103258
0.114906
0.127211
0.140229
0.154008
0.168552
0.183796
0.199603
0.215802
0.232237
0.248822
0.265564
0.282548
0.299873
0.317577
0.335584
0.353711
0.371741
0.389497
0.406902
0.424019
0.440993
0.457893
0.474639
0.491128
0.507297
0.523053
0.538419
0.553701
0.569169
0.584694
0.600074
0.615397
0.630711
0.645873
0.660996
0.676352
0.691735
0.706625
0.720888
0.734733
0.748245
0.761425
0.774337
0.786942
0.799223
0.811492
0.824093
0.836867
0.849389
0.861578
0.873552
0.885078
0.895667
0.905147
0.913718
0.921498
0.928391
0.934432
0.939928
0.945138
0.95006
0.954668
0.959067
0.96321
0.966895
0.97
0.972441
0.974213
0.97511
0.975061
0.973959
0.9723
0.970238
0.967384
0.0154889
0.0119524
0.00927244
0.00728168
0.00582344
0.00478303
0.00411918
0.00383097
0.00395432
0.00454289
0.00564961
0.00731939
0.00959259
0.0125104
0.0161143
0.0204376
0.0254966
0.031287
0.0377911
0.0449894
0.0528708
0.0614351
0.0706867
0.0806249
0.0912408
0.10252
0.114454
0.127048
0.140316
0.154271
0.168902
0.184158
0.199945
0.216145
0.232655
0.249408
0.266392
0.283625
0.301124
0.318855
0.33671
0.354527
0.372164
0.389556
0.406708
0.423701
0.440673
0.457673
0.474555
0.491146
0.507419
0.523356
0.538917
0.554296
0.569791
0.585316
0.600606
0.615764
0.631047
0.646421
0.661834
0.677378
0.692859
0.70783
0.722176
0.736099
0.74968
0.762919
0.775904
0.788643
0.801141
0.813713
0.826709
0.839915
0.852784
0.865164
0.877235
0.888833
0.89944
0.908838
0.91727
0.924926
0.931748
0.937816
0.943484
0.948953
0.954107
0.958913
0.963502
0.967825
0.971693
0.974891
0.977273
0.97902
0.979926
0.979888
0.978693
0.976902
0.974629
0.971609
0.014384
0.010814
0.00813652
0.0061646
0.00471319
0.00366145
0.00298266
0.00269125
0.00282503
0.00342472
0.00452459
0.00615669
0.00835999
0.0111835
0.0146789
0.0188868
0.0238273
0.0295003
0.035897
0.0430145
0.0508636
0.0594655
0.0688393
0.0789869
0.0898854
0.101492
0.113755
0.126632
0.140098
0.154144
0.168766
0.183952
0.19967
0.215868
0.232486
0.249463
0.266744
0.284269
0.301962
0.319731
0.337461
0.355028
0.372368
0.389516
0.406545
0.423524
0.440543
0.457638
0.474647
0.491339
0.507702
0.523818
0.539631
0.555184
0.570732
0.586285
0.601589
0.616714
0.632011
0.647533
0.66313
0.67874
0.694161
0.709054
0.723413
0.737486
0.75128
0.764691
0.777844
0.790891
0.803867
0.816943
0.830329
0.843814
0.856916
0.869492
0.88167
0.893249
0.903755
0.913078
0.921524
0.929231
0.93608
0.942205
0.948029
0.953712
0.959079
0.96409
0.968838
0.973275
0.977241
0.980463
0.982821
0.984476
0.985428
0.985371
0.984215
0.982368
0.980004
0.976808
0.0128802
0.00930793
0.0066386
0.00464436
0.00312833
0.00199343
0.00124556
0.000917452
0.00104284
0.00164284
0.00273068
0.00432674
0.00646997
0.00921618
0.0126241
0.0167389
0.0215842
0.0271665
0.0334897
0.0405689
0.048434
0.0571215
0.0666562
0.0770341
0.0882128
0.100118
0.112659
0.125755
0.139351
0.15343
0.168009
0.183121
0.198797
0.215041
0.23182
0.249059
0.266651
0.284458
0.30233
0.320138
0.337787
0.355209
0.3724
0.389455
0.406491
0.423541
0.440612
0.457733
0.474789
0.491544
0.50798
0.52427
0.540386
0.556222
0.571926
0.587584
0.603002
0.618213
0.633563
0.649142
0.664739
0.680232
0.695471
0.710237
0.724622
0.738908
0.753044
0.766814
0.780328
0.793841
0.807409
0.821043
0.834793
0.848461
0.861685
0.874372
0.886602
0.898139
0.908579
0.917925
0.926494
0.934333
0.941277
0.947512
0.953492
0.959346
0.964913
0.970126
0.974986
0.979491
0.983542
0.986787
0.989116
0.990664
0.991594
0.991449
0.99034
0.988484
0.986134
0.98285
0.0110583
0.00749617
0.00480169
0.00270503
0.00103046
-0.000267821
-0.00114572
-0.00155966
-0.00148841
-0.000931629
0.000109471
0.00165325
0.00374569
0.00645102
0.00983213
0.0139334
0.0187757
0.0243653
0.0307096
0.0378301
0.0457642
0.054554
0.0642269
0.0747767
0.0861535
0.0982676
0.111008
0.124268
0.137977
0.152113
0.166708
0.18183
0.197553
0.213914
0.230889
0.248377
0.266224
0.284238
0.302228
0.320055
0.337665
0.355054
0.372249
0.389348
0.406473
0.423621
0.44071
0.457755
0.474755
0.491539
0.508071
0.524569
0.541055
0.557296
0.573289
0.589152
0.60477
0.620136
0.635544
0.651079
0.666519
0.681757
0.696756
0.711431
0.725934
0.740536
0.755118
0.76937
0.783386
0.797483
0.811691
0.825852
0.839884
0.853659
0.866967
0.879758
0.892043
0.903562
0.914005
0.923469
0.932246
0.940311
0.947487
0.953955
0.9601
0.966059
0.971778
0.977168
0.982113
0.986652
0.990725
0.993939
0.996174
0.997627
0.998468
0.998219
0.997047
0.995182
0.992828
0.989563
0.0088549
0.00527564
0.00249081
0.000216033
-0.00167147
-0.00316121
-0.00418659
-0.00471209
-0.00473782
-0.00427926
-0.00333783
-0.00188145
0.000154285
0.00284729
0.00626451
0.0104451
0.0153989
0.0211181
0.0275958
0.0348409
0.0428819
0.0517592
0.0615068
0.0721323
0.0836019
0.0958368
0.108727
0.122155
0.136034
0.150328
0.165068
0.180329
0.1962
0.212729
0.229889
0.247557
0.265546
0.28365
0.301675
0.319499
0.337112
0.354568
0.371899
0.389147
0.406397
0.423625
0.440688
0.45759
0.474472
0.491299
0.508012
0.524799
0.541715
0.558447
0.574828
0.590959
0.606805
0.622345
0.637798
0.653219
0.66841
0.683355
0.69817
0.712866
0.727589
0.742568
0.757637
0.772434
0.787023
0.801732
0.816545
0.831174
0.845469
0.859377
0.8728
0.885697
0.898031
0.90958
0.920125
0.929772
0.938753
0.947046
0.954541
0.961358
0.967717
0.973767
0.979601
0.98511
0.990112
0.994689
0.998759
1.00189
1.00398
1.00536
1.00608
1.00579
1.00452
1.00265
1.00022
0.99696
0.00605732
0.00240672
-0.000520097
-0.00297955
-0.00503566
-0.00665131
-0.00777355
-0.00839928
-0.00855457
-0.00825842
-0.0074918
-0.00618829
-0.00424874
-0.00157072
0.00192197
0.0062619
0.0114379
0.0174102
0.0241337
0.0315806
0.039754
0.0486885
0.0584355
0.0690394
0.0805102
0.0928064
0.105836
0.119478
0.133621
0.148201
0.16322
0.178736
0.194829
0.211544
0.228848
0.246609
0.264633
0.282727
0.300735
0.318564
0.336235
0.353842
0.371406
0.388871
0.406248
0.423523
0.440549
0.457321
0.474108
0.491044
0.508053
0.525217
0.542573
0.55978
0.576555
0.592956
0.609004
0.624689
0.64018
0.655497
0.670467
0.685187
0.699937
0.714802
0.729844
0.745199
0.760698
0.776007
0.791187
0.806517
0.821885
0.836919
0.851478
0.865604
0.879225
0.892225
0.904544
0.916085
0.92674
0.936554
0.945658
0.954108
0.961935
0.969179
0.975864
0.98213
0.988145
0.993756
0.998795
1.00342
1.00748
1.0105
1.0124
1.01369
1.01432
1.01411
1.01287
1.01104
1.00852
1.00516
0.00240919
-0.00135211
-0.00440521
-0.00695089
-0.00902822
-0.0106303
-0.01176
-0.0124641
-0.0127885
-0.0127351
-0.0122394
-0.0111769
-0.00939405
-0.00674946
-0.00315002
0.00142806
0.00693915
0.0132879
0.0203632
0.0280762
0.0363916
0.0453403
0.0550079
0.0654998
0.0768957
0.0892112
0.102382
0.116283
0.130767
0.145725
0.161115
0.176962
0.193323
0.210234
0.227661
0.245478
0.263495
0.281549
0.299539
0.317412
0.335196
0.352995
0.370821
0.388526
0.406019
0.423316
0.440338
0.457082
0.473885
0.491026
0.508423
0.526005
0.543741
0.561297
0.578364
0.594984
0.611207
0.627024
0.642578
0.657885
0.672785
0.687449
0.702285
0.717419
0.732817
0.748509
0.764344
0.78008
0.795815
0.811755
0.827654
0.843061
0.857894
0.872288
0.886141
0.899207
0.911422
0.922871
0.933582
0.943525
0.952734
0.961369
0.969587
0.977335
0.984483
0.991151
0.997454
1.00313
1.0081
1.01265
1.01662
1.0195
1.02125
1.02246
1.02309
1.02299
1.02194
1.02017
1.01767
1.01417
-0.00224466
-0.00610358
-0.00918562
-0.011646
-0.0135611
-0.0150113
-0.0160821
-0.0168689
-0.0174186
-0.0176906
-0.0175507
-0.016796
-0.0152025
-0.012579
-0.00881334
-0.00389934
0.00206307
0.00889665
0.0163989
0.0244041
0.0328364
0.0417351
0.05124
0.0615403
0.0728025
0.0851071
0.0984176
0.112595
0.127454
0.142828
0.158628
0.174846
0.191514
0.208656
0.226238
0.244142
0.262185
0.280226
0.298217
0.316154
0.334058
0.352017
0.370053
0.387964
0.405562
0.422892
0.439992
0.456881
0.473878
0.491331
0.509151
0.527123
0.545124
0.562859
0.580072
0.596849
0.613261
0.629265
0.644969
0.660403
0.675433
0.690254
0.705316
0.720756
0.736468
0.752424
0.768525
0.78463
0.800873
0.817384
0.833787
0.849561
0.864672
0.879324
0.893369
0.906453
0.918546
0.929918
0.94071
0.950826
0.960253
0.969231
0.977939
0.986197
0.993808
1.00091
1.00748
1.01315
1.01793
1.02227
1.02609
1.02886
1.03059
1.03174
1.0324
1.03232
1.03148
1.02982
1.02742
1.02387
-0.00787965
-0.0117724
-0.0147508
-0.0169685
-0.0185974
-0.0198328
-0.0208401
-0.0217428
-0.0225641
-0.0232016
-0.0234375
-0.0229824
-0.0215377
-0.0188635
-0.0148372
-0.00948706
-0.00298849
0.00437996
0.012314
0.0205736
0.0290573
0.0378338
0.0471174
0.0571921
0.0683116
0.0806117
0.0940699
0.108526
0.12375
0.139527
0.15573
0.172327
0.189337
0.206765
0.224565
0.242619
0.260747
0.278802
0.296779
0.314735
0.332695
0.350717
0.36885
0.386909
0.404638
0.422078
0.439391
0.456631
0.474029
0.491897
0.510124
0.528397
0.546537
0.56431
0.581565
0.598475
0.615133
0.63143
0.647404
0.663098
0.678418
0.693561
0.708954
0.724696
0.74065
0.75681
0.773165
0.789647
0.806375
0.823392
0.840234
0.856351
0.871735
0.886606
0.900773
0.913854
0.925908
0.937343
0.948327
0.958699
0.968454
0.977886
0.987089
0.995738
1.00367
1.01109
1.01787
1.02355
1.02821
1.03239
1.03604
1.03872
1.0405
1.04164
1.04234
1.04225
1.04151
1.03998
1.03763
1.03411
-0.0143337
-0.0181887
-0.0209719
-0.0228843
-0.0242159
-0.0252632
-0.0262441
-0.0272836
-0.0283661
-0.0293233
-0.0298592
-0.0296062
-0.0282019
-0.0253718
-0.0209998
-0.0151652
-0.00813011
-0.00027432
0.00801029
0.0164349
0.0249014
0.0335306
0.0426182
0.0525329
0.063591
0.0759546
0.0895922
0.104312
0.11985
0.135963
0.15251
0.169454
0.186814
0.204572
0.222646
0.240899
0.25914
0.277207
0.295111
0.312988
0.330905
0.348895
0.367033
0.385209
0.403146
0.420845
0.43854
0.456315
0.474285
0.49264
0.511224
0.529685
0.54786
0.56561
0.582891
0.59996
0.61693
0.633613
0.649953
0.665989
0.681681
0.697233
0.713021
0.729077
0.745248
0.761612
0.778274
0.795194
0.8124
0.829826
0.846984
0.863363
0.87898
0.894015
0.908231
0.9213
0.93342
0.945075
0.956357
0.967028
0.977139
0.98703
0.996665
1.00561
1.01377
1.02144
1.02842
1.03419
1.03888
1.04298
1.04647
1.04905
1.05087
1.0521
1.05289
1.05291
1.05218
1.05072
1.04831
1.04479
-0.0214257
-0.025212
-0.0277975
-0.0294519
-0.0305621
-0.0314866
-0.0324635
-0.033605
-0.0348598
-0.0360091
-0.0366985
-0.0365034
-0.0350183
-0.031954
-0.027217
-0.0209442
-0.0134765
-0.00526996
0.00323397
0.0117383
0.0201787
0.0287373
0.0377754
0.0477086
0.0588691
0.0714043
0.08525
0.100184
0.11593
0.132258
0.149042
0.166267
0.183956
0.202063
0.220446
0.238916
0.257271
0.275333
0.293115
0.310832
0.328643
0.346573
0.364705
0.383021
0.401269
0.419387
0.437607
0.456023
0.474631
0.493483
0.512361
0.530922
0.549086
0.566837
0.584217
0.601514
0.618837
0.635932
0.652667
0.669075
0.685166
0.701165
0.717402
0.733834
0.750288
0.766929
0.783972
0.801367
0.819002
0.836696
0.853991
0.87049
0.886253
0.901394
0.915627
0.92871
0.940991
0.952977
0.964641
0.975676
0.986194
0.996545
1.00657
1.01579
1.02419
1.03206
1.03915
1.045
1.04976
1.05384
1.05722
1.05972
1.06156
1.06295
1.06384
1.06404
1.06334
1.0619
1.05944
1.0558
-0.0290513
-0.032793
-0.0352512
-0.0367508
-0.0377312
-0.0385745
-0.0395221
-0.0406774
-0.0419707
-0.0431555
-0.0438428
-0.0435739
-0.0419234
-0.0386068
-0.0335627
-0.0269795
-0.0192499
-0.0108627
-0.00225999
0.00629366
0.0147855
0.0234469
0.032665
0.0428464
0.0542844
0.067075
0.0811122
0.0961612
0.111972
0.128368
0.145281
0.162723
0.180718
0.199187
0.217903
0.2366
0.255061
0.273122
0.29079
0.308345
0.326063
0.343993
0.362187
0.380694
0.399322
0.417946
0.436746
0.455795
0.475001
0.494302
0.513435
0.532085
0.550281
0.568137
0.585746
0.60336
0.621041
0.638499
0.655592
0.672374
0.688889
0.705372
0.722114
0.739009
0.755857
0.772866
0.790313
0.808119
0.826046
0.843836
0.861104
0.877602
0.893449
0.908698
0.923026
0.936263
0.948846
0.961254
0.973355
0.984826
0.995819
1.00662
1.01697
1.0264
1.03502
1.04304
1.05016
1.05602
1.06084
1.06496
1.06831
1.0708
1.07262
1.07407
1.075
1.0753
1.07473
1.07331
1.07088
1.06711
-0.0371934
-0.0409427
-0.0433605
-0.0447964
-0.0457046
-0.0464718
-0.0473419
-0.0484201
-0.0496328
-0.050721
-0.0512782
-0.0508335
-0.0489653
-0.0454134
-0.0401546
-0.0334133
-0.025598
-0.0171814
-0.00855888
6.60332e-05
0.00873253
0.0176918
0.0273067
0.0379202
0.0497438
0.0628052
0.0769686
0.0920182
0.107768
0.124133
0.141118
0.158759
0.177062
0.195897
0.214953
0.233874
0.252435
0.270519
0.288148
0.30563
0.323344
0.341383
0.359742
0.378484
0.397484
0.416594
0.435931
0.455532
0.475245
0.494946
0.514357
0.533192
0.55156
0.569675
0.587642
0.605637
0.623647
0.641378
0.658753
0.6759
0.692884
0.709899
0.727182
0.744584
0.761887
0.779302
0.797099
0.815158
0.833189
0.850942
0.868142
0.884664
0.900654
0.916121
0.930726
0.944339
0.957379
0.970224
0.982694
0.994543
1.00597
1.01715
1.02771
1.03731
1.04614
1.05434
1.06154
1.06746
1.07236
1.07651
1.07984
1.08233
1.08411
1.08552
1.08643
1.08673
1.08633
1.08499
1.08263
1.07881
-0.0458709
-0.0496716
-0.0521095
-0.0535385
-0.0544105
-0.0551113
-0.0558864
-0.0568415
-0.0578968
-0.0587835
-0.0590914
-0.0583635
-0.0562135
-0.05243
-0.0470337
-0.0402662
-0.0325137
-0.0241864
-0.0155961
-0.00686964
0.00207205
0.0114657
0.0216066
0.0327372
0.0449689
0.058266
0.072489
0.0874736
0.103121
0.119443
0.136514
0.154373
0.172974
0.192133
0.211479
0.230587
0.249228
0.267375
0.28509
0.302665
0.320522
0.338797
0.357419
0.376418
0.395732
0.415237
0.435021
0.455091
0.47525
0.495347
0.51512
0.534301
0.553026
0.571541
0.589939
0.608319
0.626601
0.644518
0.662111
0.679622
0.697121
0.714712
0.732531
0.750404
0.768131
0.785919
0.803983
0.822152
0.840153
0.857847
0.875089
0.891802
0.908084
0.923892
0.938915
0.953045
0.966599
0.979798
0.992466
1.00454
1.01629
1.02778
1.03857
1.04839
1.05748
1.06591
1.07328
1.07932
1.08427
1.08838
1.09165
1.09411
1.09595
1.09737
1.09835
1.09865
1.09834
1.09711
1.09472
1.0909
-0.0550971
-0.0589732
-0.0614703
-0.0629448
-0.063841
-0.0645328
-0.0652503
-0.0660776
-0.0669133
-0.0674804
-0.0673884
-0.0662333
-0.063705
-0.0596672
-0.0541863
-0.047498
-0.0399264
-0.0317803
-0.0232623
-0.0144197
-0.00515147
0.00473472
0.0154391
0.0270904
0.0397048
0.0532021
0.0674643
0.0823983
0.0979894
0.114322
0.131514
0.149586
0.168419
0.187778
0.207287
0.226507
0.245221
0.2635
0.28147
0.299362
0.317558
0.336197
0.355157
0.374425
0.393989
0.41379
0.433936
0.454428
0.475028
0.495559
0.515781
0.535448
0.554675
0.573677
0.592507
0.611226
0.629735
0.647818
0.665638
0.683543
0.701594
0.719772
0.738088
0.756345
0.774405
0.792501
0.810787
0.829025
0.846989
0.864697
0.882131
0.899196
0.915861
0.932026
0.947455
0.962094
0.976144
0.989654
1.00248
1.01473
1.02679
1.03861
1.04969
1.0598
1.06915
1.07774
1.08518
1.09128
1.09626
1.10031
1.10352
1.10601
1.10803
1.10961
1.11075
1.11116
1.11081
1.10959
1.10711
1.10323
-0.0648877
-0.0688608
-0.0714663
-0.0730697
-0.0740956
-0.0748794
-0.0756004
-0.076291
-0.0768178
-0.0769122
-0.0762431
-0.0745074
-0.0715089
-0.0672014
-0.0616841
-0.055155
-0.0478394
-0.0399175
-0.031475
-0.0224914
-0.012867
-0.002477
0.00877299
0.0209056
0.0338638
0.0475469
0.0618735
0.0768233
0.0924447
0.108851
0.126165
0.144384
0.163321
0.18271
0.202231
0.221505
0.240344
0.258886
0.277313
0.295765
0.314494
0.333601
0.352933
0.37246
0.392231
0.412266
0.432725
0.453622
0.474681
0.495683
0.5164
0.53661
0.556407
0.575934
0.595188
0.614225
0.632984
0.651318
0.669473
0.68784
0.706444
0.72516
0.743894
0.762438
0.780739
0.799088
0.817595
0.835952
0.853967
0.871787
0.889492
0.906936
0.923954
0.940406
0.956168
0.971277
0.985847
0.999784
1.01294
1.02553
1.03793
1.05005
1.06137
1.0717
1.08117
1.08972
1.09708
1.10319
1.10822
1.11235
1.11565
1.11826
1.12047
1.12226
1.1235
1.12401
1.12358
1.12223
1.11965
1.1156
-0.0752895
-0.0793955
-0.0821822
-0.0840239
-0.085301
-0.086273
-0.0870329
-0.0875435
-0.0876488
-0.0871232
-0.0857397
-0.0833328
-0.079835
-0.0752781
-0.0697645
-0.0634203
-0.0563489
-0.0485994
-0.0401587
-0.0309678
-0.0209557
-0.0100776
0.00166118
0.014203
0.0274522
0.0413136
0.0557464
0.0707893
0.0865256
0.103054
0.120465
0.138737
0.157656
0.176948
0.196392
0.215734
0.234821
0.253802
0.272869
0.292054
0.311438
0.331046
0.350729
0.370488
0.390455
0.410725
0.431497
0.452801
0.474331
0.495818
0.517028
0.537775
0.558155
0.578246
0.597976
0.617397
0.636508
0.655241
0.673874
0.692756
0.711843
0.730951
0.749961
0.768699
0.78719
0.805765
0.824504
0.843054
0.861236
0.879264
0.897254
0.915016
0.932313
0.94902
0.965124
0.980731
0.995891
1.01041
1.0241
1.03717
1.04989
1.06213
1.0735
1.08387
1.09332
1.10178
1.10907
1.11525
1.12049
1.12486
1.1284
1.13121
1.13351
1.13537
1.13656
1.13703
1.13656
1.13507
1.1324
1.12818
-0.0863836
-0.0906641
-0.0937053
-0.0958801
-0.0974959
-0.0987055
-0.099497
-0.0997695
-0.0993723
-0.098159
-0.0960346
-0.092976
-0.0890243
-0.0842542
-0.0787363
-0.0725059
-0.0655507
-0.0578183
-0.0492394
-0.0397558
-0.029346
-0.0180403
-0.00591556
0.00693012
0.020404
0.0344402
0.0490331
0.0642524
0.0801888
0.0968942
0.114398
0.132671
0.151519
0.170693
0.190073
0.209558
0.229033
0.248596
0.268389
0.288341
0.308375
0.328447
0.348436
0.368424
0.388639
0.409226
0.430379
0.452112
0.4741
0.49605
0.517728
0.538987
0.559952
0.580663
0.600974
0.620909
0.640499
0.659738
0.678906
0.698268
0.717687
0.736978
0.756097
0.774965
0.793663
0.812503
0.831503
0.850298
0.868745
0.887072
0.90537
0.923411
0.940969
0.957988
0.974527
0.990688
1.00644
1.02155
1.03579
1.04929
1.06221
1.07442
1.08568
1.09601
1.10548
1.11397
1.12138
1.12779
1.13331
1.13797
1.14176
1.14476
1.14709
1.14889
1.14999
1.15033
1.14987
1.14835
1.14559
1.14131
-0.0982575
-0.102737
-0.106074
-0.108627
-0.11061
-0.112055
-0.112849
-0.112853
-0.111952
-0.110098
-0.107323
-0.103717
-0.0993871
-0.0944098
-0.0888046
-0.0825265
-0.0754848
-0.0675778
-0.0587285
-0.0489097
-0.03815
-0.0265266
-0.0141437
-0.00109622
0.0125579
0.0267961
0.0416311
0.0571269
0.0733541
0.0903085
0.107945
0.126228
0.14503
0.164155
0.18356
0.203274
0.223224
0.243415
0.2639
0.284522
0.305111
0.325591
0.345894
0.366185
0.386776
0.407825
0.429463
0.451641
0.474035
0.496383
0.518486
0.540243
0.561809
0.583191
0.60418
0.624742
0.64489
0.664647
0.684292
0.704015
0.723616
0.742955
0.762114
0.781143
0.800156
0.819372
0.8387
0.857769
0.876516
0.895194
0.913836
0.932173
0.95003
0.967443
0.984497
1.00121
1.01747
1.03302
1.04767
1.06148
1.07452
1.08668
1.0979
1.10827
1.11785
1.12653
1.13419
1.14087
1.14662
1.15146
1.15539
1.15852
1.16093
1.16272
1.16383
1.16412
1.16363
1.16213
1.1593
1.15495
-0.110995
-0.115676
-0.119309
-0.122234
-0.124558
-0.126195
-0.126959
-0.126702
-0.125366
-0.122997
-0.119721
-0.115695
-0.111044
-0.105824
-0.100008
-0.093505
-0.0861963
-0.0779797
-0.0688024
-0.0586727
-0.0476489
-0.0358153
-0.0232606
-0.0100496
0.0038013
0.0183061
0.0334762
0.0493352
0.0659153
0.0831713
0.100996
0.119346
0.138181
0.157379
0.176933
0.196951
0.217391
0.238168
0.259237
0.280388
0.301424
0.322299
0.343002
0.363747
0.384874
0.406513
0.4287
0.451303
0.474014
0.496665
0.519151
0.541427
0.563643
0.585744
0.607459
0.628695
0.649426
0.669672
0.689715
0.709708
0.729453
0.748887
0.768209
0.787554
0.807031
0.826737
0.846447
0.865788
0.884799
0.903789
0.922757
0.941409
0.959616
0.977475
0.995046
1.01225
1.02889
1.04475
1.05971
1.07376
1.08694
1.0992
1.11056
1.1211
1.13085
1.13969
1.14755
1.15441
1.1603
1.16523
1.16924
1.17248
1.17509
1.177
1.17821
1.17852
1.17789
1.17627
1.17329
1.16879
-0.12471
-0.129586
-0.133498
-0.136745
-0.139331
-0.141076
-0.141761
-0.14126
-0.13958
-0.136837
-0.13321
-0.128873
-0.12394
-0.118439
-0.112318
-0.105476
-0.0978087
-0.0892379
-0.079739
-0.0693402
-0.0581022
-0.0460898
-0.0333576
-0.0199405
-0.00583472
0.00899005
0.0245348
0.0407743
0.0577028
0.0752689
0.0933396
0.111858
0.130856
0.150285
0.170136
0.190528
0.211434
0.232709
0.254239
0.275797
0.297213
0.318508
0.339729
0.361085
0.382868
0.405144
0.427864
0.450838
0.473803
0.496721
0.51961
0.542483
0.565444
0.588327
0.610781
0.632681
0.653983
0.674717
0.69516
0.71545
0.73543
0.755137
0.774847
0.794695
0.814726
0.834922
0.854983
0.874569
0.893799
0.913028
0.932251
0.951198
0.969781
0.988096
1.00612
1.02369
1.04062
1.05677
1.07203
1.08637
1.09978
1.11226
1.12388
1.13466
1.14454
1.15344
1.16137
1.16835
1.1744
1.1795
1.18371
1.18715
1.18995
1.19203
1.19326
1.19353
1.19268
1.19073
1.1875
1.18273
-0.139582
-0.144659
-0.148815
-0.152289
-0.154998
-0.15672
-0.157248
-0.15651
-0.154568
-0.151579
-0.147728
-0.143173
-0.137996
-0.132207
-0.125747
-0.118534
-0.11049
-0.101566
-0.0917532
-0.0810784
-0.0695918
-0.0573396
-0.0443537
-0.0306597
-0.0162621
-0.0011316
0.014738
0.0313007
0.0485327
0.0664119
0.084819
0.103668
0.123013
0.14285
0.163141
0.183962
0.205284
0.226948
0.248825
0.270711
0.292484
0.314237
0.336064
0.358133
0.38063
0.403532
0.426738
0.450061
0.473321
0.496607
0.520029
0.543624
0.567419
0.591116
0.614286
0.636797
0.658633
0.679868
0.700785
0.721486
0.741841
0.761979
0.782218
0.802646
0.823204
0.843791
0.86412
0.883951
0.903464
0.922967
0.94242
0.96162
0.980559
0.999293
1.01768
1.03548
1.05261
1.06903
1.08467
1.09937
1.11306
1.1258
1.13767
1.14866
1.15865
1.1676
1.1756
1.18276
1.18909
1.19453
1.19909
1.20279
1.20571
1.20781
1.20891
1.20897
1.2079
1.20563
1.20211
1.19712
-0.155814
-0.161098
-0.165434
-0.168986
-0.171634
-0.173183
-0.173485
-0.172528
-0.170412
-0.167291
-0.16332
-0.158613
-0.153224
-0.14715
-0.140352
-0.132771
-0.124359
-0.115082
-0.10493
-0.0939196
-0.0820913
-0.0694953
-0.0561708
-0.0421553
-0.0274756
-0.0121048
0.00400124
0.0208267
0.0383552
0.0566037
0.0754841
0.0948608
0.114739
0.135119
0.155926
0.177181
0.198853
0.220803
0.242945
0.265136
0.287297
0.309561
0.332044
0.354866
0.378097
0.401622
0.425321
0.449054
0.472755
0.496609
0.520744
0.545159
0.569786
0.59422
0.61801
0.641055
0.663389
0.685147
0.706616
0.727843
0.748687
0.769323
0.790091
0.811044
0.832052
0.852967
0.873565
0.893753
0.913743
0.933699
0.953457
0.972874
0.992079
1.01113
1.02975
1.04768
1.06493
1.08161
1.09763
1.11271
1.12672
1.13972
1.15181
1.16298
1.17312
1.18225
1.19048
1.19792
1.20459
1.2104
1.21528
1.21918
1.22209
1.22404
1.2249
1.22466
1.22338
1.22097
1.21731
1.21223
-0.173527
-0.178995
-0.183404
-0.186867
-0.189299
-0.19059
-0.190667
-0.189562
-0.187366
-0.184194
-0.180145
-0.175291
-0.169672
-0.1633
-0.156165
-0.14824
-0.139485
-0.129862
-0.119342
-0.107925
-0.095656
-0.0826147
-0.0688803
-0.054516
-0.0395649
-0.0239925
-0.00768875
0.00940676
0.0272993
0.0460212
0.0655044
0.0855508
0.106068
0.127023
0.148328
0.169981
0.191962
0.214173
0.236585
0.25913
0.281764
0.304614
0.327784
0.351349
0.375303
0.399472
0.423737
0.448009
0.472321
0.496915
0.521877
0.547116
0.57246
0.597462
0.621738
0.645274
0.668144
0.690505
0.712614
0.73445
0.755853
0.777024
0.798298
0.819715
0.841144
0.862443
0.883454
0.904186
0.924844
0.945406
0.965536
0.985124
1.00446
1.02366
1.04242
1.06043
1.07779
1.09471
1.11107
1.12653
1.14089
1.15419
1.16655
1.17796
1.18838
1.19782
1.20641
1.21419
1.22113
1.22713
1.23211
1.23604
1.23887
1.24061
1.24126
1.24077
1.23927
1.23679
1.23308
1.22796
-0.192669
-0.19826
-0.202632
-0.205905
-0.208089
-0.209169
-0.20912
-0.207964
-0.205746
-0.202516
-0.19833
-0.193249
-0.187338
-0.180651
-0.173216
-0.165016
-0.15599
-0.14606
-0.135162
-0.123279
-0.110475
-0.0968883
-0.0826642
-0.0679006
-0.0526417
-0.036832
-0.0202881
-0.00285198
0.015506
0.034792
0.0549289
0.0756664
0.0968139
0.1183
0.140051
0.162087
0.184427
0.206996
0.229795
0.2528
0.275991
0.299476
0.323326
0.34759
0.372228
0.397063
0.421993
0.44695
0.472013
0.497427
0.523212
0.549192
0.57512
0.600565
0.625278
0.649361
0.672908
0.696034
0.718902
0.741411
0.763415
0.785166
0.806999
0.828931
0.850845
0.87264
0.89421
0.9156
0.936947
0.958061
0.978492
0.998179
1.01754
1.03679
1.05562
1.07375
1.0913
1.10849
1.12517
1.14096
1.15568
1.16939
1.18216
1.19395
1.20473
1.21454
1.22348
1.23154
1.23863
1.24466
1.24957
1.25341
1.25617
1.25783
1.25837
1.25777
1.25606
1.25337
1.24952
1.24421
-0.213045
-0.218702
-0.222998
-0.226121
-0.228176
-0.229199
-0.229149
-0.227993
-0.225709
-0.222306
-0.217844
-0.212429
-0.20619
-0.199235
-0.191608
-0.183263
-0.174073
-0.163884
-0.152588
-0.140169
-0.126734
-0.112501
-0.0977023
-0.0824723
-0.0668343
-0.0506979
-0.0338191
-0.01595
0.0029606
0.0228562
0.0436187
0.0649721
0.0866764
0.108647
0.130841
0.153321
0.176148
0.199248
0.222592
0.246153
0.269928
0.294024
0.318514
0.343442
0.368755
0.394299
0.419995
0.44577
0.471685
0.497938
0.524481
0.551106
0.577552
0.60345
0.628698
0.653485
0.677881
0.701916
0.725634
0.748859
0.771496
0.793883
0.816377
0.838963
0.861491
0.883856
0.905994
0.927972
0.949847
0.971306
0.991888
1.01164
1.03107
1.0504
1.06934
1.08766
1.10549
1.12301
1.14
1.1561
1.1712
1.18539
1.19868
1.21096
1.22213
1.23225
1.24142
1.24962
1.25678
1.26283
1.26774
1.27153
1.27431
1.276
1.27652
1.27583
1.27396
1.27095
1.2668
1.26121
-0.234463
-0.240186
-0.244479
-0.247609
-0.249729
-0.250845
-0.250849
-0.249638
-0.247153
-0.243421
-0.238564
-0.232779
-0.22627
-0.219175
-0.211507
-0.203141
-0.193851
-0.183401
-0.171652
-0.158621
-0.144489
-0.129562
-0.11415
-0.0984129
-0.0823237
-0.0657404
-0.0483902
-0.0299767
-0.0104392
0.0100871
0.0314204
0.0532852
0.0754585
0.0978932
0.120588
0.143626
0.167077
0.190848
0.214852
0.239026
0.263377
0.288053
0.313171
0.338801
0.364874
0.391234
0.4178
0.444474
0.471282
0.498353
0.525592
0.552811
0.579786
0.606239
0.632189
0.657845
0.683198
0.70818
0.732742
0.756694
0.780025
0.803142
0.826402
0.849765
0.873018
0.895981
0.918595
0.940984
0.963191
0.984848
1.00554
1.02545
1.04512
1.0647
1.08385
1.10238
1.12051
1.13836
1.15567
1.17211
1.18762
1.20232
1.21615
1.22891
1.24045
1.2508
1.26008
1.26835
1.27558
1.28174
1.28678
1.29066
1.29346
1.29513
1.29554
1.29466
1.29259
1.28935
1.28494
1.27913
-0.256864
-0.262717
-0.267142
-0.270457
-0.272779
-0.274037
-0.274047
-0.272665
-0.269849
-0.265701
-0.260443
-0.254363
-0.24771
-0.240607
-0.232991
-0.224631
-0.215208
-0.204433
-0.192175
-0.178516
-0.163719
-0.148149
-0.132156
-0.115891
-0.0992593
-0.0820601
-0.0640397
-0.0449315
-0.024697
-0.0035412
0.0182987
0.040573
0.0631315
0.0860157
0.10928
0.132994
0.157183
0.181706
0.206426
0.231258
0.256235
0.281553
0.307391
0.33385
0.360824
0.388119
0.415614
0.443181
0.470833
0.498658
0.526552
0.554379
0.581962
0.609091
0.635868
0.662474
0.6888
0.714694
0.74006
0.764755
0.788887
0.812886
0.83702
0.861197
0.885178
0.908722
0.931742
0.95443
0.976889
0.998769
1.01971
1.03995
1.06003
1.07997
1.09938
1.11812
1.13649
1.15463
1.17227
1.18912
1.20511
1.22033
1.23465
1.24781
1.25967
1.27025
1.27968
1.28805
1.29542
1.30173
1.30692
1.31091
1.31365
1.31514
1.31529
1.31407
1.31171
1.30831
1.30378
1.29787
-0.280326
-0.286387
-0.291057
-0.294643
-0.297192
-0.298549
-0.298481
-0.296849
-0.293674
-0.289148
-0.283587
-0.277333
-0.270634
-0.263559
-0.255957
-0.247512
-0.237853
-0.22669
-0.213933
-0.199734
-0.184406
-0.168315
-0.151779
-0.134922
-0.117594
-0.09956
-0.0806387
-0.0606812
-0.0397159
-0.0179867
0.00426831
0.0268686
0.0497667
0.07311
0.0970134
0.121509
0.146532
0.171869
0.197349
0.222908
0.248635
0.27476
0.301493
0.328926
0.356893
0.385147
0.413528
0.441907
0.47032
0.498845
0.527398
0.555901
0.584202
0.61212
0.639775
0.667304
0.694541
0.721314
0.747521
0.773065
0.798141
0.823158
0.848239
0.873195
0.897803
0.921856
0.945284
0.968312
0.991089
1.01331
1.03467
1.05539
1.07591
1.09617
1.11578
1.1347
1.1533
1.17173
1.18975
1.20707
1.22361
1.23935
1.2541
1.26761
1.27977
1.29064
1.30034
1.30895
1.31649
1.32291
1.32813
1.33207
1.33469
1.33594
1.3358
1.33429
1.33164
1.32807
1.32347
1.31747
-0.30497
-0.311283
-0.316229
-0.320079
-0.322807
-0.324203
-0.32402
-0.322156
-0.318697
-0.313911
-0.308167
-0.301817
-0.295076
-0.287949
-0.280225
-0.271551
-0.261558
-0.249996
-0.236819
-0.22222
-0.206511
-0.189992
-0.172893
-0.155306
-0.137086
-0.118021
-0.0980366
-0.0771472
-0.0554739
-0.0332612
-0.0106736
0.0122333
0.0355224
0.0594115
0.0840398
0.109389
0.1353
0.16149
0.187778
0.214151
0.240771
0.267885
0.295678
0.324177
0.353137
0.382271
0.411422
0.440521
0.469667
0.498926
0.528208
0.557459
0.586535
0.615277
0.643799
0.672179
0.700248
0.727894
0.755056
0.781658
0.807865
0.833978
0.859993
0.885664
0.910814
0.935332
0.959229
0.98274
1.00598
1.02865
1.05047
1.07165
1.09253
1.113
1.13276
1.15192
1.17085
1.18968
1.20814
1.22595
1.24302
1.25926
1.27443
1.28828
1.30076
1.31197
1.32199
1.33086
1.33854
1.34496
1.35004
1.35379
1.35625
1.35739
1.35715
1.35556
1.35281
1.3491
1.34437
1.33819
-0.33089
-0.337458
-0.342656
-0.346721
-0.349577
-0.35099
-0.350719
-0.348703
-0.34508
-0.340157
-0.334316
-0.327889
-0.321046
-0.313739
-0.305733
-0.29669
-0.286291
-0.274341
-0.260824
-0.245922
-0.229906
-0.212979
-0.195254
-0.176791
-0.157521
-0.137327
-0.116247
-0.0944354
-0.0720871
-0.0494179
-0.0264821
-0.00318495
0.0206346
0.0452066
0.0706334
0.0968329
0.123591
0.150613
0.177743
0.205033
0.232695
0.260946
0.289894
0.319472
0.349365
0.379284
0.409113
0.438884
0.468792
0.498875
0.528986
0.55902
0.588818
0.6183
0.647627
0.676838
0.705766
0.734351
0.762598
0.79046
0.817994
0.845274
0.872171
0.898507
0.924217
0.949276
0.973755
0.997876
1.02166
1.04477
1.06699
1.08854
1.10971
1.13036
1.15034
1.16989
1.18935
1.20873
1.22767
1.24593
1.26346
1.28014
1.29573
1.30998
1.32282
1.33433
1.34458
1.35358
1.36129
1.36763
1.37255
1.37613
1.37849
1.37963
1.37945
1.37792
1.37522
1.37147
1.36659
1.36021
-0.358158
-0.364973
-0.37039
-0.374623
-0.377572
-0.378998
-0.378685
-0.376608
-0.372942
-0.368
-0.362137
-0.355636
-0.348617
-0.341003
-0.332564
-0.323017
-0.312128
-0.299774
-0.285948
-0.270774
-0.254447
-0.23708
-0.218675
-0.199261
-0.178873
-0.157536
-0.135404
-0.112715
-0.0896815
-0.0664718
-0.0430507
-0.0192108
0.00527337
0.0306093
0.0568339
0.0838099
0.11132
0.139129
0.167152
0.195493
0.224358
0.253864
0.283994
0.314579
0.345299
0.375928
0.406425
0.436912
0.467638
0.498601
0.529588
0.560417
0.590886
0.621023
0.651115
0.681226
0.71118
0.740889
0.770329
0.799501
0.828415
0.856904
0.88468
0.911681
0.93803
0.963764
0.988932
1.01369
1.03798
1.06145
1.08397
1.10586
1.12736
1.14836
1.16876
1.18887
1.20897
1.22895
1.24839
1.26706
1.28497
1.30205
1.31805
1.33272
1.34593
1.35768
1.36802
1.37702
1.38468
1.39099
1.39592
1.39954
1.40195
1.40315
1.403
1.40145
1.39871
1.39492
1.38994
1.38337
-0.386852
-0.393908
-0.399509
-0.403855
-0.406847
-0.408278
-0.40797
-0.405934
-0.402355
-0.397519
-0.391711
-0.385134
-0.377856
-0.3698
-0.360783
-0.350605
-0.339139
-0.326342
-0.312207
-0.296757
-0.280073
-0.262195
-0.243066
-0.222687
-0.201184
-0.178732
-0.155596
-0.132059
-0.108304
-0.084429
-0.0603468
-0.0358114
-0.0105854
0.0155089
0.0424709
0.0701537
0.0983845
0.127018
0.156038
0.185564
0.215741
0.246544
0.277812
0.309286
0.340715
0.372013
0.40325
0.434596
0.466258
0.498143
0.529995
0.561614
0.592801
0.623672
0.654622
0.685754
0.716889
0.74786
0.778533
0.808899
0.839013
0.868617
0.897302
0.925046
0.952115
0.978598
1.00448
1.02982
1.05452
1.0783
1.10117
1.12352
1.14557
1.16715
1.18819
1.20896
1.22968
1.25018
1.27005
1.28914
1.30746
1.32493
1.3413
1.35631
1.36979
1.38172
1.39213
1.40115
1.40887
1.41529
1.42041
1.42426
1.42686
1.42814
1.42796
1.42628
1.42336
1.41942
1.4143
1.40755
-0.417035
-0.424308
-0.430034
-0.434417
-0.437398
-0.438834
-0.438603
-0.436728
-0.433367
-0.428733
-0.423015
-0.416318
-0.408672
-0.40004
-0.390338
-0.379473
-0.367397
-0.354129
-0.339655
-0.323883
-0.306749
-0.288236
-0.268296
-0.246954
-0.224403
-0.200916
-0.176836
-0.152471
-0.127959
-0.103321
-0.0784383
-0.0530801
-0.0270466
-0.000195167
0.0274752
0.0558634
0.0848766
0.114455
0.144603
0.175391
0.206866
0.23888
0.271179
0.30347
0.335595
0.367619
0.399721
0.432098
0.464836
0.497702
0.530409
0.562804
0.594795
0.626586
0.658583
0.690854
0.72318
0.755337
0.787129
0.818531
0.849624
0.880176
0.909777
0.938393
0.96628
0.993527
1.02009
1.04597
1.07108
1.09527
1.1187
1.14177
1.16459
1.18693
1.2087
1.23013
1.25141
1.27233
1.2926
1.31213
1.33091
1.34877
1.36544
1.38066
1.39431
1.40638
1.41697
1.42619
1.43414
1.4408
1.44612
1.45015
1.4529
1.45426
1.45405
1.4523
1.44925
1.44514
1.43985
1.43289
-0.448722
-0.456163
-0.461941
-0.466299
-0.469254
-0.470735
-0.470661
-0.469041
-0.465953
-0.461515
-0.455823
-0.448921
-0.440822
-0.431554
-0.421162
-0.409654
-0.397012
-0.38324
-0.368308
-0.352058
-0.33431
-0.315007
-0.294164
-0.271881
-0.248407
-0.224041
-0.199118
-0.173933
-0.148598
-0.123094
-0.0972978
-0.0710155
-0.0440981
-0.0164347
0.0119959
0.0411585
0.0710477
0.101674
0.133027
0.165085
0.19777
0.230856
0.26408
0.297194
0.330137
0.36306
0.396163
0.429639
0.463459
0.497296
0.530866
0.564067
0.596944
0.629805
0.662987
0.696456
0.729908
0.763057
0.795764
0.828104
0.860142
0.891607
0.922138
0.95171
0.980491
1.0085
1.03572
1.06218
1.08783
1.11266
1.13692
1.16091
1.18461
1.2077
1.23015
1.25221
1.27401
1.29539
1.3161
1.3361
1.35533
1.37357
1.39049
1.40588
1.41969
1.43198
1.44287
1.45247
1.46077
1.46768
1.47311
1.47715
1.47988
1.48124
1.48105
1.47931
1.47627
1.47212
1.46672
1.45958
-0.481911
-0.489483
-0.495281
-0.499615
-0.502576
-0.504141
-0.504238
-0.502847
-0.49996
-0.495601
-0.489816
-0.482643
-0.474109
-0.464282
-0.453288
-0.441213
-0.428029
-0.413662
-0.398051
-0.381057
-0.362495
-0.342301
-0.320546
-0.297398
-0.273134
-0.248028
-0.222338
-0.196306
-0.170039
-0.143543
-0.116737
-0.0894756
-0.0616343
-0.0330977
-0.0038054
0.0262581
0.0571325
0.0888597
0.121405
0.154677
0.188489
0.222576
0.256689
0.290667
0.324544
0.358505
0.392681
0.427205
0.461972
0.496665
0.531113
0.565254
0.599178
0.633225
0.66762
0.702229
0.73672
0.770758
0.80428
0.837543
0.870622
0.903107
0.934595
0.965098
0.994746
1.02352
1.05144
1.07858
1.10497
1.13065
1.15587
1.18084
1.20536
1.22912
1.25218
1.27486
1.2973
1.31927
1.34053
1.361
1.38061
1.39914
1.41631
1.43197
1.44608
1.45872
1.46999
1.47998
1.48861
1.49571
1.50123
1.50527
1.50799
1.50936
1.5092
1.50751
1.50453
1.50042
1.49499
1.48771
-0.516675
-0.5244
-0.530252
-0.534601
-0.537586
-0.539198
-0.539363
-0.538046
-0.535205
-0.530797
-0.524839
-0.517398
-0.508533
-0.498299
-0.486805
-0.474164
-0.460355
-0.44524
-0.428723
-0.410737
-0.391196
-0.370084
-0.347488
-0.323566
-0.298569
-0.272732
-0.246247
-0.21931
-0.192039
-0.164492
-0.136648
-0.108398
-0.0796147
-0.050142
-0.0198653
0.0112568
0.043247
0.0761142
0.109784
0.144143
0.178981
0.21405
0.249099
0.284014
0.318866
0.353857
0.389072
0.424571
0.460206
0.495712
0.531089
0.566351
0.601534
0.636869
0.672435
0.708046
0.743447
0.778357
0.812761
0.847014
0.881194
0.914754
0.947193
0.978544
1.00898
1.03854
1.06726
1.09526
1.12255
1.14918
1.17536
1.20122
1.22648
1.25091
1.27465
1.29809
1.32129
1.34398
1.36584
1.38678
1.40672
1.42551
1.44297
1.45901
1.47356
1.48662
1.49824
1.50849
1.51731
1.52457
1.53025
1.53449
1.53742
1.53897
1.53894
1.53731
1.53436
1.53027
1.52482
1.51741
-0.553185
-0.561133
-0.567099
-0.571465
-0.574413
-0.575959
-0.576033
-0.574613
-0.571674
-0.567154
-0.561021
-0.553345
-0.544223
-0.533682
-0.521738
-0.508461
-0.493868
-0.477844
-0.460283
-0.441183
-0.420573
-0.39852
-0.375111
-0.350441
-0.324679
-0.298021
-0.270648
-0.242764
-0.214513
-0.185977
-0.157141
-0.127893
-0.0980835
-0.0675393
-0.0361327
-0.0038358
0.0293297
0.063321
0.0980278
0.133349
0.16911
0.205151
0.241224
0.277196
0.313085
0.349054
0.385225
0.42165
0.458192
0.494644
0.531072
0.567569
0.604114
0.640747
0.67741
0.713933
0.750174
0.785987
0.82141
0.856754
0.892009
0.926558
0.959885
0.992042
1.02327
1.05369
1.08336
1.11235
1.14061
1.16816
1.19524
1.22191
1.24796
1.2732
1.29785
1.32222
1.34627
1.36965
1.3921
1.4135
1.4338
1.45292
1.47076
1.48722
1.50219
1.51561
1.52751
1.53797
1.54697
1.55444
1.56039
1.56498
1.56829
1.57016
1.57036
1.56888
1.566
1.56193
1.55641
1.5488
-0.591591
-0.59982
-0.605917
-0.610249
-0.613058
-0.61444
-0.614337
-0.612718
-0.609588
-0.604912
-0.598616
-0.590709
-0.581303
-0.57044
-0.558047
-0.544081
-0.528573
-0.511501
-0.492826
-0.472592
-0.450894
-0.42785
-0.403566
-0.378082
-0.351484
-0.323929
-0.295613
-0.266775
-0.237594
-0.208141
-0.178353
-0.148057
-0.117083
-0.0852887
-0.0526183
-0.0191189
0.0151481
0.050148
0.0858133
0.122078
0.1588
0.195868
0.233046
0.270162
0.307164
0.344116
0.381214
0.418563
0.456078
0.49364
0.531265
0.569022
0.606893
0.644762
0.682474
0.71994
0.757116
0.793929
0.830464
0.866927
0.903144
0.938508
0.972631
1.00563
1.03776
1.06916
1.09988
1.12988
1.15905
1.18747
1.21543
1.24299
1.26997
1.29624
1.322
1.3474
1.37228
1.39629
1.41924
1.44112
1.46189
1.48146
1.49972
1.51655
1.53183
1.54553
1.55774
1.56856
1.57798
1.58586
1.59221
1.59717
1.60083
1.603
1.60346
1.60218
1.59946
1.59543
1.58978
1.58188
-0.631889
-0.640399
-0.646606
-0.650877
-0.653521
-0.654723
-0.654451
-0.65262
-0.649221
-0.644286
-0.637773
-0.62962
-0.619874
-0.608598
-0.595697
-0.581014
-0.564527
-0.546312
-0.526463
-0.505107
-0.482362
-0.458331
-0.4331
-0.406688
-0.379149
-0.350631
-0.321349
-0.291564
-0.261459
-0.231075
-0.200286
-0.168864
-0.136626
-0.103489
-0.0695034
-0.0348208
0.000460784
0.0363651
0.0729598
0.110249
0.148097
0.186324
0.224662
0.262896
0.300997
0.338971
0.377072
0.415475
0.454076
0.49283
0.531718
0.57071
0.609803
0.64884
0.687624
0.726144
0.764394
0.802282
0.8399
0.877374
0.914403
0.950446
0.985329
1.01927
1.05246
1.08498
1.11678
1.14775
1.1778
1.20713
1.23609
1.26474
1.29285
1.3203
1.34719
1.37358
1.39922
1.42383
1.44731
1.4697
1.49099
1.51104
1.5297
1.54685
1.56238
1.57637
1.58901
1.60043
1.61051
1.61902
1.62589
1.63125
1.63522
1.63765
1.63833
1.63725
1.63463
1.63058
1.62473
1.6165
-0.673929
-0.682692
-0.689011
-0.693293
-0.69586
-0.69692
-0.696482
-0.694431
-0.690697
-0.685371
-0.678536
-0.670115
-0.660009
-0.648208
-0.634644
-0.619147
-0.601655
-0.582293
-0.561286
-0.538864
-0.515156
-0.490191
-0.463977
-0.436509
-0.407869
-0.378264
-0.347962
-0.317227
-0.286193
-0.254823
-0.222926
-0.190261
-0.156691
-0.122216
-0.0869607
-0.0511322
-0.0148341
0.0220059
0.0595911
0.0979843
0.137075
0.176535
0.216053
0.255374
0.294544
0.33364
0.372924
0.412604
0.452487
0.492454
0.532514
0.57264
0.612834
0.652959
0.69284
0.7325
0.771887
0.810826
0.849399
0.887734
0.925514
0.962291
0.998062
1.0331
1.0675
1.10121
1.13412
1.16607
1.19708
1.22749
1.25767
1.2876
1.31695
1.34553
1.37344
1.4007
1.42708
1.45236
1.47648
1.49945
1.52121
1.54165
1.56066
1.57815
1.59407
1.60855
1.6218
1.6339
1.64467
1.65379
1.66118
1.667
1.67136
1.67411
1.67501
1.67403
1.67141
1.66722
1.66112
1.65254
-0.717575
-0.726595
-0.733072
-0.737483
-0.740101
-0.741047
-0.740376
-0.738055
-0.733987
-0.728231
-0.720968
-0.712189
-0.701666
-0.689218
-0.674782
-0.658301
-0.639787
-0.619405
-0.59741
-0.574053
-0.549446
-0.523538
-0.496259
-0.467604
-0.437716
-0.406905
-0.375514
-0.343799
-0.311807
-0.279384
-0.246262
-0.212217
-0.177223
-0.141415
-0.104973
-0.0680707
-0.030734
0.00715894
0.0458752
0.0854578
0.125807
0.166482
0.207161
0.247624
0.287952
0.328357
0.369046
0.410146
0.451412
0.492569
0.53362
0.574717
0.615941
0.657133
0.698124
0.738926
0.779413
0.819344
0.858797
0.897944
0.936553
0.974286
1.01118
1.04744
1.08309
1.118
1.15202
1.18506
1.21721
1.24889
1.28043
1.31166
1.34217
1.37178
1.40061
1.42868
1.45585
1.48192
1.50677
1.53034
1.55253
1.57331
1.59271
1.6107
1.62727
1.64248
1.65648
1.66927
1.6806
1.6902
1.69804
1.70433
1.70911
1.7122
1.71329
1.71236
1.70967
1.70532
1.69899
1.69009
-0.762816
-0.772145
-0.778829
-0.783412
-0.786142
-0.787007
-0.786042
-0.783386
-0.779027
-0.772912
-0.76515
-0.755808
-0.744668
-0.731429
-0.71599
-0.698429
-0.678916
-0.657677
-0.634912
-0.610765
-0.585262
-0.558302
-0.529818
-0.499868
-0.468689
-0.436666
-0.404162
-0.371384
-0.338293
-0.304656
-0.270174
-0.234667
-0.198223
-0.161104
-0.123534
-0.0855999
-0.0471941
-0.00812268
0.031872
0.0727471
0.114344
0.156194
0.197989
0.239672
0.281302
0.323169
0.365429
0.407975
0.45054
0.492824
0.534808
0.57682
0.619081
0.661411
0.703566
0.745463
0.786929
0.82779
0.868173
0.90825
0.947856
0.986747
1.02492
1.06246
1.09932
1.1354
1.1706
1.20486
1.23834
1.27142
1.3043
1.33669
1.36822
1.3988
1.42858
1.45759
1.48564
1.51254
1.53812
1.56226
1.58492
1.60618
1.62615
1.64483
1.66216
1.67817
1.69293
1.7064
1.7183
1.7284
1.73671
1.74342
1.74856
1.75186
1.75306
1.75216
1.74945
1.74503
1.73854
1.72937
-0.809724
-0.819438
-0.826363
-0.831059
-0.833862
-0.834711
-0.833511
-0.830482
-0.825802
-0.819368
-0.811077
-0.800957
-0.788921
-0.77473
-0.758274
-0.739684
-0.71924
-0.697221
-0.673767
-0.648877
-0.622455
-0.594367
-0.564599
-0.533323
-0.500877
-0.467677
-0.434038
-0.400069
-0.365657
-0.330573
-0.294597
-0.257636
-0.219841
-0.181503
-0.142816
-0.10377
-0.0641669
-0.0237723
0.0175745
0.0597648
0.102528
0.145504
0.188408
0.231379
0.274474
0.31787
0.361714
0.405709
0.449479
0.492826
0.535841
0.57893
0.622322
0.66581
0.709125
0.752077
0.794458
0.836253
0.877715
0.918949
0.959744
0.999894
1.03937
1.07815
1.11621
1.15353
1.19004
1.22567
1.26056
1.29502
1.3291
1.36252
1.39502
1.42665
1.45755
1.48765
1.51669
1.54441
1.57067
1.59541
1.6187
1.64068
1.66144
1.6809
1.69894
1.7156
1.73101
1.74514
1.7577
1.76843
1.77729
1.78441
1.7898
1.79323
1.79451
1.79369
1.79105
1.78663
1.78
1.77053
-0.858377
-0.868548
-0.875775
-0.880542
-0.883311
-0.884158
-0.882854
-0.879483
-0.874359
-0.867507
-0.858673
-0.847709
-0.834602
-0.819302
-0.801803
-0.782261
-0.760957
-0.738163
-0.713969
-0.688277
-0.660906
-0.631702
-0.600696
-0.568145
-0.534452
-0.500039
-0.465171
-0.429872
-0.393976
-0.357304
-0.319763
-0.281381
-0.242331
-0.202835
-0.16299
-0.122687
-0.0817215
-0.0398829
0.00281054
0.0462499
0.0900754
0.134132
0.178256
0.222641
0.267388
0.312409
0.357718
0.403079
0.448072
0.492512
0.536672
0.581041
0.625706
0.670348
0.714734
0.758708
0.802091
0.844998
0.887751
0.930344
0.972442
1.01383
1.05451
1.0945
1.13382
1.17251
1.21045
1.2475
1.28374
1.31945
1.35465
1.38912
1.42271
1.45555
1.4877
1.51897
1.54901
1.57759
1.60461
1.6301
1.6542
1.67709
1.69875
1.719
1.7377
1.75495
1.77098
1.78579
1.79904
1.8104
1.81979
1.82729
1.83293
1.83655
1.838
1.83735
1.83481
1.83033
1.82349
1.81364
-0.908901
-0.919555
-0.927172
-0.932078
-0.934711
-0.935411
-0.934036
-0.930432
-0.924821
-0.917402
-0.907964
-0.896191
-0.882001
-0.865492
-0.846853
-0.826335
-0.804198
-0.780633
-0.755644
-0.72906
-0.700671
-0.670348
-0.638173
-0.60444
-0.569548
-0.533876
-0.497651
-0.460876
-0.423402
-0.385114
-0.346026
-0.306249
-0.265944
-0.225241
-0.184134
-0.142448
-0.100024
-0.0567058
-0.0126734
0.0319924
0.0769448
0.122146
0.167679
0.213638
0.260101
0.306822
0.353528
0.400095
0.446326
0.492049
0.53753
0.583265
0.629239
0.675039
0.72047
0.765487
0.810033
0.85428
0.898479
0.942475
0.985848
1.0284
1.07022
1.11143
1.15213
1.1923
1.23172
1.27013
1.30764
1.34455
1.38094
1.41664
1.45155
1.48574
1.51916
1.55154
1.58259
1.61213
1.64011
1.66656
1.6916
1.71537
1.73786
1.75887
1.77829
1.79632
1.81316
1.82874
1.84265
1.85454
1.86434
1.87221
1.87818
1.88211
1.88381
1.88333
1.88081
1.87619
1.86903
1.85873
-0.961524
-0.972601
-0.980595
-0.985731
-0.988217
-0.988559
-0.986977
-0.983263
-0.977322
-0.9693
-0.959127
-0.946492
-0.931245
-0.913537
-0.89372
-0.872174
-0.849162
-0.824778
-0.798915
-0.771337
-0.741841
-0.710364
-0.677055
-0.642223
-0.606206
-0.569276
-0.5316
-0.493214
-0.454067
-0.414151
-0.373562
-0.332424
-0.290834
-0.248814
-0.20629
-0.163086
-0.119116
-0.0743129
-0.0288884
0.0170539
0.0633387
0.109874
0.156938
0.204576
0.252668
0.300986
0.349149
0.396973
0.444454
0.491588
0.538581
0.585725
0.632909
0.679801
0.726306
0.772471
0.818345
0.864083
0.909755
0.955068
0.999636
1.04337
1.08641
1.12898
1.17118
1.2129
1.25374
1.29346
1.33226
1.37048
1.40824
1.44538
1.48176
1.51734
1.55197
1.58542
1.61754
1.64821
1.67734
1.70487
1.73087
1.75548
1.77872
1.80049
1.82078
1.83976
1.85756
1.87397
1.88853
1.90093
1.91119
1.9195
1.92587
1.9301
1.932
1.93157
1.92898
1.92414
1.91662
1.90584
-1.01644
-1.02782
-1.03598
-1.04128
-1.04374
-1.04372
-1.04178
-1.03795
-1.03186
-1.02332
-1.01229
-0.998652
-0.982328
-0.963518
-0.942624
-0.920059
-0.896068
-0.870685
-0.843756
-0.815047
-0.784399
-0.7518
-0.717413
-0.681514
-0.644357
-0.606116
-0.566914
-0.52685
-0.485999
-0.44447
-0.402403
-0.359886
-0.316923
-0.273446
-0.229347
-0.184522
-0.138922
-0.0926204
-0.0457028
0.00163555
0.0494244
0.0975239
0.146147
0.195443
0.245116
0.29486
0.344467
0.393774
0.442669
0.491204
0.539653
0.588148
0.636483
0.684472
0.732155
0.779614
0.826936
0.874212
0.921312
0.967868
1.01364
1.05867
1.10316
1.14727
1.19105
1.23425
1.27646
1.31752
1.35774
1.39749
1.43679
1.47542
1.51323
1.55011
1.58595
1.62059
1.65393
1.68586
1.71619
1.7448
1.77178
1.79732
1.82149
1.84423
1.86552
1.88549
1.90419
1.92137
1.9366
1.94963
1.9605
1.96934
1.97607
1.98049
1.98243
1.98197
1.97926
1.97419
1.96631
1.95502
-1.07352
-1.08519
-1.09328
-1.09849
-1.10103
-1.10094
-1.09868
-1.09457
-1.08825
-1.07924
-1.06739
-1.0527
-1.0353
-1.01547
-0.99359
-0.970004
-0.944903
-0.918302
-0.89009
-0.860116
-0.828295
-0.794628
-0.759206
-0.722199
-0.683783
-0.644101
-0.603304
-0.561578
-0.519096
-0.476012
-0.43245
-0.388442
-0.343933
-0.298844
-0.253083
-0.206641
-0.159428
-0.111603
-0.0630804
-0.0140805
0.0353738
0.0852146
0.135433
0.186215
0.237392
0.288552
0.339547
0.390373
0.440811
0.490773
0.540537
0.590234
0.639703
0.688913
0.737964
0.786871
0.835679
0.88443
0.932902
0.980745
1.02787
1.07441
1.12052
1.16628
1.21164
1.25628
1.29987
1.34241
1.38426
1.42569
1.46657
1.50662
1.54572
1.58385
1.62097
1.65696
1.69169
1.72493
1.75641
1.78605
1.81408
1.84079
1.86622
1.8902
1.91262
1.93357
1.95311
1.97104
1.98702
2.00079
2.01232
2.02163
2.02861
2.03309
2.03504
2.03455
2.03174
2.02644
2.01816
2.00635
-1.1323
-1.14448
-1.15254
-1.15746
-1.16001
-1.16011
-1.15773
-1.15319
-1.14638
-1.1368
-1.12419
-1.10858
-1.0902
-1.06938
-1.04647
-1.02176
-0.995427
-0.967482
-0.937885
-0.906571
-0.873515
-0.838714
-0.802173
-0.763951
-0.72416
-0.682956
-0.640553
-0.597215
-0.553162
-0.508536
-0.463413
-0.417787
-0.3716
-0.324818
-0.277397
-0.229364
-0.180585
-0.131129
-0.0808976
-0.0299599
0.0213621
0.0729596
0.124799
0.176952
0.229452
0.282042
0.334522
0.38682
0.438684
0.489991
0.541003
0.591876
0.642557
0.693124
0.743658
0.794079
0.84437
0.894553
0.944436
0.993762
1.0425
1.09075
1.13857
1.18597
1.23288
1.27901
1.32412
1.36831
1.4119
1.45499
1.49734
1.53872
1.5791
1.61855
1.65707
1.69453
1.7307
1.76527
1.79794
1.82875
1.85806
1.88616
1.91299
1.93826
1.96184
1.98384
2.00434
2.02318
2.04
2.0545
2.06659
2.07623
2.08337
2.08793
2.08994
2.08948
2.08658
2.08101
2.07233
2.05998
-1.19242
-1.20538
-1.2138
-1.21853
-1.22088
-1.22108
-1.21871
-1.21376
-1.20627
-1.19596
-1.18258
-1.16613
-1.14685
-1.12506
-1.10107
-1.07515
-1.04747
-1.01811
-0.987082
-0.954382
-0.920001
-0.883915
-0.846077
-0.80648
-0.765219
-0.722476
-0.678514
-0.633625
-0.58802
-0.541799
-0.495008
-0.447655
-0.39974
-0.351268
-0.302241
-0.25259
-0.202232
-0.150997
-0.09895
-0.0460504
0.00724864
0.0605512
0.113928
0.167523
0.221361
0.275334
0.3293
0.383033
0.436189
0.488712
0.540921
0.593043
0.645119
0.697199
0.749252
0.801159
0.852928
0.904601
0.956055
1.00712
1.0577
1.10776
1.15726
1.20625
1.25471
1.30244
1.34922
1.39516
1.44043
1.48502
1.52873
1.57145
1.61326
1.65421
1.69424
1.73318
1.77079
1.80676
1.84086
1.8732
1.90409
1.93372
1.96193
1.98843
2.01317
2.03633
2.05799
2.07787
2.09554
2.11069
2.12324
2.13319
2.14055
2.1453
2.14743
2.14698
2.14396
2.13814
2.12909
2.11623
-1.25404
-1.26782
-1.27692
-1.28188
-1.28398
-1.28397
-1.28149
-1.27617
-1.26798
-1.25681
-1.24254
-1.22522
-1.20507
-1.18234
-1.15728
-1.13012
-1.10103
-1.07016
-1.03763
-1.00348
-0.967681
-0.930169
-0.890849
-0.849705
-0.806863
-0.76256
-0.717086
-0.670704
-0.623555
-0.575673
-0.527101
-0.477917
-0.428244
-0.378108
-0.32754
-0.276265
-0.224254
-0.171213
-0.117244
-0.0625119
-0.00738054
0.0476364
0.102531
0.15762
0.212976
0.268442
0.323829
0.378826
0.433149
0.486907
0.540444
0.593986
0.647607
0.701261
0.754794
0.808146
0.861442
0.914755
0.967974
1.02092
1.0734
1.12522
1.17635
1.22694
1.27707
1.32651
1.37504
1.42267
1.4695
1.51549
1.56056
1.60478
1.64822
1.69082
1.73242
1.77286
1.81198
1.84954
1.88535
1.91949
1.95215
1.98339
2.01301
2.04081
2.06687
2.09134
2.1142
2.13508
2.15354
2.16932
2.1824
2.19282
2.20053
2.20551
2.20776
2.20732
2.20421
2.1982
2.18883
2.17547
-1.31787
-1.3321
-1.34184
-1.34739
-1.34952
-1.34914
-1.34627
-1.34044
-1.33148
-1.3194
-1.3042
-1.28599
-1.26494
-1.24125
-1.21509
-1.18663
-1.15609
-1.12369
-1.08962
-1.05394
-1.01659
-0.977467
-0.93647
-0.893632
-0.84915
-0.8033
-0.756341
-0.708454
-0.659696
-0.610059
-0.559626
-0.508587
-0.45718
-0.405441
-0.35331
-0.30041
-0.246576
-0.191752
-0.135903
-0.0793929
-0.0226805
0.0339488
0.0905172
0.147251
0.20419
0.2612
0.318031
0.374259
0.429722
0.484769
0.539796
0.594946
0.650205
0.70541
0.760368
0.815165
0.870082
0.925191
0.980294
1.03512
1.08937
1.14285
1.19562
1.24795
1.29986
1.35106
1.40127
1.45049
1.49882
1.54629
1.59295
1.63887
1.68407
1.72837
1.7716
1.81372
1.85461
1.89402
1.93171
1.96768
2.00207
2.03492
2.06609
2.09546
2.12307
2.14897
2.173
2.19481
2.21406
2.23061
2.24444
2.25546
2.26359
2.2688
2.27119
2.27085
2.26775
2.2616
2.2519
2.23797
-1.3845
-1.39888
-1.40893
-1.41508
-1.41752
-1.41684
-1.41334
-1.40675
-1.39691
-1.38389
-1.3678
-1.34872
-1.32674
-1.30198
-1.27457
-1.24473
-1.21273
-1.17883
-1.14321
-1.10591
-1.06682
-1.02585
-0.982984
-0.938353
-0.892226
-0.844859
-0.796407
-0.746931
-0.696432
-0.644934
-0.592612
-0.539768
-0.486663
-0.433363
-0.379537
-0.324903
-0.269092
-0.212378
-0.154844
-0.0966873
-0.0384356
0.0196968
0.0779598
0.136526
0.195174
0.253666
0.311814
0.369303
0.426104
0.482652
0.539303
0.596098
0.652932
0.709602
0.765995
0.822352
0.879017
0.935987
0.992947
1.04953
1.10541
1.1605
1.215
1.26917
1.32291
1.3758
1.42759
1.47835
1.52828
1.57747
1.62596
1.67376
1.72075
1.76675
1.81176
1.85582
1.89881
1.94031
1.97995
2.01772
2.05382
2.08838
2.12131
2.15244
2.18172
2.20906
2.23428
2.25712
2.27739
2.29495
2.30965
2.32132
2.32988
2.3354
2.33807
2.33795
2.33491
2.32859
2.31845
2.30384
-1.45397
-1.46866
-1.47883
-1.48529
-1.48798
-1.48705
-1.48285
-1.47539
-1.46464
-1.45072
-1.43373
-1.41371
-1.39067
-1.36469
-1.33592
-1.30463
-1.27114
-1.23571
-1.19846
-1.15938
-1.11838
-1.0754
-1.03055
-0.984069
-0.936268
-0.887342
-0.837313
-0.786125
-0.733763
-0.68034
-0.626117
-0.571487
-0.516644
-0.461687
-0.406056
-0.349481
-0.291729
-0.233056
-0.173865
-0.114296
-0.0545397
0.00523954
0.0652122
0.125507
0.18584
0.245855
0.305328
0.36413
0.422433
0.480649
0.538998
0.59742
0.655753
0.713842
0.771747
0.829806
0.888277
0.947034
1.0057
1.06391
1.12139
1.17817
1.23451
1.29058
1.34608
1.40057
1.45392
1.50634
1.55807
1.60918
1.65967
1.70941
1.75824
1.80608
1.85307
1.89928
1.94446
1.98805
2.02967
2.06935
2.1074
2.14393
2.17879
2.21176
2.24269
2.27151
2.29809
2.32226
2.3438
2.3625
2.37813
2.39049
2.39959
2.4056
2.40869
2.40882
2.40578
2.3992
2.38855
2.37318
-1.52599
-1.54151
-1.55196
-1.5584
-1.56104
-1.5598
-1.55495
-1.54671
-1.53514
-1.52033
-1.50236
-1.48122
-1.45693
-1.42955
-1.3993
-1.3665
-1.33145
-1.29439
-1.25537
-1.21434
-1.17124
-1.12615
-1.07928
-1.03093
-0.981405
-0.930809
-0.879038
-0.825963
-0.771605
-0.716198
-0.660081
-0.603638
-0.547013
-0.490168
-0.432686
-0.374043
-0.314396
-0.253983
-0.193102
-0.132051
-0.070863
-0.00940086
0.0524073
0.114388
0.176224
0.237656
0.298512
0.358808
0.418808
0.478781
0.538789
0.598756
0.658548
0.718115
0.777665
0.837527
0.897779
0.958185
1.01843
1.07823
1.1374
1.196
1.25425
1.31213
1.36928
1.42536
1.48042
1.53473
1.58844
1.64156
1.69403
1.74574
1.79657
1.84652
1.89573
1.94417
1.99146
2.03704
2.08066
2.1225
2.16279
2.20153
2.23844
2.27327
2.30597
2.33649
2.36472
2.39044
2.41337
2.43326
2.44988
2.4631
2.47296
2.4796
2.48313
2.48344
2.48034
2.47347
2.46229
2.44613
-1.60046
-1.61723
-1.62822
-1.63457
-1.63696
-1.63539
-1.62998
-1.62105
-1.60871
-1.593
-1.57395
-1.55153
-1.52575
-1.49677
-1.46487
-1.4304
-1.39368
-1.35484
-1.31389
-1.27075
-1.22544
-1.17816
-1.12923
-1.07899
-1.02765
-0.975217
-0.921505
-0.866374
-0.80992
-0.752482
-0.694471
-0.636126
-0.577646
-0.518728
-0.459244
-0.398656
-0.337129
-0.275108
-0.212698
-0.15002
-0.0871921
-0.0240742
0.0394048
0.102951
0.166254
0.229147
0.291505
0.353415
0.415143
0.476811
0.538405
0.599905
0.661251
0.722463
0.783791
0.84546
0.907397
0.969364
1.03117
1.09265
1.15363
1.21413
1.27424
1.33383
1.39258
1.45036
1.50734
1.5637
1.61947
1.67458
1.72903
1.78278
1.83579
1.88805
1.9396
1.99027
2.03966
2.08733
2.13319
2.17742
2.22011
2.2611
2.3001
2.33699
2.37174
2.40427
2.43435
2.46169
2.48606
2.50725
2.52508
2.53938
2.55013
2.55741
2.56132
2.5618
2.55866
2.55151
2.5398
2.52281
-1.67772
-1.69581
-1.7075
-1.71388
-1.71604
-1.71417
-1.70829
-1.69872
-1.6856
-1.66893
-1.64866
-1.62476
-1.59728
-1.56648
-1.53273
-1.49643
-1.45784
-1.41704
-1.37396
-1.32858
-1.28098
-1.23149
-1.1805
-1.1283
-1.07498
-1.0205
-0.964662
-0.907378
-0.848816
-0.789334
-0.729354
-0.668967
-0.60838
-0.547385
-0.485718
-0.423256
-0.360058
-0.296401
-0.232446
-0.168212
-0.103728
-0.0389178
0.0261564
0.091153
0.155869
0.220266
0.284266
0.347907
0.411337
0.474601
0.537737
0.600831
0.663885
0.726916
0.790087
0.853496
0.917042
0.980609
1.04413
1.10742
1.17028
1.23264
1.29452
1.35577
1.41622
1.47589
1.53492
1.59336
1.65114
1.70825
1.7648
1.82078
1.87609
1.93065
1.98446
2.03735
2.08901
2.1391
2.18753
2.23433
2.27944
2.3227
2.36396
2.40318
2.44028
2.475
2.50699
2.53602
2.56197
2.58471
2.60397
2.61945
2.63109
2.639
2.64334
2.64406
2.64093
2.63353
2.62126
2.60337
-1.75834
-1.77759
-1.79004
-1.79661
-1.79859
-1.79643
-1.79015
-1.77999
-1.76607
-1.74832
-1.72662
-1.70098
-1.67156
-1.63874
-1.60299
-1.56467
-1.52401
-1.481
-1.43561
-1.38786
-1.33794
-1.28626
-1.23319
-1.17892
-1.12348
-1.06674
-1.00861
-0.949084
-0.888397
-0.826888
-0.764811
-0.702299
-0.639319
-0.576148
-0.512412
-0.44804
-0.383249
-0.318092
-0.25253
-0.18662
-0.120487
-0.0541356
0.0123732
0.0788183
0.145079
0.211115
0.276841
0.342218
0.407276
0.472093
0.536845
0.601681
0.666585
0.731515
0.79651
0.86159
0.926756
0.992065
1.05747
1.12266
1.18735
1.25145
1.31504
1.37804
1.44039
1.5021
1.5632
1.62361
1.68336
1.74261
1.8015
1.85991
1.91759
1.97441
2.03045
2.08567
2.13984
2.19263
2.2438
2.29324
2.34086
2.38659
2.4304
2.47222
2.51178
2.5487
2.58267
2.61358
2.6414
2.6659
2.68666
2.70334
2.7159
2.72457
2.72948
2.73051
2.72742
2.71976
2.70693
2.68812
-1.84284
-1.86307
-1.87624
-1.88311
-1.88497
-1.88252
-1.87585
-1.8651
-1.85028
-1.83124
-1.80788
-1.78027
-1.74872
-1.71372
-1.67578
-1.63525
-1.59228
-1.54685
-1.49899
-1.4488
-1.39655
-1.34265
-1.28742
-1.23095
-1.17319
-1.11404
-1.05348
-0.991658
-0.928795
-0.865236
-0.800969
-0.736194
-0.670887
-0.605369
-0.539672
-0.473596
-0.407091
-0.340222
-0.273013
-0.205505
-0.137781
-0.0699103
-0.00196742
0.0660058
0.133959
0.201753
0.269233
0.336299
0.402954
0.469401
0.53594
0.602675
0.669491
0.736284
0.803038
0.869792
0.936694
1.00389
1.07124
1.13828
1.20468
1.27049
1.33583
1.40073
1.46511
1.52891
1.59202
1.6544
1.71623
1.7778
1.83918
1.90007
1.96013
2.01933
2.07785
2.13572
2.19265
2.24823
2.30214
2.35427
2.40459
2.45308
2.49969
2.5442
2.58625
2.62545
2.66163
2.69472
2.72462
2.75095
2.77323
2.79119
2.80489
2.8145
2.8201
2.82149
2.81845
2.81058
2.79722
2.77746
-1.93161
-1.95272
-1.96652
-1.97376
-1.97559
-1.97288
-1.96577
-1.95426
-1.9383
-1.91771
-1.89246
-1.86273
-1.82894
-1.79163
-1.75133
-1.70835
-1.66283
-1.61479
-1.56432
-1.51165
-1.45706
-1.40088
-1.34332
-1.28443
-1.22414
-1.16246
-1.09944
-1.03527
-0.970157
-0.90437
-0.837934
-0.77076
-0.703284
-0.635601
-0.567798
-0.499922
-0.431757
-0.363114
-0.294095
-0.224934
-0.15568
-0.086317
-0.0168344
0.0528461
0.122647
0.192274
0.261489
0.330197
0.398492
0.466725
0.535217
0.603929
0.672623
0.741187
0.809657
0.878168
0.946955
1.01611
1.0853
1.15404
1.22211
1.28968
1.35693
1.42384
1.49028
1.55611
1.62125
1.68578
1.74996
1.81405
1.87793
1.94124
2.00374
2.06556
2.12692
2.18773
2.24756
2.30595
2.36267
2.41767
2.47093
2.52238
2.57186
2.61908
2.66373
2.7055
2.74419
2.77967
2.81172
2.83993
2.86391
2.88342
2.89849
2.90921
2.91556
2.91737
2.91448
2.90646
2.89255
2.87175
-2.02493
-2.04692
-2.06134
-2.06898
-2.07085
-2.06784
-2.06013
-2.04763
-2.03025
-2.00787
-1.98053
-1.94854
-1.91239
-1.87266
-1.82983
-1.7842
-1.73592
-1.68509
-1.63191
-1.57666
-1.51962
-1.461
-1.40092
-1.33941
-1.27646
-1.21216
-1.14662
-1.07997
-1.0125
-0.944292
-0.875565
-0.806112
-0.736366
-0.666666
-0.596974
-0.527164
-0.457097
-0.386611
-0.315826
-0.245028
-0.174221
-0.103263
-0.0320404
0.0395243
0.111243
0.18271
0.253647
0.324027
0.394093
0.46427
0.534776
0.605411
0.675891
0.746167
0.816373
0.886737
0.957472
1.0285
1.09939
1.16971
1.23948
1.30897
1.37826
1.44722
1.51567
1.58355
1.65087
1.71779
1.78458
1.85131
1.91776
1.98358
2.04875
2.11348
2.17788
2.24169
2.30442
2.36572
2.42547
2.4836
2.53997
2.5944
2.64676
2.69686
2.74442
2.78905
2.83047
2.86844
2.90276
2.9331
2.95908
2.98043
2.99706
3.00901
3.01625
3.01863
3.01597
3.00779
2.99323
2.9712
-2.12297
-2.14608
-2.16119
-2.16923
-2.1711
-2.16766
-2.1591
-2.14534
-2.12628
-2.10188
-2.07228
-2.0379
-1.9993
-1.95701
-1.91147
-1.86298
-1.81176
-1.758
-1.70197
-1.644
-1.5843
-1.52301
-1.46019
-1.39587
-1.33014
-1.26314
-1.19502
-1.12578
-1.05569
-0.98497
-0.913639
-0.842005
-0.770249
-0.698532
-0.626865
-0.555068
-0.483012
-0.41064
-0.338122
-0.265683
-0.193243
-0.120539
-0.0473875
0.0261632
0.0997783
0.173036
0.245708
0.317867
0.389866
0.46208
0.534537
0.60696
0.679153
0.751162
0.823177
0.895432
0.968046
1.0408
1.11325
1.18521
1.25684
1.32836
1.39972
1.47072
1.54125
1.61134
1.68105
1.75055
1.82
1.8894
1.95851
2.02714
2.09534
2.16323
2.23071
2.29745
2.36311
2.42752
2.49054
2.55194
2.61143
2.66891
2.72436
2.77767
2.82844
2.87614
2.9204
2.96106
2.99797
3.0308
3.05909
3.08249
3.10086
3.11425
3.12258
3.12565
3.12322
3.11479
3.09946
3.07606
-2.22597
-2.2505
-2.2664
-2.27481
-2.27661
-2.27257
-2.26292
-2.2476
-2.22656
-2.19991
-2.16791
-2.13104
-2.08985
-2.04484
-1.99639
-1.94483
-1.89045
-1.83358
-1.77455
-1.71367
-1.65108
-1.58683
-1.52097
-1.45363
-1.385
-1.31529
-1.24447
-1.17256
-1.09959
-1.02618
-0.952381
-0.87846
-0.804643
-0.730979
-0.657302
-0.583409
-0.509271
-0.43501
-0.360805
-0.286698
-0.2125
-0.137894
-0.0627232
0.0127934
0.0882206
0.163218
0.237664
0.311718
0.385745
0.459965
0.534238
0.608339
0.682242
0.756062
0.829943
0.904046
0.978394
1.05274
1.1268
1.20056
1.27421
1.3478
1.42118
1.49426
1.56707
1.63965
1.712
1.78415
1.85625
1.92831
2.00026
2.07199
2.14344
2.21453
2.28505
2.35478
2.42356
2.49129
2.55769
2.62235
2.68504
2.74581
2.80473
2.86157
2.91574
2.96664
3.014
3.05773
3.09765
3.13329
3.16411
3.18978
3.21019
3.22528
3.23484
3.23861
3.23639
3.22769
3.21152
3.18662
-2.33421
-2.36042
-2.37724
-2.38599
-2.38762
-2.38284
-2.37185
-2.35467
-2.33139
-2.30226
-2.26767
-2.22814
-2.18418
-2.13623
-2.08464
-2.02977
-1.97205
-1.91189
-1.84963
-1.78553
-1.71969
-1.65214
-1.58301
-1.5125
-1.44084
-1.36828
-1.29463
-1.21986
-1.14416
-1.06784
-0.991479
-0.915358
-0.839462
-0.763696
-0.687889
-0.611895
-0.535718
-0.459589
-0.383669
-0.30781
-0.231727
-0.155134
-0.0779834
-0.00061878
0.0765355
0.153261
0.229535
0.305538
0.381553
0.457636
0.533601
0.609368
0.685049
0.760733
0.836464
0.912319
0.9883
1.06426
1.14008
1.21583
1.29158
1.36722
1.44264
1.51793
1.59323
1.66849
1.74355
1.81841
1.89324
1.96818
2.0432
2.11814
2.19281
2.26701
2.3406
2.4135
2.48564
2.55681
2.62657
2.69457
2.76072
2.82517
2.88789
2.94843
3.00615
3.06056
3.11146
3.15871
3.20196
3.24065
3.27429
3.30258
3.32534
3.3423
3.35317
3.35771
3.35576
3.3468
3.32971
3.30314
-2.44796
-2.47616
-2.49405
-2.50313
-2.50449
-2.49876
-2.48617
-2.46688
-2.44111
-2.40928
-2.37189
-2.32945
-2.28242
-2.2312
-2.17617
-2.11777
-2.05652
-1.99283
-1.92703
-1.85932
-1.78985
-1.71873
-1.64611
-1.57222
-1.49736
-1.42171
-1.34518
-1.26734
-1.18873
-1.10972
-1.03085
-0.952405
-0.874346
-0.796384
-0.718363
-0.640274
-0.562157
-0.484214
-0.406511
-0.328791
-0.250737
-0.17217
-0.0931818
-0.0141184
0.0647153
0.143197
0.221328
0.299242
0.377095
0.454862
0.532463
0.609973
0.687505
0.765031
0.842517
0.920047
0.997686
1.0754
1.15317
1.23102
1.30887
1.38659
1.46421
1.54196
1.61991
1.69783
1.77552
1.85309
1.93084
2.00892
2.08718
2.16533
2.24312
2.32043
2.39722
2.47349
2.54909
2.62371
2.69695
2.76858
2.83859
2.90704
2.97372
3.03812
3.09971
3.15809
3.213
3.26411
3.31096
3.35303
3.38988
3.42115
3.44646
3.46545
3.4778
3.48328
3.48173
3.47249
3.45436
3.42591
-2.5677
-2.59818
-2.61731
-2.62674
-2.62771
-2.62083
-2.60639
-2.5847
-2.55618
-2.52139
-2.4809
-2.4352
-2.38471
-2.32984
-2.27105
-2.20884
-2.14374
-2.0762
-2.0065
-1.93486
-1.86142
-1.78641
-1.71009
-1.63266
-1.55446
-1.47548
-1.39561
-1.31479
-1.23322
-1.15153
-1.07022
-0.989437
-0.909077
-0.828815
-0.748553
-0.668392
-0.588405
-0.508661
-0.429092
-0.34943
-0.269407
-0.188973
-0.108311
-0.0276554
0.0528459
0.133093
0.213038
0.292736
0.372243
0.451575
0.530832
0.610166
0.689548
0.768815
0.847956
0.927161
1.00658
1.08624
1.16608
1.24602
1.32594
1.40582
1.48588
1.56631
1.64697
1.7275
1.80782
1.88822
1.96905
2.05035
2.13181
2.2131
2.29406
2.37464
2.45484
2.53456
2.61364
2.69183
2.76884
2.84449
2.91868
2.9913
3.06211
3.13072
3.19665
3.25946
3.31871
3.37397
3.42479
3.47068
3.51113
3.54565
3.57377
3.59508
3.60919
3.61582
3.61472
3.6052
3.58592
3.55539
-2.69417
-2.72717
-2.74768
-2.75744
-2.75788
-2.74966
-2.73313
-2.70878
-2.67721
-2.63911
-2.59508
-2.54562
-2.49121
-2.43228
-2.36934
-2.30295
-2.23367
-2.16193
-2.08796
-2.01194
-1.9342
-1.85512
-1.77498
-1.69388
-1.61197
-1.52952
-1.44617
-1.36211
-1.27761
-1.19329
-1.10949
-1.02627
-0.943473
-0.860856
-0.778384
-0.696174
-0.614301
-0.532692
-0.451177
-0.369551
-0.287646
-0.205498
-0.123272
-0.0410456
0.0411263
0.123087
0.204713
0.28601
0.367029
0.447902
0.528866
0.610013
0.691134
0.772017
0.852782
0.933745
1.01509
1.09678
1.17871
1.26072
1.34275
1.42494
1.50757
1.59069
1.67397
1.75713
1.84025
1.92371
2.00773
2.09217
2.17671
2.26115
2.34545
2.42951
2.51321
2.59644
2.67914
2.7612
2.84236
2.92231
3.00084
3.07783
3.15314
3.22641
3.29712
3.36468
3.4286
3.48844
3.54372
3.59384
3.63823
3.67635
3.7077
3.73173
3.74791
3.75586
3.75534
3.74556
3.72507
3.69228
-2.8283
-2.86404
-2.88605
-2.89613
-2.89586
-2.88605
-2.86714
-2.83983
-2.80485
-2.76297
-2.71487
-2.66112
-2.6022
-2.53867
-2.47111
-2.40016
-2.32632
-2.24991
-2.17117
-2.09043
-2.00813
-1.92479
-1.84059
-1.75566
-1.67004
-1.58371
-1.49684
-1.40946
-1.32198
-1.23492
-1.14853
-1.06276
-0.977415
-0.892426
-0.807791
-0.723543
-0.639696
-0.556101
-0.472584
-0.389034
-0.305381
-0.221655
-0.137895
-0.0540603
0.0297634
0.11332
0.196446
0.27917
0.361629
0.444073
0.526743
0.609573
0.692247
0.774659
0.857097
0.939914
1.02322
1.10692
1.19087
1.27498
1.35927
1.44394
1.52915
1.6148
1.70061
1.78646
1.87259
1.95926
2.04646
2.13395
2.2216
2.30937
2.39718
2.4848
2.57204
2.65893
2.74558
2.83188
2.91744
3.00184
3.08491
3.16664
3.2469
3.32524
3.40104
3.47371
3.54277
3.60772
3.66791
3.72269
3.77148
3.81376
3.84885
3.87602
3.8946
3.90416
3.90441
3.89446
3.87267
3.83735
-2.97108
-3.00988
-3.03352
-3.04385
-3.04268
-3.03098
-3.00935
-2.97864
-2.93975
-2.89355
-2.84076
-2.78202
-2.71794
-2.64924
-2.57658
-2.50053
-2.42155
-2.33998
-2.25611
-2.17027
-2.08305
-1.99515
-1.90681
-1.81779
-1.72822
-1.63803
-1.54747
-1.45675
-1.36629
-1.27637
-1.18722
-1.09876
-1.01082
-0.923451
-0.836655
-0.750337
-0.664405
-0.578725
-0.493203
-0.407812
-0.322528
-0.237291
-0.15197
-0.0665077
0.0188874
0.103888
0.188358
0.272405
0.356286
0.440306
0.524584
0.608893
0.692961
0.776892
0.861073
0.945767
1.03096
1.11654
1.20246
1.28872
1.37538
1.46256
1.55029
1.63841
1.72678
1.81548
1.90472
1.99454
2.08478
2.17535
2.26629
2.35758
2.44899
2.54018
2.63109
2.72195
2.8129
2.90367
2.99375
3.08279
3.17076
3.25769
3.34329
3.42702
3.50827
3.58655
3.66131
3.73187
3.79747
3.85748
3.91137
3.95845
3.99783
4.02862
4.05005
4.06162
4.06292
4.05289
4.02969
3.99145
-3.12381
-3.16599
-3.19132
-3.2018
-3.19946
-3.18549
-3.16067
-3.12604
-3.08264
-3.03139
-2.97312
-2.90862
-2.83872
-2.76421
-2.68578
-2.604
-2.51935
-2.43212
-2.3426
-2.25127
-2.15895
-2.06625
-1.9733
-1.88005
-1.78627
-1.69219
-1.59796
-1.50391
-1.41038
-1.3175
-1.22546
-1.13419
-1.04365
-0.953882
-0.864855
-0.776366
-0.68825
-0.600455
-0.51299
-0.425861
-0.339012
-0.252247
-0.16533
-0.078292
0.00852818
0.0948215
0.180545
0.26589
0.351183
0.436698
0.522398
0.607999
0.693403
0.778897
0.864838
0.951325
1.03829
1.1257
1.21361
1.30205
1.39103
1.48058
1.57069
1.6613
1.75242
1.84412
1.93644
2.02925
2.12248
2.21624
2.31063
2.40552
2.50052
2.59537
2.69023
2.78539
2.88083
2.97613
3.07087
3.1649
3.25823
3.35072
3.44196
3.53143
3.61867
3.70315
3.78416
3.86087
3.93256
3.99861
4.05837
4.11093
4.15524
4.19031
4.21523
4.22931
4.23197
4.22197
4.1972
4.1557
-3.28788
-3.33377
-3.36089
-3.37134
-3.36742
-3.35065
-3.32205
-3.28282
-3.23409
-3.17692
-3.11231
-3.04125
-2.9647
-2.88359
-2.79872
-2.71059
-2.61958
-2.52608
-2.43057
-2.33352
-2.23571
-2.13788
-2.0401
-1.94221
-1.84413
-1.74607
-1.64816
-1.55077
-1.45405
-1.35812
-1.26309
-1.169
-1.07587
-0.983689
-0.892318
-0.801526
-0.711166
-0.621299
-0.531995
-0.44322
-0.354813
-0.266462
-0.177952
-0.0894612
-0.00137529
0.0861076
0.173058
0.25971
0.346375
0.433231
0.520156
0.606955
0.693733
0.780824
0.868432
0.956546
1.04518
1.13445
1.22444
1.31507
1.40626
1.49802
1.59044
1.68359
1.77754
1.87222
1.96747
2.0632
2.15949
2.25656
2.35444
2.45285
2.55144
2.65017
2.74927
2.84888
2.94882
3.04875
3.14845
3.24788
3.34691
3.44524
3.54247
3.63822
3.73204
3.82329
3.91113
3.99475
4.07341
4.14637
4.21279
4.27166
4.32178
4.36197
4.39112
4.40833
4.41279
4.40295
4.37652
4.33136
-3.46472
-3.51479
-3.54377
-3.5539
-3.54789
-3.52767
-3.49447
-3.44967
-3.3946
-3.33051
-3.25859
-3.17999
-3.09591
-3.00743
-2.91529
-2.81996
-2.72193
-2.62173
-2.51978
-2.41663
-2.31315
-2.20982
-2.10693
-2.00415
-1.90162
-1.79946
-1.6979
-1.59707
-1.49707
-1.39802
-1.3
-1.20311
-1.10744
-1.01281
-0.919005
-0.825825
-0.733238
-0.641386
-0.550339
-0.459972
-0.369985
-0.280022
-0.189996
-0.1002
-0.010954
0.0776889
0.165872
0.253819
0.34177
0.429812
0.517852
0.60588
0.694121
0.782798
0.871938
0.961547
1.05182
1.14299
1.23504
1.32777
1.42105
1.51498
1.60977
1.70553
1.80221
1.89966
1.99771
2.09635
2.19578
2.29616
2.39741
2.49927
2.60158
2.70439
2.80782
2.91186
3.01634
3.12113
3.22615
3.33128
3.43625
3.54075
3.64448
3.74709
3.84806
3.94669
4.04215
4.13358
4.22013
4.3009
4.37496
4.44118
4.49816
4.54447
4.57879
4.59991
4.6067
4.59732
4.56914
4.51976
-3.65603
-3.71083
-3.74167
-3.75111
-3.74237
-3.71778
-3.67888
-3.62733
-3.56471
-3.49246
-3.41203
-3.32487
-3.23232
-3.13547
-3.03512
-2.93183
-2.82607
-2.71849
-2.60969
-2.50023
-2.39069
-2.28168
-2.1733
-2.06554
-1.95847
-1.8522
-1.74695
-1.64261
-1.53927
-1.43708
-1.33611
-1.23651
-1.13829
-1.04119
-0.944914
-0.849366
-0.754649
-0.660922
-0.568193
-0.476236
-0.384644
-0.293115
-0.201712
-0.110732
-0.0203465
0.0694877
0.158906
0.248089
0.337214
0.426347
0.515515
0.604869
0.69462
0.784815
0.875402
0.966528
1.05853
1.1516
1.24558
1.34022
1.4355
1.53164
1.62886
1.72717
1.82642
1.92645
2.0272
2.12875
2.23125
2.33478
2.43927
2.54463
2.65079
2.75773
2.86541
2.97384
3.08301
3.19295
3.30354
3.41457
3.52578
3.6369
3.74767
3.85766
3.96638
4.07315
4.17712
4.27729
4.37266
4.46232
4.54521
4.62
4.68507
4.73875
4.7794
4.80541
4.81528
4.80678
4.77671
4.72246
-3.8639
-3.924
-3.9567
-3.96496
-3.95252
-3.9223
-3.87632
-3.81655
-3.74484
-3.66297
-3.57275
-3.47581
-3.3736
-3.26737
-3.15792
-3.04571
-2.93148
-2.81607
-2.69995
-2.58373
-2.46787
-2.35292
-2.23893
-2.1261
-2.01444
-1.90408
-1.79505
-1.68718
-1.58053
-1.47523
-1.37143
-1.26921
-1.16844
-1.06883
-0.970116
-0.872314
-0.775614
-0.680116
-0.585735
-0.492155
-0.398962
-0.305971
-0.213328
-0.121214
-0.0296446
0.0614283
0.152066
0.242411
0.332637
0.422876
0.513281
0.604051
0.69527
0.786865
0.878871
0.971618
1.06546
1.1604
1.25616
1.3526
1.44986
1.54823
1.64779
1.74844
1.85005
1.95256
2.05597
2.16033
2.2657
2.3722
2.47991
2.58883
2.69882
2.80975
2.92161
3.03452
3.1486
3.26387
3.38018
3.49735
3.61518
3.73339
3.85165
3.96958
4.08676
4.20251
4.31585
4.42566
4.53096
4.63076
4.72383
4.8086
4.88325
4.94581
4.99421
5.02639
5.04038
5.03322
5.00118
4.94148
-4.09078
-4.15693
-4.19144
-4.19772
-4.1803
-4.14289
-4.088
-4.01806
-3.93542
-3.84228
-3.74069
-3.63257
-3.51953
-3.40277
-3.28312
-3.16126
-3.038
-2.91406
-2.79026
-2.66683
-2.5444
-2.42322
-2.30356
-2.18557
-2.06934
-1.95487
-1.842
-1.73061
-1.6207
-1.51241
-1.40592
-1.30116
-1.19787
-1.09577
-0.994716
-0.894822
-0.796274
-0.699082
-0.603058
-0.507844
-0.413102
-0.318769
-0.224957
-0.131677
-0.0388657
0.0534532
0.145269
0.236725
0.328059
0.419504
0.511284
0.60352
0.696146
0.789085
0.882551
0.976975
1.07259
1.16925
1.26669
1.36495
1.46427
1.56478
1.66645
1.76919
1.87301
1.97792
2.08388
2.19082
2.29887
2.40828
2.51923
2.63164
2.74531
2.86011
2.97618
3.09373
3.21287
3.33356
3.45576
3.57938
3.70421
3.82988
3.95609
4.08259
4.20899
4.33449
4.45801
4.57851
4.695
4.80632
4.91107
5.0075
5.09352
5.16675
5.22471
5.26475
5.28407
5.27896
5.24512
5.17921
-4.3399
-4.41296
-4.44901
-4.45218
-4.42809
-4.38132
-4.31514
-4.23272
-4.13697
-4.03049
-3.91577
-3.79492
-3.66959
-3.54113
-3.4104
-3.27803
-3.145
-3.01222
-2.8802
-2.74927
-2.61989
-2.49234
-2.36694
-2.24378
-2.12298
-2.00436
-1.88763
-1.77274
-1.65967
-1.54854
-1.43946
-1.33221
-1.22647
-1.12199
-1.01876
-0.916945
-0.816647
-0.717796
-0.620133
-0.523316
-0.427125
-0.331539
-0.236536
-0.142003
-0.0479165
0.0456102
0.138556
0.231123
0.323626
0.416373
0.509573
0.603234
0.69722
0.791557
0.886584
0.982676
1.0799
1.17807
1.27712
1.37723
1.47854
1.58101
1.68455
1.78921
1.89513
2.00232
2.11059
2.21992
2.33056
2.44289
2.55702
2.67276
2.78994
2.90862
3.02902
3.15132
3.27554
3.40178
3.53011
3.66048
3.79256
3.92603
4.06072
4.19644
4.3327
4.46864
4.60329
4.73565
4.86464
4.98901
5.1072
5.21722
5.31668
5.40286
5.47266
5.52253
5.54885
5.54707
5.51166
5.43862
-4.61549
-4.6963
-4.7334
-4.73183
-4.69857
-4.63956
-4.55918
-4.46142
-4.34989
-4.22779
-4.09787
-3.96239
-3.82326
-3.68182
-3.53885
-3.39532
-3.25196
-3.10982
-2.9692
-2.83049
-2.69392
-2.55995
-2.42877
-2.30048
-2.1751
-2.05229
-1.93175
-1.81342
-1.6973
-1.58346
-1.47184
-1.36215
-1.25404
-1.14735
-1.04216
-0.93857
-0.836592
-0.736096
-0.636813
-0.538473
-0.440945
-0.34414
-0.247875
-0.15202
-0.0566708
0.0380131
0.132083
0.225822
0.319591
0.413689
0.508249
0.603208
0.698491
0.794264
0.89087
0.988515
1.08715
1.18672
1.28736
1.38926
1.49235
1.5965
1.7017
1.8082
1.91613
2.02537
2.13573
2.24734
2.3606
2.47581
2.59295
2.71184
2.83251
2.95517
3.07999
3.20702
3.33639
3.46835
3.60304
3.74031
3.87986
4.02152
4.1652
4.31065
4.45733
4.60449
4.75128
4.8967
5.03965
5.17879
5.3124
5.43823
5.55367
5.65554
5.73987
5.80223
5.83808
5.84127
5.8047
5.72379
-4.92293
-5.01239
-5.04957
-5.0407
-4.99488
-4.91995
-4.82159
-4.70495
-4.57455
-4.43409
-4.28661
-4.13455
-3.97981
-3.82393
-3.66788
-3.51228
-3.35817
-3.20615
-3.05666
-2.90988
-2.76607
-2.62562
-2.48868
-2.35532
-2.22532
-2.09833
-1.97405
-1.85237
-1.73334
-1.61687
-1.50275
-1.39067
-1.28031
-1.17162
-1.06465
-0.959403
-0.855804
-0.753698
-0.652855
-0.553099
-0.454311
-0.356265
-0.258683
-0.16152
-0.064981
0.0308096
0.126019
0.220997
0.316087
0.411522
0.50735
0.603513
0.700052
0.797208
0.89523
0.994182
1.09405
1.19498
1.29719
1.40069
1.50527
1.61083
1.71759
1.82582
1.93558
2.04664
2.15897
2.27289
2.38876
2.50671
2.62666
2.74864
2.87289
2.9996
3.12879
3.26057
3.39521
3.53304
3.67415
3.81841
3.96567
4.11588
4.26892
4.4245
4.58221
4.74142
4.90137
5.06113
5.21963
5.37544
5.52666
5.67096
5.80541
5.92614
6.02848
6.10706
6.15566
6.16614
6.12958
6.04003
-5.26944
-5.36822
-5.40358
-5.3837
-5.32068
-5.22486
-5.10381
-4.96409
-4.81109
-4.64917
-4.48155
-4.31065
-4.13864
-3.96691
-3.79655
-3.62825
-3.46278
-3.30055
-3.14186
-2.98682
-2.83575
-2.68882
-2.54621
-2.40779
-2.27319
-2.14206
-2.01412
-1.88922
-1.76735
-1.64831
-1.53177
-1.41739
-1.30497
-1.19446
-1.08585
-0.979044
-0.873897
-0.770261
-0.667977
-0.566924
-0.466906
-0.367575
-0.268675
-0.170291
-0.0726496
0.0242286
0.1206
0.216812
0.313156
0.409799
0.506774
0.604088
0.701859
0.800281
0.899468
0.999466
1.10044
1.20266
1.30627
1.4111
1.51689
1.62373
1.73194
1.84176
1.95309
2.06582
2.18013
2.29637
2.41473
2.53521
2.65788
2.78301
2.91089
3.04158
3.1751
3.31166
3.45164
3.59534
3.74286
3.89421
4.04939
4.20835
4.37097
4.5371
4.70644
4.87851
5.05267
5.22816
5.40392
5.57845
5.74986
5.91567
6.07251
6.2161
6.34109
6.44052
6.50625
6.52786
6.49321
6.39428
-5.6647
-5.77286
-5.8032
-5.76677
-5.67996
-5.55681
-5.40724
-5.23932
-5.05947
-4.87251
-4.68183
-4.48988
-4.29863
-4.10974
-3.92401
-3.74224
-3.56481
-3.39205
-3.22391
-3.06058
-2.90222
-2.74891
-2.60071
-2.45727
-2.31816
-2.183
-2.05151
-1.92353
-1.79889
-1.67731
-1.55841
-1.4419
-1.32763
-1.2155
-1.10537
-0.997079
-0.890479
-0.785444
-0.681881
-0.579653
-0.478433
-0.377831
-0.277714
-0.178244
-0.0795678
0.0184145
0.115968
0.213365
0.310823
0.408491
0.506464
0.604837
0.70373
0.803219
0.903336
1.00422
1.10621
1.20959
1.31433
1.42016
1.52698
1.63501
1.74456
1.85572
1.96844
2.08281
2.19912
2.31757
2.43819
2.56105
2.68644
2.81475
2.94617
3.08072
3.21853
3.35987
3.50511
3.65455
3.80844
3.96693
4.13007
4.29784
4.47025
4.64729
4.8288
5.01448
5.20396
5.39661
5.59141
5.78701
5.98148
6.17212
6.35549
6.52703
6.68023
6.80656
6.89596
6.9342
6.9045
6.79622
-6.12189
-6.23844
-6.25823
-6.19688
-6.0773
-5.91842
-5.733
-5.5308
-5.31906
-5.10305
-4.88609
-4.67057
-4.45838
-4.25087
-4.0489
-3.85288
-3.66308
-3.47944
-3.30179
-3.13018
-2.96462
-2.8051
-2.65138
-2.50304
-2.35957
-2.22055
-2.0857
-1.95476
-1.82745
-1.70341
-1.58229
-1.46384
-1.34793
-1.23434
-1.12282
-1.01318
-0.905257
-0.798991
-0.694314
-0.591003
-0.488634
-0.386876
-0.285724
-0.185326
-0.0856844
0.0133762
0.112059
0.210534
0.308966
0.407532
0.506398
0.605702
0.705509
0.805812
0.906672
1.00837
1.11129
1.21561
1.32118
1.42781
1.53554
1.64465
1.75533
1.86762
1.98164
2.09764
2.21584
2.33627
2.45894
2.58411
2.71219
2.84355
2.97833
3.11662
3.2586
3.40455
3.55483
3.70985
3.87001
4.03552
4.20648
4.38303
4.56537
4.75358
4.9477
5.14776
5.3536
5.56481
5.78062
5.99975
6.22028
6.43969
6.65464
6.85996
7.04833
7.21003
7.33198
7.3948
7.3757
7.25918
-6.65965
-6.78121
-6.78107
-6.68247
-6.51766
-6.31208
-6.08178
-5.83802
-5.58866
-5.339
-5.09234
-4.8507
-4.61572
-4.38844
-4.16937
-3.95862
-3.75609
-3.56141
-3.37431
-3.19453
-3.022
-2.85645
-2.69741
-2.54438
-2.39678
-2.25413
-2.11613
-1.98241
-1.85256
-1.72622
-1.60308
-1.48295
-1.3656
-1.25071
-1.13796
-1.02712
-0.918073
-0.810784
-0.705151
-0.600846
-0.497438
-0.39471
-0.292714
-0.191495
-0.0909393
0.00911504
0.108772
0.208138
0.307391
0.406759
0.506444
0.606552
0.707073
0.807997
0.909494
1.01193
1.11563
1.22065
1.32683
1.43412
1.54269
1.65271
1.7643
1.87759
1.99287
2.11039
2.23024
2.35237
2.47693
2.6043
2.73492
2.86909
3.007
3.14881
3.29469
3.44492
3.59995
3.76034
3.9265
4.09873
4.27728
4.46249
4.65469
4.85415
5.06124
5.27627
5.49941
5.7306
5.96933
6.21445
6.46443
6.71719
6.96925
7.21536
7.44807
7.65596
7.82254
7.92249
7.92333
7.80176
-7.30489
-7.42347
-7.38774
-7.23333
-7.00605
-6.73965
-6.45339
-6.15955
-5.8661
-5.57789
-5.29782
-5.02756
-4.76812
-4.52003
-4.28325
-4.0575
-3.8421
-3.63649
-3.4401
-3.25248
-3.07329
-2.902
-2.73797
-2.58057
-2.42916
-2.28322
-2.14233
-2.00602
-1.87385
-1.74545
-1.62059
-1.49903
-1.38045
-1.26443
-1.15062
-1.03878
-0.928842
-0.820748
-0.714315
-0.609154
-0.504909
-0.401459
-0.298798
-0.196828
-0.0954018
0.00554041
0.106003
0.206081
0.306009
0.406068
0.506457
0.607221
0.708316
0.80979
0.911896
1.01499
1.11927
1.22476
1.33142
1.43932
1.54859
1.65933
1.77167
1.88589
2.00231
2.12112
2.24229
2.36588
2.49215
2.62152
2.75438
2.89106
3.03181
3.17677
3.32611
3.48021
3.63965
3.805
3.97673
4.15524
4.34102
4.53457
4.73637
4.947
5.16715
5.39752
5.63872
5.89106
6.15434
6.42799
6.71116
7.002
7.2975
7.59317
7.88127
8.1492
8.37785
8.53342
8.56966
8.45115
-8.09753
-8.1962
-8.09837
-7.86041
-7.54711
-7.20177
-6.84608
-6.49228
-6.14749
-5.81566
-5.4987
-5.19746
-4.91222
-4.64257
-4.38788
-4.1471
-3.91914
-3.70298
-3.49775
-3.3028
-3.1174
-2.94082
-2.77226
-2.61092
-2.45615
-2.30733
-2.16388
-2.02527
-1.89107
-1.76095
-1.63469
-1.512
-1.39242
-1.27548
-1.16081
-1.04821
-0.937589
-0.828873
-0.721782
-0.615943
-0.511111
-0.40718
-0.304006
-0.20138
-0.0992029
0.00247006
0.103585
0.20426
0.304775
0.405424
0.506376
0.607654
0.709245
0.81126
0.913951
1.01757
1.12227
1.2281
1.33518
1.4436
1.55342
1.66472
1.77771
1.89274
2.01008
2.12983
2.25203
2.37684
2.50458
2.63562
2.77037
2.90919
3.05233
3.19992
3.35222
3.50974
3.6731
3.84286
4.01955
4.20379
4.39624
4.59754
4.80845
5.02988
5.26287
5.50861
5.76819
6.04232
6.33152
6.63614
6.9559
7.28984
7.63627
7.99144
8.34824
8.69468
9.00899
9.24763
9.34596
9.24741
-9.09876
-9.14258
-8.93785
-8.57511
-8.14375
-7.6965
-7.25513
-6.83016
-6.42641
-6.04595
-5.68908
-5.35531
-5.04355
-4.75236
-4.48003
-4.22479
-3.98497
-3.75901
-3.54577
-3.3442
-3.15327
-2.97204
-2.79954
-2.63486
-2.47727
-2.32602
-2.18042
-2.03992
-1.90407
-1.77263
-1.64533
-1.52178
-1.40144
-1.28382
-1.16855
-1.05543
-0.944364
-0.8352
-0.727619
-0.621325
-0.516142
-0.411888
-0.308288
-0.205117
-0.102365
-0.000166125
0.101437
0.202605
0.303628
0.404771
0.50618
0.607893
0.709958
0.812499
0.915695
1.01971
1.12469
1.23082
1.33826
1.44708
1.55731
1.66906
1.78259
1.89823
2.01617
2.13654
2.25949
2.38526
2.51412
2.64646
2.7827
2.9232
3.06816
3.21779
3.37251
3.53291
3.69955
3.87302
4.05397
4.24319
4.44148
4.64972
4.86894
5.10039
5.34559
5.60618
5.88371
6.17966
6.49558
6.83271
7.192
7.5743
7.9794
8.40519
8.84727
9.29528
9.72709
10.0904
10.2955
10.2517
-10.4055
-10.3233
-9.93559
-9.38692
-8.79454
-8.21678
-7.67104
-7.16268
-6.6926
-6.25949
-5.86099
-5.49433
-5.15661
-4.84485
-4.55608
-4.28767
-4.03721
-3.80271
-3.58259
-3.37541
-3.17988
-2.99484
-2.81917
-2.65188
-2.49209
-2.33895
-2.19171
-2.04977
-1.91277
-1.78045
-1.65247
-1.52834
-1.40751
-1.28946
-1.17383
-1.06042
-0.949115
-0.839677
-0.731827
-0.625345
-0.520028
-0.415566
-0.311614
-0.208015
-0.104864
-0.00231581
0.0996294
0.201167
0.302576
0.404098
0.505882
0.608007
0.710537
0.813546
0.917117
1.02139
1.12658
1.23296
1.34069
1.44979
1.56031
1.67239
1.7863
1.90225
2.02048
2.14119
2.26464
2.39104
2.52066
2.6539
2.79117
2.93277
3.07893
3.23003
3.38661
3.54921
3.71838
3.89476
4.07913
4.27237
4.47546
4.68953
4.9159
5.15621
5.41238
5.68645
5.98066
6.29751
6.63955
7.00943
7.41031
7.84513
8.31611
8.82503
9.37133
9.94932
10.542
11.091
11.4789
11.5611
-12.1776
-11.8232
-11.1223
-10.2981
-9.48835
-8.7459
-8.07547
-7.47263
-6.93094
-6.44361
-6.00409
-5.60633
-5.24493
-4.91493
-4.61208
-4.33262
-4.07349
-3.83222
-3.60672
-3.39527
-3.19632
-3.0085
-2.8306
-2.66152
-2.50024
-2.34583
-2.19751
-2.05469
-1.91706
-1.78431
-1.65602
-1.53164
-1.41059
-1.29237
-1.17662
-1.06315
-0.951768
-0.84223
-0.734333
-0.627889
-0.522601
-0.41804
-0.313867
-0.210018
-0.106649
-0.00389836
0.0982673
0.200046
0.301701
0.40348
0.505566
0.608062
0.710993
0.814341
0.918138
1.02256
1.12791
1.23446
1.34236
1.45162
1.56232
1.67459
1.78861
1.9046
2.02285
2.14367
2.26733
2.39401
2.52403
2.65775
2.79553
2.93763
3.08442
3.23644
3.39424
3.5583
3.72918
3.90756
4.09431
4.29043
4.49707
4.71558
4.94759
5.19505
5.46016
5.74548
6.05407
6.3893
6.75503
7.15609
7.59803
8.08677
8.62928
9.23266
9.90325
10.6458
11.4557
12.2799
12.981
13.3355
-14.6921
-13.758
-12.518
-11.2891
-10.1915
-9.24817
-8.43605
-7.73289
-7.11997
-6.58188
-6.106
-5.68206
-5.30152
-4.95744
-4.64407
-4.35668
-4.09159
-3.8458
-3.61686
-3.40278
-3.20181
-3.01244
-2.83338
-2.66342
-2.50144
-2.34645
-2.19767
-2.05457
-1.91683
-1.78408
-1.65583
-1.53151
-1.41054
-1.29241
-1.1768
-1.06348
-0.952208
-0.842784
-0.735057
-0.628807
-0.523632
-0.419068
-0.314838
-0.210954
-0.107568
-0.00478025
0.0974592
0.199333
0.301099
0.403029
0.505333
0.608095
0.711266
0.814765
0.918634
1.02311
1.12852
1.23513
1.34306
1.45237
1.5631
1.67533
1.78921
1.90499
2.02306
2.14377
2.26734
2.394
2.52405
2.65781
2.79555
2.93762
3.08455
3.23692
3.39524
3.55997
3.73166
3.91106
4.09905
4.29674
4.50547
4.72679
4.96253
5.2148
5.48611
5.77956
6.09879
6.44807
6.83296
7.26037
7.73852
8.27803
8.89184
9.59529
10.4076
11.351
12.4485
13.6774
14.9174
15.8516
-18.4048
-16.2262
-14.0636
-12.2656
-10.8133
-9.64819
-8.69487
-7.90091
-7.22912
-6.65248
-6.15115
-5.71017
-5.3181
-4.96614
-4.64731
-4.35621
-4.08862
-3.84116
-3.61118
-3.39646
-3.19514
-3.00566
-2.82664
-2.65681
-2.49499
-2.3402
-2.1917
-2.04899
-1.9117
-1.77939
-1.65156
-1.52761
-1.40699
-1.28923
-1.17399
-1.06103
-0.9501
-0.841048
-0.733712
-0.62779
-0.522819
-0.418377
-0.31428
-0.210572
-0.107376
-0.00474963
0.0973688
0.199159
0.300891
0.402849
0.505229
0.608055
0.711221
0.814645
0.918418
1.02282
1.12816
1.23467
1.34247
1.45164
1.56217
1.67411
1.7876
1.903
2.02071
2.14105
2.26427
2.39059
2.52029
2.65361
2.79084
2.93243
3.079
3.2311
3.38918
3.5537
3.72523
3.90451
4.09246
4.2903
4.49947
4.72163
4.95865
5.21278
5.48681
5.78409
6.10865
6.46578
6.86227
7.30665
7.81036
8.38857
9.06112
9.85548
10.8089
11.974
13.4263
15.2243
17.3869
19.5655
-24.5763
-19.2756
-15.4864
-12.9783
-11.1702
-9.82092
-8.76949
-7.92282
-7.22279
-6.6314
-6.12276
-5.67862
-5.28574
-4.9342
-4.61652
-4.32697
-4.06109
-3.81544
-3.58725
-3.37424
-3.17457
-2.98664
-2.80903
-2.64047
-2.47982
-2.32613
-2.17871
-2.03708
-1.90083
-1.76947
-1.64249
-1.51931
-1.39939
-1.2823
-1.16771
-1.05534
-0.945015
-0.836579
-0.729825
-0.624377
-0.519774
-0.415671
-0.311948
-0.20865
-0.105863
-0.00361552
0.0981671
0.199678
0.301195
0.402989
0.505203
0.607805
0.710678
0.813785
0.91727
1.02141
1.12647
1.23268
1.34015
1.44892
1.55898
1.67035
1.78327
1.8981
2.01524
2.13496
2.25752
2.38314
2.51206
2.64448
2.78075
2.92142
3.06708
3.21821
3.37522
3.53858
3.70885
3.88674
4.07324
4.2696
4.47727
4.69786
4.93325
5.18576
5.45817
5.75385
6.07718
6.43384
6.83106
7.27861
7.78982
8.38277
9.08367
9.93082
10.9823
12.3318
14.1399
16.648
20.4372
25.7378
-34.4035
-22.434
-16.2028
-13.0649
-11.0588
-9.65498
-8.59884
-7.76401
-7.08031
-6.5053
-6.0116
-5.58063
-5.19912
-4.85737
-4.54815
-4.26591
-4.00641
-3.76633
-3.54301
-3.33429
-3.13841
-2.95382
-2.77915
-2.61319
-2.45483
-2.30322
-2.15776
-2.01795
-1.88335
-1.75349
-1.62785
-1.50588
-1.38709
-1.27107
-1.15748
-1.04605
-0.936614
-0.829038
-0.723062
-0.618285
-0.514291
-0.410806
-0.307736
-0.205103
-0.10296
-0.00131569
0.0999159
0.200934
0.30201
0.403376
0.505123
0.607196
0.709503
0.81206
0.915036
1.01868
1.12323
1.22888
1.33574
1.44382
1.55312
1.6637
1.77583
1.88987
2.00615
2.12494
2.24648
2.37101
2.4987
2.62977
2.76464
2.90386
3.04795
3.19731
3.35237
3.51356
3.68141
3.8566
4.04015
4.23325
4.43722
4.6536
4.88425
5.1313
5.39732
5.68563
6.00048
6.3472
6.73298
7.16747
7.66368
8.24037
8.92507
9.76033
10.8168
12.2208
14.227
17.365
23.5962
35.5656
)
;

boundaryField
{
    movingWall
    {
        type            zeroGradient;
    }
    fixedWalls
    {
        type            zeroGradient;
    }
    frontAndBack
    {
        type            empty;
    }
}


// ************************************************************************* //
