/*--------------------------------*- C++ -*----------------------------------*\
| =========                 |                                                 |
| \\      /  F ield         | OpenFOAM: The Open Source CFD Toolbox           |
|  \\    /   O peration     | Version:  2212                                  |
|   \\  /    A nd           | Website:  www.openfoam.com                      |
|    \\/     M anipulation  |                                                 |
\*---------------------------------------------------------------------------*/
FoamFile
{
    version     2.0;
    format      ascii;
    arch        "LSB;label=32;scalar=64";
    class       volScalarField;
    location    "0.017";
    object      p;
}
// * * * * * * * * * * * * * * * * * * * * * * * * * * * * * * * * * * * * * //

dimensions      [0 2 -2 0 0 0 0];

internalField   nonuniform List<scalar> 
10000
(
8.9583e-08
-4.2325e-07
-0.000236451
-0.000684661
-0.00131193
-0.00208298
-0.00295343
-0.00387915
-0.00482237
-0.00575087
-0.00663776
-0.00746109
-0.00820235
-0.00884701
-0.00938316
-0.0098001
-0.0100891
-0.0102434
-0.0102584
-0.0101309
-0.00985969
-0.00944352
-0.00888163
-0.00817412
-0.00732217
-0.0063277
-0.00519316
-0.00392174
-0.00251718
-0.000983319
0.00067573
0.00245528
0.0043504
0.0063562
0.0084677
0.0106796
0.0129864
0.0153827
0.0178631
0.0204211
0.0230502
0.0257441
0.0284971
0.0313035
0.0341568
0.0370497
0.0399753
0.0429268
0.0458974
0.0488802
0.0518687
0.0548564
0.0578363
0.0608014
0.0637444
0.0666585
0.0695373
0.0723744
0.0751629
0.0778959
0.0805664
0.0831679
0.0856941
0.0881387
0.0904951
0.0927566
0.094917
0.0969702
0.0989102
0.100731
0.102427
0.103993
0.105426
0.10672
0.107874
0.108884
0.109746
0.11046
0.111022
0.111432
0.11169
0.111796
0.111755
0.111569
0.111244
0.110787
0.110205
0.109509
0.108711
0.107826
0.106874
0.105878
0.104863
0.103861
0.102909
0.102051
0.101335
0.100815
0.100553
0.100551
1.15517e-05
6.17026e-05
-0.000120709
-0.00049304
-0.00101739
-0.00166568
-0.00240007
-0.0031844
-0.00398609
-0.00477741
-0.00553493
-0.00623803
-0.00686966
-0.0074157
-0.00786398
-0.00820444
-0.00842876
-0.00852968
-0.00850159
-0.00834089
-0.00804534
-0.0076139
-0.00704607
-0.00634181
-0.0055017
-0.00452675
-0.00341859
-0.00217971
-0.000813343
0.000676798
0.00228657
0.00401152
0.00584725
0.00778954
0.00983379
0.0119749
0.0142077
0.0165269
0.018927
0.0214021
0.023946
0.0265531
0.0292178
0.0319339
0.034695
0.0374942
0.0403253
0.0431819
0.046057
0.0489437
0.0518356
0.0547264
0.0576096
0.0604783
0.0633255
0.0661445
0.0689293
0.0716734
0.07437
0.0770127
0.0795951
0.0821109
0.0845538
0.0869178
0.0891965
0.0913835
0.0934732
0.09546
0.097338
0.0991015
0.100746
0.102266
0.103658
0.104919
0.106045
0.107035
0.107886
0.108596
0.109163
0.109588
0.109871
0.110012
0.110016
0.109887
0.109631
0.109253
0.108762
0.108168
0.107484
0.106724
0.105908
0.105055
0.104191
0.103343
0.102541
0.101822
0.101222
0.100782
0.10055
0.100549
0.000306524
0.000349722
0.000177571
-0.000162955
-0.000634431
-0.00121052
-0.00185962
-0.00255084
-0.0032561
-0.00395162
-0.00461629
-0.0052319
-0.00578286
-0.00625512
-0.00663696
-0.00691888
-0.00709258
-0.00715133
-0.00708945
-0.0069026
-0.00658794
-0.00614427
-0.00557113
-0.00486851
-0.00403673
-0.00307636
-0.00198857
-0.000775338
0.000560638
0.00201586
0.00358615
0.00526738
0.00705558
0.00894689
0.010937
0.0130212
0.0151945
0.0174517
0.0197871
0.0221949
0.0246697
0.0272063
0.0297993
0.0324423
0.0351286
0.0378518
0.0406061
0.0433853
0.0461828
0.0489916
0.0518054
0.0546179
0.0574227
0.0602132
0.0629827
0.0657249
0.0684339
0.071103
0.0737256
0.0762957
0.0788074
0.0812543
0.0836305
0.0859299
0.0881463
0.0902738
0.0923071
0.094241
0.0960697
0.0977879
0.0993909
0.100875
0.102236
0.10347
0.104576
0.105551
0.106392
0.107099
0.107671
0.108108
0.108411
0.108581
0.108621
0.108537
0.108333
0.108016
0.107594
0.107077
0.106477
0.105809
0.105091
0.10434
0.103579
0.102831
0.102124
0.101487
0.100951
0.100546
0.100315
0.100285
0.000900493
0.000862425
0.000650815
0.000299573
-0.000159984
-0.00070401
-0.00130607
-0.0019402
-0.00258312
-0.00321354
-0.00381282
-0.00436541
-0.00485662
-0.0052736
-0.00560538
-0.00584214
-0.00597597
-0.00600073
-0.00591113
-0.0057029
-0.00537309
-0.00491993
-0.00434267
-0.00364118
-0.00281552
-0.00186622
-0.000794456
0.000398075
0.00170899
0.00313503
0.00467233
0.00631721
0.00806609
0.00991505
0.01186
0.0138966
0.0160202
0.0182257
0.0205069
0.0228584
0.0252752
0.0277526
0.030285
0.0328662
0.0354895
0.0381489
0.0408387
0.0435528
0.0462846
0.0490277
0.051776
0.054523
0.0572622
0.059987
0.0626913
0.0653691
0.0680145
0.070621
0.0731821
0.0756918
0.0781447
0.0805344
0.0828551
0.0851007
0.0872654
0.0893437
0.0913306
0.0932208
0.0950089
0.0966899
0.0982597
0.0997143
0.10105
0.102263
0.103352
0.104314
0.105148
0.105853
0.106428
0.106875
0.107195
0.107388
0.107458
0.107409
0.107246
0.106976
0.106607
0.106148
0.105612
0.105011
0.104362
0.103681
0.102987
0.102302
0.101649
0.101054
0.10054
0.100135
0.0998684
0.0997614
0.00170639
0.00153867
0.00125303
0.000866053
0.000395232
-0.000139734
-0.000716283
-0.00131401
-0.00191333
-0.00249609
-0.00304635
-0.00354949
-0.00399265
-0.00436453
-0.00465471
-0.00485392
-0.00495447
-0.00495014
-0.00483619
-0.0046088
-0.00426527
-0.00380376
-0.0032232
-0.00252303
-0.00170304
-0.000763729
0.00029381
0.00146797
0.00275629
0.00415569
0.0056629
0.00727471
0.00898779
0.0107983
0.0127022
0.0146956
0.0167738
0.0189314
0.021163
0.0234631
0.0258273
0.0282506
0.0307272
0.0332513
0.0358168
0.0384179
0.0410487
0.0437032
0.0463749
0.0490578
0.051746
0.054433
0.0571121
0.059777
0.062422
0.0650411
0.0676285
0.0701777
0.0726826
0.0751376
0.0775371
0.0798748
0.0821447
0.0843415
0.0864594
0.0884932
0.090438
0.0922889
0.0940405
0.0956882
0.0972281
0.0986565
0.0999695
0.101164
0.102237
0.103188
0.104015
0.104718
0.105297
0.105753
0.106087
0.1063
0.106396
0.106377
0.106249
0.106019
0.105693
0.105282
0.104797
0.10425
0.103654
0.103025
0.102379
0.101735
0.101113
0.100534
0.100019
0.0995889
0.0992592
0.0990376
0.00265065
0.00232865
0.00194899
0.00150917
0.00100907
0.000465157
-0.000104739
-0.000683574
-0.0012557
-0.00180653
-0.00232184
-0.00278857
-0.0031953
-0.00353156
-0.00378802
-0.00395651
-0.00402971
-0.00400154
-0.00386741
-0.00362392
-0.00326854
-0.00279965
-0.00221613
-0.00151713
-0.000702373
0.000227819
0.00127256
0.00243024
0.0036983
0.00507384
0.00655414
0.00813627
0.00981701
0.0115929
0.0134601
0.0154148
0.017452
0.0195662
0.0217525
0.0240064
0.0263232
0.0286976
0.031124
0.0335965
0.0361096
0.0386578
0.0412351
0.0438356
0.0464532
0.049082
0.0517158
0.0543482
0.0569729
0.0595842
0.0621759
0.0647422
0.0672774
0.0697751
0.0722295
0.0746352
0.0769867
0.0792776
0.0815021
0.083655
0.0857312
0.0877254
0.0896329
0.0914486
0.0931677
0.0947858
0.0962994
0.0977044
0.0989971
0.100174
0.101234
0.102175
0.102996
0.103698
0.10428
0.104744
0.10509
0.10532
0.105436
0.105443
0.105344
0.105146
0.104856
0.104484
0.104039
0.103532
0.102974
0.10238
0.101765
0.101143
0.100533
0.0999503
0.0994132
0.0989391
0.0985261
0.0981672
0.00368189
0.00319728
0.00271179
0.00220635
0.00166318
0.00109444
0.000515578
-6.02769e-05
-0.000620679
-0.0011534
-0.00164646
-0.00208877
-0.00246988
-0.00278006
-0.00301095
-0.00315528
-0.00320646
-0.00315909
-0.00300882
-0.00275254
-0.00238786
-0.00191317
-0.00132724
-0.000629307
0.000180858
0.0011031
0.00213655
0.00327946
0.00452948
0.00588406
0.0073408
0.0088968
0.0105489
0.0122941
0.0141291
0.0160494
0.01805
0.0201258
0.0222721
0.024485
0.0267597
0.0290907
0.0314722
0.0338992
0.036366
0.038867
0.0413966
0.0439493
0.0465189
0.0490995
0.051685
0.0542691
0.0568458
0.0594095
0.0619542
0.0644741
0.0669631
0.0694152
0.071825
0.0741874
0.0764964
0.0787459
0.0809303
0.083045
0.0850849
0.0870446
0.0889194
0.0907045
0.0923953
0.0939877
0.095478
0.0968624
0.0981371
0.0992993
0.100347
0.101281
0.102097
0.102798
0.103383
0.103853
0.104208
0.104451
0.104585
0.104611
0.104536
0.104364
0.104102
0.103759
0.103342
0.102862
0.10233
0.101757
0.101156
0.100541
0.0999255
0.0993227
0.0987478
0.0982149
0.0977055
0.0971982
0.00476103
0.00411309
0.0035161
0.00293642
0.00233906
0.00173382
0.00113319
0.000546936
-1.4691e-05
-0.000541449
-0.00102353
-0.00145139
-0.00181585
-0.00210837
-0.00232125
-0.00244777
-0.00248218
-0.00241979
-0.00225693
-0.00199067
-0.0016189
-0.00113997
-0.000552563
0.000144093
0.000950222
0.00186559
0.00288911
0.00401897
0.00525319
0.00658958
0.00802569
0.00955889
0.0111863
0.012905
0.0147116
0.0166015
0.0185697
0.0206118
0.0227235
0.0249006
0.0271381
0.0294308
0.0317732
0.0341601
0.0365863
0.0390461
0.0415339
0.0440444
0.0465719
0.0491103
0.0516535
0.0541953
0.0567301
0.0592525
0.0617563
0.0642353
0.066684
0.0690966
0.0714677
0.0737921
0.0760639
0.0782774
0.0804273
0.0825091
0.0845177
0.0864477
0.0882944
0.0900532
0.0917196
0.0932896
0.0947596
0.0961261
0.0973854
0.0985352
0.0995741
0.100501
0.101314
0.102014
0.1026
0.103074
0.103437
0.10369
0.103837
0.103879
0.103822
0.103669
0.103428
0.103105
0.102707
0.102244
0.101725
0.10116
0.100562
0.09994
0.0993058
0.09867
0.0980455
0.0974438
0.0968306
0.0961713
0.00585569
0.00504862
0.00433858
0.0036787
0.00301937
0.00236838
0.00173571
0.00112872
0.00055546
2.42253e-05
-0.000456632
-0.000878729
-0.00123431
-0.00151613
-0.00171727
-0.00183167
-0.00185434
-0.00178116
-0.00160908
-0.00133555
-0.000958593
-0.000476636
0.000111499
0.00080666
0.00160915
0.00251841
0.00353321
0.00465183
0.0058725
0.00719326
0.00861157
0.0101251
0.0117315
0.0134276
0.0152096
0.017073
0.0190131
0.021026
0.023108
0.0252543
0.0274597
0.0297191
0.0320276
0.0343802
0.0367713
0.0391953
0.041647
0.0441214
0.0466126
0.0491143
0.0516209
0.0541265
0.0566256
0.0591125
0.0615809
0.064025
0.0664391
0.0688179
0.0711558
0.0734475
0.0756876
0.0778704
0.079991
0.0820449
0.084027
0.0859319
0.0877547
0.0894911
0.0911367
0.0926877
0.0941404
0.0954917
0.0967382
0.0978779
0.0989094
0.099831
0.100641
0.10134
0.101927
0.102404
0.102772
0.103033
0.103189
0.103243
0.103199
0.10306
0.102832
0.102521
0.102133
0.101678
0.101163
0.100597
0.09999
0.0993506
0.0986877
0.0980095
0.097327
0.09665
0.0959297
0.0951196
0.00693973
0.00597968
0.00515714
0.00441435
0.00368781
0.00298359
0.00231095
0.00167507
0.00108175
0.000537734
5.01602e-05
-0.000373848
-0.000727564
-0.00100468
-0.00119938
-0.00130654
-0.00132183
-0.00124181
-0.00106374
-0.000785463
-0.00040515
7.86671e-05
0.000667015
0.0013607
0.0021599
0.00306368
0.00407083
0.00518004
0.00638938
0.00769678
0.00910018
0.0105974
0.0121861
0.0138632
0.0156243
0.0174649
0.0193814
0.0213701
0.0234267
0.0255466
0.0277248
0.0299564
0.0322364
0.0345597
0.036921
0.0393149
0.0417364
0.0441803
0.0466407
0.0491116
0.0515874
0.0540625
0.0565316
0.0589887
0.0614275
0.0638422
0.0662275
0.068578
0.070888
0.0731525
0.0753662
0.0775236
0.07962
0.0816509
0.0836111
0.085495
0.087298
0.0890159
0.0906444
0.0921796
0.0936182
0.0949571
0.0961935
0.0973252
0.0983506
0.099268
0.100075
0.100773
0.10136
0.101839
0.102211
0.102478
0.102641
0.102703
0.102667
0.102536
0.102314
0.102008
0.101624
0.101169
0.10065
0.100074
0.0994496
0.0987842
0.0980847
0.0973569
0.0966108
0.0958548
0.0950267
0.0940698
0.00799168
0.00688514
0.00595259
0.00512591
0.00432852
0.00356634
0.00284776
0.00217621
0.00155606
0.000992798
0.00049209
5.98618e-05
-0.000297927
-0.000575763
-0.000768864
-0.000873088
-0.000884821
-0.000801303
-0.000620082
-0.000339236
4.27819e-05
0.000527374
0.0011156
0.00180787
0.002604
0.00350308
0.00450387
0.00560522
0.00680524
0.0081017
0.00949296
0.0109773
0.0125518
0.0142128
0.0159564
0.0177787
0.019676
0.0216446
0.0236804
0.0257786
0.0279344
0.0301431
0.0323997
0.0346991
0.037036
0.0394053
0.041802
0.044221
0.0466562
0.0491018
0.0515525
0.0540029
0.0564475
0.0588802
0.061295
0.0636859
0.066048
0.0683757
0.0706635
0.0729061
0.0750986
0.0772359
0.0793131
0.0813257
0.0832681
0.0851353
0.0869227
0.0886261
0.0902412
0.0917641
0.0931918
0.0945213
0.0957498
0.0968753
0.0978961
0.0988101
0.0996155
0.100312
0.100899
0.10138
0.101755
0.102025
0.102193
0.102259
0.102226
0.102097
0.101877
0.101571
0.101185
0.100723
0.100193
0.0995994
0.0989504
0.0982524
0.0975101
0.0967276
0.0959141
0.0950771
0.0941428
0.0930445
0.00899334
0.00774768
0.00670803
0.00579701
0.00492739
0.00410428
0.00333543
0.00262322
0.00197101
0.00138309
0.000864004
0.000418617
5.19465e-05
-0.00023134
-0.000427236
-0.000532429
-0.000544156
-0.000459989
-0.000278004
3.54955e-06
0.000386045
0.000870654
0.0014584
0.00214926
0.00294259
0.00383785
0.00483381
0.00592876
0.00712114
0.00840933
0.00979162
0.011266
0.0128293
0.0144777
0.0162074
0.0180153
0.0198978
0.0218509
0.0238701
0.0259511
0.0280892
0.0302799
0.032518
0.0347985
0.0371163
0.0394664
0.0418439
0.0442432
0.0466586
0.0490844
0.0515157
0.053947
0.0563724
0.0587862
0.0611823
0.0635551
0.0658995
0.06821
0.0704808
0.0727071
0.0748839
0.0770062
0.079069
0.0810677
0.0829969
0.0848515
0.0866273
0.0883203
0.089926
0.0914404
0.0928604
0.0941832
0.0954063
0.0965274
0.0975448
0.0984564
0.0992603
0.0999559
0.100544
0.101027
0.101403
0.101675
0.101843
0.101909
0.101876
0.101746
0.101524
0.101213
0.100818
0.100345
0.0997967
0.0991803
0.0985015
0.0977656
0.0969758
0.096135
0.095252
0.0943339
0.0932958
0.0920625
0.00992983
0.00855207
0.0074086
0.00641436
0.00547184
0.00458578
0.00376397
0.00300781
0.00231951
0.00170255
0.00116085
0.000698257
0.000318718
2.6043e-05
-0.000176465
-0.000286142
-0.000300933
-0.000218727
-3.79781e-05
0.000242745
0.000624829
0.00110907
0.00169591
0.00238534
0.00317665
0.00406893
0.0050611
0.00615149
0.00733843
0.00862077
0.00999698
0.0114643
0.0130193
0.0146584
0.0163784
0.0181761
0.0200478
0.0219893
0.0239964
0.0260648
0.02819
0.0303672
0.0325916
0.0348581
0.0371621
0.0394984
0.0418618
0.0442468
0.0466477
0.0490594
0.0514767
0.0538941
0.0563056
0.0587058
0.0610887
0.0634489
0.0657812
0.0680798
0.0703392
0.0725545
0.0747208
0.0768332
0.0788864
0.0808756
0.0827958
0.0846422
0.0864108
0.0880975
0.0896977
0.0912071
0.0926225
0.0939414
0.0951612
0.0962798
0.0972953
0.0982055
0.0990088
0.0997048
0.100294
0.100778
0.101155
0.101426
0.101592
0.101655
0.101618
0.101484
0.101255
0.100936
0.100528
0.100037
0.0994672
0.0988232
0.0981103
0.0973324
0.0964919
0.0955906
0.0946371
0.0936385
0.0925001
0.0911383
0.0107883
0.00928512
0.00804201
0.00696622
0.00595077
0.00500088
0.00412441
0.00332193
0.00259468
0.00194548
0.00137768
0.000894371
0.000498551
0.000193148
-1.9235e-05
-0.000136427
-0.000156763
-7.87764e-05
9.908e-05
0.000377893
0.000758713
0.0012422
0.00182815
0.00251625
0.00330615
0.00419667
0.00518621
0.00627355
0.00745761
0.00873702
0.0101096
0.0115725
0.0131223
0.0147558
0.0164701
0.0182617
0.0201265
0.0220606
0.0240599
0.0261202
0.028237
0.0304054
0.0326208
0.0348786
0.0371739
0.0395014
0.0418557
0.0442316
0.0466236
0.0490265
0.0514351
0.0538438
0.0562468
0.0586388
0.061014
0.063367
0.0656924
0.0679844
0.0702376
0.0724472
0.0746084
0.0767157
0.0787639
0.0807482
0.0826638
0.0845064
0.0862721
0.0879566
0.0895548
0.0910625
0.0924764
0.0937941
0.0950131
0.0961311
0.0971462
0.0980565
0.0988603
0.0995574
0.100148
0.100632
0.101008
0.101276
0.101438
0.101497
0.101455
0.101313
0.101074
0.100741
0.100317
0.0998047
0.0992088
0.0985336
0.0977831
0.0969602
0.0960666
0.0951035
0.0940795
0.093002
0.0917666
0.0902827
0.0115584
0.00993643
0.0085976
0.00744204
0.00635472
0.00534093
0.00440864
0.0035581
0.00278997
0.00210622
0.00150952
0.00100247
0.000587362
0.000266326
4.12976e-05
-8.59381e-05
-0.000113915
-4.18238e-05
0.000131735
0.000407914
0.000786986
0.00126906
0.00185413
0.00254171
0.00333088
0.00422035
0.0052088
0.00629531
0.00747891
0.00875781
0.0101293
0.0115905
0.0131384
0.0147702
0.0164826
0.0182718
0.0201339
0.0220648
0.0240608
0.0261175
0.0282303
0.0303947
0.0326061
0.0348601
0.0371517
0.0394754
0.0418258
0.0441978
0.0465863
0.0489857
0.051391
0.0537962
0.056196
0.0585852
0.0609582
0.0633093
0.0656329
0.0679234
0.0701756
0.0723848
0.0745458
0.0766528
0.0787005
0.0806844
0.0826001
0.0844435
0.0862105
0.0878964
0.089496
0.0910052
0.0924208
0.0937403
0.094961
0.0960806
0.0970973
0.0980092
0.0988149
0.0995135
0.100105
0.100588
0.100962
0.101227
0.101384
0.101437
0.101387
0.101235
0.100983
0.100633
0.100188
0.0996519
0.0990272
0.0983179
0.0975269
0.0966567
0.0957084
0.0946827
0.0935888
0.0924338
0.0911049
0.0895047
0.0122326
0.0104975
0.00906636
0.00783333
0.00667534
0.00559796
0.0046094
0.00370966
0.0028991
0.00217896
0.00155122
0.00101794
0.000580861
0.000241689
1.86009e-06
-0.000137468
-0.000175086
-0.00010998
5.85126e-05
0.000331075
0.000707864
0.00118857
0.00177296
0.00246042
0.00324962
0.00413924
0.00512843
0.00621645
0.00740189
0.00868243
0.0100553
0.0115179
0.0130675
0.0147012
0.0164153
0.0182061
0.0200695
0.0220017
0.0239988
0.0260564
0.0281698
0.030335
0.0325475
0.0348027
0.0370954
0.0394202
0.0417719
0.0441455
0.0465357
0.0489371
0.0513441
0.0537512
0.0561534
0.0585453
0.0609214
0.0632756
0.0656025
0.0678966
0.070153
0.0723668
0.0745324
0.0766439
0.078696
0.0806844
0.082605
0.0844535
0.0862256
0.0879165
0.0895211
0.0910352
0.0924558
0.0937802
0.0950054
0.0961291
0.0971495
0.0980648
0.0988734
0.0995739
0.100166
0.100648
0.101019
0.10128
0.101433
0.101478
0.101418
0.101253
0.100985
0.100616
0.100148
0.0995851
0.0989292
0.0981831
0.0973493
0.09643
0.0954258
0.0943373
0.0931741
0.0919433
0.0905242
0.0888128
0.0128046
0.0109613
0.00944133
0.00813279
0.00690523
0.00576486
0.00472003
0.00377038
0.00291608
0.00215799
0.00149736
0.000935824
0.000474765
0.000115347
-0.000141249
-0.000294097
-0.000342547
-0.00028562
-0.00012293
0.00014548
0.00051955
0.000998989
0.00158314
0.00227088
0.00306094
0.00395237
0.00494448
0.00603617
0.00722547
0.00850986
0.00988687
0.0113542
0.012909
0.014548
0.0162675
0.0180636
0.0199325
0.0218704
0.023873
0.0259359
0.0280548
0.0302257
0.0324442
0.0347056
0.0370044
0.0393353
0.0416935
0.0440741
0.0464714
0.0488799
0.051294
0.0537087
0.0561188
0.058519
0.0609032
0.0632656
0.0656008
0.0679038
0.0701695
0.0723928
0.0745679
0.0766888
0.0787503
0.0807483
0.0826784
0.0845364
0.0863175
0.0880171
0.0896301
0.0911528
0.0925818
0.0939143
0.0951471
0.0962775
0.0973038
0.0982241
0.0990365
0.0997395
0.100332
0.100814
0.101183
0.10144
0.101586
0.101623
0.101552
0.101372
0.101085
0.100694
0.100202
0.0996103
0.0989209
0.0981358
0.0972574
0.0962876
0.0952269
0.0940757
0.0928438
0.0915385
0.0900322
0.0882145
0.013269
0.0113221
0.00971637
0.00833414
0.0070381
0.00583518
0.0047342
0.00373419
0.00283501
0.00203759
0.00134263
0.000751149
0.000264435
-0.000116692
-0.000391491
-0.000559156
-0.000619118
-0.000571151
-0.000415161
-0.000151302
0.000220093
0.000698415
0.00128258
0.00197129
0.00276359
0.00365879
0.0046559
0.00575318
0.00694834
0.00823906
0.00962326
0.0110985
0.0126618
0.0143095
0.0160379
0.0178434
0.0197221
0.0216698
0.0236822
0.0257551
0.0278845
0.0300661
0.0322955
0.0345677
0.0368775
0.0392199
0.04159
0.0439827
0.0463924
0.0488133
0.0512402
0.0536681
0.0560917
0.0585054
0.0609031
0.0632788
0.0656277
0.0679447
0.0702248
0.0724624
0.0746519
0.0767872
0.0788634
0.0808758
0.0828201
0.0846916
0.0864857
0.0881977
0.0898231
0.0913579
0.0927989
0.0941428
0.0953859
0.0965257
0.09756
0.0984868
0.0993042
0.100011
0.100605
0.101086
0.101454
0.101707
0.101847
0.101874
0.101789
0.101592
0.101286
0.100873
0.100354
0.0997318
0.0990068
0.0981811
0.0972568
0.0962356
0.0951179
0.0939041
0.092604
0.0912258
0.0896346
0.0877146
0.0136218
0.011575
0.00988593
0.00843181
0.0070684
0.00580319
0.00464582
0.00359508
0.00265026
0.00181216
0.0010816
0.000459129
-5.45416e-05
-0.000458633
-0.000752487
-0.000935709
-0.00100804
-0.000969701
-0.000820849
-0.000561701
-0.000192896
0.000284457
0.000869063
0.00155994
0.00235637
0.00325736
0.00426124
0.00536591
0.00656925
0.00786925
0.00926377
0.0107501
0.0123249
0.0139847
0.0157259
0.0175448
0.0194372
0.0213989
0.0234256
0.0255133
0.027658
0.0298552
0.0321003
0.0343882
0.0367141
0.0390732
0.0414604
0.0438706
0.0462978
0.0487367
0.0511821
0.0536288
0.0560714
0.058504
0.0609203
0.0633148
0.0656826
0.0680188
0.0703182
0.0725752
0.074784
0.0769388
0.0790344
0.0810661
0.0830289
0.0849181
0.0867292
0.0884578
0.0900995
0.0916502
0.0931066
0.0944647
0.0957211
0.0968725
0.097917
0.0988521
0.0996761
0.100387
0.100985
0.101467
0.101834
0.102083
0.102215
0.102232
0.102132
0.101919
0.101592
0.101155
0.100608
0.0999535
0.0991914
0.0983237
0.0973525
0.0962792
0.0951042
0.0938276
0.0924598
0.0910097
0.0893356
0.0873167
0.0138597
0.0117156
0.0099452
0.00842051
0.00699059
0.00566341
0.00444932
0.00334722
0.0023562
0.00147664
0.000709343
5.48597e-05
-0.000486517
-0.000914259
-0.00122789
-0.00142726
-0.00151268
-0.00148448
-0.00134286
-0.00108838
-0.000722153
-0.000245487
0.000340607
0.00103541
0.00183789
0.00274637
0.00375873
0.00487299
0.00608731
0.00739962
0.00880745
0.0103078
0.0118975
0.013573
0.0153308
0.0171669
0.019077
0.0210569
0.0231026
0.02521
0.0273747
0.0295923
0.0318578
0.0341665
0.0365139
0.0388949
0.0413045
0.0437373
0.0461875
0.0486499
0.0511194
0.0535905
0.0560574
0.0585141
0.0609546
0.0633732
0.0657653
0.0681259
0.0704495
0.0727307
0.0749638
0.0771429
0.0792629
0.0813184
0.0833041
0.0852154
0.0870478
0.0887972
0.0904592
0.0920296
0.0935045
0.09488
0.0961521
0.0973177
0.0983746
0.0993204
0.100153
0.100871
0.101473
0.101958
0.102323
0.102568
0.102693
0.102699
0.102586
0.102354
0.102007
0.101545
0.100969
0.10028
0.0994797
0.098569
0.09755
0.0964239
0.0951911
0.0938515
0.0924165
0.0908951
0.0891394
0.0870239
0.0139796
0.0117405
0.00988991
0.00829527
0.00679941
0.00541041
0.00413936
0.00298539
0.00194753
0.00102602
0.000221338
-0.000465995
-0.00103566
-0.00148745
-0.0018214
-0.00203762
-0.00213655
-0.00211858
-0.00198423
-0.00173447
-0.00137059
-0.000893669
-0.000304451
0.000396085
0.00120622
0.00212378
0.00314671
0.00427324
0.00550149
0.00682906
0.00825316
0.00977078
0.0113788
0.0130738
0.0148519
0.0167091
0.0186409
0.0206435
0.0227128
0.0248446
0.0270342
0.0292769
0.0315678
0.0339027
0.0362767
0.038685
0.0411221
0.0435827
0.0460614
0.0485529
0.051052
0.0535527
0.0560493
0.0585356
0.0610058
0.0634543
0.0658761
0.0682662
0.070619
0.0729294
0.0751916
0.0774
0.0795489
0.0816327
0.0836459
0.0855838
0.0874422
0.0892168
0.0909032
0.0924969
0.0939936
0.0953893
0.0966799
0.0978625
0.0989346
0.0998936
0.100737
0.101464
0.102072
0.102559
0.102925
0.103166
0.103284
0.10328
0.103153
0.102904
0.102535
0.102046
0.10144
0.100717
0.099877
0.0989224
0.0978546
0.096675
0.0953838
0.0939811
0.0924786
0.0908861
0.0890499
0.0868395
0.0139786
0.0116464
0.0097163
0.00805175
0.00649004
0.00503928
0.00371097
0.0025047
0.00141954
0.000455554
-0.000386927
-0.0011075
-0.00170592
-0.00218238
-0.00253716
-0.00277062
-0.00288315
-0.00287543
-0.00274842
-0.00250322
-0.00214084
-0.00166211
-0.00106804
-0.000360279
0.000458961
0.00138752
0.00242356
0.00356524
0.00481031
0.00615602
0.00759951
0.00913788
0.010768
0.0124861
0.0142883
0.0161704
0.0181283
0.0201581
0.0222558
0.0244166
0.0266357
0.0289083
0.03123
0.0335963
0.0360024
0.038443
0.0409129
0.0434069
0.0459196
0.0484457
0.0509797
0.0535154
0.056047
0.0585686
0.0610742
0.0635583
0.0660154
0.0684402
0.0708274
0.0731721
0.0754685
0.0777109
0.0798934
0.0820101
0.0840555
0.0860249
0.0879141
0.0897184
0.0914332
0.0930536
0.0945754
0.0959943
0.0973066
0.0985091
0.0995992
0.100574
0.101431
0.102168
0.102783
0.103274
0.10364
0.10388
0.103992
0.103978
0.103837
0.103571
0.103179
0.102664
0.102026
0.101267
0.100388
0.099388
0.0982705
0.0970364
0.0956861
0.0942199
0.0926496
0.090986
0.0890699
0.0867657
0.0138538
0.0114293
0.00942061
0.00768602
0.00605795
0.00454532
0.00315967
0.00190071
0.000767692
-0.000239226
-0.00111983
-0.00187398
-0.00250172
-0.00300343
-0.00337944
-0.00363021
-0.00375638
-0.00375901
-0.00363917
-0.00339768
-0.00303533
-0.00255316
-0.00195284
-0.00123654
-0.000406454
0.000535484
0.00158737
0.00274696
0.00401162
0.00537851
0.00684485
0.00840767
0.0100635
0.0118085
0.0136385
0.0155496
0.0175381
0.0195998
0.0217303
0.0239247
0.026178
0.0284858
0.0308435
0.0332466
0.03569
0.0381683
0.0406765
0.0432094
0.0457617
0.0483278
0.0509019
0.0534779
0.0560501
0.0586128
0.0611598
0.0636851
0.066183
0.0686481
0.0710752
0.0734594
0.0757951
0.0780765
0.0802973
0.0824517
0.0845342
0.08654
0.0884647
0.0903032
0.0920502
0.0937009
0.0952511
0.0966967
0.098034
0.0992597
0.100371
0.101363
0.102235
0.102984
0.103608
0.104105
0.104473
0.104712
0.10482
0.104797
0.104642
0.104358
0.103943
0.103401
0.102732
0.101937
0.101015
0.0999695
0.0988012
0.0975118
0.0961017
0.094571
0.0929324
0.0911977
0.0892017
0.0868043
0.0136025
0.0110859
0.00899869
0.00719409
0.00549917
0.0039242
0.00248099
0.00116897
-1.23765e-05
-0.00106272
-0.00198194
-0.00277024
-0.00342792
-0.00395524
-0.00435264
-0.00462077
-0.00476068
-0.00477349
-0.00465998
-0.00442076
-0.00405686
-0.00356997
-0.00296222
-0.00223577
-0.0013926
-0.000434707
0.000635614
0.00181574
0.0031029
0.00449432
0.00598713
0.00757801
0.00926316
0.0110386
0.0129005
0.0148452
0.0168688
0.0189668
0.0211345
0.023367
0.0256596
0.0280077
0.0304068
0.032852
0.0353379
0.0378594
0.0404115
0.0429891
0.0455865
0.0481978
0.0508173
0.0534392
0.0560578
0.0586674
0.0612616
0.0638338
0.0663782
0.0688892
0.0713618
0.0737911
0.0761715
0.0784968
0.0807609
0.082958
0.0850826
0.0871298
0.0890945
0.0909714
0.0927546
0.0944394
0.0960218
0.0974979
0.0988639
0.100116
0.10125
0.102264
0.103152
0.103915
0.10455
0.105054
0.105427
0.105666
0.10577
0.105738
0.105571
0.105268
0.104831
0.104262
0.103561
0.102728
0.101765
0.100671
0.0994514
0.0981058
0.0966349
0.0950387
0.0933312
0.0915247
0.0894484
0.0869576
0.0132229
0.010613
0.00844676
0.0065721
0.00480997
0.00317186
0.0016704
0.000304891
-0.000925208
-0.00201963
-0.00297831
-0.00380149
-0.00448951
-0.00504264
-0.00546157
-0.00574721
-0.0059007
-0.00592285
-0.00581424
-0.00557578
-0.00520912
-0.0047164
-0.00409973
-0.00336103
-0.00250234
-0.00152605
-0.000434849
0.000768555
0.00208144
0.0035009
0.00502369
0.00664608
0.00836416
0.0101741
0.0120723
0.014055
0.016118
0.0182566
0.020466
0.0227416
0.0250785
0.0274723
0.0299179
0.0324103
0.0349442
0.0375146
0.0401164
0.0427443
0.0453921
0.0480541
0.0507244
0.0533978
0.0560687
0.058731
0.0613779
0.0640027
0.0665992
0.0691621
0.0716861
0.0741662
0.0765966
0.0789712
0.0812839
0.0835289
0.0857006
0.087794
0.0898034
0.0917229
0.0935466
0.0952699
0.0968889
0.0983996
0.0997979
0.10108
0.10224
0.103276
0.104185
0.104963
0.105611
0.106126
0.106505
0.106745
0.106847
0.106807
0.106628
0.106308
0.105849
0.105253
0.104519
0.103648
0.102641
0.1015
0.100227
0.098824
0.0972909
0.0956282
0.0938507
0.0919714
0.089814
0.0872284
0.0127132
0.0100081
0.00776159
0.00581623
0.00398629
0.00228412
0.000723454
-0.000696316
-0.00197598
-0.00311539
-0.00411439
-0.00497305
-0.00569169
-0.00627095
-0.00671163
-0.00701465
-0.00718088
-0.00721099
-0.00710589
-0.00686706
-0.00649657
-0.00599657
-0.00536895
-0.00461565
-0.00373912
-0.00274212
-0.00162742
-0.00039765
0.000944343
0.00239524
0.00395135
0.00560879
0.00736376
0.0092126
0.0111516
0.0131766
0.0152833
0.0174668
0.0197228
0.0220464
0.0244329
0.0268773
0.0293745
0.0319194
0.034507
0.0371321
0.0397894
0.0424729
0.0451767
0.0478947
0.0506217
0.0533524
0.0560812
0.0588018
0.061507
0.0641899
0.0668445
0.0694652
0.0720468
0.0745837
0.0770698
0.0794992
0.081866
0.0841643
0.0863884
0.0885328
0.0905914
0.0925581
0.0944271
0.0961937
0.0978539
0.0994035
0.100838
0.102152
0.103342
0.104404
0.105335
0.106133
0.106797
0.107324
0.107711
0.107954
0.108053
0.108008
0.107816
0.107481
0.107
0.106377
0.10561
0.1047
0.103649
0.102459
0.101132
0.0996709
0.0980743
0.0963437
0.0944948
0.0925413
0.0903012
0.0876188
0.0120714
0.00926875
0.00693996
0.00492242
0.00302362
0.00125643
-0.00036463
-0.00183998
-0.00317044
-0.00435581
-0.0053958
-0.00629044
-0.00704019
-0.00764592
-0.00810827
-0.00842792
-0.00860562
-0.00864244
-0.00853983
-0.00829964
-0.00792392
-0.00741463
-0.00677374
-0.00600359
-0.00510697
-0.00408671
-0.00294551
-0.0016861
-0.000311715
0.00117389
0.00276678
0.00446316
0.00625933
0.00815151
0.0101356
0.0122074
0.0143622
0.0165955
0.018903
0.0212798
0.0237209
0.0262209
0.0287749
0.0313779
0.0340249
0.0367104
0.0394287
0.0421735
0.0449387
0.0477187
0.0505083
0.0533021
0.0560944
0.0588787
0.0616477
0.0643946
0.0671132
0.069798
0.0724433
0.075043
0.0775909
0.080081
0.0825075
0.0848647
0.0871465
0.0893469
0.0914597
0.0934786
0.0953978
0.0972128
0.098919
0.100512
0.101986
0.103337
0.10456
0.105651
0.106608
0.107429
0.108112
0.108653
0.109048
0.109296
0.109395
0.109344
0.109143
0.108791
0.10829
0.107638
0.106837
0.105888
0.104793
0.103553
0.102172
0.10065
0.0989884
0.0971884
0.0952662
0.0932368
0.0909117
0.0881302
0.0112942
0.00839163
0.0059783
0.00388654
0.00191724
8.35753e-05
-0.0015994
-0.00313192
-0.00451445
-0.00574665
-0.00682834
-0.00775962
-0.00854102
-0.00917317
-0.00965658
-0.00999181
-0.01018
-0.0102226
-0.0101216
-0.00987869
-0.00949578
-0.00897495
-0.00831856
-0.00752933
-0.0066101
-0.00556364
-0.00439271
-0.00310044
-0.00169048
-0.000166792
0.00146672
0.0032063
0.00504812
0.00698805
0.00902168
0.0111446
0.0133524
0.0156407
0.0180049
0.02044
0.0229406
0.0255015
0.0281178
0.0307845
0.0334966
0.0362482
0.0390331
0.0418448
0.0446775
0.0475257
0.0503839
0.0532467
0.056108
0.0589615
0.0618001
0.0646169
0.0674058
0.0701607
0.0728757
0.0755444
0.0781602
0.0807172
0.0832096
0.0856313
0.0879761
0.0902378
0.0924099
0.0944863
0.0964612
0.0983295
0.100086
0.101727
0.103245
0.104636
0.105895
0.10702
0.108008
0.108855
0.109559
0.110115
0.110521
0.110775
0.110875
0.110821
0.110611
0.110244
0.10972
0.109041
0.108206
0.107218
0.106077
0.104787
0.103349
0.101765
0.100037
0.0981658
0.0961683
0.0940606
0.0916478
0.0887643
0.0103781
0.00737281
0.00487257
0.00270423
0.000662067
-0.00124018
-0.00298685
-0.00457797
-0.00601378
-0.00729383
-0.00841807
-0.00938666
-0.0101998
-0.0108579
-0.0113616
-0.0117116
-0.0119096
-0.0119574
-0.0118567
-0.0116092
-0.0112169
-0.0106824
-0.0100083
-0.00919749
-0.00825273
-0.00717686
-0.00597303
-0.00464476
-0.0031959
-0.00163038
4.79399e-05
0.00183512
0.00372697
0.005719
0.00780668
0.00998568
0.0122517
0.0146003
0.0170264
0.0195248
0.0220901
0.0247173
0.0274016
0.0301379
0.0329208
0.0357441
0.0386013
0.0414861
0.0443926
0.0473152
0.0502482
0.0531858
0.056122
0.0590505
0.0619646
0.0648575
0.0677227
0.070554
0.0733447
0.0760885
0.0787786
0.0814088
0.083973
0.086465
0.0888785
0.091207
0.0934442
0.0955837
0.0976195
0.0995462
0.101358
0.10305
0.104617
0.106053
0.107354
0.108517
0.109539
0.110415
0.111142
0.111717
0.112136
0.112398
0.112501
0.112445
0.112226
0.111844
0.111298
0.110591
0.109723
0.108694
0.107508
0.106165
0.10467
0.103023
0.101226
0.0992803
0.0972051
0.0950165
0.0925129
0.0895234
0.00931939
0.00620803
0.00361802
0.00137038
-0.000747385
-0.00272061
-0.00453279
-0.00618394
-0.00767434
-0.00900346
-0.0101711
-0.0111772
-0.0120219
-0.0127055
-0.0132289
-0.0135934
-0.0138008
-0.0138526
-0.0137504
-0.0134963
-0.0130926
-0.0125421
-0.0118479
-0.0110127
-0.0100392
-0.00893079
-0.00769093
-0.00632337
-0.0048319
-0.00322043
-0.00149299
0.000346097
0.00229225
0.00434087
0.00648747
0.00872777
0.0110573
0.0134714
0.0159646
0.0185316
0.0211672
0.0238666
0.0266247
0.0294363
0.0322955
0.0351961
0.0381318
0.041096
0.0440827
0.0470861
0.0501002
0.0531188
0.056136
0.0591458
0.0621416
0.0651168
0.0680645
0.070978
0.0738506
0.0766756
0.0794463
0.0821561
0.0847984
0.0873668
0.0898548
0.092256
0.0945641
0.0967724
0.0988745
0.100864
0.102737
0.104485
0.106105
0.107591
0.108939
0.110145
0.111204
0.112112
0.112866
0.113462
0.113897
0.11417
0.114278
0.11422
0.113993
0.113596
0.113029
0.112294
0.111392
0.110323
0.10909
0.107694
0.106139
0.104426
0.102558
0.100536
0.0983801
0.0961075
0.0935097
0.090409
0.00811471
0.00489276
0.00220934
-0.000120616
-0.00231668
-0.00436324
-0.00624296
-0.00795585
-0.00950232
-0.0108816
-0.0120932
-0.0131368
-0.0140128
-0.0147219
-0.015265
-0.0156436
-0.0158592
-0.0159134
-0.0158081
-0.0155453
-0.0151282
-0.0145596
-0.0138424
-0.0129795
-0.0119743
-0.0108302
-0.00955107
-0.00814052
-0.00660236
-0.00494067
-0.00315988
-0.0012647
0.00074015
0.00285011
0.00506076
0.00736765
0.00976603
0.0122507
0.0148164
0.0174577
0.0201695
0.0229468
0.0257845
0.028677
0.0316183
0.0346022
0.0376225
0.0406726
0.043746
0.0468366
0.0499379
0.0530439
0.0561488
0.0592466
0.0623307
0.0653943
0.0684305
0.0714324
0.0743931
0.0773058
0.0801634
0.0829591
0.0856859
0.088337
0.0909057
0.0933858
0.0957708
0.0980536
0.100227
0.102286
0.104224
0.106035
0.107713
0.109255
0.110654
0.111906
0.113006
0.11395
0.114734
0.115355
0.115809
0.116096
0.116211
0.116151
0.115916
0.115505
0.114918
0.114156
0.113219
0.112109
0.110827
0.109377
0.10776
0.10598
0.104037
0.101936
0.0996965
0.0973362
0.0946395
0.0914224
0.00676017
0.00342238
0.00064135
-0.00177419
-0.00405127
-0.00617371
-0.00812334
-0.00989996
-0.0115039
-0.0129342
-0.0141901
-0.0152715
-0.0161791
-0.0169138
-0.0174764
-0.0178683
-0.0180908
-0.0181458
-0.0180354
-0.0177623
-0.0173294
-0.01674
-0.0159968
-0.0151034
-0.0140632
-0.0128803
-0.0115581
-0.0101004
-0.00851131
-0.00679519
-0.0049569
-0.00300129
-0.000933077
0.00124324
0.00352313
0.00590182
0.0083742
0.0109349
0.0135787
0.0163001
0.019094
0.0219551
0.0248781
0.0278572
0.0308865
0.0339598
0.037071
0.0402132
0.0433797
0.0465638
0.0497589
0.0529592
0.0561587
0.0593514
0.0625305
0.0656889
0.0688198
0.0719163
0.0749716
0.0779785
0.0809296
0.0838176
0.0866352
0.0893755
0.0920316
0.094597
0.0970651
0.0994284
0.10168
0.103813
0.105822
0.1077
0.109444
0.111045
0.112501
0.113803
0.114949
0.115933
0.116752
0.117401
0.117878
0.11818
0.118303
0.118244
0.118003
0.117578
0.116971
0.116181
0.11521
0.114058
0.112727
0.11122
0.10954
0.107688
0.105669
0.103486
0.101158
0.0987063
0.0959054
0.0925661
0.00525155
0.00179236
-0.00109075
-0.00359552
-0.00595684
-0.00815807
-0.0101802
-0.0120226
-0.0136853
-0.0151674
-0.0164685
-0.0175885
-0.0185282
-0.0192884
-0.0198699
-0.0202738
-0.0205018
-0.020556
-0.020439
-0.0201534
-0.0197023
-0.019089
-0.018317
-0.0173899
-0.0163117
-0.015086
-0.0137167
-0.0122076
-0.0105632
-0.00878846
-0.00688831
-0.00486762
-0.00273105
-0.000483233
0.001871
0.00432662
0.00687828
0.00952063
0.0122483
0.015056
0.017938
0.0208887
0.0239027
0.0269742
0.0300975
0.0332666
0.0364749
0.0397154
0.0429811
0.0462652
0.049561
0.0528625
0.0561639
0.0594585
0.0627393
0.0659992
0.0692314
0.0724292
0.0755857
0.0786934
0.0817445
0.0847314
0.0876466
0.0904828
0.093233
0.0958905
0.0984481
0.100898
0.103233
0.105447
0.107534
0.109486
0.1113
0.112967
0.114483
0.115842
0.117038
0.118066
0.118924
0.119606
0.120108
0.120428
0.120561
0.120505
0.120259
0.119823
0.119196
0.118379
0.117372
0.116178
0.114796
0.113231
0.111484
0.10956
0.107461
0.105191
0.102772
0.100223
0.0973122
0.0938438
0.00358455
-1.94564e-06
-0.00299194
-0.00559012
-0.00803953
-0.0103227
-0.0124199
-0.0143301
-0.0160532
-0.0175888
-0.0189362
-0.0200958
-0.0210678
-0.0218531
-0.0224525
-0.0228672
-0.0230993
-0.0231512
-0.0230255
-0.0227251
-0.0222531
-0.0216132
-0.0208094
-0.0198454
-0.0187253
-0.0174527
-0.0160318
-0.014467
-0.012763
-0.0109252
-0.00895843
-0.00686759
-0.00465747
-0.00233301
0.000100692
0.00263847
0.00527499
0.00800485
0.0108226
0.0137224
0.0166984
0.0197447
0.0228557
0.0260259
0.0292496
0.0325206
0.0358321
0.039177
0.0425482
0.0459389
0.0493424
0.0527524
0.0561626
0.0595662
0.0629558
0.0663242
0.0696647
0.0729707
0.0762352
0.0794506
0.0826086
0.0857012
0.0887207
0.0916597
0.0945111
0.0972676
0.0999216
0.102465
0.104891
0.107192
0.109363
0.111396
0.113285
0.115024
0.116606
0.118025
0.119277
0.120356
0.121257
0.121975
0.122506
0.122846
0.122992
0.122941
0.122693
0.122246
0.121599
0.120755
0.119713
0.118475
0.117042
0.115416
0.113601
0.1116
0.109418
0.107058
0.104542
0.101891
0.0988646
0.0952595
0.0017546
-0.00196577
-0.00506793
-0.00776412
-0.0103058
-0.0126743
-0.0148493
-0.0168299
-0.0186159
-0.0202066
-0.0216019
-0.0228015
-0.0238057
-0.0246154
-0.0252317
-0.0256562
-0.0258911
-0.025939
-0.0258024
-0.0254845
-0.0249889
-0.0243196
-0.0234807
-0.0224762
-0.02131
-0.0199862
-0.0185093
-0.0168842
-0.0151161
-0.0132102
-0.0111717
-0.00900536
-0.00671642
-0.00431008
-0.00179158
0.000833946
0.00356124
0.00638472
0.00929852
0.0122965
0.0153726
0.0185207
0.0217352
0.0250105
0.028341
0.0317203
0.0351412
0.0385967
0.0420798
0.0455838
0.049102
0.0526276
0.0561537
0.0596733
0.0631788
0.066663
0.0701192
0.0735408
0.0769206
0.0802506
0.0835223
0.0867276
0.0898585
0.0929075
0.0958671
0.0987297
0.101487
0.104131
0.106655
0.109051
0.111312
0.113432
0.115403
0.117219
0.118873
0.12036
0.121672
0.122806
0.123754
0.124512
0.125075
0.12544
0.125602
0.12556
0.12531
0.124853
0.124188
0.123317
0.12224
0.120957
0.11947
0.117782
0.115896
0.113817
0.111548
0.109092
0.106474
0.103715
0.100567
0.0968168
-0.000243443
-0.00410509
-0.00732521
-0.0101241
-0.0127624
-0.0152202
-0.0174765
-0.0195305
-0.021382
-0.02303
-0.024474
-0.0257139
-0.0267501
-0.0275837
-0.0282161
-0.0286493
-0.0288855
-0.0289272
-0.0287774
-0.0284395
-0.0279174
-0.0272156
-0.0263381
-0.0252889
-0.0240722
-0.0226927
-0.0211554
-0.0194654
-0.0176281
-0.0156487
-0.0135328
-0.0112856
-0.00891245
-0.00641873
-0.00380969
-0.00109039
0.00173384
0.0046571
0.0076731
0.0107754
0.0139578
0.0172143
0.020539
0.0239262
0.0273701
0.030864
0.0344007
0.0379733
0.0415749
0.0451991
0.0488389
0.052487
0.056136
0.0597786
0.0634073
0.067015
0.0705945
0.0741392
0.0776415
0.0810932
0.0844859
0.0878111
0.0910607
0.094227
0.0973022
0.100278
0.103146
0.105899
0.108528
0.111025
0.113384
0.115597
0.117657
0.119557
0.12129
0.122849
0.124228
0.125421
0.126422
0.127224
0.127824
0.128217
0.128399
0.128367
0.128118
0.127653
0.126971
0.126073
0.12496
0.123631
0.122089
0.120337
0.118378
0.116217
0.113856
0.1113
0.108574
0.105702
0.102424
0.0985203
-0.00241535
-0.00642637
-0.00977078
-0.0126775
-0.0154172
-0.0179689
-0.0203105
-0.0224413
-0.0243607
-0.0260675
-0.027561
-0.0288415
-0.0299097
-0.030767
-0.0314149
-0.0318554
-0.0320909
-0.0321243
-0.0319587
-0.0315981
-0.0310467
-0.0303088
-0.0293885
-0.0282902
-0.0270187
-0.0255791
-0.0239765
-0.0222165
-0.0203045
-0.0182461
-0.0160472
-0.0137135
-0.0112504
-0.0086634
-0.0059576
-0.00313824
-0.000210859
0.00281834
0.00594271
0.00915567
0.012451
0.0158226
0.0192645
0.0227705
0.0263343
0.0299494
0.0336087
0.0373052
0.0410324
0.0447835
0.0485515
0.0523288
0.0561077
0.0598806
0.06364
0.0673786
0.0710893
0.0747646
0.078397
0.0819778
0.0854988
0.0889514
0.0923274
0.0956187
0.098817
0.101914
0.104901
0.107769
0.110511
0.113117
0.115582
0.117896
0.120052
0.122042
0.12386
0.125498
0.126949
0.128208
0.129266
0.130118
0.130759
0.131185
0.13139
0.13137
0.131125
0.130654
0.129956
0.129032
0.127883
0.126508
0.124909
0.123091
0.121056
0.118808
0.116351
0.11369
0.110851
0.107858
0.104442
0.100375
-0.00476744
-0.00893662
-0.0124124
-0.0154327
-0.0182792
-0.0209298
-0.0233609
-0.0255713
-0.0275608
-0.0293279
-0.0308721
-0.0321939
-0.0332943
-0.0341749
-0.0348372
-0.0352835
-0.0355163
-0.035539
-0.0353552
-0.0349688
-0.0343844
-0.0336062
-0.0326389
-0.0314873
-0.0301566
-0.0286521
-0.0269793
-0.0251437
-0.0231513
-0.0210082
-0.0187205
-0.0162944
-0.0137354
-0.0110486
-0.00823959
-0.00531376
-0.00227702
0.000864258
0.00410333
0.00743353
0.0108486
0.0143423
0.0179082
0.0215398
0.0252305
0.0289737
0.0327626
0.0365902
0.0404498
0.0443347
0.0482376
0.0521508
0.0560664
0.0599769
0.0638746
0.0677519
0.0716012
0.075415
0.079185
0.0829028
0.0865599
0.0901479
0.0936583
0.0970826
0.100412
0.103638
0.106752
0.109744
0.112606
0.11533
0.117908
0.120331
0.12259
0.124679
0.126589
0.128313
0.129842
0.131172
0.132293
0.133201
0.133888
0.13435
0.134581
0.134579
0.13434
0.133865
0.133153
0.132204
0.131018
0.129596
0.12794
0.126053
0.123938
0.1216
0.119042
0.11627
0.11331
0.110189
0.106627
0.102385
-0.00730697
-0.0116438
-0.015259
-0.0183994
-0.0213582
-0.0241124
-0.0266368
-0.0289299
-0.0309916
-0.0328208
-0.0344171
-0.0357811
-0.0369139
-0.0378172
-0.0384927
-0.0389429
-0.039171
-0.0391805
-0.0389754
-0.0385597
-0.0379381
-0.0371155
-0.0360969
-0.0348875
-0.0334929
-0.0319185
-0.0301698
-0.0282531
-0.0261746
-0.0239409
-0.0215586
-0.0190338
-0.0163722
-0.0135791
-0.0106603
-0.00762156
-0.00446917
-0.00120951
0.00215078
0.00560502
0.00914666
0.0127692
0.016466
0.0202301
0.0240548
0.0279334
0.0318591
0.035825
0.0398242
0.0438497
0.0478942
0.0519501
0.0560097
0.0600652
0.0641086
0.0681321
0.0721277
0.0760876
0.0800033
0.0838663
0.0876679
0.0913995
0.0950526
0.0986182
0.102087
0.105451
0.108699
0.111824
0.114816
0.117666
0.120365
0.122905
0.125276
0.127471
0.12948
0.131297
0.132912
0.134319
0.135511
0.136479
0.137218
0.137721
0.137983
0.138001
0.137772
0.137296
0.136571
0.135597
0.134375
0.132905
0.13119
0.129231
0.127033
0.1246
0.121936
0.119046
0.11596
0.112703
0.108985
0.104558
-0.0100425
-0.014557
-0.0183198
-0.0215873
-0.0246639
-0.0275261
-0.0301475
-0.0325267
-0.0346634
-0.0365569
-0.0382069
-0.0396138
-0.0407789
-0.041704
-0.0423914
-0.0428438
-0.0430648
-0.0430581
-0.0428281
-0.0423791
-0.0417161
-0.0408447
-0.0397703
-0.0384984
-0.0370347
-0.0353847
-0.0335545
-0.0315509
-0.0293805
-0.0270504
-0.0245671
-0.0219369
-0.0191659
-0.0162598
-0.0132245
-0.0100665
-0.00679193
-0.00340724
8.10285e-05
0.0036661
0.00734113
0.0110993
0.0149337
0.0188373
0.0228032
0.0268246
0.0308946
0.0350061
0.039152
0.0433253
0.0475185
0.0517243
0.0559351
0.0601429
0.0643396
0.0685169
0.0726664
0.0767802
0.0808498
0.0848664
0.0888211
0.0927052
0.0965096
0.100225
0.103842
0.107352
0.110745
0.114011
0.117141
0.120126
0.122956
0.125622
0.128113
0.130422
0.132539
0.134456
0.136165
0.137657
0.138925
0.13996
0.140755
0.141304
0.141603
0.141646
0.141432
0.140957
0.140221
0.139224
0.137965
0.136447
0.134671
0.132638
0.130353
0.127821
0.125045
0.122031
0.11881
0.11541
0.111527
0.106902
-0.0129834
-0.017686
-0.0216047
-0.0250059
-0.0282062
-0.0311812
-0.033904
-0.0363729
-0.0385879
-0.0405479
-0.0422528
-0.0437031
-0.0449002
-0.0458463
-0.0465441
-0.0469967
-0.0472078
-0.0471816
-0.0469226
-0.046436
-0.0457273
-0.0448025
-0.0436674
-0.0423276
-0.0407889
-0.0390576
-0.0371402
-0.0350438
-0.0327755
-0.0303425
-0.0277514
-0.025009
-0.0221216
-0.0190957
-0.0159375
-0.0126533
-0.00924966
-0.00573294
-0.00210977
0.00161294
0.00542808
0.00932857
0.0133074
0.0173576
0.0214721
0.025644
0.0298658
0.0341302
0.0384301
0.0427585
0.047108
0.0514713
0.0558407
0.0602083
0.0645657
0.0689042
0.0732155
0.0774913
0.0817231
0.0859019
0.0900187
0.0940641
0.0980288
0.101903
0.105678
0.109343
0.112889
0.116305
0.119583
0.122713
0.125683
0.128483
0.131104
0.133536
0.13577
0.137796
0.139606
0.141192
0.142543
0.143651
0.144509
0.145111
0.145452
0.145526
0.145329
0.144859
0.144114
0.143095
0.141801
0.140234
0.138395
0.136285
0.13391
0.131274
0.12838
0.125235
0.121872
0.11832
0.114262
0.109426
-0.0161391
-0.0210407
-0.0251236
-0.0286654
-0.031996
-0.0350895
-0.0379184
-0.0404812
-0.0427774
-0.0448059
-0.0465668
-0.0480609
-0.0492898
-0.050256
-0.0509625
-0.0514126
-0.0516106
-0.0515611
-0.0512692
-0.0507406
-0.0499815
-0.0489982
-0.0477967
-0.046383
-0.0447635
-0.0429449
-0.0409343
-0.0387389
-0.0363661
-0.0338232
-0.0311173
-0.0282556
-0.025245
-0.0220923
-0.018804
-0.0153866
-0.0118465
-0.0081905
-0.00442537
-0.000558185
0.00340387
0.00745363
0.011584
0.015788
0.0200586
0.0243883
0.0287693
0.033194
0.0376555
0.0421466
0.0466603
0.0511889
0.0557246
0.0602595
0.064785
0.0692925
0.0737735
0.0782196
0.0826221
0.086972
0.0912596
0.0954754
0.0996095
0.103652
0.107593
0.111423
0.115132
0.11871
0.122145
0.125429
0.128548
0.131493
0.134253
0.136818
0.139178
0.141323
0.143243
0.144929
0.146371
0.14756
0.148489
0.149152
0.14954
0.149649
0.149474
0.149012
0.148262
0.147223
0.145895
0.144278
0.142374
0.140186
0.137716
0.134971
0.131953
0.128671
0.125158
0.121445
0.1172
0.11214
-0.019519
-0.0246316
-0.0288879
-0.0325779
-0.0360458
-0.0392642
-0.0422044
-0.0448647
-0.047245
-0.0493442
-0.0511622
-0.0527003
-0.0539605
-0.0549455
-0.0556585
-0.0561033
-0.0562847
-0.056208
-0.0558789
-0.0553037
-0.054489
-0.0534413
-0.0521673
-0.0506735
-0.0489669
-0.0470547
-0.0449443
-0.0426431
-0.0401586
-0.0374986
-0.0346708
-0.0316828
-0.0285418
-0.025255
-0.0218292
-0.018271
-0.0145869
-0.0107841
-0.00686977
-0.00285107
0.00126494
0.00547115
0.00976036
0.0141255
0.0185592
0.0230539
0.0276015
0.0321942
0.036825
0.0414868
0.0461725
0.0508744
0.0555843
0.0602941
0.0649954
0.0696798
0.0743387
0.0789637
0.0835456
0.0880752
0.0925426
0.0969378
0.101251
0.105471
0.109589
0.113594
0.117476
0.121225
0.124828
0.128276
0.131555
0.134655
0.137564
0.140272
0.142768
0.145042
0.147082
0.148877
0.150419
0.151698
0.152706
0.153435
0.153878
0.154028
0.15388
0.15343
0.152678
0.151621
0.150259
0.148593
0.146624
0.144353
0.141786
0.138926
0.135779
0.132352
0.12868
0.124798
0.120354
0.115054
-0.0231336
-0.0284705
-0.0329106
-0.0367572
-0.0403697
-0.0437195
-0.0467759
-0.0495378
-0.052005
-0.0541767
-0.0560529
-0.0576352
-0.0589258
-0.0599278
-0.0606448
-0.0610813
-0.0612426
-0.0611346
-0.0607638
-0.0601367
-0.0592604
-0.0581421
-0.0567891
-0.0552087
-0.0534084
-0.0513957
-0.0491782
-0.0467636
-0.04416
-0.0413755
-0.0384184
-0.0352968
-0.032018
-0.0285895
-0.0250183
-0.0213113
-0.0174755
-0.0135184
-0.00944748
-0.00526991
-0.000992577
0.00337747
0.00783292
0.0123663
0.0169703
0.0216371
0.0263585
0.0311268
0.0359346
0.0407751
0.0456409
0.0505239
0.0554159
0.0603086
0.0651938
0.0700632
0.0749086
0.079721
0.0844911
0.0892093
0.0938654
0.0984493
0.102951
0.107359
0.111664
0.115855
0.119921
0.123851
0.127632
0.131254
0.134704
0.13797
0.14104
0.143903
0.146546
0.148958
0.151128
0.153043
0.154694
0.156072
0.157168
0.157972
0.158477
0.158674
0.158558
0.158126
0.157375
0.156303
0.154909
0.153194
0.151158
0.148803
0.146134
0.143155
0.139872
0.136293
0.132454
0.128391
0.123736
0.118179
-0.0269953
-0.0325706
-0.0372061
-0.0412181
-0.0449827
-0.0484701
-0.0516482
-0.0545156
-0.0570726
-0.0593186
-0.0612539
-0.06288
-0.0641997
-0.0652166
-0.065935
-0.06636
-0.0664974
-0.0663537
-0.0659358
-0.0652509
-0.0643068
-0.0631113
-0.0616726
-0.0599986
-0.0580972
-0.0559762
-0.0536437
-0.0511079
-0.0483774
-0.0454609
-0.042367
-0.039104
-0.0356796
-0.0321013
-0.0283766
-0.024513
-0.0205178
-0.0163988
-0.0121635
-0.00781927
-0.00337297
0.00116842
0.00579739
0.0105063
0.0152875
0.0201333
0.0250358
0.0299871
0.0349799
0.0400069
0.0450604
0.0501324
0.0552145
0.0602984
0.0653761
0.0704392
0.0754796
0.0804882
0.0854554
0.0903711
0.0952253
0.100008
0.104708
0.109315
0.113817
0.118205
0.122465
0.126587
0.130558
0.134366
0.137999
0.141443
0.144685
0.147714
0.150515
0.153077
0.155387
0.157434
0.159206
0.160694
0.161886
0.162774
0.163347
0.163599
0.163523
0.163114
0.162369
0.161285
0.159861
0.158097
0.155993
0.153552
0.150777
0.147675
0.14425
0.140511
0.136495
0.132239
0.127358
0.121527
-0.0311182
-0.0369468
-0.0417893
-0.0459761
-0.0499007
-0.0535322
-0.0568374
-0.0598146
-0.0624643
-0.0647862
-0.0667807
-0.06845
-0.0697973
-0.070827
-0.0715439
-0.0719536
-0.0720627
-0.0718781
-0.0714072
-0.0706582
-0.0696395
-0.06836
-0.0668283
-0.0650531
-0.0630425
-0.0608049
-0.058349
-0.0556838
-0.0528185
-0.0497619
-0.0465232
-0.0431107
-0.0395324
-0.0357961
-0.0319099
-0.0278817
-0.0237193
-0.0194305
-0.0150228
-0.0105039
-0.00588075
-0.00116051
0.00364925
0.00854074
0.0135063
0.0185383
0.0236291
0.0287709
0.0339562
0.0391772
0.0444262
0.049695
0.0549753
0.060259
0.0655379
0.0708037
0.076048
0.0812616
0.0864348
0.0915575
0.0966195
0.10161
0.10652
0.111336
0.116047
0.120642
0.125109
0.129435
0.133607
0.137613
0.14144
0.145075
0.148502
0.151709
0.154681
0.157405
0.159868
0.162059
0.163964
0.165572
0.166871
0.167852
0.168504
0.168819
0.168789
0.168409
0.167674
0.166582
0.165131
0.163319
0.161148
0.158618
0.155734
0.152503
0.148929
0.14502
0.140817
0.136357
0.131237
0.125113
-0.0355178
-0.0416147
-0.0466763
-0.0510478
-0.0551408
-0.0589235
-0.0623612
-0.0654523
-0.0681973
-0.0705962
-0.0726501
-0.0743618
-0.0757351
-0.0767749
-0.0774867
-0.0778769
-0.0779524
-0.0777209
-0.0771908
-0.0763709
-0.0752706
-0.0738995
-0.0722669
-0.0703819
-0.0682533
-0.0658903
-0.0633024
-0.0604994
-0.0574907
-0.0542857
-0.0508934
-0.0473227
-0.043582
-0.0396795
-0.0356237
-0.0314229
-0.0270851
-0.0226183
-0.0180302
-0.0133284
-0.00852038
-0.00361363
0.00138426
0.00646564
0.011623
0.0168486
0.022135
0.0274745
0.0328594
0.0382819
0.043734
0.0492075
0.0546944
0.0601864
0.0656754
0.0711529
0.0766101
0.0820378
0.0874263
0.0927656
0.0980455
0.103256
0.108385
0.113421
0.118352
0.123166
0.127851
0.132392
0.136778
0.140996
0.145031
0.148869
0.152494
0.155892
0.159048
0.161948
0.164578
0.166925
0.168975
0.170716
0.172134
0.173219
0.17396
0.174347
0.174372
0.174027
0.173309
0.172213
0.170737
0.16888
0.16664
0.16402
0.161024
0.157659
0.153929
0.149842
0.145441
0.140765
0.135389
0.128953
-0.0402103
-0.0465918
-0.051885
-0.0564514
-0.0607219
-0.064663
-0.0682386
-0.0714473
-0.0742901
-0.0767672
-0.0788805
-0.0806335
-0.0820306
-0.0830773
-0.0837798
-0.0841451
-0.084181
-0.0838962
-0.0832999
-0.0824018
-0.0812122
-0.0797413
-0.0779989
-0.0759948
-0.0737391
-0.0712417
-0.0685128
-0.0655627
-0.0624015
-0.0590386
-0.0554836
-0.0517457
-0.0478339
-0.0437567
-0.0395229
-0.0351411
-0.0306197
-0.0259665
-0.0211896
-0.0162968
-0.011296
-0.00619495
-0.00100124
0.00427763
0.00963428
0.0150612
0.0205506
0.026095
0.0316866
0.0373178
0.0429806
0.0486669
0.0543684
0.0600773
0.065785
0.071483
0.0771623
0.0828135
0.0884268
0.0939927
0.0995008
0.104941
0.110301
0.115568
0.120731
0.125776
0.13069
0.13546
0.140074
0.144516
0.148773
0.152827
0.156664
0.160267
0.163621
0.166712
0.169523
0.172041
0.17425
0.176136
0.177686
0.178887
0.179728
0.180198
0.180286
0.179986
0.179291
0.178197
0.176701
0.174799
0.172491
0.16978
0.16667
0.163165
0.159272
0.154997
0.150387
0.145482
0.139834
0.133066
-0.0452134
-0.0518968
-0.057435
-0.0622069
-0.0666639
-0.0707707
-0.0744896
-0.0778198
-0.0807628
-0.0833193
-0.0854919
-0.0872846
-0.0887026
-0.0897521
-0.0904401
-0.0907746
-0.0907644
-0.0904192
-0.089749
-0.0887646
-0.0874769
-0.0858968
-0.084035
-0.0819024
-0.07951
-0.0768686
-0.073989
-0.0708819
-0.0675581
-0.0640275
-0.0603
-0.0563855
-0.0522934
-0.0480328
-0.0436123
-0.0390409
-0.034327
-0.0294789
-0.024505
-0.0194132
-0.0142116
-0.00890821
-0.00351065
0.00197363
0.00753739
0.0131731
0.0188731
0.0246295
0.030435
0.0362821
0.0421632
0.0480701
0.0539946
0.0599286
0.0658635
0.0717907
0.077701
0.0835851
0.0894333
0.095236
0.100983
0.106663
0.112265
0.117775
0.123181
0.128469
0.133625
0.138638
0.143492
0.148174
0.152665
0.156951
0.161014
0.164837
0.168406
0.171702
0.174711
0.177414
0.179797
0.181843
0.183539
0.18487
0.185823
0.186386
0.186549
0.186303
0.18564
0.184554
0.18304
0.181097
0.178724
0.175921
0.172692
0.169043
0.164979
0.160508
0.155677
0.150529
0.144592
0.13747
-0.0505463
-0.0575503
-0.0633478
-0.068336
-0.0729886
-0.0772684
-0.0811363
-0.0845921
-0.0876377
-0.0902746
-0.0925058
-0.0943359
-0.0957711
-0.0968184
-0.0974861
-0.0977832
-0.0977195
-0.0973058
-0.0965533
-0.0954733
-0.0940777
-0.0923783
-0.0903871
-0.0881159
-0.0855765
-0.0827807
-0.0797397
-0.076465
-0.0729679
-0.0692591
-0.0653491
-0.0612482
-0.0569662
-0.0525126
-0.0478963
-0.0431261
-0.038211
-0.0331595
-0.0279803
-0.0226815
-0.0172711
-0.0117571
-0.00614747
-0.000449689
0.005329
0.0111811
0.017099
0.0230749
0.0291016
0.0351721
0.041279
0.0474142
0.0535696
0.0597368
0.0659071
0.072072
0.0782224
0.084349
0.0904421
0.0964919
0.102488
0.10842
0.114274
0.120039
0.1257
0.131243
0.136657
0.141925
0.147035
0.151969
0.156711
0.161243
0.165548
0.169608
0.173407
0.176926
0.180147
0.183053
0.185625
0.187848
0.189705
0.191181
0.19226
0.19293
0.19318
0.192998
0.192375
0.191304
0.18978
0.1878
0.185362
0.182467
0.179117
0.175319
0.171077
0.1664
0.161337
0.155932
0.149689
0.142188
-0.0562302
-0.0635744
-0.0696462
-0.0748619
-0.0797194
-0.08418
-0.088203
-0.0917884
-0.0949389
-0.0976565
-0.0999448
-0.101809
-0.103257
-0.104297
-0.104938
-0.10519
-0.105065
-0.104573
-0.103728
-0.102542
-0.101028
-0.099199
-0.0970676
-0.0946468
-0.0919494
-0.0889877
-0.0857739
-0.0823202
-0.0786385
-0.0747406
-0.0706375
-0.0663398
-0.0618577
-0.057201
-0.0523791
-0.047401
-0.0422757
-0.0370122
-0.0316194
-0.0261053
-0.020478
-0.0147453
-0.00891544
-0.00299611
0.00300528
0.00908136
0.0152246
0.0214275
0.0276832
0.0339846
0.0403247
0.0466957
0.0530896
0.0594977
0.0659117
0.0723228
0.0787223
0.0851008
0.0914486
0.0977559
0.104012
0.110206
0.116325
0.122355
0.128284
0.134097
0.139781
0.14532
0.150699
0.155901
0.160909
0.165704
0.170269
0.174583
0.17863
0.182389
0.18584
0.188965
0.191745
0.194162
0.196197
0.197834
0.199055
0.199848
0.200197
0.200091
0.199519
0.198472
0.196945
0.194933
0.192433
0.189446
0.185973
0.182022
0.177595
0.172702
0.167393
0.161717
0.155148
0.147243
-0.0622882
-0.0699931
-0.0763548
-0.0818102
-0.0868825
-0.091532
-0.0957159
-0.0994348
-0.102692
-0.10549
-0.107833
-0.109728
-0.111184
-0.11221
-0.112816
-0.113015
-0.112818
-0.112239
-0.111291
-0.109988
-0.108344
-0.106373
-0.104089
-0.101507
-0.098639
-0.0954991
-0.0921003
-0.0884556
-0.0845778
-0.0804793
-0.0761718
-0.0716662
-0.0669731
-0.0621027
-0.057065
-0.0518694
-0.046525
-0.0410409
-0.0354258
-0.0296881
-0.0238355
-0.0178762
-0.0118182
-0.00566949
0.000562314
0.00686991
0.013246
0.0196836
0.0261758
0.0327158
0.0392967
0.0459108
0.0525504
0.0592072
0.0658728
0.0725388
0.0791962
0.0858359
0.0924482
0.099023
0.10555
0.112017
0.118411
0.124721
0.130931
0.137027
0.142995
0.14882
0.154484
0.15997
0.165261
0.170337
0.175179
0.179766
0.184078
0.188096
0.191797
0.195162
0.198168
0.200798
0.203029
0.204844
0.206225
0.207156
0.207621
0.207604
0.207095
0.206082
0.20456
0.202522
0.199964
0.196886
0.19329
0.18918
0.184562
0.179443
0.173877
0.167913
0.160997
0.152664
-0.068746
-0.076833
-0.0835012
-0.089209
-0.0945067
-0.0993531
-0.103704
-0.107559
-0.110924
-0.113801
-0.116197
-0.118119
-0.119576
-0.120581
-0.121144
-0.12128
-0.121001
-0.120322
-0.119259
-0.117826
-0.116039
-0.113914
-0.111465
-0.108707
-0.105656
-0.102324
-0.0987277
-0.0948795
-0.0907933
-0.0864819
-0.0819578
-0.0772325
-0.0723171
-0.0672221
-0.0619582
-0.0565351
-0.0509623
-0.0452484
-0.0394023
-0.0334322
-0.0273462
-0.0211523
-0.0148585
-0.00847296
-0.00200316
0.00454362
0.0111603
0.0178401
0.0245764
0.0313625
0.0381915
0.045056
0.0519487
0.0588616
0.0657868
0.072716
0.0796403
0.0865503
0.0934364
0.100288
0.107096
0.113847
0.12053
0.127131
0.133636
0.140029
0.146296
0.152421
0.158387
0.164175
0.169767
0.175142
0.180279
0.185158
0.189757
0.194054
0.198025
0.20165
0.204904
0.207766
0.210214
0.212228
0.213789
0.214876
0.215472
0.21556
0.215127
0.214162
0.212654
0.210597
0.207986
0.204819
0.201099
0.196828
0.192011
0.186656
0.180818
0.174551
0.167268
0.158478
-0.0756319
-0.0841238
-0.0911157
-0.0970892
-0.102623
-0.107674
-0.112196
-0.116191
-0.119664
-0.12262
-0.125064
-0.127007
-0.12846
-0.129434
-0.129944
-0.130005
-0.129632
-0.128842
-0.12765
-0.126074
-0.12413
-0.121835
-0.119207
-0.116259
-0.11301
-0.109473
-0.105665
-0.101599
-0.0972914
-0.0927542
-0.0880007
-0.0830433
-0.0778937
-0.0725629
-0.067062
-0.0614011
-0.0555897
-0.0496366
-0.0435504
-0.0373393
-0.0310116
-0.0245752
-0.0180383
-0.0114084
-0.00469313
0.00210044
0.00896535
0.0158949
0.0228826
0.029922
0.0370064
0.0441287
0.0512818
0.0584584
0.0656511
0.0728516
0.0800512
0.0872404
0.0944095
0.101549
0.108647
0.115694
0.122677
0.129582
0.136395
0.1431
0.149681
0.156122
0.162406
0.168514
0.174425
0.180119
0.185572
0.190764
0.19567
0.200268
0.204532
0.208439
0.211963
0.21508
0.217768
0.220003
0.221763
0.223027
0.223773
0.223984
0.223644
0.222738
0.221257
0.21919
0.216532
0.21328
0.209435
0.204999
0.199977
0.194375
0.188253
0.181667
0.173994
0.164718
-0.0829769
-0.0918978
-0.0992315
-0.105484
-0.111265
-0.116528
-0.121227
-0.125364
-0.128945
-0.131976
-0.134465
-0.136422
-0.137861
-0.138796
-0.139241
-0.139216
-0.138735
-0.137819
-0.136483
-0.134749
-0.132632
-0.130152
-0.127327
-0.124174
-0.120711
-0.116954
-0.112919
-0.108622
-0.104078
-0.099301
-0.0943047
-0.0891024
-0.0837064
-0.0781282
-0.072379
-0.0664692
-0.0604087
-0.0542064
-0.0478707
-0.0414098
-0.0348321
-0.0281455
-0.0213578
-0.0144764
-0.00750827
-0.00046053
0.00665995
0.0138465
0.0210927
0.0283923
0.035739
0.0431263
0.0505474
0.0579955
0.0654632
0.0729429
0.0804258
0.0879027
0.0953639
0.1028
0.1102
0.117553
0.124848
0.13207
0.139204
0.146235
0.153145
0.15992
0.166539
0.172985
0.179235
0.185267
0.191059
0.196585
0.201822
0.206744
0.211325
0.215538
0.219356
0.222753
0.225705
0.228185
0.230168
0.23163
0.232548
0.232901
0.232671
0.231842
0.2304
0.228334
0.225637
0.222304
0.218335
0.213732
0.208498
0.20264
0.19622
0.189297
0.181213
0.171421
-0.0908148
-0.10019
-0.107885
-0.11443
-0.120468
-0.125952
-0.130833
-0.135114
-0.138802
-0.141905
-0.144432
-0.146395
-0.14781
-0.148693
-0.149062
-0.148936
-0.148333
-0.147274
-0.145779
-0.143868
-0.141561
-0.138879
-0.13584
-0.132464
-0.12877
-0.124776
-0.120498
-0.115953
-0.111158
-0.106127
-0.100874
-0.0954131
-0.0897579
-0.0839199
-0.0779105
-0.0717405
-0.0654198
-0.0589578
-0.0523631
-0.0456437
-0.0388076
-0.0318627
-0.0248165
-0.0176761
-0.0104481
-0.00313928
0.00424361
0.0116939
0.0192053
0.0267719
0.0343878
0.0420469
0.0497432
0.05747
0.0652204
0.0729867
0.0807607
0.0885333
0.0962953
0.104037
0.111749
0.119421
0.127039
0.13459
0.142059
0.149429
0.156685
0.163809
0.170783
0.177585
0.184194
0.190586
0.196738
0.202622
0.208214
0.213486
0.218408
0.222953
0.227093
0.230798
0.23404
0.236791
0.239022
0.240707
0.241821
0.242339
0.24224
0.241505
0.240118
0.238066
0.235339
0.231932
0.227841
0.223069
0.217618
0.211494
0.204763
0.197486
0.188967
0.178626
-0.0991822
-0.109039
-0.117114
-0.123967
-0.130273
-0.135986
-0.141053
-0.145478
-0.149272
-0.152441
-0.154999
-0.156959
-0.158339
-0.159157
-0.159434
-0.159191
-0.158449
-0.15723
-0.155556
-0.15345
-0.150933
-0.148029
-0.144757
-0.14114
-0.137197
-0.132947
-0.128408
-0.123599
-0.118536
-0.113234
-0.10771
-0.101978
-0.0960498
-0.089939
-0.083657
-0.0772148
-0.0706228
-0.0638907
-0.057027
-0.0500399
-0.0429369
-0.0357256
-0.0284131
-0.0210062
-0.0135114
-0.00593498
0.00171659
0.00943688
0.0172198
0.0250598
0.0329513
0.0408889
0.048867
0.0568793
0.0649193
0.0729795
0.081052
0.0891283
0.0971996
0.105257
0.113291
0.121291
0.129244
0.137137
0.144954
0.152679
0.160296
0.167786
0.175132
0.18231
0.189299
0.196074
0.202609
0.208876
0.214848
0.220496
0.225788
0.230695
0.235184
0.239226
0.242788
0.245838
0.248346
0.250283
0.251619
0.252327
0.252381
0.251761
0.250448
0.248425
0.24568
0.242205
0.237997
0.233055
0.227383
0.220985
0.21393
0.206281
0.197301
0.186379
-0.108119
-0.118486
-0.126963
-0.134138
-0.140725
-0.146673
-0.15193
-0.1565
-0.160395
-0.163625
-0.166204
-0.16815
-0.169481
-0.17022
-0.170388
-0.17001
-0.169109
-0.167709
-0.165836
-0.163513
-0.160765
-0.157617
-0.154092
-0.150212
-0.146
-0.141474
-0.136656
-0.131563
-0.126215
-0.120628
-0.114817
-0.108798
-0.102583
-0.0961852
-0.0896177
-0.0828914
-0.0760168
-0.0690037
-0.0618611
-0.0545967
-0.0472179
-0.0397317
-0.0321451
-0.0244645
-0.0166962
-0.00884594
-0.000919832
0.00707621
0.0151365
0.0232559
0.0314291
0.0396513
0.0479171
0.0562211
0.064557
0.0729179
0.0812962
0.089684
0.098073
0.106455
0.11482
0.123159
0.131459
0.139705
0.147883
0.155978
0.163971
0.171846
0.179582
0.187157
0.194548
0.201728
0.20867
0.215347
0.221726
0.227778
0.23347
0.238768
0.24364
0.24805
0.251963
0.255345
0.258162
0.260381
0.261968
0.262894
0.263129
0.262648
0.261429
0.259452
0.256703
0.253171
0.248851
0.243742
0.237844
0.231164
0.223771
0.215732
0.206266
0.194726
-0.117671
-0.128578
-0.137478
-0.144991
-0.151869
-0.158061
-0.16351
-0.168224
-0.172216
-0.175499
-0.178089
-0.180007
-0.181274
-0.181915
-0.181955
-0.181421
-0.180338
-0.178735
-0.176638
-0.174076
-0.171074
-0.167659
-0.163857
-0.159692
-0.155187
-0.150365
-0.145246
-0.139851
-0.1342
-0.128309
-0.122195
-0.115872
-0.109355
-0.102657
-0.0957908
-0.088768
-0.0815994
-0.0742947
-0.0668626
-0.0593111
-0.0516473
-0.0438779
-0.0360095
-0.0280482
-0.0199997
-0.0118697
-0.00366335
0.00461388
0.0129569
0.021361
0.0298214
0.0383336
0.0468927
0.0554939
0.0641315
0.0727992
0.0814901
0.0901968
0.0989116
0.107627
0.116333
0.12502
0.133677
0.14229
0.150843
0.159321
0.167708
0.175984
0.184129
0.192122
0.199936
0.207545
0.214921
0.222033
0.228849
0.235335
0.241459
0.247182
0.252469
0.257281
0.26158
0.265329
0.26849
0.271025
0.272898
0.274073
0.274518
0.274203
0.273103
0.271193
0.268456
0.26488
0.260456
0.255183
0.249058
0.242087
0.234343
0.225895
0.215916
0.203722
-0.127885
-0.139364
-0.148711
-0.156578
-0.163759
-0.1702
-0.175844
-0.1807
-0.184783
-0.188109
-0.190698
-0.192572
-0.193756
-0.194279
-0.194167
-0.193452
-0.192163
-0.190331
-0.187985
-0.185157
-0.181875
-0.178168
-0.174064
-0.169589
-0.164767
-0.159625
-0.154184
-0.148466
-0.142491
-0.136277
-0.129842
-0.123199
-0.116365
-0.109351
-0.102173
-0.0948412
-0.0873669
-0.0797594
-0.0720275
-0.0641789
-0.0562208
-0.04816
-0.0400024
-0.0317536
-0.0234188
-0.0150029
-0.00651086
0.00205274
0.0106834
0.0193768
0.028129
0.0369358
0.0457931
0.0546963
0.0636408
0.0726209
0.0816306
0.090663
0.099711
0.108767
0.117823
0.126869
0.135894
0.144885
0.153827
0.162704
0.171499
0.180195
0.188769
0.197199
0.20546
0.213523
0.221358
0.228934
0.236216
0.24317
0.249759
0.255942
0.26168
0.266932
0.271656
0.275811
0.279354
0.282243
0.284437
0.285898
0.286587
0.286469
0.285514
0.283696
0.280992
0.277387
0.27287
0.267437
0.261085
0.253816
0.245708
0.236832
0.226312
0.213424
-0.138815
-0.150901
-0.160718
-0.168955
-0.17645
-0.183147
-0.188986
-0.193981
-0.198148
-0.201506
-0.204077
-0.205888
-0.206968
-0.207347
-0.207058
-0.206135
-0.204612
-0.202521
-0.199898
-0.196775
-0.193184
-0.189156
-0.184721
-0.179909
-0.174746
-0.169259
-0.163472
-0.157408
-0.151089
-0.144532
-0.137755
-0.130775
-0.123607
-0.116264
-0.108759
-0.101105
-0.0933133
-0.0853919
-0.0773497
-0.0691943
-0.0609331
-0.0525726
-0.0441185
-0.0355758
-0.0269487
-0.0182415
-0.00945836
-0.000603547
0.0083191
0.017306
0.0263537
0.0354589
0.0446183
0.053828
0.0630839
0.0723815
0.0817152
0.0910793
0.100467
0.109872
0.119286
0.1287
0.138104
0.147484
0.156827
0.166118
0.175339
0.184471
0.193494
0.202383
0.211114
0.219656
0.227978
0.236047
0.243828
0.251283
0.258372
0.265053
0.271282
0.277014
0.282205
0.286807
0.290774
0.29406
0.296618
0.298404
0.299374
0.299488
0.298712
0.297013
0.294366
0.290751
0.286155
0.28057
0.273991
0.266418
0.257933
0.24861
0.23752
0.223897
-0.150519
-0.163246
-0.17356
-0.182184
-0.190004
-0.196962
-0.202998
-0.208125
-0.212366
-0.215741
-0.218276
-0.220002
-0.220951
-0.22116
-0.220664
-0.219502
-0.217712
-0.215331
-0.212397
-0.208946
-0.205014
-0.200634
-0.195839
-0.19066
-0.185127
-0.179269
-0.173111
-0.166677
-0.159989
-0.153068
-0.14593
-0.138594
-0.131075
-0.123386
-0.115542
-0.107553
-0.0994304
-0.0911836
-0.0828208
-0.0743496
-0.0657769
-0.057109
-0.0483514
-0.0395082
-0.030583
-0.0215792
-0.0125004
-0.00335007
0.00586845
0.0151523
0.0244988
0.0339056
0.0433702
0.0528897
0.062461
0.0720802
0.0817428
0.0914437
0.101177
0.110937
0.120717
0.130508
0.1403
0.150081
0.159839
0.169557
0.179219
0.188806
0.198297
0.207668
0.216891
0.225938
0.234775
0.243369
0.251682
0.259674
0.267302
0.27452
0.281282
0.287539
0.293241
0.298337
0.302776
0.306505
0.309473
0.311628
0.312922
0.313308
0.312747
0.3112
0.308639
0.305037
0.300378
0.294651
0.287847
0.279967
0.271092
0.261303
0.249613
0.235212
-0.16306
-0.176468
-0.187304
-0.196333
-0.204489
-0.211714
-0.217944
-0.223197
-0.227498
-0.230871
-0.233348
-0.234962
-0.235752
-0.235757
-0.235021
-0.233585
-0.231492
-0.228784
-0.225503
-0.221688
-0.217379
-0.212612
-0.207423
-0.201846
-0.195914
-0.189656
-0.183098
-0.176268
-0.169188
-0.161878
-0.154359
-0.146648
-0.13876
-0.13071
-0.12251
-0.114172
-0.105707
-0.0971237
-0.0884304
-0.0796344
-0.0707424
-0.06176
-0.0526919
-0.043542
-0.0343132
-0.0250082
-0.0156297
-0.00618036
0.00333725
0.012921
0.022569
0.0322799
0.0420521
0.0518841
0.0617736
0.0717177
0.0817129
0.0917548
0.101839
0.11196
0.122111
0.132287
0.142476
0.15267
0.162854
0.173013
0.183132
0.193191
0.20317
0.213043
0.222784
0.232362
0.241745
0.250896
0.259776
0.268341
0.276548
0.284346
0.291687
0.298516
0.304779
0.31042
0.315381
0.319605
0.323034
0.325609
0.327274
0.327979
0.327675
0.32632
0.323876
0.320315
0.315613
0.309758
0.302735
0.294543
0.285269
0.274994
0.262673
0.247449
-0.176509
-0.190639
-0.202027
-0.211478
-0.219981
-0.227475
-0.233896
-0.239264
-0.243608
-0.246958
-0.249349
-0.250821
-0.251418
-0.251184
-0.250167
-0.248417
-0.24598
-0.242904
-0.239234
-0.235015
-0.23029
-0.225098
-0.21948
-0.213471
-0.207106
-0.200416
-0.19343
-0.186175
-0.178676
-0.170955
-0.163032
-0.154925
-0.14665
-0.138221
-0.129651
-0.12095
-0.11213
-0.103199
-0.0941654
-0.0850361
-0.0758171
-0.0665133
-0.0571287
-0.0476666
-0.0381294
-0.0285191
-0.0188375
-0.0090864
0.000732658
0.0106184
0.02057
0.0305868
0.0406686
0.0508147
0.0610243
0.0712955
0.0816258
0.0920118
0.10245
0.112936
0.123466
0.134032
0.144628
0.155243
0.165865
0.176479
0.187069
0.197618
0.208103
0.218501
0.228784
0.238921
0.24888
0.25862
0.268103
0.277282
0.286109
0.294534
0.302502
0.309954
0.316832
0.323072
0.328613
0.333389
0.337335
0.340386
0.342479
0.343554
0.343556
0.342436
0.34015
0.336661
0.331942
0.325974
0.318741
0.310237
0.300552
0.289773
0.276788
0.260693
-0.190944
-0.20584
-0.217809
-0.2277
-0.23656
-0.244326
-0.250931
-0.256401
-0.260768
-0.264069
-0.266343
-0.267636
-0.267999
-0.267483
-0.266143
-0.264032
-0.261205
-0.257714
-0.25361
-0.248942
-0.243757
-0.238099
-0.232011
-0.225532
-0.218698
-0.211542
-0.204096
-0.196387
-0.188443
-0.180285
-0.171936
-0.163412
-0.15473
-0.145904
-0.136947
-0.12787
-0.118683
-0.109394
-0.100011
-0.0905396
-0.0809862
-0.0713546
-0.0616482
-0.0518693
-0.0420199
-0.0321011
-0.0221138
-0.0120589
-0.00193681
0.00825219
0.0185083
0.0288321
0.0392244
0.0496857
0.0602164
0.0708158
0.0814825
0.0922145
0.103009
0.113865
0.124777
0.135741
0.14675
0.157795
0.168864
0.179945
0.191021
0.202076
0.213087
0.224031
0.234881
0.245605
0.256169
0.266534
0.276657
0.28649
0.295985
0.305085
0.313731
0.321862
0.329411
0.336313
0.342495
0.347886
0.352413
0.356003
0.358584
0.360089
0.360454
0.35962
0.357536
0.354158
0.349453
0.343395
0.335963
0.327149
0.317045
0.305741
0.292059
0.275041
-0.206449
-0.22216
-0.234742
-0.245093
-0.254319
-0.262356
-0.269137
-0.27469
-0.279056
-0.282275
-0.284394
-0.285466
-0.285549
-0.284703
-0.282987
-0.280465
-0.277195
-0.273237
-0.268647
-0.26348
-0.257788
-0.251618
-0.245017
-0.238026
-0.230684
-0.223027
-0.215086
-0.206893
-0.198474
-0.189854
-0.181053
-0.17209
-0.162982
-0.153741
-0.144381
-0.134914
-0.125347
-0.11569
-0.105948
-0.0961273
-0.0862326
-0.0762674
-0.0662345
-0.0561355
-0.0459712
-0.0357417
-0.0254472
-0.0150872
-0.00466135
0.00583122
0.0163919
0.0270226
0.0377253
0.0485019
0.0593536
0.0702812
0.0812847
0.0923635
0.103517
0.114744
0.126042
0.137408
0.148836
0.160318
0.171845
0.183403
0.194978
0.206554
0.218109
0.229621
0.241063
0.252402
0.263603
0.274627
0.285429
0.295961
0.30617
0.315996
0.325376
0.334245
0.34253
0.350157
0.357049
0.363125
0.368304
0.372503
0.375643
0.377645
0.378436
0.377948
0.376119
0.372898
0.368242
0.362121
0.354506
0.345386
0.334856
0.32301
0.308596
0.2906
-0.223119
-0.239696
-0.252927
-0.263756
-0.273357
-0.281663
-0.288607
-0.294223
-0.298556
-0.301655
-0.303574
-0.304376
-0.304125
-0.302891
-0.300742
-0.297748
-0.293977
-0.289493
-0.284361
-0.27864
-0.272387
-0.265654
-0.258492
-0.250944
-0.243052
-0.234854
-0.226384
-0.217674
-0.20875
-0.19964
-0.190363
-0.180939
-0.171383
-0.161709
-0.151931
-0.142059
-0.132102
-0.122066
-0.111957
-0.101779
-0.0915368
-0.0812331
-0.0708701
-0.0604484
-0.0499676
-0.0394266
-0.0288242
-0.0181591
-0.00742976
0.00336575
0.0142301
0.0251666
0.0361784
0.0472689
0.0584404
0.0696952
0.0810348
0.0924604
0.103973
0.115573
0.12726
0.139031
0.150882
0.162808
0.174799
0.186844
0.198931
0.211043
0.223161
0.235261
0.247318
0.2593
0.271171
0.28289
0.294412
0.305687
0.316659
0.327265
0.337439
0.347108
0.356197
0.364621
0.372297
0.379134
0.385044
0.389933
0.39371
0.396285
0.397575
0.3975
0.395989
0.392978
0.388416
0.382265
0.374489
0.365071
0.35411
0.341702
0.326518
0.307487
-0.241058
-0.258559
-0.272476
-0.283804
-0.293787
-0.302358
-0.309448
-0.315098
-0.31936
-0.322293
-0.323959
-0.324431
-0.323785
-0.322098
-0.319449
-0.315917
-0.311577
-0.306502
-0.300763
-0.294426
-0.287554
-0.280203
-0.272427
-0.264274
-0.255788
-0.247008
-0.23797
-0.228708
-0.219249
-0.209619
-0.199841
-0.189931
-0.179908
-0.169784
-0.159572
-0.149282
-0.138922
-0.128497
-0.118013
-0.107471
-0.0968769
-0.0862311
-0.0755354
-0.0647893
-0.0539912
-0.0431387
-0.0322293
-0.0212604
-0.0102292
0.000867381
0.0120334
0.0232733
0.0345919
0.0459935
0.0574823
0.0690619
0.080736
0.0925073
0.104379
0.116352
0.128428
0.140606
0.152884
0.165257
0.177719
0.190261
0.20287
0.215532
0.228228
0.240938
0.253634
0.266286
0.278858
0.291308
0.303592
0.315657
0.327444
0.338888
0.349918
0.360456
0.37042
0.379719
0.388259
0.395944
0.402671
0.408338
0.41284
0.416076
0.41795
0.418367
0.417244
0.414507
0.410092
0.403951
0.396041
0.386337
0.374942
0.361953
0.345961
0.325831
-0.260382
-0.278872
-0.293514
-0.305361
-0.315734
-0.324561
-0.331775
-0.337424
-0.34157
-0.344281
-0.345632
-0.345706
-0.344591
-0.342376
-0.339151
-0.335004
-0.330019
-0.324279
-0.317862
-0.310841
-0.303285
-0.295255
-0.286809
-0.277998
-0.268869
-0.259463
-0.249818
-0.239967
-0.22994
-0.219763
-0.209456
-0.199038
-0.188527
-0.177936
-0.167276
-0.156555
-0.145781
-0.134958
-0.12409
-0.113179
-0.102229
-0.0912384
-0.0802086
-0.0691374
-0.0580222
-0.0468592
-0.0356447
-0.0243746
-0.0130447
-0.00165032
0.0098139
0.0213537
0.032975
0.0446839
0.056486
0.0683872
0.0803928
0.0925075
0.104736
0.11708
0.129545
0.14213
0.154836
0.167661
0.180599
0.193644
0.206785
0.220009
0.2333
0.246638
0.259996
0.273345
0.28665
0.299869
0.312957
0.325859
0.338515
0.350856
0.362808
0.374288
0.385204
0.395461
0.404956
0.413581
0.421223
0.427766
0.433094
0.43709
0.439641
0.440642
0.439992
0.437602
0.433397
0.427315
0.419305
0.409333
0.397503
0.383917
0.367074
0.345777
-0.281221
-0.30077
-0.316182
-0.32857
-0.339335
-0.348407
-0.355716
-0.361321
-0.365295
-0.367718
-0.36868
-0.368277
-0.366609
-0.363779
-0.359889
-0.355038
-0.349323
-0.342835
-0.335661
-0.327881
-0.31957
-0.310794
-0.301617
-0.292091
-0.282268
-0.272189
-0.261895
-0.251418
-0.24079
-0.230034
-0.219173
-0.208225
-0.197207
-0.186131
-0.175008
-0.163844
-0.152646
-0.141417
-0.130159
-0.118875
-0.107565
-0.0962289
-0.0848646
-0.0734691
-0.0620383
-0.0505672
-0.0390507
-0.0274832
-0.0158589
-0.0041715
0.00758579
0.0194201
0.0313388
0.0433496
0.0554602
0.0676783
0.0800111
0.092465
0.105046
0.117759
0.13061
0.143602
0.156736
0.170014
0.183431
0.196985
0.210666
0.224463
0.238363
0.252346
0.266388
0.280461
0.29453
0.308555
0.322489
0.336278
0.349858
0.36316
0.376104
0.3886
0.400554
0.41186
0.422406
0.432073
0.440737
0.448267
0.454532
0.459399
0.46274
0.464428
0.464348
0.462393
0.458472
0.45251
0.444442
0.434225
0.421964
0.407762
0.390026
0.367487
-0.303721
-0.324408
-0.340638
-0.353589
-0.364749
-0.374046
-0.381414
-0.386921
-0.390657
-0.392714
-0.393199
-0.392224
-0.389904
-0.386359
-0.381702
-0.376049
-0.369507
-0.362178
-0.354158
-0.345536
-0.336392
-0.326799
-0.316823
-0.306524
-0.295951
-0.285151
-0.274163
-0.263021
-0.251756
-0.240392
-0.228952
-0.217452
-0.205908
-0.194331
-0.18273
-0.171113
-0.159481
-0.147839
-0.136188
-0.124527
-0.112857
-0.101174
-0.0894761
-0.0777583
-0.0660149
-0.0542396
-0.0424257
-0.0305659
-0.0186528
-0.00667846
0.00536517
0.0174869
0.029696
0.042002
0.0544147
0.0669436
0.0795975
0.0923848
0.105313
0.11839
0.131623
0.145018
0.15858
0.17231
0.186209
0.200274
0.214501
0.228881
0.243402
0.258046
0.272793
0.287615
0.302479
0.317347
0.33217
0.346895
0.361458
0.375784
0.389792
0.403387
0.416467
0.42892
0.440623
0.451445
0.461249
0.46989
0.477219
0.483085
0.487339
0.489836
0.490439
0.489022
0.485474
0.479704
0.47163
0.461199
0.448514
0.433682
0.415005
0.39114
-0.328045
-0.34996
-0.367063
-0.380597
-0.392149
-0.401647
-0.409027
-0.414373
-0.417788
-0.419386
-0.41929
-0.417631
-0.414545
-0.410167
-0.404628
-0.398059
-0.390581
-0.382307
-0.373343
-0.363787
-0.353726
-0.343238
-0.332394
-0.321255
-0.309875
-0.298302
-0.286575
-0.274728
-0.262792
-0.250791
-0.238745
-0.226672
-0.214584
-0.202491
-0.190401
-0.178319
-0.166248
-0.154188
-0.14214
-0.130102
-0.118071
-0.106043
-0.0940134
-0.0819766
-0.0699253
-0.0578514
-0.0457462
-0.0336007
-0.0214058
-0.00915239
0.00316941
0.0155702
0.0280613
0.0406543
0.053361
0.0661924
0.0791594
0.0922721
0.105541
0.118975
0.132585
0.146379
0.160363
0.174544
0.188923
0.203503
0.21828
0.233249
0.248401
0.263721
0.279191
0.294786
0.310475
0.326221
0.341977
0.357689
0.373291
0.388709
0.403857
0.418636
0.432939
0.446643
0.459618
0.471719
0.482795
0.492684
0.501218
0.508227
0.513538
0.516983
0.518402
0.517644
0.514575
0.509084
0.50107
0.490465
0.477369
0.461891
0.442222
0.416942
-0.354379
-0.377624
-0.395658
-0.409799
-0.421736
-0.431401
-0.438735
-0.443838
-0.446835
-0.44786
-0.447059
-0.444586
-0.440599
-0.435253
-0.4287
-0.421087
-0.41255
-0.403215
-0.3932
-0.382609
-0.371538
-0.360071
-0.348282
-0.336236
-0.32399
-0.31159
-0.299077
-0.286485
-0.273844
-0.261176
-0.2485
-0.235833
-0.223184
-0.210561
-0.197972
-0.185418
-0.172902
-0.160422
-0.147977
-0.135562
-0.123172
-0.110801
-0.0984448
-0.0860944
-0.0737414
-0.0613757
-0.0489868
-0.0365638
-0.0240963
-0.0115732
0.00101706
0.0136873
0.0264507
0.0393209
0.0523114
0.065435
0.0787047
0.0921331
0.105733
0.119516
0.133495
0.14768
0.162082
0.176709
0.191567
0.20666
0.221989
0.237552
0.253343
0.269351
0.28556
0.30195
0.318493
0.335151
0.351882
0.36863
0.385332
0.40191
0.418277
0.434331
0.449957
0.465026
0.479396
0.492911
0.505404
0.516695
0.526594
0.534909
0.541442
0.545997
0.548386
0.548429
0.545966
0.540859
0.532986
0.522257
0.508772
0.492635
0.471919
0.445119
-0.382935
-0.407627
-0.426659
-0.441427
-0.453737
-0.463525
-0.470739
-0.4755
-0.477958
-0.478273
-0.47662
-0.47318
-0.468134
-0.461665
-0.453947
-0.445144
-0.43541
-0.424885
-0.413698
-0.401963
-0.389782
-0.377246
-0.364432
-0.351409
-0.338233
-0.324952
-0.311606
-0.298229
-0.284848
-0.271485
-0.258157
-0.244876
-0.231651
-0.218488
-0.205391
-0.192361
-0.179397
-0.166497
-0.153655
-0.140865
-0.128121
-0.115414
-0.102737
-0.09008
-0.0774333
-0.0647844
-0.052121
-0.0394307
-0.0267013
-0.0139196
-0.00107197
0.0118565
0.0248809
0.0380166
0.0512787
0.0646823
0.0782427
0.0919752
0.105895
0.120016
0.134354
0.148922
0.163734
0.1788
0.194131
0.209734
0.225615
0.241773
0.258208
0.274914
0.291877
0.309082
0.326503
0.344107
0.361852
0.379687
0.397547
0.415356
0.433024
0.450447
0.467503
0.484058
0.499958
0.515034
0.529103
0.541966
0.553411
0.563217
0.57116
0.577012
0.580551
0.581564
0.579859
0.575264
0.56763
0.556844
0.542996
0.526191
0.504368
0.475931
-0.413956
-0.440231
-0.460336
-0.475751
-0.488414
-0.498265
-0.505264
-0.50956
-0.511332
-0.510774
-0.508093
-0.503503
-0.497218
-0.489446
-0.480388
-0.47023
-0.459144
-0.447286
-0.434795
-0.421797
-0.408399
-0.394699
-0.380777
-0.366702
-0.352532
-0.338315
-0.32409
-0.309888
-0.295736
-0.281651
-0.267648
-0.253737
-0.239924
-0.226212
-0.212602
-0.199094
-0.185684
-0.172365
-0.15913
-0.14597
-0.132877
-0.119842
-0.106853
-0.0939005
-0.0809702
-0.0680488
-0.0551223
-0.0421766
-0.0291975
-0.0161697
-0.0030772
0.0100966
0.0233687
0.0367559
0.0502756
0.0639453
0.0777828
0.091806
0.106032
0.120479
0.135164
0.150103
0.165314
0.18081
0.196607
0.212714
0.229142
0.245895
0.262977
0.280386
0.298116
0.316152
0.334474
0.353053
0.371852
0.39082
0.409897
0.429007
0.44806
0.466949
0.485549
0.503718
0.521292
0.53809
0.553912
0.568536
0.581727
0.593237
0.602806
0.610171
0.615071
0.617255
0.616487
0.61256
0.605287
0.594526
0.580356
0.562877
0.539879
0.509673
-0.447721
-0.475738
-0.496999
-0.513081
-0.526065
-0.535902
-0.542567
-0.546244
-0.547151
-0.545521
-0.541603
-0.53565
-0.527912
-0.518631
-0.508035
-0.496336
-0.483724
-0.470373
-0.456435
-0.442044
-0.427315
-0.41235
-0.397232
-0.382031
-0.366804
-0.351596
-0.336446
-0.321382
-0.306427
-0.291597
-0.276902
-0.262347
-0.247937
-0.23367
-0.219547
-0.205561
-0.191707
-0.177974
-0.164353
-0.150832
-0.137401
-0.124047
-0.110759
-0.0975218
-0.0843205
-0.0711398
-0.0579639
-0.0447768
-0.0315618
-0.0183017
-0.00497873
0.00842557
0.0219298
0.0355529
0.0493145
0.0632347
0.0773341
0.0916327
0.10615
0.120907
0.135924
0.151221
0.166818
0.182733
0.198984
0.215587
0.232555
0.249899
0.267627
0.285743
0.304245
0.323125
0.342368
0.361949
0.381837
0.401985
0.422337
0.442818
0.463341
0.483796
0.504057
0.523976
0.543379
0.562072
0.579838
0.596435
0.6116
0.625051
0.636494
0.645624
0.652134
0.655724
0.656112
0.653041
0.64628
0.635651
0.621213
0.603057
0.578812
0.546683
-0.484556
-0.5145
-0.537014
-0.553777
-0.567036
-0.576756
-0.582937
-0.585803
-0.585625
-0.582685
-0.57728
-0.569711
-0.560272
-0.549242
-0.536883
-0.523431
-0.509101
-0.494083
-0.478541
-0.462619
-0.44644
-0.430106
-0.413702
-0.397298
-0.380949
-0.364698
-0.348579
-0.332619
-0.316835
-0.301239
-0.285837
-0.27063
-0.255618
-0.240797
-0.226161
-0.211702
-0.19741
-0.183272
-0.169275
-0.155405
-0.141649
-0.127991
-0.114417
-0.100909
-0.0874522
-0.074028
-0.0606186
-0.0472059
-0.033771
-0.0202947
-0.00675753
0.00686034
0.0205795
0.0344213
0.0484077
0.0625614
0.0769051
0.0914615
0.106253
0.121303
0.136635
0.152274
0.168241
0.18456
0.201251
0.218337
0.235836
0.253763
0.272134
0.290955
0.310233
0.329965
0.350143
0.37075
0.391759
0.413129
0.43481
0.456731
0.478808
0.500932
0.522976
0.544787
0.566183
0.58696
0.606881
0.625683
0.643074
0.658739
0.672341
0.683527
0.691938
0.697217
0.699022
0.697038
0.690978
0.680614
0.665982
0.647156
0.621581
0.58735
-0.524842
-0.556933
-0.580807
-0.59826
-0.611727
-0.621196
-0.6267
-0.628519
-0.626985
-0.622443
-0.615253
-0.605771
-0.594341
-0.581288
-0.566908
-0.551468
-0.535207
-0.51833
-0.501017
-0.483418
-0.465662
-0.447851
-0.430071
-0.412388
-0.394855
-0.377511
-0.360386
-0.3435
-0.326865
-0.310488
-0.294369
-0.278506
-0.262893
-0.24752
-0.232379
-0.217455
-0.202735
-0.188204
-0.173846
-0.159642
-0.145577
-0.131632
-0.117788
-0.104029
-0.0903336
-0.0766839
-0.0630591
-0.0494386
-0.0358017
-0.0221277
-0.00839537
0.00541707
0.0193324
0.0333742
0.0475668
0.0619349
0.0765035
0.091298
0.106344
0.121668
0.137297
0.153257
0.169576
0.186281
0.203397
0.220951
0.238966
0.257466
0.276468
0.295989
0.316041
0.336629
0.357754
0.379403
0.401559
0.42419
0.447251
0.470678
0.494392
0.518289
0.54224
0.56609
0.589654
0.612714
0.63502
0.656285
0.676187
0.694373
0.71046
0.724042
0.734697
0.742001
0.745539
0.744925
0.739801
0.729874
0.715145
0.695665
0.668671
0.632127
-0.569027
-0.603527
-0.628885
-0.647026
-0.660607
-0.669649
-0.674228
-0.674702
-0.671478
-0.664984
-0.65565
-0.643904
-0.630147
-0.614754
-0.598062
-0.580372
-0.561944
-0.543003
-0.52374
-0.504311
-0.484847
-0.465451
-0.446204
-0.42717
-0.408396
-0.389915
-0.371749
-0.353913
-0.336411
-0.319244
-0.302407
-0.285889
-0.26968
-0.253766
-0.23813
-0.222755
-0.207624
-0.192717
-0.178015
-0.163497
-0.149142
-0.134929
-0.120837
-0.106845
-0.0929334
-0.0790787
-0.0652586
-0.0514507
-0.0376325
-0.0237817
-0.00987513
0.00411117
0.0182022
0.0324236
0.0468016
0.0613629
0.0761352
0.0911465
0.106426
0.122002
0.137906
0.154167
0.170816
0.187885
0.205406
0.223409
0.241923
0.260978
0.280599
0.300809
0.321628
0.343071
0.365144
0.387848
0.411172
0.435096
0.459582
0.484578
0.510009
0.535778
0.561762
0.587804
0.613718
0.639277
0.664215
0.688225
0.710954
0.732009
0.750956
0.767329
0.780633
0.790364
0.79602
0.797125
0.793229
0.78396
0.769267
0.749164
0.720649
0.681546
-0.617651
-0.654873
-0.681854
-0.700666
-0.714227
-0.722606
-0.725945
-0.724697
-0.719373
-0.710497
-0.698593
-0.684167
-0.667692
-0.649598
-0.630267
-0.610034
-0.589185
-0.56796
-0.546557
-0.52514
-0.503836
-0.482747
-0.461948
-0.441495
-0.421429
-0.401773
-0.382541
-0.363739
-0.345363
-0.327405
-0.309853
-0.29269
-0.275898
-0.259456
-0.243343
-0.227537
-0.212016
-0.196756
-0.181733
-0.166923
-0.152301
-0.137843
-0.123526
-0.109327
-0.0952213
-0.0811846
-0.0671924
-0.0532201
-0.0392439
-0.0252393
-0.0111812
0.00295664
0.0172011
0.0315795
0.0461198
0.0608513
0.0758042
0.0910093
0.106498
0.122303
0.138457
0.154994
0.17195
0.18936
0.207262
0.22569
0.244682
0.26427
0.28449
0.305373
0.326946
0.349234
0.372253
0.396015
0.420522
0.445764
0.471714
0.498333
0.525556
0.553295
0.581435
0.609825
0.638277
0.66656
0.694398
0.721461
0.747369
0.771685
0.793923
0.813545
0.829976
0.842617
0.850859
0.854114
0.851819
0.843493
0.829014
0.808342
0.778194
0.736235
-0.671362
-0.711686
-0.740446
-0.759885
-0.773237
-0.78064
-0.78233
-0.778886
-0.770951
-0.759171
-0.744184
-0.72659
-0.706944
-0.685738
-0.663403
-0.640308
-0.616761
-0.593018
-0.569282
-0.545715
-0.522441
-0.499556
-0.477125
-0.455196
-0.433796
-0.412937
-0.392623
-0.372848
-0.3536
-0.33486
-0.316607
-0.298816
-0.28146
-0.264513
-0.247948
-0.231737
-0.215853
-0.200267
-0.184951
-0.169875
-0.155013
-0.140338
-0.125823
-0.111442
-0.0971688
-0.0829761
-0.0688375
-0.0547269
-0.0406182
-0.0264849
-0.0122997
0.00196534
0.0163387
0.0308493
0.0455273
0.0604042
0.0755127
0.0908863
0.106559
0.122565
0.138943
0.155729
0.172965
0.190689
0.208944
0.22777
0.247211
0.267308
0.288102
0.309634
0.331941
0.355057
0.379011
0.403828
0.429522
0.456096
0.48354
0.511828
0.540909
0.57071
0.601127
0.632018
0.6632
0.694444
0.725464
0.755916
0.785391
0.81341
0.839428
0.862834
0.882959
0.899089
0.910491
0.916434
0.91621
0.909199
0.895174
0.874018
0.842114
0.796945
-0.730956
-0.774841
-0.805552
-0.825536
-0.83841
-0.844418
-0.843928
-0.837687
-0.826506
-0.811187
-0.792502
-0.771168
-0.747829
-0.723046
-0.697301
-0.670996
-0.644459
-0.617954
-0.591686
-0.565811
-0.540445
-0.51567
-0.491541
-0.468087
-0.445323
-0.423247
-0.401847
-0.381105
-0.360997
-0.341493
-0.322562
-0.304169
-0.28628
-0.26886
-0.251874
-0.235291
-0.219076
-0.203197
-0.187619
-0.172311
-0.15724
-0.142378
-0.127696
-0.113163
-0.0987505
-0.0844305
-0.0701742
-0.0559534
-0.0417397
-0.0275046
-0.0132189
0.00114669
0.0156222
0.0302384
0.0450275
0.0600233
0.0752606
0.0907747
0.106602
0.122782
0.139354
0.156361
0.173845
0.191852
0.210428
0.229621
0.249479
0.270052
0.291389
0.313539
0.336551
0.360471
0.385341
0.411198
0.438072
0.465983
0.494938
0.524928
0.555923
0.587867
0.620673
0.654214
0.688319
0.722766
0.757267
0.791467
0.824933
0.857148
0.887507
0.915318
0.939805
0.960125
0.975389
0.984694
0.987144
0.981933
0.968691
0.947187
0.913394
0.864583
-0.797414
-0.845421
-0.87827
-0.898654
-0.91067
-0.91472
-0.911356
-0.901551
-0.886333
-0.866699
-0.843586
-0.81784
-0.790209
-0.761329
-0.731729
-0.701841
-0.672008
-0.642495
-0.6135
-0.585168
-0.557598
-0.530855
-0.504973
-0.479964
-0.455822
-0.432528
-0.410054
-0.388365
-0.367424
-0.347188
-0.327613
-0.308656
-0.290272
-0.272418
-0.255054
-0.238138
-0.221632
-0.205497
-0.189695
-0.17419
-0.158947
-0.143933
-0.129116
-0.114464
-0.0999453
-0.0855297
-0.0711865
-0.0568854
-0.0425959
-0.0282877
-0.0139305
0.000506855
0.0150559
0.0297495
0.0446215
0.0597075
0.0750441
0.090669
0.106622
0.122944
0.139679
0.156873
0.174572
0.192826
0.211688
0.23121
0.251447
0.272458
0.294299
0.317031
0.340711
0.365401
0.391154
0.418025
0.44606
0.475297
0.505766
0.537478
0.570427
0.60458
0.639874
0.676204
0.71342
0.751312
0.789602
0.827932
0.865852
0.90281
0.938145
0.971078
1.00072
1.02607
1.04607
1.05958
1.06548
1.06271
1.0507
1.02906
0.993236
0.940256
-0.871965
-0.924786
-0.959967
-0.980509
-0.991125
-0.992452
-0.985304
-0.970955
-0.950716
-0.925822
-0.897407
-0.866471
-0.83387
-0.800314
-0.766379
-0.732517
-0.699076
-0.666311
-0.634406
-0.603483
-0.573618
-0.544847
-0.517182
-0.490607
-0.465094
-0.440601
-0.417082
-0.394483
-0.37275
-0.351827
-0.331657
-0.312184
-0.293354
-0.275116
-0.257421
-0.24022
-0.223468
-0.207122
-0.191139
-0.175479
-0.160104
-0.144976
-0.130062
-0.115327
-0.100737
-0.0862599
-0.0718627
-0.057513
-0.043179
-0.0288288
-0.0144306
4.81353e-05
0.0146408
0.0293818
0.0443065
0.0594519
0.0748566
0.0905607
0.106606
0.123038
0.139902
0.157246
0.175123
0.193586
0.212692
0.232501
0.253075
0.274478
0.296778
0.320044
0.344347
0.369761
0.396354
0.424198
0.453359
0.483897
0.515864
0.549298
0.584221
0.62063
0.658492
0.697734
0.738234
0.779809
0.822198
0.865055
0.907924
0.950228
0.991253
1.03014
1.06586
1.09727
1.12306
1.14185
1.15221
1.15274
1.14259
1.12112
1.08314
1.02534
-0.956171
-1.01466
-1.05236
-1.07267
-1.08111
-1.07867
-1.06653
-1.04639
-1.0199
-0.988596
-0.953849
-0.916823
-0.87849
-0.83963
-0.800851
-0.762614
-0.725257
-0.689013
-0.654035
-0.620413
-0.588186
-0.557358
-0.527904
-0.499779
-0.472925
-0.447276
-0.422762
-0.399309
-0.376844
-0.355295
-0.334591
-0.314664
-0.29545
-0.276886
-0.258917
-0.241485
-0.224541
-0.208035
-0.191919
-0.176151
-0.160687
-0.145489
-0.130518
-0.115739
-0.101115
-0.0866123
-0.0721956
-0.0578313
-0.043486
-0.0291265
-0.0147196
-0.000231023
0.0143738
0.0291305
0.0440758
0.0592483
0.0746884
0.0904385
0.106543
0.123048
0.140002
0.157459
0.175473
0.194102
0.213408
0.233457
0.254316
0.27606
0.298765
0.32251
0.347379
0.373459
0.400835
0.429596
0.459831
0.491623
0.525051
0.560184
0.597076
0.635762
0.676247
0.718498
0.762434
0.807911
0.854705
0.902491
0.950828
0.999129
1.04664
1.09242
1.13533
1.17401
1.20693
1.23236
1.24847
1.25346
1.24606
1.22524
1.18497
1.12155
-1.05205
-1.11728
-1.15765
-1.17709
-1.18223
-1.17458
-1.15587
-1.12832
-1.09404
-1.05495
-1.01266
-0.96852
-0.923615
-0.878777
-0.834631
-0.791625
-0.750065
-0.710143
-0.671964
-0.635571
-0.600955
-0.568073
-0.536859
-0.507232
-0.479098
-0.452363
-0.426928
-0.402698
-0.379579
-0.357482
-0.33632
-0.316014
-0.296487
-0.277667
-0.259489
-0.24189
-0.224813
-0.208202
-0.192009
-0.176183
-0.160679
-0.145456
-0.130473
-0.115691
-0.101073
-0.0865829
-0.0721836
-0.0578402
-0.0435184
-0.0291836
-0.0148012
-0.000335921
0.0142481
0.0289874
0.0439199
0.0590858
0.0745272
0.090288
0.106414
0.122954
0.13996
0.157486
0.175593
0.194341
0.213797
0.234032
0.255122
0.277148
0.300195
0.324354
0.34972
0.376395
0.404481
0.434086
0.465323
0.498299
0.533126
0.569906
0.608732
0.649681
0.692807
0.738129
0.78562
0.835191
0.88667
0.939782
0.994119
1.04911
1.10398
1.15773
1.2091
1.25653
1.2982
1.33199
1.35559
1.36659
1.36318
1.34376
1.30116
1.23111
-1.16224
-1.23556
-1.27864
-1.2962
-1.29641
-1.28157
-1.25417
-1.21714
-1.17319
-1.12464
-1.0734
-1.021
-0.968617
-0.917107
-0.867077
-0.818934
-0.772924
-0.729172
-0.687716
-0.648529
-0.611543
-0.576657
-0.543755
-0.512711
-0.483392
-0.455669
-0.429415
-0.404508
-0.380834
-0.358285
-0.336758
-0.31616
-0.296403
-0.277406
-0.259094
-0.241398
-0.224253
-0.207602
-0.191389
-0.175561
-0.16007
-0.144871
-0.129922
-0.115182
-0.100612
-0.0861737
-0.07183
-0.0575448
-0.0432825
-0.0290075
-0.0146841
-0.000276244
0.0142527
0.0289403
0.0438257
0.0589502
0.0743571
0.0900913
0.1062
0.122735
0.139749
0.157301
0.175451
0.194267
0.213818
0.234182
0.25544
0.277681
0.300999
0.325496
0.351279
0.378462
0.407168
0.437526
0.469668
0.503735
0.539868
0.578209
0.618895
0.662053
0.707794
0.756201
0.807315
0.861123
0.917529
0.976333
1.03719
1.09958
1.16275
1.22567
1.28697
1.34491
1.39733
1.44169
1.47503
1.49419
1.49656
1.47968
1.43481
1.35687
-1.29032
-1.3734
-1.41902
-1.43308
-1.42596
-1.40117
-1.36226
-1.31311
-1.25714
-1.19716
-1.13537
-1.07347
-1.01266
-0.953786
-0.897396
-0.843805
-0.793164
-0.7455
-0.700757
-0.658821
-0.619545
-0.582761
-0.548291
-0.515958
-0.485587
-0.457009
-0.430066
-0.404609
-0.3805
-0.357612
-0.335828
-0.31504
-0.295148
-0.276062
-0.257699
-0.239983
-0.222845
-0.206221
-0.190051
-0.17428
-0.158857
-0.143734
-0.128868
-0.114216
-0.0997369
-0.0853924
-0.0711443
-0.0569555
-0.0427897
-0.0286104
-0.0143815
-6.61932e-05
0.0143728
0.0289737
0.0437767
0.0588236
0.0741583
0.0898268
0.105878
0.122364
0.139342
0.15687
0.175014
0.193842
0.213429
0.233857
0.255215
0.277596
0.301105
0.325852
0.351957
0.379549
0.408768
0.439762
0.472692
0.507725
0.545038
0.584816
0.627243
0.672504
0.720776
0.772218
0.826958
0.885078
0.946587
1.01139
1.07926
1.14976
1.2222
1.29559
1.36849
1.439
1.50465
1.56236
1.60843
1.63871
1.64943
1.6369
1.59008
1.50267
-1.44117
-1.53612
-1.58365
-1.59159
-1.57359
-1.53499
-1.48082
-1.41619
-1.34537
-1.27166
-1.19755
-1.12481
-1.05464
-0.987768
-0.924621
-0.865369
-0.810016
-0.758456
-0.710507
-0.665949
-0.624538
-0.586025
-0.550166
-0.516723
-0.485474
-0.456209
-0.428737
-0.402881
-0.37848
-0.355387
-0.333469
-0.312605
-0.292684
-0.273607
-0.255284
-0.237632
-0.220578
-0.204053
-0.187993
-0.172342
-0.157045
-0.142053
-0.12732
-0.112803
-0.0984605
-0.0842526
-0.0701409
-0.0560876
-0.0420558
-0.028009
-0.0139107
0.00027633
0.0145899
0.0290687
0.0437528
0.0586845
0.0739081
0.0894705
0.105422
0.121815
0.138708
0.156162
0.174244
0.193025
0.212584
0.233008
0.254389
0.276828
0.300437
0.325336
0.351655
0.379539
0.409144
0.440639
0.474209
0.510053
0.548383
0.589427
0.633425
0.680623
0.731273
0.785622
0.843903
0.906316
0.973006
1.04403
1.1193
1.19856
1.28125
1.36647
1.45283
1.53831
1.62016
1.69476
1.75752
1.80299
1.82586
1.82052
1.77255
1.6737
-1.62175
-1.73109
-1.77902
-1.77657
-1.74241
-1.68461
-1.61023
-1.52589
-1.43681
-1.34678
-1.25845
-1.17355
-1.09314
-1.01777
-0.947607
-0.882624
-0.822619
-0.767306
-0.71635
-0.669396
-0.626092
-0.586096
-0.549087
-0.514767
-0.482859
-0.453114
-0.425305
-0.399226
-0.374696
-0.351548
-0.329635
-0.308821
-0.288988
-0.270027
-0.251841
-0.234344
-0.217456
-0.201105
-0.185226
-0.169758
-0.154647
-0.139841
-0.125294
-0.110961
-0.0968008
-0.082773
-0.0688387
-0.0549603
-0.0411008
-0.0272237
-0.0132923
0.000730578
0.0148828
0.0292028
0.0437307
0.0585086
0.0735812
0.0889959
0.104803
0.121057
0.137815
0.155141
0.173102
0.191773
0.211237
0.231581
0.252903
0.27531
0.298919
0.32386
0.350274
0.378316
0.408161
0.439997
0.474032
0.510496
0.549638
0.591732
0.63707
0.685968
0.73876
0.795793
0.857419
0.923982
0.995792
1.0731
1.15604
1.24458
1.33841
1.43684
1.53862
1.64179
1.7434
1.83932
1.92396
1.9903
2.0309
2.0373
1.98997
1.87731
-1.84228
-1.96883
-2.01382
-1.99403
-1.93582
-1.85129
-1.7502
-1.64094
-1.52964
-1.42045
-1.31598
-1.21773
-1.12641
-1.04223
-0.965022
-0.894444
-0.830032
-0.771273
-0.717645
-0.668642
-0.623786
-0.582635
-0.544785
-0.509874
-0.477573
-0.447591
-0.419666
-0.393569
-0.369094
-0.346059
-0.324301
-0.303676
-0.284054
-0.265322
-0.247378
-0.230128
-0.213492
-0.197394
-0.181768
-0.16655
-0.151685
-0.137122
-0.122813
-0.108713
-0.0947813
-0.0809769
-0.0672615
-0.0535976
-0.0399486
-0.0262782
-0.0125501
0.00127261
0.0152271
0.0293513
0.0436848
0.0582697
0.0731506
0.0883747
0.103992
0.120058
0.136629
0.15377
0.171551
0.190046
0.209341
0.229525
0.2507
0.272976
0.296477
0.321339
0.347713
0.375765
0.405684
0.437676
0.471973
0.508832
0.548539
0.59141
0.637795
0.688079
0.742683
0.802062
0.866702
0.937111
1.0138
1.09726
1.18791
1.28604
1.39171
1.5046
1.6238
1.7476
1.87309
1.99578
2.1091
2.20418
2.27079
2.29632
2.25332
2.12425
-2.11847
-2.26468
-2.29981
-2.25118
-2.15713
-2.03548
-1.8993
-1.75884
-1.62095
-1.48972
-1.36737
-1.25485
-1.1523
-1.05934
-0.975362
-0.899599
-0.831258
-0.769556
-0.713758
-0.663185
-0.617226
-0.575334
-0.537023
-0.501865
-0.469481
-0.43954
-0.411752
-0.385861
-0.361644
-0.338903
-0.317464
-0.297173
-0.277896
-0.259512
-0.241915
-0.225011
-0.208714
-0.192949
-0.177647
-0.162746
-0.148189
-0.133925
-0.119906
-0.106089
-0.0924308
-0.078893
-0.0654374
-0.052027
-0.0386261
-0.0251991
-0.0117105
0.00187577
0.0155959
0.0294869
0.0435879
0.0579402
0.0725881
0.087578
0.102959
0.118786
0.135117
0.152016
0.169552
0.187802
0.206851
0.22679
0.247724
0.269765
0.293041
0.317693
0.34388
0.371778
0.401587
0.433529
0.467855
0.504848
0.544827
0.588149
0.635219
0.68649
0.74247
0.803728
0.870893
0.944652
1.02575
1.11495
1.21305
1.32075
1.43862
1.56691
1.70534
1.85277
2.00671
2.16269
2.31342
2.44807
2.553
2.6097
2.57847
2.43093
-2.47573
-2.64139
-2.65267
-2.55626
-2.40886
-2.23593
-2.05418
-1.87535
-1.70632
-1.55046
-1.40899
-1.28185
-1.16825
-1.06705
-0.97699
-0.896799
-0.82529
-0.761377
-0.704088
-0.652567
-0.606068
-0.563938
-0.525614
-0.490606
-0.458491
-0.428905
-0.40153
-0.376091
-0.352348
-0.330094
-0.309145
-0.289343
-0.270546
-0.252632
-0.235492
-0.21903
-0.203161
-0.187809
-0.172904
-0.158386
-0.144197
-0.130287
-0.11661
-0.103122
-0.0897832
-0.0765539
-0.0633978
-0.0502792
-0.0371633
-0.0240157
-0.0108023
0.00251164
0.0159609
0.0295817
0.0434122
0.0574927
0.0718659
0.086577
0.101675
0.117213
0.133248
0.149845
0.167072
0.185004
0.203727
0.223333
0.243926
0.265621
0.288547
0.312851
0.338694
0.36626
0.395757
0.42742
0.461516
0.498349
0.538265
0.581658
0.628982
0.680752
0.737563
0.800091
0.869111
0.945501
1.03025
1.12445
1.22931
1.34606
1.47594
1.62003
1.779
1.95277
2.13988
2.33661
2.53564
2.72458
2.88602
2.9936
2.98895
2.82377
-2.95761
-3.13347
-3.09264
-2.91738
-2.69102
-2.44814
-2.20836
-1.98361
-1.77938
-1.59715
-1.43627
-1.29506
-1.17141
-1.06314
-0.968206
-0.884757
-0.811164
-0.746017
-0.688108
-0.636407
-0.590039
-0.548258
-0.510432
-0.476021
-0.444565
-0.415673
-0.389007
-0.364279
-0.34124
-0.319673
-0.299392
-0.280233
-0.262054
-0.244733
-0.228159
-0.212237
-0.196884
-0.182023
-0.167587
-0.153515
-0.139753
-0.126252
-0.112966
-0.099854
-0.0868762
-0.0739958
-0.0611776
-0.0483874
-0.035592
-0.0227588
-0.00985557
0.0031506
0.0162936
0.0296081
0.0431307
0.0568998
0.0709568
0.0853453
0.100112
0.11531
0.130995
0.147229
0.164079
0.18162
0.199935
0.219115
0.239265
0.260498
0.282946
0.306754
0.332087
0.359132
0.388102
0.41924
0.452822
0.489169
0.528647
0.571681
0.618761
0.670459
0.727442
0.790485
0.8605
0.938549
1.02587
1.12391
1.2343
1.35894
1.49985
1.65921
1.83906
2.041
2.26551
2.51085
2.77109
3.03369
3.27815
3.46878
3.52025
3.34793
-3.64299
-3.79319
-3.64346
-3.33897
-2.99756
-2.6615
-2.35032
-2.073
-1.83117
-1.6226
-1.44364
-1.29025
-1.1586
-1.04527
-0.94731
-0.862243
-0.787998
-0.722854
-0.665386
-0.614411
-0.568949
-0.528179
-0.491416
-0.458087
-0.427708
-0.39987
-0.374226
-0.350479
-0.328377
-0.307702
-0.288266
-0.269908
-0.252486
-0.235878
-0.219978
-0.204693
-0.18994
-0.175647
-0.161748
-0.148185
-0.134907
-0.121865
-0.109018
-0.0963248
-0.0837492
-0.0712561
-0.0588121
-0.0463852
-0.0339446
-0.02146
-0.00890088
0.00376393
0.0165662
0.0295389
0.0427167
0.0561362
0.0698359
0.0838576
0.098247
0.113054
0.128332
0.144141
0.160547
0.177621
0.195444
0.214106
0.233707
0.254361
0.276195
0.299355
0.324005
0.350331
0.378546
0.408896
0.441662
0.477173
0.515805
0.558003
0.604283
0.655257
0.711645
0.774305
0.84426
0.922734
1.0112
1.11142
1.22551
1.35601
1.50589
1.67862
1.87804
2.10818
2.37263
2.67347
3.00878
3.36905
3.73385
4.05948
4.22589
4.08481
-4.67522
-4.69626
-4.32771
-3.81574
-3.31122
-2.85595
-2.46168
-2.12845
-1.85003
-1.61817
-1.42483
-1.26297
-1.12671
-1.01128
-0.912816
-0.828254
-0.755127
-0.69146
-0.63566
-0.586434
-0.542733
-0.503691
-0.468598
-0.436863
-0.407994
-0.381581
-0.357274
-0.334781
-0.313851
-0.294271
-0.275857
-0.258453
-0.241921
-0.226146
-0.211024
-0.196467
-0.182397
-0.168744
-0.155448
-0.142453
-0.129711
-0.117177
-0.104812
-0.0925791
-0.0804437
-0.0683734
-0.0563377
-0.0443075
-0.0322542
-0.0201501
-0.00796705
0.00432387
0.0167527
0.0293499
0.0421474
0.0551792
0.0684818
0.0820942
0.0960593
0.110424
0.125241
0.140565
0.156459
0.172991
0.190238
0.208287
0.227233
0.247187
0.268273
0.290631
0.31442
0.339823
0.367049
0.396339
0.427975
0.46228
0.499635
0.540488
0.585366
0.634899
0.689838
0.751091
0.819756
0.897175
0.984999
1.08527
1.20051
1.33388
1.48931
1.67168
1.88694
2.14224
2.44568
2.80554
3.22802
3.71286
4.24754
4.7885
5.18273
5.18121
-6.31289
-5.94217
-5.15772
-4.32759
-3.60171
-3.00208
-2.51865
-2.13249
-1.82387
-1.57578
-1.37465
-1.21001
-1.07386
-0.960149
-0.864269
-0.782685
-0.712665
-0.652079
-0.599245
-0.552829
-0.511756
-0.47516
-0.44233
-0.412686
-0.385745
-0.361106
-0.338434
-0.317448
-0.297906
-0.279606
-0.262374
-0.246061
-0.23054
-0.215702
-0.201449
-0.187701
-0.174384
-0.161434
-0.148796
-0.136418
-0.124256
-0.112271
-0.100425
-0.0886862
-0.0770224
-0.0654049
-0.0538061
-0.0421999
-0.0305611
-0.0188645
-0.00708433
0.00480586
0.0168332
0.0290256
0.0414121
0.0540236
0.0668938
0.080059
0.0935588
0.107437
0.121742
0.136525
0.151845
0.167766
0.184361
0.201709
0.219903
0.239046
0.259256
0.280666
0.303427
0.327715
0.353728
0.381699
0.411899
0.44464
0.480295
0.519299
0.562172
0.609538
0.662149
0.72092
0.786978
0.861717
0.946884
1.04469
1.15796
1.29032
1.44652
1.63275
1.85718
2.13049
2.46651
2.88249
3.39849
4.03383
4.79835
5.66791
6.49083
6.89923
-9.13286
-7.65411
-6.08557
-4.80143
-3.80278
-3.04861
-2.48568
-2.06215
-1.73853
-1.48708
-1.28841
-1.12889
-0.998886
-0.891513
-0.801742
-0.725857
-0.66106
-0.605214
-0.556662
-0.514104
-0.476508
-0.443044
-0.413042
-0.385952
-0.361323
-0.338781
-0.318015
-0.298761
-0.2808
-0.263944
-0.248034
-0.232933
-0.218526
-0.204713
-0.191408
-0.178535
-0.16603
-0.153835
-0.1419
-0.130179
-0.118634
-0.107229
-0.0959321
-0.0847139
-0.0735468
-0.0624054
-0.0512662
-0.0401064
-0.0289036
-0.0176357
-0.00628001
0.0051873
0.0167903
0.0285535
0.040503
0.0526666
0.0650745
0.0777596
0.0907582
0.10411
0.117858
0.132052
0.146743
0.161992
0.177863
0.194432
0.211784
0.230014
0.249232
0.26956
0.29114
0.314132
0.338725
0.365134
0.39361
0.42445
0.457999
0.494671
0.534954
0.579441
0.628849
0.684059
0.746158
0.816512
0.896855
0.989412
1.09709
1.22373
1.37451
1.55653
1.77968
2.05788
2.41097
2.86727
3.46704
4.26341
5.31074
6.64838
8.27522
9.82161
-14.6386
-9.90334
-6.76571
-4.91818
-3.6887
-2.84718
-2.26761
-1.85623
-1.55373
-1.32452
-1.14637
-1.00486
-0.89032
-0.796133
-0.717605
-0.651334
-0.594795
-0.546079
-0.503718
-0.466563
-0.433707
-0.404421
-0.378116
-0.354313
-0.332617
-0.312701
-0.294294
-0.277166
-0.261125
-0.246009
-0.23168
-0.218019
-0.204928
-0.192319
-0.180119
-0.168263
-0.156697
-0.145371
-0.134242
-0.123273
-0.112431
-0.101686
-0.0910115
-0.0803831
-0.0697782
-0.0591756
-0.0485561
-0.0379008
-0.0271911
-0.0164085
-0.00553358
0.00545353
0.0165734
0.0278468
0.039296
0.050945
0.0628202
0.0749502
0.0873666
0.100105
0.113202
0.126702
0.140651
0.155101
0.170112
0.185749
0.202088
0.219215
0.237225
0.25623
0.276355
0.297742
0.320559
0.344997
0.371281
0.399673
0.430479
0.464067
0.500869
0.54141
0.586325
0.636396
0.692591
0.756126
0.828551
0.911874
1.00873
1.12268
1.25858
1.42331
1.6268
1.88391
2.21742
2.66373
3.28336
4.17252
5.46153
7.38246
10.6101
15.4565
-23.9216
-12.1065
-6.48955
-4.20453
-2.99321
-2.2584
-1.79155
-1.47495
-1.24612
-1.07305
-0.937892
-0.829719
-0.741467
-0.668336
-0.60693
-0.554772
-0.510008
-0.471221
-0.437311
-0.407411
-0.380828
-0.357003
-0.335481
-0.315888
-0.297917
-0.281311
-0.265857
-0.251372
-0.237707
-0.224731
-0.212337
-0.200431
-0.188934
-0.17778
-0.16691
-0.156275
-0.145831
-0.13554
-0.12537
-0.115293
-0.105282
-0.095317
-0.085377
-0.0754437
-0.0655004
-0.0555317
-0.0455235
-0.0354616
-0.0253321
-0.0151207
-0.00481273
0.00560739
0.0161554
0.026848
0.0377026
0.0487385
0.0599772
0.0714421
0.0831593
0.0951575
0.107469
0.120128
0.133174
0.146652
0.160609
0.175102
0.190194
0.205957
0.222472
0.23983
0.258136
0.277509
0.298087
0.320029
0.343519
0.36877
0.396034
0.425607
0.457835
0.493138
0.532018
0.57509
0.623107
0.677009
0.737982
0.807545
0.887682
0.981035
1.0912
1.22326
1.38463
1.58668
1.84792
2.20109
2.70965
3.49453
4.77388
7.15493
12.8895
24.8279
)
;

boundaryField
{
    movingWall
    {
        type            zeroGradient;
    }
    fixedWalls
    {
        type            zeroGradient;
    }
    frontAndBack
    {
        type            empty;
    }
}


// ************************************************************************* //
