/*--------------------------------*- C++ -*----------------------------------*\
| =========                 |                                                 |
| \\      /  F ield         | OpenFOAM: The Open Source CFD Toolbox           |
|  \\    /   O peration     | Version:  2212                                  |
|   \\  /    A nd           | Website:  www.openfoam.com                      |
|    \\/     M anipulation  |                                                 |
\*---------------------------------------------------------------------------*/
FoamFile
{
    version     2.0;
    format      ascii;
    arch        "LSB;label=32;scalar=64";
    class       volScalarField;
    location    "0.007";
    object      p;
}
// * * * * * * * * * * * * * * * * * * * * * * * * * * * * * * * * * * * * * //

dimensions      [0 2 -2 0 0 0 0];

internalField   nonuniform List<scalar> 
10000
(
1.50981e-07
-0.00138171
-0.00360094
-0.00587769
-0.00790307
-0.00976538
-0.0114724
-0.0130209
-0.0144079
-0.0156282
-0.0166732
-0.017535
-0.0182101
-0.0186992
-0.0190043
-0.0191267
-0.0190667
-0.0188256
-0.0184061
-0.0178128
-0.0170512
-0.0161264
-0.0150422
-0.013802
-0.01241
-0.0108721
-0.00919486
-0.00738493
-0.00544796
-0.00338858
-0.00121105
0.00108012
0.00347989
0.00598253
0.00858194
0.0112724
0.0140488
0.0169059
0.0198378
0.0228387
0.0259023
0.0290219
0.0321913
0.0354051
0.038658
0.0419445
0.0452584
0.0485938
0.0519454
0.0553086
0.0586785
0.0620496
0.0654167
0.0687746
0.0721181
0.075442
0.0787406
0.0820082
0.085239
0.0884273
0.0915674
0.0946534
0.0976789
0.100638
0.103525
0.106335
0.109062
0.111701
0.114248
0.116697
0.119043
0.121279
0.123402
0.125405
0.127283
0.129032
0.130645
0.132118
0.133446
0.134626
0.135653
0.136523
0.137234
0.137781
0.138164
0.138381
0.138434
0.138326
0.138064
0.137655
0.137113
0.136454
0.135699
0.134875
0.13402
0.13318
0.132414
0.131793
0.131411
0.131321
-0.00117941
-0.00245496
-0.00421237
-0.00603117
-0.00775152
-0.00936636
-0.0108647
-0.0122331
-0.0134618
-0.0145437
-0.0154716
-0.0162375
-0.0168352
-0.0172618
-0.0175172
-0.0176022
-0.0175174
-0.0172633
-0.016841
-0.0162526
-0.0155019
-0.0145933
-0.013531
-0.0123188
-0.0109603
-0.00945973
-0.00782214
-0.00605356
-0.00415967
-0.00214573
-1.66801e-05
0.00222322
0.00456993
0.0070184
0.0095627
0.0121971
0.0149162
0.0177143
0.0205853
0.0235238
0.0265243
0.0295808
0.032687
0.0358371
0.0390255
0.0422467
0.045495
0.0487648
0.0520508
0.0553484
0.0586524
0.0619574
0.0652582
0.0685499
0.0718275
0.0750858
0.0783188
0.0815208
0.0846861
0.0878095
0.0908854
0.093908
0.096871
0.0997685
0.102595
0.105345
0.108015
0.110598
0.113091
0.115487
0.117781
0.119969
0.122045
0.124004
0.125842
0.127553
0.129133
0.130577
0.131881
0.133043
0.134058
0.134924
0.135638
0.136199
0.136605
0.136858
0.136959
0.136912
0.136726
0.136408
0.135973
0.135436
0.134818
0.134144
0.133448
0.132768
0.13215
0.131649
0.131331
0.13124
-0.0026196
-0.00355946
-0.00483601
-0.00626871
-0.00771386
-0.00911515
-0.0104402
-0.0116638
-0.0127669
-0.0137384
-0.0145709
-0.0152574
-0.0157908
-0.0161658
-0.0163799
-0.0164325
-0.0163244
-0.0160561
-0.0156281
-0.0150414
-0.0142977
-0.0134004
-0.0123534
-0.0111608
-0.00982662
-0.00835426
-0.00674744
-0.00501116
-0.00315101
-0.0011724
0.00091953
0.00312024
0.00542566
0.00783134
0.010332
0.0129224
0.0155968
0.018349
0.0211729
0.024063
0.0270143
0.0300213
0.033078
0.0361781
0.0393161
0.0424861
0.0456827
0.0489005
0.0521347
0.0553803
0.0586321
0.0618847
0.0651332
0.0683726
0.071598
0.0748041
0.0779851
0.0811352
0.0842488
0.0873207
0.0903456
0.0933178
0.0962313
0.0990799
0.101858
0.104562
0.107185
0.109724
0.112173
0.114526
0.116779
0.118927
0.120966
0.12289
0.124696
0.126378
0.127933
0.129356
0.130643
0.131792
0.1328
0.133665
0.134384
0.134958
0.135385
0.135668
0.135808
0.135811
0.135683
0.135435
0.135078
0.134629
0.134106
0.133532
0.132935
0.132348
0.131808
0.131357
0.131038
0.130882
-0.00365055
-0.00436703
-0.00535546
-0.00651777
-0.00774716
-0.00897284
-0.0101519
-0.0112536
-0.0122538
-0.0131358
-0.0138895
-0.014508
-0.014985
-0.0153147
-0.0154931
-0.0155179
-0.0153886
-0.0151054
-0.0146691
-0.0140808
-0.0133413
-0.0124523
-0.011417
-0.0102391
-0.00892229
-0.00747036
-0.00588707
-0.00417672
-0.00234391
-0.000393515
0.00166928
0.00383964
0.00611323
0.00848545
0.0109513
0.0135057
0.0161436
0.0188589
0.0216452
0.024497
0.0274091
0.0303765
0.033393
0.0364527
0.0395498
0.0426787
0.0458338
0.0490098
0.0522017
0.0554048
0.0586143
0.0618247
0.0650309
0.0682279
0.0714108
0.0745745
0.0777133
0.0808213
0.0838931
0.0869232
0.0899065
0.0928375
0.0957105
0.0985196
0.101259
0.103925
0.106511
0.109013
0.111425
0.113744
0.115963
0.118078
0.120086
0.121982
0.123762
0.125421
0.126956
0.128363
0.129638
0.130778
0.131782
0.132647
0.133372
0.133957
0.134403
0.134712
0.134885
0.134928
0.134847
0.134651
0.134353
0.133965
0.133506
0.132994
0.132455
0.131913
0.1314
0.130949
0.130579
0.130301
-0.00414556
-0.00485097
-0.00571687
-0.00671606
-0.00779277
-0.00888167
-0.00993794
-0.0109319
-0.0118397
-0.0126425
-0.013327
-0.0138846
-0.0143093
-0.0145958
-0.0147398
-0.0147382
-0.014589
-0.0142915
-0.013846
-0.0132534
-0.0125149
-0.0116319
-0.0106062
-0.00944049
-0.00813815
-0.0067028
-0.00513835
-0.00344923
-0.0016397
0.000286017
0.00232324
0.00446726
0.00671362
0.00905746
0.0114936
0.014017
0.0166228
0.0193053
0.0220583
0.0248765
0.0277548
0.0306875
0.0336686
0.0366923
0.0397532
0.0428459
0.0459644
0.0491033
0.0522578
0.0554235
0.0585954
0.0617685
0.0649374
0.068097
0.0712425
0.0743689
0.0774704
0.0805415
0.0835765
0.0865701
0.089517
0.0924121
0.0952497
0.0980241
0.10073
0.103362
0.105915
0.108384
0.110765
0.113052
0.11524
0.117327
0.119308
0.121179
0.122936
0.124576
0.126094
0.127487
0.128751
0.129885
0.130885
0.131751
0.132483
0.13308
0.133543
0.133874
0.134076
0.134153
0.134111
0.133958
0.133706
0.133366
0.132952
0.132483
0.131976
0.131454
0.130941
0.130461
0.130011
0.129582
-0.00433627
-0.00511003
-0.00594624
-0.00685871
-0.00783674
-0.00882833
-0.00979096
-0.0106968
-0.0115249
-0.0122579
-0.0128819
-0.0133867
-0.0137653
-0.0140121
-0.0141232
-0.0140957
-0.0139269
-0.0136154
-0.0131606
-0.0125627
-0.0118226
-0.010942
-0.00992246
-0.00876597
-0.00747519
-0.00605323
-0.00450388
-0.00283156
-0.0010405
0.000865222
0.00288109
0.00500264
0.00722569
0.00954547
0.0119567
0.0144542
0.0170329
0.0196872
0.0224115
0.0252007
0.0280496
0.0309525
0.0339031
0.0368958
0.0399253
0.0429862
0.0460727
0.0491795
0.0523017
0.0554349
0.0585745
0.0617151
0.0648516
0.0679789
0.0710923
0.0741867
0.0772566
0.080296
0.0832996
0.0862621
0.0891784
0.0920431
0.0948508
0.0975956
0.100272
0.102875
0.1054
0.107841
0.110194
0.112454
0.114618
0.11668
0.118638
0.120488
0.122226
0.123849
0.125352
0.126734
0.12799
0.129118
0.130117
0.130985
0.131723
0.13233
0.132809
0.133159
0.133384
0.133487
0.133476
0.133356
0.133138
0.132831
0.132448
0.132002
0.13151
0.130987
0.130452
0.129925
0.129379
0.128789
-0.00434484
-0.00522324
-0.00608346
-0.00696237
-0.00788337
-0.00881014
-0.00970624
-0.0105459
-0.0113103
-0.0119848
-0.0125566
-0.0130156
-0.013354
-0.0135663
-0.0136478
-0.0135954
-0.0134069
-0.0130807
-0.0126156
-0.0120113
-0.0112681
-0.0103872
-0.00937015
-0.00821887
-0.00693579
-0.00552372
-0.00398602
-0.00232673
-0.000549876
0.00134044
0.00333966
0.00544342
0.00764764
0.00994767
0.0123383
0.0148144
0.017371
0.0200025
0.0227031
0.0254679
0.028292
0.0311697
0.0340948
0.0370613
0.0400643
0.0430983
0.0461578
0.0492375
0.0523326
0.0554388
0.0585513
0.0616648
0.0647742
0.0678745
0.0709613
0.0740294
0.0770732
0.0800868
0.0830647
0.0860019
0.0888933
0.0917334
0.0945166
0.0972371
0.0998895
0.102469
0.10497
0.107388
0.109719
0.111958
0.1141
0.116143
0.118083
0.119916
0.121638
0.123247
0.12474
0.126112
0.127362
0.128486
0.129484
0.130355
0.131098
0.131714
0.132204
0.132569
0.132811
0.132935
0.132945
0.132848
0.132652
0.132365
0.131998
0.131561
0.131067
0.130527
0.129957
0.129369
0.128722
0.127971
-0.00425865
-0.005254
-0.00616665
-0.00704778
-0.00794423
-0.0088318
-0.00968245
-0.0104747
-0.0111915
-0.0118194
-0.0123478
-0.0127674
-0.0130708
-0.0132525
-0.0133077
-0.0132327
-0.0130251
-0.0126835
-0.0122068
-0.0115944
-0.0108462
-0.00996278
-0.00894546
-0.00779596
-0.00651674
-0.00511057
-0.00358061
-0.00193061
-0.000164322
0.00171442
0.00370119
0.00579161
0.00798158
0.0102664
0.0126408
0.0150999
0.0176389
0.0202521
0.0229339
0.0256791
0.0284831
0.0313401
0.0342441
0.0371893
0.0401705
0.0431827
0.0462203
0.0492779
0.0523511
0.0554355
0.0585262
0.061618
0.0647057
0.0677846
0.0708502
0.0738974
0.0769207
0.0799142
0.0828724
0.08579
0.0886619
0.0914827
0.0942465
0.0969477
0.0995809
0.102141
0.104624
0.107024
0.109338
0.111561
0.113689
0.115717
0.117643
0.119463
0.121173
0.122772
0.124256
0.125622
0.126867
0.127989
0.128987
0.12986
0.130607
0.13123
0.131728
0.132102
0.132356
0.132492
0.132516
0.132433
0.132249
0.131971
0.131607
0.131167
0.130658
0.13009
0.129474
0.128821
0.128072
0.12717
-0.00414364
-0.00525454
-0.00623098
-0.00713584
-0.00803181
-0.00890132
-0.00972374
-0.0104832
-0.0111653
-0.0117581
-0.0122519
-0.0126388
-0.0129121
-0.0130665
-0.0130977
-0.013002
-0.0127767
-0.01242
-0.0119308
-0.0113085
-0.010553
-0.00966475
-0.00864463
-0.00749413
-0.00621561
-0.0048118
-0.00328577
-0.0016412
0.000118387
0.00198935
0.00396747
0.0060485
0.00822839
0.0105024
0.0128652
0.0153117
0.0178374
0.0204366
0.0231039
0.0258343
0.0286228
0.0314638
0.0343513
0.0372797
0.0402441
0.0432395
0.0462603
0.0493013
0.0523579
0.0554258
0.0585001
0.0615756
0.0646473
0.0677103
0.0707602
0.0737921
0.0768003
0.0797792
0.0827231
0.0856265
0.0884843
0.0912908
0.0940403
0.0967271
0.099346
0.101892
0.104362
0.10675
0.109052
0.111264
0.113382
0.1154
0.117316
0.119127
0.12083
0.122422
0.1239
0.125261
0.126504
0.127625
0.128623
0.129497
0.130247
0.130873
0.131376
0.131756
0.132016
0.132159
0.132189
0.132111
0.13193
0.131651
0.131281
0.130827
0.130296
0.129692
0.129026
0.128306
0.127459
0.126417
-0.00404533
-0.00526609
-0.00630904
-0.00724798
-0.00815881
-0.00902669
-0.00983543
-0.0105742
-0.0112319
-0.0117986
-0.0122659
-0.0126267
-0.0128749
-0.0130057
-0.0130152
-0.0129002
-0.012658
-0.0122866
-0.0117847
-0.0111516
-0.010387
-0.00949161
-0.00846609
-0.0073119
-0.00603131
-0.00462685
-0.00310149
-0.00145876
0.00029789
0.00216496
0.00413832
0.00621387
0.00838763
0.0106549
0.0130102
0.0154486
0.0179653
0.020555
0.0232123
0.0259322
0.0287098
0.0315395
0.0344153
0.0373319
0.0402845
0.0432683
0.0462777
0.0493075
0.052353
0.05541
0.0584736
0.0615386
0.0645999
0.0676527
0.0706926
0.0737147
0.0767135
0.0796831
0.0826179
0.0855122
0.0883608
0.0911579
0.0938979
0.0965753
0.0991851
0.101723
0.104184
0.106565
0.10886
0.111066
0.113178
0.115191
0.117102
0.118908
0.120607
0.122195
0.12367
0.12503
0.126271
0.127392
0.12839
0.129265
0.130016
0.130643
0.131146
0.131528
0.13179
0.131935
0.131965
0.131886
0.1317
0.131413
0.13103
0.130556
0.129996
0.129353
0.128635
0.127849
0.126911
0.125744
-0.00399259
-0.00531749
-0.0064274
-0.00740492
-0.00833869
-0.009216
-0.0100224
-0.0107508
-0.0113931
-0.0119412
-0.0123883
-0.0127284
-0.0129563
-0.0130672
-0.0130578
-0.0129252
-0.012667
-0.0122812
-0.0117664
-0.0111218
-0.0103472
-0.00944298
-0.00840995
-0.00724962
-0.00596426
-0.00455634
-0.00302863
-0.00138457
0.000372551
0.0022394
0.00421189
0.0062859
0.00845747
0.0107219
0.0130737
0.015508
0.0180202
0.0206049
0.0232566
0.0259706
0.0287421
0.0315653
0.0344346
0.0373446
0.0402908
0.0432684
0.0462719
0.0492961
0.0523363
0.0553882
0.0584471
0.0615075
0.0645643
0.0676127
0.0706484
0.0736663
0.076661
0.0796267
0.0825574
0.0854474
0.0882915
0.0910841
0.0938196
0.0964924
0.099098
0.101632
0.10409
0.106468
0.108761
0.110965
0.113075
0.115087
0.116997
0.118803
0.120501
0.122089
0.123565
0.124925
0.126166
0.127286
0.128284
0.129158
0.129909
0.130535
0.131039
0.13142
0.13168
0.131822
0.131848
0.131762
0.131566
0.131266
0.130866
0.130368
0.129776
0.129092
0.128323
0.127475
0.126452
0.125172
-0.00400538
-0.00542831
-0.00660471
-0.0076236
-0.00858457
-0.0094778
-0.0102901
-0.011016
-0.0116504
-0.0121867
-0.0126193
-0.0129434
-0.0131547
-0.0132493
-0.0132238
-0.0130756
-0.0128026
-0.0124029
-0.0118752
-0.0112187
-0.0104332
-0.00951895
-0.00847685
-0.00730842
-0.00601596
-0.00460191
-0.003069
-0.00142054
0.000340302
0.00221034
0.00418556
0.0062618
0.00843503
0.0107004
0.0130527
0.015487
0.017999
0.0205832
0.0232341
0.025947
0.0287172
0.0315392
0.0344072
0.0373161
0.0402616
0.0432387
0.0462421
0.0492664
0.0523072
0.0553601
0.0584203
0.0614823
0.0645406
0.0675906
0.0706276
0.073647
0.076643
0.0796097
0.0825411
0.0854317
0.0882761
0.0910689
0.0938047
0.096478
0.0990841
0.101619
0.104078
0.106458
0.108753
0.110959
0.113071
0.115086
0.116999
0.118808
0.12051
0.122102
0.12358
0.124942
0.126184
0.127305
0.128302
0.129176
0.129926
0.130551
0.131053
0.131431
0.131687
0.131823
0.131842
0.131746
0.131539
0.131223
0.130802
0.130278
0.129654
0.128929
0.12811
0.127203
0.126103
0.124722
-0.00410079
-0.00561374
-0.0068543
-0.0079163
-0.00890764
-0.00982082
-0.0106443
-0.011374
-0.0120062
-0.0125363
-0.0129596
-0.0132721
-0.0134704
-0.0135515
-0.0135124
-0.0133506
-0.0130641
-0.0126513
-0.012111
-0.0114423
-0.0106452
-0.00971997
-0.00866748
-0.00748934
-0.00618783
-0.00476534
-0.00322453
-0.00156867
0.000199142
0.00207575
0.00405713
0.00613908
0.00831762
0.0105879
0.0129447
0.0153833
0.0178993
0.0204874
0.0231423
0.0258591
0.0286333
0.0314593
0.0343316
0.0372451
0.0401955
0.0431779
0.046187
0.0492175
0.0522649
0.055325
0.0583926
0.0614621
0.0645279
0.0675852
0.0706294
0.0736555
0.0766579
0.0796306
0.0825677
0.0854636
0.0883132
0.0911113
0.0938524
0.096531
0.0991426
0.101683
0.104148
0.106533
0.108834
0.111046
0.113165
0.115186
0.117107
0.118923
0.120631
0.122229
0.123712
0.125078
0.126323
0.127445
0.128444
0.129318
0.130066
0.13069
0.131189
0.131564
0.131815
0.131945
0.131955
0.131848
0.131627
0.131293
0.130851
0.130301
0.129644
0.128879
0.128013
0.12705
0.125879
0.124406
-0.00429341
-0.00588712
-0.00718766
-0.0082929
-0.00931683
-0.0102531
-0.0110916
-0.0118296
-0.0124642
-0.0129926
-0.0134108
-0.0137157
-0.0139045
-0.0139748
-0.0139242
-0.0137503
-0.0134515
-0.0130264
-0.0124738
-0.011793
-0.0109836
-0.0100464
-0.00898231
-0.0077929
-0.00648048
-0.00504734
-0.00349606
-0.00182988
-5.19305e-05
0.00183459
0.00382555
0.00591673
0.0081042
0.0103832
0.0127486
0.0151957
0.0177202
0.020317
0.0229806
0.0257064
0.0284898
0.0313254
0.0342075
0.0371312
0.0400921
0.0430856
0.0461062
0.0491487
0.0522087
0.0552817
0.0583626
0.0614454
0.0645244
0.0675946
0.0706514
0.0736897
0.0767037
0.0796873
0.082635
0.0855414
0.0884013
0.0912097
0.0939611
0.0966501
0.099272
0.101823
0.104298
0.106693
0.109004
0.111227
0.113356
0.115387
0.117318
0.119145
0.120863
0.122469
0.123959
0.125331
0.12658
0.127706
0.128707
0.129582
0.130331
0.130954
0.131451
0.131822
0.132069
0.132192
0.132193
0.132075
0.13184
0.131489
0.131025
0.130448
0.129759
0.128954
0.128042
0.127026
0.12579
0.124233
-0.00459361
-0.00625972
-0.00761549
-0.00876277
-0.00982027
-0.0107818
-0.0116383
-0.0123881
-0.0130289
-0.0135589
-0.0139755
-0.014276
-0.0144581
-0.01452
-0.0144597
-0.0142753
-0.0139652
-0.0135283
-0.0129636
-0.0122702
-0.0114481
-0.010498
-0.00942103
-0.00821873
-0.00689337
-0.00544719
-0.00388277
-0.00220338
-0.000412156
0.00148761
0.00349166
0.00559574
0.00779595
0.0100877
0.0124657
0.0149256
0.0174631
0.0200732
0.0227505
0.0254903
0.0282881
0.0311386
0.034036
0.0369753
0.0399524
0.0429625
0.0460003
0.0490605
0.0521386
0.0552302
0.0583298
0.0614313
0.0645288
0.0676171
0.0706916
0.0737471
0.0767777
0.0797775
0.082741
0.0856629
0.0885384
0.0913622
0.0941291
0.0968335
0.0994706
0.102036
0.104526
0.106936
0.109262
0.111499
0.113642
0.115688
0.117632
0.119471
0.121202
0.122819
0.124318
0.125698
0.126954
0.128086
0.12909
0.129969
0.130719
0.131343
0.131839
0.132208
0.132451
0.132568
0.132561
0.132433
0.132184
0.131816
0.13133
0.130727
0.130005
0.129162
0.128205
0.127138
0.125838
0.124205
-0.00500805
-0.00674023
-0.00814714
-0.00933476
-0.010426
-0.0114141
-0.0122906
-0.0130546
-0.0137047
-0.0142392
-0.0146567
-0.0149554
-0.0151331
-0.0151884
-0.0151199
-0.014926
-0.0146054
-0.0141569
-0.0135797
-0.0128732
-0.0120376
-0.0110736
-0.00998229
-0.00876526
-0.00742472
-0.00596293
-0.00438251
-0.00268685
-0.00087912
0.00103732
0.0030581
0.00517891
0.00739591
0.00970446
0.0120994
0.0145765
0.0171316
0.0197597
0.0224555
0.0252143
0.0280317
0.0309023
0.0338202
0.0367806
0.0397793
0.0428114
0.0458717
0.0489549
0.0520564
0.0551716
0.0582948
0.0614199
0.0645406
0.0676519
0.0707489
0.0738265
0.0768788
0.0798999
0.0828842
0.0858269
0.0887231
0.0915676
0.0943549
0.0970797
0.0997371
0.102323
0.104833
0.107262
0.109607
0.111862
0.114023
0.116086
0.118047
0.119901
0.121646
0.123275
0.124787
0.126177
0.127443
0.128582
0.129594
0.130477
0.131231
0.131857
0.132354
0.132722
0.132962
0.133075
0.133062
0.132924
0.132662
0.132276
0.131769
0.131138
0.130383
0.129501
0.1285
0.127383
0.126025
0.12432
-0.00554178
-0.00733547
-0.00879048
-0.0100166
-0.0111414
-0.0121567
-0.0130543
-0.0138343
-0.0144957
-0.0150371
-0.0154576
-0.0157561
-0.0159311
-0.0159812
-0.0159055
-0.0157028
-0.0153719
-0.0149116
-0.0143214
-0.013601
-0.0127508
-0.0117714
-0.0106641
-0.00943018
-0.00807203
-0.00659192
-0.00499255
-0.00327741
-0.00144978
0.000486926
0.00252826
0.00466981
0.00690773
0.00923741
0.0116537
0.0141524
0.0167298
0.0193808
0.0221
0.0248829
0.027725
0.0306208
0.0335646
0.0365512
0.0395766
0.0426361
0.0457242
0.0488354
0.051965
0.0551084
0.0582598
0.0614128
0.0645612
0.0676998
0.0708239
0.0739284
0.0770073
0.0800546
0.0830649
0.0860334
0.0889554
0.0918256
0.0946385
0.0973886
0.100071
0.102682
0.105217
0.10767
0.110038
0.112315
0.114498
0.116581
0.11856
0.120433
0.122194
0.123839
0.125365
0.126769
0.128047
0.129196
0.130216
0.131107
0.131867
0.132496
0.132996
0.133365
0.133604
0.133714
0.133695
0.133547
0.133272
0.132869
0.132338
0.13168
0.130892
0.129971
0.128926
0.127761
0.126347
0.124576
-0.00619964
-0.00805128
-0.00955216
-0.0108152
-0.0119726
-0.0130157
-0.0139351
-0.0147319
-0.0154059
-0.0159558
-0.0163808
-0.0166804
-0.0168536
-0.0168996
-0.0168172
-0.0166058
-0.0162642
-0.0157917
-0.0151878
-0.0144526
-0.0135864
-0.01259
-0.0114645
-0.0102114
-0.00883313
-0.007332
-0.00571074
-0.0039729
-0.00212187
-0.000161168
0.00190463
0.00407101
0.00633409
0.00868928
0.0111315
0.0136567
0.0162611
0.0189399
0.0216875
0.0244994
0.0273713
0.0302976
0.0332724
0.0362905
0.039348
0.04244
0.0455608
0.0487048
0.0518672
0.0550432
0.058227
0.061412
0.0645924
0.0677628
0.0709186
0.0740546
0.0771649
0.0802435
0.0832849
0.0862843
0.089237
0.0921378
0.0949812
0.0977618
0.100475
0.103115
0.105679
0.108161
0.110556
0.11286
0.115067
0.117173
0.119174
0.121067
0.122847
0.124511
0.126055
0.127474
0.128766
0.129928
0.130959
0.131859
0.132627
0.133263
0.133767
0.134138
0.134378
0.134484
0.134459
0.134302
0.134012
0.133591
0.133037
0.13235
0.131528
0.130569
0.129481
0.128271
0.126804
0.124973
-0.00698616
-0.00889271
-0.0104377
-0.0117365
-0.0129254
-0.0139961
-0.014938
-0.0157521
-0.0164392
-0.0169984
-0.0174289
-0.0177304
-0.0179026
-0.0179447
-0.0178559
-0.0176355
-0.0172828
-0.0167974
-0.016179
-0.0154277
-0.0145439
-0.0135286
-0.0123828
-0.0111083
-0.00970748
-0.00818265
-0.00653659
-0.00477292
-0.00289507
-0.000906696
0.00118741
0.00338264
0.00567512
0.00806028
0.010533
0.0130894
0.0157259
0.0184374
0.0212185
0.0240646
0.0269714
0.0299333
0.0329443
0.0359993
0.039094
0.0422236
0.0453822
0.0485638
0.0517635
0.0549766
0.0581971
0.0614188
0.0646355
0.0678424
0.0710346
0.0742072
0.077354
0.080469
0.0835466
0.0865821
0.0895707
0.0925072
0.0953862
0.0982022
0.10095
0.103625
0.106223
0.108737
0.111164
0.113497
0.115732
0.117864
0.11989
0.121807
0.123609
0.125294
0.126857
0.128295
0.129603
0.13078
0.131824
0.132736
0.133513
0.134157
0.134667
0.135042
0.135281
0.135385
0.135353
0.135186
0.134882
0.134442
0.133864
0.133148
0.132292
0.131296
0.130167
0.128913
0.127399
0.125511
-0.00790528
-0.00986408
-0.0114518
-0.0127856
-0.0140053
-0.0151026
-0.0160672
-0.0168991
-0.0175995
-0.0181684
-0.018605
-0.0189089
-0.0190803
-0.0191186
-0.0190232
-0.0187935
-0.0184292
-0.01793
-0.017296
-0.0165273
-0.0156244
-0.0145884
-0.0134204
-0.0121223
-0.0106966
-0.00914554
-0.00747188
-0.00567934
-0.00377147
-0.00175201
0.000374062
0.00260202
0.00492803
0.00734756
0.0098555
0.0124479
0.0151212
0.0178704
0.0206899
0.0235752
0.0265221
0.0295248
0.0325773
0.0356742
0.0388115
0.0419839
0.0451852
0.0484093
0.0516512
0.0549062
0.0581685
0.0614318
0.0646901
0.0679385
0.0711726
0.074387
0.0775758
0.0807327
0.0838521
0.0869291
0.089959
0.0929366
0.0958563
0.0987125
0.1015
0.104214
0.106849
0.1094
0.111861
0.114227
0.116494
0.118656
0.12071
0.122654
0.124482
0.12619
0.127776
0.129234
0.130561
0.131755
0.132814
0.133739
0.134529
0.135182
0.135698
0.136076
0.136316
0.136417
0.136378
0.1362
0.135881
0.135422
0.13482
0.134076
0.133188
0.132156
0.130988
0.129694
0.128134
0.126194
-0.00896055
-0.0109692
-0.0125984
-0.0139668
-0.0152166
-0.0163401
-0.0173269
-0.018177
-0.0188911
-0.0194697
-0.0199126
-0.0202194
-0.02039
-0.0204243
-0.0203221
-0.0200827
-0.0197063
-0.0191926
-0.0185419
-0.0177544
-0.0168308
-0.0157723
-0.0145804
-0.0132568
-0.0118039
-0.0102242
-0.00852027
-0.00669603
-0.00475514
-0.00270144
-0.000539992
0.0017244
0.00408796
0.00654611
0.00909369
0.0117267
0.0144416
0.0172333
0.0200962
0.0230257
0.0260176
0.0290663
0.0321653
0.0353095
0.0384944
0.0417147
0.0449639
0.0482357
0.051525
0.0548273
0.0581369
0.0614474
0.0647531
0.0680489
0.0713307
0.0745929
0.0778296
0.0810342
0.0842013
0.0873258
0.0904028
0.0934271
0.0963927
0.0992941
0.102126
0.104882
0.107559
0.11015
0.11265
0.115053
0.117354
0.11955
0.121637
0.12361
0.125467
0.127202
0.128812
0.130293
0.131641
0.132855
0.133932
0.134872
0.135675
0.136338
0.136861
0.137242
0.137482
0.13758
0.137535
0.137346
0.137013
0.136535
0.135911
0.13514
0.134222
0.133156
0.131952
0.13062
0.129017
0.127026
-0.0101549
-0.0122117
-0.013881
-0.0152839
-0.016564
-0.0177132
-0.0187221
-0.0195905
-0.0203187
-0.0209073
-0.0213566
-0.0216663
-0.0218363
-0.0218666
-0.0217572
-0.0215078
-0.0211186
-0.0205896
-0.0199211
-0.0191136
-0.0181678
-0.0170852
-0.0158675
-0.0145162
-0.013034
-0.0114231
-0.00968636
-0.00782771
-0.00585094
-0.00375993
-0.00155979
0.000744664
0.00314967
0.0056506
0.00824214
0.0109203
0.0136814
0.0165204
0.0194314
0.02241
0.025452
0.0285516
0.0317022
0.0348986
0.0381361
0.0414094
0.0447117
0.0480366
0.0513789
0.0547343
0.0580972
0.0614613
0.0648205
0.0681702
0.0715058
0.0748222
0.0781131
0.0813719
0.0845929
0.087771
0.0909012
0.0939779
0.096995
0.0999463
0.102826
0.10563
0.108352
0.110987
0.11353
0.115974
0.118315
0.120549
0.122672
0.124679
0.126567
0.128333
0.12997
0.131477
0.132849
0.134085
0.135182
0.136139
0.136955
0.137629
0.138159
0.138545
0.138785
0.138881
0.138829
0.138631
0.138284
0.137789
0.137144
0.136348
0.135401
0.134303
0.133065
0.131696
0.130051
0.12801
-0.0114903
-0.0135951
-0.0153038
-0.0167406
-0.0180516
-0.0192272
-0.020258
-0.0211448
-0.0218877
-0.0224868
-0.0229426
-0.0232553
-0.0234247
-0.0234509
-0.0233342
-0.0230745
-0.0226719
-0.0221266
-0.0214391
-0.0206101
-0.0196406
-0.0185323
-0.0172867
-0.0159056
-0.0143915
-0.0127469
-0.0109746
-0.00907868
-0.00706304
-0.00493151
-0.0026892
-0.000340967
0.00210944
0.00465731
0.00729719
0.010025
0.012837
0.015728
0.0186922
0.0217248
0.0248217
0.0279771
0.0311843
0.0344377
0.0377328
0.0410641
0.0444247
0.0478082
0.0512094
0.054624
0.0580465
0.0614705
0.0648898
0.0682997
0.0716958
0.0750728
0.0784244
0.0817438
0.0850253
0.0882634
0.091453
0.0945881
0.0976621
0.100669
0.103602
0.106458
0.10923
0.111914
0.114503
0.116994
0.119379
0.121655
0.123818
0.125863
0.127787
0.129586
0.131255
0.132791
0.13419
0.135449
0.136567
0.137543
0.138374
0.13906
0.139598
0.139989
0.140231
0.140324
0.140268
0.140061
0.139703
0.139191
0.138527
0.137708
0.136734
0.135605
0.134333
0.132926
0.131238
0.129145
-0.0129682
-0.0151224
-0.0168712
-0.0183417
-0.019684
-0.020887
-0.0219404
-0.0228458
-0.0236038
-0.0242139
-0.0246767
-0.0249924
-0.0251614
-0.0251836
-0.0250592
-0.0247885
-0.0243717
-0.0238091
-0.0231013
-0.0222495
-0.0212546
-0.0201185
-0.0188428
-0.0174292
-0.0158805
-0.0141992
-0.0123883
-0.010452
-0.00839408
-0.00621841
-0.00393013
-0.00153413
0.000965855
0.00356505
0.00625785
0.00904
0.0119078
0.0148559
0.0178781
0.0209698
0.0241266
0.0273428
0.0306114
0.0339268
0.0372844
0.0406788
0.0441032
0.0475508
0.0510168
0.0544967
0.0579851
0.0614754
0.0649613
0.068438
0.071901
0.0753451
0.0787638
0.0821504
0.0854986
0.088803
0.092058
0.0952572
0.0983938
0.101461
0.104453
0.107366
0.110194
0.112931
0.115573
0.118114
0.120548
0.122871
0.125078
0.127166
0.12913
0.130966
0.13267
0.134238
0.135667
0.136952
0.138094
0.139089
0.139937
0.140635
0.141183
0.14158
0.141825
0.141918
0.141858
0.141644
0.141275
0.140749
0.140066
0.139225
0.138224
0.137064
0.135756
0.13431
0.132576
0.130429
-0.01459
-0.0167963
-0.0185871
-0.0200919
-0.0214659
-0.0226972
-0.0237746
-0.0246993
-0.0254728
-0.0260945
-0.0265646
-0.0268837
-0.0270521
-0.02707
-0.0269376
-0.0266552
-0.0262232
-0.025642
-0.0249127
-0.0240362
-0.0230139
-0.0218477
-0.0205392
-0.0190903
-0.0175039
-0.0157827
-0.0139297
-0.0119493
-0.00984529
-0.00762145
-0.005283
-0.00283489
-0.000280847
0.00237436
0.00512494
0.00796653
0.0108953
0.0139057
0.0169912
0.0201471
0.0233691
0.0266512
0.0299863
0.0333688
0.0367942
0.0402571
0.0437508
0.0472684
0.0508051
0.0543565
0.057917
0.06148
0.0650389
0.0685887
0.0721249
0.0756424
0.0791345
0.0825942
0.0860152
0.0893916
0.0927176
0.0959866
0.0991913
0.102325
0.105382
0.108357
0.111246
0.114043
0.116743
0.119339
0.121827
0.124201
0.126458
0.128592
0.1306
0.132477
0.13422
0.135824
0.137284
0.138598
0.139764
0.140781
0.141647
0.142361
0.14292
0.143325
0.143575
0.143668
0.143606
0.143385
0.143006
0.142466
0.141764
0.140899
0.13987
0.138677
0.137331
0.135843
0.134061
0.131858
-0.0163581
-0.0186194
-0.0204548
-0.0219958
-0.023402
-0.0246627
-0.0257653
-0.0267105
-0.0275
-0.0281337
-0.0286115
-0.0289341
-0.0291018
-0.029115
-0.0289738
-0.0286788
-0.0282304
-0.0276293
-0.0268767
-0.0259737
-0.0249218
-0.0237228
-0.0223786
-0.0208913
-0.0192639
-0.0174992
-0.0156004
-0.0135719
-0.0114175
-0.00914119
-0.0067481
-0.0042433
-0.00163043
0.00108573
0.00389922
0.00680548
0.00980061
0.0128787
0.0160331
0.0192587
0.0225513
0.0259048
0.0293118
0.032767
0.0362659
0.0398033
0.0433722
0.0469659
0.0505794
0.0542085
0.0578475
0.0614896
0.0651278
0.068757
0.0723727
0.0759696
0.0795409
0.0830794
0.0865785
0.0900322
0.0934345
0.0967784
0.100057
0.103262
0.10639
0.109434
0.112389
0.115252
0.118015
0.120672
0.123218
0.125649
0.127959
0.130144
0.1322
0.134123
0.135908
0.137549
0.139044
0.140389
0.141583
0.142624
0.14351
0.14424
0.144813
0.145228
0.145483
0.145579
0.145514
0.145288
0.144898
0.144343
0.143621
0.142731
0.141671
0.140441
0.139055
0.137523
0.135692
0.133431
-0.0182762
-0.0205946
-0.0224771
-0.0240569
-0.0254971
-0.026788
-0.0279169
-0.0288838
-0.02969
-0.0303359
-0.0308217
-0.0311477
-0.0313143
-0.0313222
-0.0311715
-0.0308627
-0.0303966
-0.029774
-0.0289963
-0.0280646
-0.0269807
-0.0257464
-0.0243637
-0.0228348
-0.021163
-0.0193511
-0.0174025
-0.0153217
-0.0131128
-0.0107795
-0.00832723
-0.00576104
-0.00308447
-0.000302313
0.00257929
0.00555557
0.00862248
0.0117739
0.0150027
0.0183038
0.0216726
0.0251033
0.0285884
0.0321223
0.0357009
0.0393191
0.0429697
0.0466459
0.0503427
0.0540559
0.05778
0.0615076
0.0652317
0.0689467
0.072648
0.0763302
0.0799864
0.0836091
0.0871915
0.0907274
0.0942109
0.097635
0.100992
0.104276
0.10748
0.110598
0.113627
0.11656
0.119391
0.122115
0.124725
0.127217
0.129585
0.131826
0.133934
0.135906
0.137736
0.139418
0.14095
0.142329
0.143553
0.144621
0.14553
0.14628
0.146868
0.147294
0.147557
0.147655
0.147588
0.147355
0.146954
0.146381
0.145637
0.144718
0.143625
0.142357
0.140928
0.139352
0.13747
0.135152
-0.0203485
-0.0227256
-0.024657
-0.0262781
-0.0277547
-0.0290771
-0.0302333
-0.0312228
-0.0320465
-0.0327051
-0.0331989
-0.0335282
-0.0336934
-0.0336952
-0.0335339
-0.0332103
-0.032725
-0.0320793
-0.0312745
-0.0303121
-0.0291938
-0.0279216
-0.0264976
-0.0249241
-0.0232046
-0.0213421
-0.0193398
-0.0172027
-0.0149349
-0.0125404
-0.0100245
-0.00739223
-0.00464711
-0.00179394
0.00116094
0.00421254
0.00735661
0.0105868
0.0138957
0.0172778
0.020729
0.0242429
0.0278124
0.0314318
0.0350969
0.0388025
0.0425415
0.0463069
0.0500937
0.0538979
0.0577138
0.0615337
0.0653503
0.0691576
0.0729509
0.0767246
0.0804716
0.0841841
0.087855
0.0914784
0.0950483
0.0985581
0.102
0.105367
0.108654
0.111853
0.11496
0.11797
0.120876
0.123672
0.126351
0.128909
0.13134
0.13364
0.135805
0.137829
0.139707
0.141434
0.143007
0.144422
0.14568
0.146777
0.147712
0.148483
0.149089
0.149528
0.149799
0.1499
0.149831
0.149589
0.149174
0.148582
0.147813
0.146863
0.145735
0.144427
0.142955
0.141335
0.139404
0.137026
-0.0225783
-0.0250164
-0.0269982
-0.0286625
-0.0301779
-0.0315337
-0.0327181
-0.0337311
-0.0345733
-0.0352451
-0.0357471
-0.0360796
-0.036243
-0.036238
-0.0360653
-0.0357255
-0.0352197
-0.0345492
-0.0337155
-0.0327203
-0.0315653
-0.0302528
-0.0287849
-0.0271641
-0.0253937
-0.023477
-0.0214174
-0.0192201
-0.0168895
-0.0144295
-0.0118455
-0.00914255
-0.00632407
-0.00339491
-0.000361655
0.00277044
0.00599696
0.00931131
0.0127058
0.0161749
0.0197143
0.023318
0.0269785
0.0306901
0.0344485
0.0382485
0.0420829
0.0459445
0.0498284
0.0537304
0.057645
0.0615643
0.0654801
0.0693865
0.0732784
0.0771501
0.0809942
0.0848027
0.0885682
0.0922849
0.0959472
0.0995486
0.103082
0.106539
0.109913
0.113199
0.116391
0.119484
0.12247
0.125344
0.128098
0.130727
0.133226
0.13559
0.137815
0.139895
0.141825
0.1436
0.145217
0.146674
0.147967
0.149097
0.150061
0.150856
0.151481
0.151934
0.152213
0.152318
0.152245
0.151994
0.151563
0.15095
0.150154
0.149173
0.148008
0.146661
0.145148
0.143484
0.141502
0.139064
-0.0249675
-0.0274704
-0.0295046
-0.0312137
-0.03277
-0.0341612
-0.0353753
-0.036413
-0.0372747
-0.0379605
-0.038471
-0.0388068
-0.0389682
-0.0389559
-0.0387708
-0.0384138
-0.0378861
-0.0371891
-0.0363247
-0.0352946
-0.0341009
-0.0327458
-0.0312314
-0.0295603
-0.027736
-0.0257617
-0.0236413
-0.02138
-0.0189825
-0.0164527
-0.013796
-0.0110176
-0.00812076
-0.00511057
-0.00199379
0.00122403
0.0045383
0.00794223
0.011428
0.0149898
0.0186237
0.0223236
0.026082
0.0298926
0.0337512
0.0376527
0.0415895
0.0455543
0.0495422
0.0535491
0.0575694
0.0615949
0.065617
0.0696293
0.0736267
0.0776031
0.0815511
0.0854622
0.0893291
0.0931458
0.0969072
0.100607
0.104237
0.107791
0.11126
0.114639
0.117922
0.121103
0.124176
0.127133
0.129967
0.132673
0.135244
0.137677
0.139966
0.142107
0.144094
0.145922
0.147587
0.149088
0.150421
0.151587
0.152581
0.153403
0.154049
0.154517
0.154806
0.154912
0.154836
0.154574
0.154127
0.153492
0.152669
0.151657
0.150457
0.149072
0.147517
0.145809
0.143774
0.141271
-0.0275179
-0.0300901
-0.03218
-0.0339356
-0.0355347
-0.0369637
-0.0382095
-0.0392734
-0.0401558
-0.0408567
-0.0413764
-0.0417157
-0.0418751
-0.0418552
-0.041657
-0.0412817
-0.0407306
-0.0400056
-0.0391086
-0.0380417
-0.0368069
-0.0354066
-0.0338431
-0.0321187
-0.0302371
-0.0282018
-0.0260167
-0.0236874
-0.0212187
-0.0186144
-0.0158802
-0.013021
-0.0100407
-0.00694406
-0.00373832
-0.00042928
0.00297828
0.00647749
0.0100604
0.0137213
0.017456
0.0212588
0.0251217
0.0290383
0.0330041
0.0370139
0.0410601
0.0451352
0.049234
0.0533527
0.0574854
0.0616237
0.0657588
0.0698837
0.0739932
0.0780813
0.0821401
0.0861611
0.0901366
0.0940607
0.0979284
0.101733
0.105468
0.109125
0.112695
0.116173
0.119553
0.122829
0.125995
0.129041
0.131961
0.134749
0.137398
0.139904
0.142262
0.144469
0.146517
0.148403
0.150121
0.15167
0.153047
0.154251
0.155279
0.156129
0.156798
0.157283
0.157581
0.15769
0.157609
0.157337
0.156874
0.156218
0.155369
0.154327
0.153093
0.15167
0.150072
0.148317
0.146225
0.14365
-0.0302319
-0.0328785
-0.0350282
-0.0368329
-0.0384769
-0.0399461
-0.0412262
-0.042318
-0.0432227
-0.0439398
-0.0444698
-0.0448131
-0.0449706
-0.0449428
-0.0447309
-0.0443361
-0.0437603
-0.0430054
-0.0420738
-0.0409678
-0.0396894
-0.0382411
-0.0366252
-0.0348441
-0.0329016
-0.0308014
-0.0285475
-0.0261458
-0.0236009
-0.0209171
-0.0180998
-0.0151544
-0.0120846
-0.0088957
-0.0055951
-0.00218888
0.00131802
0.00491869
0.0086051
0.0123715
0.0162139
0.0201262
0.0241005
0.0281301
0.0322101
0.0363352
0.0404978
0.0446902
0.0489069
0.0531439
0.0573954
0.0616529
0.0659072
0.070151
0.0743791
0.0785854
0.0827621
0.0869002
0.0909917
0.0950306
0.099012
0.10293
0.106776
0.110542
0.11422
0.117803
0.121287
0.124664
0.127928
0.131069
0.134081
0.136955
0.139688
0.142273
0.144707
0.146985
0.1491
0.151048
0.152824
0.154425
0.155849
0.157095
0.15816
0.159041
0.159734
0.160236
0.160545
0.160657
0.160573
0.160292
0.159813
0.159137
0.158263
0.157191
0.155923
0.154459
0.152816
0.151008
0.148854
0.146201
-0.0331137
-0.0358397
-0.0380535
-0.039911
-0.0416026
-0.0431145
-0.0444312
-0.0455533
-0.0464818
-0.0472166
-0.0477578
-0.0481058
-0.0482613
-0.0482253
-0.0479988
-0.0475835
-0.0469813
-0.0461946
-0.0452261
-0.0440782
-0.0427532
-0.0412536
-0.0395818
-0.0377401
-0.0357326
-0.0335631
-0.0312358
-0.0287566
-0.0261303
-0.0233612
-0.020455
-0.0174172
-0.0142517
-0.0109643
-0.0075624
-0.00405255
-0.00043976
0.00326905
0.0070658
0.0109447
0.0149016
0.0189305
0.0230232
0.0271727
0.031374
0.0356216
0.0399076
0.0442241
0.0485654
0.0529274
0.0573041
0.0616869
0.0660664
0.0704352
0.0747881
0.0791191
0.0834203
0.0876825
0.0918973
0.0960584
0.100161
0.104198
0.108162
0.112044
0.115836
0.119532
0.123125
0.126609
0.129977
0.13322
0.136329
0.139296
0.142118
0.144788
0.147304
0.149659
0.151848
0.153863
0.155701
0.157358
0.158834
0.160125
0.161229
0.162142
0.162861
0.163382
0.163703
0.16382
0.163734
0.163445
0.162953
0.162257
0.161358
0.160255
0.158949
0.157441
0.155747
0.153882
0.151658
0.148921
-0.0361693
-0.0389791
-0.0412613
-0.0431757
-0.0449183
-0.0464753
-0.0478312
-0.0489857
-0.0499397
-0.0506935
-0.0512468
-0.0516
-0.0517536
-0.0517087
-0.0514666
-0.0510292
-0.0503988
-0.0495782
-0.0485701
-0.0473773
-0.0460022
-0.0444476
-0.0427158
-0.0408093
-0.0387324
-0.0364889
-0.0340832
-0.031521
-0.0288077
-0.0259474
-0.0229461
-0.0198096
-0.0165421
-0.0131494
-0.00963967
-0.00601942
-0.00229388
0.00153001
0.00544411
0.00944245
0.0135209
0.0176734
0.0218916
0.0261681
0.0304979
0.034875
0.0392917
0.0437394
0.0482122
0.0527058
0.0572142
0.0617286
0.0662395
0.0707397
0.0752237
0.0796859
0.0841185
0.0885117
0.0928569
0.0971472
0.101377
0.105541
0.10963
0.113635
0.117548
0.121362
0.125071
0.128668
0.132146
0.135495
0.138708
0.141775
0.144692
0.147455
0.150058
0.152497
0.154763
0.156851
0.158756
0.160475
0.162005
0.163344
0.164489
0.165437
0.166184
0.166727
0.167061
0.167186
0.167101
0.166805
0.166299
0.165583
0.164656
0.163519
0.162171
0.160613
0.158863
0.156935
0.154639
0.151815
-0.0394055
-0.0423034
-0.0446579
-0.0466332
-0.0484303
-0.0500353
-0.0514326
-0.0526217
-0.0536031
-0.0543768
-0.0549429
-0.0553013
-0.0554527
-0.0553982
-0.0551393
-0.0546782
-0.0540176
-0.0531604
-0.0521099
-0.0508689
-0.0494401
-0.0478265
-0.0460305
-0.0440549
-0.0419038
-0.0395814
-0.0370919
-0.0344415
-0.0316354
-0.0286781
-0.0255755
-0.0223339
-0.018958
-0.0154537
-0.0118294
-0.00809197
-0.00424681
-0.000300915
0.00373748
0.00786226
0.0120692
0.0163522
0.0207029
0.0251136
0.0295788
0.0340927
0.0386471
0.0432332
0.0478447
0.052477
0.057124
0.0617769
0.0664262
0.0710645
0.0756866
0.080287
0.0848579
0.0893893
0.0938719
0.0982986
0.102664
0.106961
0.111182
0.115317
0.119358
0.123296
0.127127
0.130843
0.134437
0.1379
0.141222
0.144397
0.147417
0.150278
0.152975
0.155502
0.157852
0.160018
0.161994
0.163778
0.165367
0.166757
0.167947
0.168933
0.169711
0.170277
0.170629
0.170763
0.17068
0.170378
0.169858
0.169119
0.168161
0.166985
0.16559
0.163978
0.162167
0.160175
0.157803
0.154888
-0.0428289
-0.0458199
-0.0482505
-0.0502903
-0.0521456
-0.0538015
-0.0552424
-0.056468
-0.0574783
-0.0582731
-0.0588521
-0.0592157
-0.0593643
-0.0592991
-0.0590221
-0.0585355
-0.0578425
-0.0569462
-0.0558502
-0.0545577
-0.0530716
-0.0513949
-0.0495305
-0.0474811
-0.045251
-0.0428446
-0.0402662
-0.037522
-0.0346175
-0.0315572
-0.0283475
-0.0249948
-0.0215042
-0.0178819
-0.0141366
-0.0102754
-0.00630395
-0.0022293
0.00194019
0.00619824
0.0105405
0.0149608
0.0194508
0.0240025
0.0286102
0.0332679
0.0379671
0.0426989
0.0474565
0.0522349
0.057028
0.061827
0.0666222
0.0714062
0.076174
0.0809202
0.0856369
0.0903139
0.0949414
0.0995119
0.104019
0.108458
0.112818
0.11709
0.121266
0.125336
0.129295
0.133137
0.136854
0.140438
0.143877
0.147165
0.150295
0.15326
0.156057
0.158679
0.161118
0.163367
0.16542
0.167274
0.168925
0.170371
0.171609
0.172636
0.173449
0.174042
0.174413
0.174559
0.174477
0.174169
0.173632
0.172868
0.171876
0.170657
0.169212
0.167543
0.16567
0.163611
0.161162
0.158152
-0.0464452
-0.0495353
-0.0520465
-0.0541541
-0.056071
-0.057781
-0.059268
-0.0605319
-0.0615725
-0.0623891
-0.0629814
-0.0633498
-0.0634949
-0.0634181
-0.0631214
-0.0626076
-0.0618799
-0.0609419
-0.0597975
-0.0584501
-0.0569029
-0.0551591
-0.0532218
-0.0510939
-0.04878
-0.0462843
-0.0436116
-0.040768
-0.0377593
-0.0345903
-0.0312675
-0.0277976
-0.0241861
-0.0204396
-0.0165668
-0.0125752
-0.00847081
-0.00426072
4.66542e-05
0.00444479
0.00892913
0.0134936
0.0181298
0.0228293
0.0275863
0.0323946
0.0372457
0.0421303
0.0470413
0.0519734
0.0569204
0.0618734
0.0668227
0.0717606
0.0766822
0.0815822
0.0864526
0.0912829
0.0960631
0.100785
0.105443
0.11003
0.114537
0.118954
0.123272
0.127481
0.131577
0.135552
0.1394
0.143112
0.146676
0.150085
0.153331
0.156408
0.159311
0.162033
0.164566
0.166904
0.169039
0.170967
0.172686
0.174191
0.175482
0.176555
0.177406
0.17803
0.178423
0.17858
0.178501
0.178185
0.17763
0.176837
0.175808
0.174544
0.173047
0.171321
0.169385
0.167258
0.164728
0.161617
-0.0502599
-0.053456
-0.0560529
-0.058232
-0.0602139
-0.0619814
-0.0635172
-0.0648213
-0.0658934
-0.0667326
-0.0673386
-0.0677117
-0.0678527
-0.0677633
-0.0674455
-0.0669025
-0.0661379
-0.0651556
-0.0639598
-0.0625541
-0.0609419
-0.0591268
-0.0571119
-0.0549006
-0.0524973
-0.0499068
-0.0471339
-0.044185
-0.0410659
-0.037782
-0.0343398
-0.0307464
-0.0270076
-0.0231303
-0.0191233
-0.0149946
-0.0107503
-0.00639787
-0.00194558
0.00259974
0.00723326
0.0119489
0.016738
0.0215923
0.0265055
0.0314712
0.0364811
0.0415258
0.0465976
0.051691
0.0567997
0.0619147
0.0670261
0.0721262
0.0772097
0.0822714
0.0873033
0.0922949
0.0972355
0.102117
0.106933
0.111676
0.116339
0.120909
0.125376
0.129733
0.133973
0.13809
0.142077
0.145925
0.149622
0.153159
0.156528
0.159723
0.162738
0.165567
0.168202
0.170634
0.172857
0.174865
0.176656
0.178227
0.179576
0.180699
0.181592
0.182249
0.182665
0.182835
0.182758
0.182432
0.181857
0.181035
0.179968
0.178658
0.177109
0.175325
0.173325
0.171127
0.168511
0.165291
-0.0542791
-0.0575884
-0.0602767
-0.0625317
-0.0645823
-0.0664108
-0.0679985
-0.0693449
-0.0704501
-0.071313
-0.0719332
-0.0723109
-0.0724473
-0.072344
-0.0720037
-0.0714297
-0.0706258
-0.0695965
-0.068346
-0.0668782
-0.0651969
-0.0633058
-0.0612083
-0.0589079
-0.0564095
-0.0537179
-0.0508383
-0.0477773
-0.0445412
-0.0411356
-0.0375672
-0.0338432
-0.0299701
-0.0259549
-0.0218067
-0.0175335
-0.0131422
-0.00864005
-0.0040354
0.000664633
0.00545478
0.0103288
0.0152783
0.0202945
0.0253709
0.030501
0.0356767
0.0408886
0.0461287
0.051391
0.056669
0.0619538
0.0672354
0.0725057
0.0777591
0.0829902
0.0881913
0.0933515
0.0984602
0.103509
0.10849
0.113398
0.118223
0.122954
0.12758
0.132093
0.136486
0.140754
0.144889
0.14888
0.152718
0.15639
0.15989
0.16321
0.166346
0.169288
0.172031
0.174564
0.17688
0.178975
0.180845
0.182488
0.183899
0.185077
0.186015
0.186707
0.187147
0.18733
0.187254
0.186919
0.186324
0.185473
0.184368
0.183013
0.181412
0.179567
0.177499
0.175224
0.172512
0.169173
-0.0585099
-0.0619396
-0.0647255
-0.0670615
-0.0691852
-0.0710782
-0.072721
-0.0741125
-0.0752525
-0.0761403
-0.0767753
-0.0771577
-0.0772888
-0.0771707
-0.0768061
-0.0761989
-0.0753532
-0.0742736
-0.0729648
-0.0714309
-0.0696758
-0.0677034
-0.0655175
-0.0631218
-0.0605215
-0.0577218
-0.0547284
-0.0515482
-0.0481876
-0.0446528
-0.0409507
-0.0370888
-0.0330738
-0.0289133
-0.0246163
-0.0201913
-0.0156453
-0.0109857
-0.006221
-0.00135843
0.00359614
0.00863632
0.0137536
0.0189393
0.0241863
0.0294882
0.034837
0.0402234
0.0456393
0.0510781
0.0565332
0.0619956
0.0674553
0.0729036
0.0783347
0.083743
0.0891205
0.0944569
0.099741
0.104964
0.110119
0.115199
0.120194
0.125094
0.129887
0.134565
0.13912
0.143547
0.147838
0.151982
0.155968
0.159784
0.163423
0.166876
0.170138
0.173202
0.176059
0.1787
0.181118
0.183306
0.185262
0.186982
0.188461
0.189697
0.190683
0.191411
0.191877
0.192074
0.192
0.191655
0.191042
0.190162
0.18902
0.187619
0.185963
0.184053
0.181909
0.179549
0.176734
0.173267
-0.0629604
-0.0665178
-0.0694076
-0.0718304
-0.0740319
-0.0759935
-0.0776947
-0.0791341
-0.0803113
-0.0812252
-0.0818754
-0.0822624
-0.0823875
-0.082253
-0.0818624
-0.0812194
-0.0803288
-0.0791955
-0.0778242
-0.0762194
-0.0743852
-0.0723258
-0.0700451
-0.0675473
-0.0648379
-0.0619228
-0.058808
-0.0555007
-0.0520079
-0.0483361
-0.0444926
-0.0404849
-0.0363205
-0.0320072
-0.0275539
-0.0229694
-0.0182611
-0.0134365
-0.00850389
-0.00347094
0.00165597
0.00687008
0.012163
0.0175259
0.0229512
0.0284325
0.033962
0.0395305
0.0451298
0.050753
0.0563931
0.0620411
0.0676869
0.0733214
0.0789382
0.0845315
0.0900933
0.0956133
0.101081
0.106486
0.111822
0.117081
0.122255
0.127333
0.132302
0.137154
0.14188
0.146475
0.15093
0.155235
0.159377
0.163345
0.16713
0.170725
0.174122
0.177315
0.180294
0.183051
0.185578
0.187868
0.189915
0.191717
0.193269
0.194567
0.195602
0.19637
0.196862
0.197075
0.197005
0.196653
0.196022
0.195114
0.193933
0.192484
0.190768
0.188786
0.186558
0.184104
0.181178
0.177577
-0.0676395
-0.0713324
-0.0743323
-0.0768477
-0.0791325
-0.081167
-0.0829301
-0.0844203
-0.0856366
-0.0865779
-0.0872438
-0.087635
-0.087753
-0.0876007
-0.0871816
-0.0865
-0.0855611
-0.0843699
-0.0829315
-0.0812507
-0.0793318
-0.0771791
-0.074797
-0.0721901
-0.0693643
-0.066326
-0.0630821
-0.05964
-0.0560071
-0.0521907
-0.048198
-0.044037
-0.0397156
-0.0352421
-0.0306251
-0.0258736
-0.0209955
-0.0159983
-0.0108903
-0.0056792
-0.00037218
0.0050237
0.0105001
0.0160479
0.0216596
0.0273281
0.0330459
0.0388044
0.044595
0.0504107
0.0562439
0.0620857
0.0679259
0.073755
0.0795661
0.0853528
0.0911074
0.0968193
0.102478
0.108074
0.113599
0.119047
0.124409
0.129672
0.134827
0.139861
0.144768
0.149539
0.154167
0.15864
0.162947
0.167076
0.171017
0.174762
0.178303
0.181633
0.184744
0.187625
0.190268
0.192666
0.194813
0.196702
0.198331
0.199693
0.200783
0.201592
0.202114
0.202344
0.202281
0.201924
0.201276
0.200339
0.199118
0.197614
0.195831
0.193769
0.191451
0.188898
0.185856
0.182115
-0.0725561
-0.076393
-0.07951
-0.0821236
-0.0844971
-0.0866092
-0.0884379
-0.0899815
-0.0912389
-0.0922086
-0.0928905
-0.0932854
-0.0933953
-0.0932231
-0.092773
-0.0920497
-0.0910586
-0.0898052
-0.0882949
-0.0865326
-0.0845229
-0.0822706
-0.0797802
-0.0770571
-0.0741075
-0.0709387
-0.0675581
-0.0639735
-0.0601928
-0.056224
-0.0520746
-0.0477527
-0.0432668
-0.0386255
-0.0338374
-0.0289115
-0.0238561
-0.0186789
-0.0133879
-0.00799103
-0.00249612
0.00308938
0.00875707
0.0144979
0.0203038
0.0261675
0.0320818
0.0380381
0.0440282
0.0500443
0.0560788
0.0621227
0.0681656
0.0741979
0.0802121
0.0862013
0.0921575
0.0980705
0.103929
0.109725
0.115449
0.121095
0.126654
0.132113
0.137461
0.142688
0.147784
0.152741
0.15755
0.162202
0.166683
0.170981
0.175087
0.178991
0.182686
0.186163
0.189414
0.192428
0.195196
0.197709
0.19996
0.201944
0.203654
0.205087
0.206234
0.207088
0.207644
0.207896
0.207841
0.207481
0.206815
0.205847
0.20458
0.203017
0.20116
0.199013
0.1966
0.193945
0.190783
0.186894
-0.0777193
-0.0817099
-0.0849515
-0.0876692
-0.0901367
-0.0923312
-0.0942292
-0.0958288
-0.0971289
-0.0981282
-0.0988263
-0.0992245
-0.099325
-0.0991311
-0.0986474
-0.0978789
-0.0968317
-0.0955114
-0.093924
-0.0920745
-0.0899679
-0.0876092
-0.0850036
-0.082157
-0.0790763
-0.0757693
-0.0722442
-0.0685093
-0.0645731
-0.060444
-0.0561299
-0.0516392
-0.0469809
-0.0421639
-0.037197
-0.0320888
-0.0268483
-0.0214832
-0.0160012
-0.0104106
-0.0047197
0.0010635
0.00693069
0.0128728
0.0188811
0.0249482
0.031067
0.0372294
0.0434269
0.0496515
0.0558952
0.0621491
0.068403
0.0746471
0.0808731
0.0870737
0.0932406
0.0993639
0.105433
0.111438
0.117371
0.123224
0.128989
0.134654
0.140206
0.145634
0.150928
0.15608
0.161081
0.16592
0.170585
0.175063
0.179344
0.183418
0.187276
0.190911
0.194311
0.197467
0.200368
0.203003
0.205366
0.20745
0.209248
0.210756
0.211967
0.212872
0.213466
0.213742
0.213699
0.213334
0.21265
0.211647
0.21033
0.208703
0.206768
0.204533
0.202022
0.199261
0.195973
0.191925
-0.0831388
-0.0872936
-0.090668
-0.0934963
-0.0960632
-0.0983447
-0.100316
-0.101974
-0.103319
-0.104349
-0.105064
-0.105465
-0.105555
-0.105337
-0.104817
-0.104
-0.102892
-0.1015
-0.0998302
-0.0978873
-0.0956771
-0.093205
-0.0904767
-0.0874989
-0.0842791
-0.0808259
-0.0771483
-0.0732548
-0.0691546
-0.0648567
-0.0603695
-0.0557012
-0.0508618
-0.0458605
-0.0407059
-0.035407
-0.0299727
-0.0244111
-0.0187295
-0.0129366
-0.00704122
-0.0010518
0.0050234
0.0111753
0.0173946
0.0236737
0.0300054
0.0363821
0.0427952
0.0492363
0.0556971
0.0621688
0.0686416
0.0751055
0.0815516
0.0879722
0.0943586
0.100701
0.106989
0.113213
0.119365
0.125436
0.131417
0.137297
0.143062
0.148701
0.154203
0.15956
0.164763
0.1698
0.174659
0.179328
0.183794
0.188049
0.192081
0.195883
0.199443
0.202749
0.205791
0.208557
0.21104
0.213231
0.215124
0.216715
0.217994
0.218956
0.219592
0.219896
0.219865
0.219496
0.21879
0.21775
0.216379
0.214685
0.212672
0.210345
0.207734
0.20486
0.201435
0.197217
-0.088825
-0.0931548
-0.0966709
-0.0996169
-0.102289
-0.104663
-0.106711
-0.108431
-0.109823
-0.110885
-0.111618
-0.112021
-0.112099
-0.111856
-0.111296
-0.110427
-0.109254
-0.107785
-0.106026
-0.103983
-0.101662
-0.0990682
-0.096209
-0.0930916
-0.0897241
-0.0861159
-0.0822768
-0.0782158
-0.0739425
-0.0694666
-0.0647967
-0.0599415
-0.0549115
-0.0497164
-0.0443647
-0.0388654
-0.0332281
-0.0274607
-0.0215705
-0.0155662
-0.0094575
-0.00325307
0.0030389
0.00940932
0.0158486
0.0223484
0.0289017
0.0355011
0.0421383
0.048804
0.0554899
0.0621872
0.0688865
0.075578
0.0822525
0.0889013
0.0955159
0.102087
0.108603
0.115056
0.121435
0.127733
0.13394
0.140043
0.146031
0.151891
0.157612
0.163185
0.1686
0.173846
0.17891
0.18378
0.188444
0.19289
0.197108
0.201087
0.204816
0.208282
0.211474
0.21438
0.216991
0.219298
0.221295
0.222975
0.224331
0.225354
0.226036
0.226369
0.22635
0.225976
0.225247
0.224168
0.222743
0.220981
0.218887
0.216467
0.213747
0.210752
0.207177
0.202774
-0.0947888
-0.0993052
-0.102972
-0.106044
-0.108828
-0.111299
-0.113429
-0.115215
-0.116657
-0.117753
-0.118503
-0.11891
-0.118975
-0.118703
-0.118101
-0.117175
-0.115932
-0.114379
-0.112524
-0.110373
-0.107932
-0.105209
-0.10221
-0.0989436
-0.095419
-0.0916464
-0.0876363
-0.0833981
-0.0789419
-0.0742781
-0.0694157
-0.0643637
-0.0591331
-0.0537343
-0.0481757
-0.0424662
-0.0366162
-0.0306336
-0.0245255
-0.0183008
-0.0119697
-0.00554157
0.000975805
0.0075735
0.0142415
0.0209709
0.0277545
0.0345853
0.0414549
0.0483539
0.0552731
0.0622041
0.069138
0.0760654
0.0829765
0.0898622
0.0967137
0.103521
0.110276
0.116966
0.123583
0.130117
0.136559
0.142896
0.149117
0.155208
0.161158
0.166958
0.172596
0.178063
0.183344
0.188428
0.1933
0.197949
0.202363
0.20653
0.210439
0.214075
0.217427
0.220483
0.223231
0.225664
0.227773
0.229551
0.230989
0.232079
0.23281
0.233175
0.233168
0.232789
0.232038
0.230919
0.229441
0.22761
0.225431
0.222909
0.220071
0.216941
0.213204
0.208603
-0.101042
-0.105757
-0.109585
-0.112791
-0.115694
-0.118269
-0.120486
-0.122343
-0.123838
-0.12497
-0.125739
-0.126147
-0.126197
-0.125894
-0.125245
-0.124258
-0.122939
-0.121296
-0.119337
-0.11707
-0.114501
-0.111638
-0.108489
-0.105064
-0.101372
-0.0974255
-0.0932344
-0.0888091
-0.08416
-0.0792983
-0.0742333
-0.0689743
-0.0635331
-0.0579206
-0.0521451
-0.0462157
-0.0401432
-0.033936
-0.0276009
-0.0211469
-0.0145849
-0.00792454
-0.00117339
0.00565996
0.0125652
0.0195328
0.0265554
0.0336262
0.0407369
0.0478775
0.0550388
0.0622122
0.0693894
0.0765613
0.0837179
0.0908496
0.0979473
0.105002
0.112003
0.118941
0.125805
0.132585
0.139272
0.145854
0.152318
0.158651
0.164843
0.170881
0.176756
0.182455
0.187965
0.193274
0.198367
0.203231
0.207853
0.212219
0.216318
0.220136
0.22366
0.226876
0.229774
0.232342
0.234573
0.236456
0.237983
0.239144
0.239927
0.240326
0.240335
0.239952
0.23918
0.238024
0.236491
0.234587
0.232317
0.229683
0.226715
0.223439
0.219529
0.214718
-0.107597
-0.112525
-0.116525
-0.119873
-0.122905
-0.125591
-0.127901
-0.129832
-0.131383
-0.132552
-0.13334
-0.133749
-0.133782
-0.133446
-0.132746
-0.131691
-0.130289
-0.128549
-0.126478
-0.124085
-0.121378
-0.118366
-0.115058
-0.111464
-0.107595
-0.103463
-0.0990811
-0.0944583
-0.0896061
-0.0845362
-0.0792584
-0.0737823
-0.0681203
-0.0622839
-0.0562813
-0.0501221
-0.0438173
-0.0373759
-0.0308047
-0.0241126
-0.0173111
-0.01041
-0.00341668
0.00366059
0.0108114
0.0180257
0.0252959
0.0326152
0.0399754
0.0473664
0.0547784
0.0622032
0.0696327
0.0770581
0.0844694
0.0918566
0.0992102
0.106521
0.113779
0.120974
0.128095
0.135133
0.142075
0.148912
0.155631
0.162219
0.168664
0.174954
0.181077
0.187022
0.192775
0.198322
0.203648
0.208739
0.213581
0.21816
0.222462
0.226474
0.230182
0.233572
0.23663
0.239345
0.241706
0.243703
0.245326
0.246563
0.247403
0.24784
0.247868
0.247485
0.246695
0.245502
0.243912
0.241929
0.239558
0.236802
0.233692
0.230262
0.22617
0.221136
-0.114467
-0.119623
-0.123808
-0.127309
-0.130477
-0.133282
-0.135691
-0.137702
-0.139312
-0.14052
-0.141327
-0.141735
-0.141749
-0.141375
-0.140619
-0.139491
-0.137999
-0.136153
-0.133962
-0.131434
-0.128579
-0.125407
-0.121928
-0.118155
-0.114098
-0.109771
-0.105187
-0.100356
-0.0952894
-0.0900006
-0.0844993
-0.0787954
-0.0729018
-0.0668307
-0.0605905
-0.0541907
-0.0476433
-0.0409577
-0.0341407
-0.0272012
-0.0201511
-0.0130003
-0.00575616
0.00157362
0.00897852
0.016448
0.0239743
0.0315507
0.0391691
0.0468191
0.0544907
0.0621755
0.0698662
0.0775542
0.0852294
0.0928814
0.1005
0.108077
0.115602
0.123064
0.130453
0.137757
0.144967
0.152071
0.159057
0.165912
0.172622
0.179177
0.185562
0.191766
0.197775
0.203573
0.209146
0.214478
0.219553
0.224358
0.228878
0.233099
0.237005
0.24058
0.243811
0.246684
0.249186
0.251306
0.253032
0.254352
0.255256
0.255737
0.255789
0.255411
0.254605
0.253373
0.25172
0.249651
0.247169
0.244282
0.241024
0.237431
0.233145
0.227871
-0.121668
-0.127069
-0.131452
-0.135117
-0.138432
-0.141363
-0.143878
-0.145972
-0.147644
-0.148893
-0.149718
-0.150124
-0.150116
-0.149699
-0.148882
-0.147674
-0.146084
-0.144124
-0.141802
-0.139129
-0.136116
-0.132773
-0.129113
-0.125149
-0.120892
-0.116358
-0.11156
-0.106509
-0.101217
-0.0956979
-0.0899614
-0.0840179
-0.0778812
-0.0715637
-0.0650742
-0.0584228
-0.0516218
-0.0446812
-0.0376079
-0.0304111
-0.0231026
-0.0156927
-0.00818822
-0.000596814
0.00707102
0.0148045
0.0225956
0.030438
0.0383232
0.0462409
0.0541806
0.0621343
0.0700949
0.0780543
0.0860023
0.093928
0.101821
0.109673
0.117474
0.125213
0.132879
0.140462
0.147949
0.155332
0.162596
0.16973
0.17672
0.183552
0.190213
0.19669
0.202968
0.209031
0.214865
0.220452
0.225776
0.230822
0.235576
0.24002
0.244138
0.247914
0.251331
0.254373
0.257027
0.25928
0.261118
0.26253
0.263507
0.264039
0.264121
0.263751
0.262927
0.261653
0.259932
0.257769
0.255171
0.252145
0.248732
0.244966
0.240471
0.234937
-0.129215
-0.13488
-0.139476
-0.143317
-0.146789
-0.149856
-0.152482
-0.154665
-0.156402
-0.157691
-0.158535
-0.158937
-0.158902
-0.158438
-0.157554
-0.156258
-0.154563
-0.152478
-0.150015
-0.147186
-0.144003
-0.140478
-0.136624
-0.132456
-0.127988
-0.123234
-0.118209
-0.112925
-0.107395
-0.101632
-0.0956477
-0.0894521
-0.0830596
-0.0764834
-0.0697326
-0.0628179
-0.055752
-0.0485452
-0.0412049
-0.0337403
-0.0261634
-0.0184844
-0.0107101
-0.00284781
0.00509197
0.0130982
0.021163
0.0292799
0.0374408
0.0456348
0.0538513
0.0620825
0.0703217
0.0785612
0.0867907
0.0949989
0.103175
0.111311
0.119397
0.127423
0.135377
0.143248
0.151025
0.158697
0.166252
0.173678
0.180959
0.188082
0.195032
0.201795
0.208357
0.2147
0.220809
0.226667
0.232257
0.237561
0.242564
0.247248
0.251594
0.255584
0.2592
0.262425
0.265243
0.26764
0.269603
0.271118
0.272176
0.272768
0.272885
0.272524
0.271683
0.270363
0.268569
0.266307
0.263587
0.260418
0.256839
0.252885
0.248161
0.242344
-0.137127
-0.143077
-0.147902
-0.151932
-0.155572
-0.158783
-0.161529
-0.163805
-0.165609
-0.166941
-0.167803
-0.168198
-0.168133
-0.167615
-0.166656
-0.165264
-0.163453
-0.161233
-0.158618
-0.155621
-0.152255
-0.148534
-0.144474
-0.140089
-0.135394
-0.130406
-0.125141
-0.11961
-0.113827
-0.107807
-0.101561
-0.0951006
-0.0884395
-0.081592
-0.0745679
-0.0673782
-0.0600362
-0.0525525
-0.0449345
-0.0371917
-0.0293365
-0.0213788
-0.0133253
-0.005183
0.00303749
0.0113251
0.0196718
0.0280717
0.0365165
0.0449952
0.0534972
0.0620144
0.0705409
0.0790692
0.087589
0.0960888
0.104558
0.112988
0.121369
0.129691
0.137944
0.146114
0.154191
0.162165
0.170024
0.177753
0.185339
0.192767
0.20002
0.207084
0.213944
0.220583
0.226984
0.23313
0.239002
0.244582
0.249851
0.254791
0.259381
0.263602
0.267432
0.270855
0.273852
0.276407
0.278507
0.280138
0.281288
0.281946
0.282103
0.281752
0.280893
0.279525
0.277656
0.275293
0.272447
0.269124
0.265365
0.261205
0.256232
0.250108
-0.145423
-0.15168
-0.156752
-0.160987
-0.164807
-0.168173
-0.171045
-0.173419
-0.175294
-0.17667
-0.177547
-0.177933
-0.177832
-0.177255
-0.176211
-0.174713
-0.172774
-0.170408
-0.167628
-0.164449
-0.160886
-0.156955
-0.152673
-0.148056
-0.143121
-0.137884
-0.132363
-0.126571
-0.120521
-0.11423
-0.107708
-0.100969
-0.0940259
-0.0868947
-0.0795852
-0.0721091
-0.06448
-0.0567085
-0.0488024
-0.0407714
-0.032628
-0.0243822
-0.0160404
-0.00760937
0.000900299
0.00947748
0.0181143
0.026805
0.0355415
0.0443129
0.0531083
0.0619199
0.0707421
0.0795678
0.0883868
0.0971873
0.105959
0.114692
0.123379
0.132009
0.140571
0.149052
0.157442
0.16573
0.173905
0.181952
0.189857
0.197603
0.205174
0.212554
0.219729
0.226681
0.233392
0.239844
0.246017
0.251891
0.257445
0.262659
0.267511
0.271979
0.276042
0.279678
0.28287
0.285601
0.287853
0.289613
0.290865
0.291596
0.291797
0.29146
0.290584
0.28917
0.287225
0.284759
0.281778
0.278289
0.274332
0.269948
0.264706
0.258252
-0.154126
-0.160715
-0.166054
-0.170508
-0.174521
-0.178052
-0.181059
-0.183538
-0.185486
-0.186906
-0.187798
-0.188169
-0.188027
-0.187381
-0.186244
-0.184629
-0.182549
-0.180022
-0.177062
-0.173687
-0.169913
-0.165757
-0.161237
-0.156372
-0.15118
-0.145678
-0.139886
-0.133817
-0.127485
-0.120907
-0.114095
-0.107062
-0.0998245
-0.0923966
-0.0847896
-0.0770153
-0.0690877
-0.0610175
-0.0528126
-0.0444829
-0.0360413
-0.0274977
-0.0188583
-0.0101297
-0.00132235
0.00755271
0.0164877
0.025477
0.0345128
0.0435843
0.0526807
0.0617946
0.0709206
0.080052
0.0891786
0.0982885
0.107371
0.116418
0.125421
0.13437
0.143252
0.152056
0.160772
0.169387
0.177891
0.18627
0.194507
0.202587
0.210492
0.218206
0.225713
0.232996
0.240037
0.246814
0.253308
0.259495
0.265353
0.27086
0.275993
0.280728
0.285042
0.288913
0.292319
0.295242
0.297663
0.299564
0.300929
0.301743
0.301995
0.301677
0.300788
0.299331
0.297311
0.294736
0.291609
0.287937
0.283764
0.279139
0.273607
0.266796
-0.163258
-0.170206
-0.175834
-0.180524
-0.184746
-0.188454
-0.191604
-0.194192
-0.196218
-0.197682
-0.198586
-0.198938
-0.198746
-0.198023
-0.19678
-0.195034
-0.192801
-0.190098
-0.186943
-0.183355
-0.179352
-0.174954
-0.170179
-0.16505
-0.159584
-0.153801
-0.14772
-0.141356
-0.134726
-0.127845
-0.120727
-0.113386
-0.105839
-0.0981005
-0.0901828
-0.0820979
-0.0738598
-0.0654793
-0.0569643
-0.0483252
-0.0395749
-0.0307234
-0.0217767
-0.0127412
-0.0036273
0.00555411
0.0147955
0.0240913
0.033434
0.0428131
0.0522181
0.0616418
0.0710794
0.0805243
0.0899665
0.0993943
0.108797
0.118167
0.127496
0.136773
0.145988
0.155127
0.164179
0.173135
0.181981
0.190705
0.19929
0.207719
0.215974
0.224039
0.231897
0.239531
0.246921
0.254044
0.260878
0.267399
0.273582
0.279404
0.28484
0.289864
0.294452
0.298578
0.302219
0.305354
0.30796
0.310017
0.311507
0.312414
0.312727
0.312437
0.311542
0.310044
0.307946
0.305252
0.301966
0.298096
0.293693
0.288809
0.282963
0.275762
-0.172842
-0.180182
-0.186123
-0.191069
-0.195514
-0.199411
-0.202714
-0.205418
-0.207524
-0.209031
-0.209943
-0.21027
-0.21002
-0.209208
-0.207848
-0.205957
-0.203554
-0.200659
-0.197291
-0.193472
-0.189222
-0.184563
-0.179515
-0.174102
-0.168343
-0.16226
-0.155871
-0.149195
-0.142248
-0.135047
-0.127606
-0.119941
-0.112069
-0.104007
-0.0957649
-0.0873563
-0.0787952
-0.0700923
-0.0612559
-0.0522965
-0.043227
-0.0340573
-0.0247934
-0.0154417
-0.00601251
0.00348359
0.0130393
0.0226495
0.0323069
0.0420012
0.0517222
0.0614634
0.0712201
0.0809862
0.0907518
0.100506
0.110237
0.119939
0.129603
0.13922
0.148777
0.158261
0.167663
0.176971
0.186174
0.195257
0.204205
0.212999
0.221622
0.230056
0.238285
0.246289
0.254048
0.261538
0.268734
0.275611
0.282142
0.288302
0.294065
0.299402
0.304287
0.308693
0.312591
0.315957
0.318767
0.320997
0.322628
0.323643
0.324029
0.323777
0.322883
0.321345
0.319163
0.31634
0.312882
0.308801
0.304152
0.298989
0.292801
0.285173
-0.182907
-0.190672
-0.196953
-0.202175
-0.206861
-0.210962
-0.214427
-0.217253
-0.21944
-0.220989
-0.221906
-0.2222
-0.221882
-0.220968
-0.219475
-0.217424
-0.214834
-0.211727
-0.208128
-0.204057
-0.19954
-0.194599
-0.189258
-0.18354
-0.177468
-0.171063
-0.164348
-0.157339
-0.150056
-0.142516
-0.134735
-0.12673
-0.118518
-0.110116
-0.101536
-0.0927912
-0.0838946
-0.0748575
-0.0656884
-0.0563981
-0.0469994
-0.0375019
-0.0279114
-0.0182348
-0.008482
0.00133659
0.0112143
0.0211463
0.0311257
0.0411426
0.0511872
0.0612533
0.0713366
0.0814314
0.0915281
0.101616
0.111684
0.121727
0.131735
0.141701
0.151611
0.161453
0.171216
0.180889
0.190461
0.199919
0.209245
0.218421
0.22743
0.236253
0.244872
0.253267
0.261416
0.269295
0.276877
0.284134
0.291038
0.297563
0.303679
0.309356
0.314565
0.319275
0.323455
0.327075
0.330109
0.332533
0.334324
0.335464
0.335938
0.335735
0.334847
0.333268
0.330996
0.328037
0.324399
0.320094
0.315181
0.309713
0.303149
0.295053
-0.193481
-0.201711
-0.208361
-0.213883
-0.218829
-0.223147
-0.226784
-0.229738
-0.232007
-0.233597
-0.234511
-0.234763
-0.234365
-0.233335
-0.231694
-0.229463
-0.226665
-0.223327
-0.219473
-0.21513
-0.210323
-0.205077
-0.199419
-0.193374
-0.186966
-0.180219
-0.173155
-0.165793
-0.158154
-0.150256
-0.142117
-0.133755
-0.125188
-0.116432
-0.1075
-0.0984045
-0.0891601
-0.0797772
-0.0702644
-0.0606329
-0.0508952
-0.0410605
-0.0311348
-0.0211248
-0.0110408
-0.000892345
0.00931437
0.0195752
0.0298837
0.0402302
0.0506054
0.0610034
0.0714204
0.081851
0.0922861
0.102715
0.113129
0.123521
0.133883
0.144208
0.154481
0.164691
0.174827
0.184879
0.194834
0.204681
0.214402
0.223978
0.233391
0.242622
0.251652
0.26046
0.269023
0.277315
0.285307
0.292971
0.300277
0.307194
0.313692
0.319739
0.325301
0.330342
0.334829
0.33873
0.342015
0.344656
0.346631
0.347916
0.348495
0.348352
0.347474
0.345854
0.343492
0.340392
0.336565
0.332022
0.32682
0.321018
0.314044
0.305436
-0.204599
-0.213336
-0.220389
-0.226235
-0.231462
-0.236012
-0.239832
-0.242918
-0.245271
-0.246896
-0.247801
-0.247999
-0.247507
-0.246345
-0.244535
-0.242104
-0.239077
-0.235483
-0.231351
-0.226709
-0.221586
-0.216011
-0.210012
-0.203615
-0.196847
-0.189733
-0.182298
-0.174562
-0.166546
-0.158271
-0.149756
-0.141019
-0.13208
-0.122954
-0.113655
-0.104196
-0.0945913
-0.0848504
-0.0749826
-0.0649992
-0.0549124
-0.0447313
-0.0344616
-0.0241103
-0.0136873
-0.00320176
0.0073411
0.0179376
0.0285818
0.0392645
0.049977
0.0607135
0.0714708
0.0822437
0.0930238
0.103801
0.114567
0.125316
0.136042
0.146734
0.157381
0.16797
0.17849
0.188933
0.199286
0.209537
0.219669
0.229663
0.2395
0.249159
0.258621
0.267865
0.276866
0.285596
0.294027
0.302126
0.309863
0.317204
0.324116
0.330563
0.336508
0.341912
0.346738
0.350949
0.354514
0.357402
0.359586
0.361039
0.36174
0.361668
0.360808
0.359153
0.356701
0.353459
0.349433
0.344631
0.339115
0.332949
0.325527
0.316359
-0.216299
-0.225591
-0.233083
-0.239282
-0.24481
-0.24961
-0.253622
-0.256845
-0.259281
-0.260936
-0.261822
-0.261952
-0.261349
-0.260034
-0.258034
-0.255378
-0.252096
-0.24822
-0.243783
-0.238815
-0.23335
-0.227417
-0.221049
-0.214274
-0.20712
-0.199615
-0.191784
-0.183649
-0.175235
-0.166563
-0.157652
-0.148522
-0.139193
-0.129681
-0.119999
-0.110163
-0.100183
-0.0900721
-0.0798375
-0.069491
-0.059045
-0.048508
-0.0378858
-0.0271854
-0.016416
-0.00558608
0.00529996
0.016239
0.0272254
0.0382506
0.0493063
0.0603874
0.0714908
0.0826121
0.0937432
0.104875
0.116
0.127114
0.138209
0.149278
0.160307
0.171285
0.182202
0.193048
0.203813
0.214483
0.225042
0.235472
0.24575
0.255858
0.265774
0.275478
0.284942
0.294139
0.303037
0.311603
0.319803
0.327601
0.33496
0.341841
0.348204
0.354005
0.359204
0.363761
0.36764
0.370807
0.373228
0.374874
0.375716
0.375731
0.374902
0.373221
0.370684
0.367295
0.363056
0.357974
0.352117
0.345556
0.337645
0.32786
-0.228623
-0.238524
-0.246496
-0.253077
-0.258931
-0.263996
-0.268211
-0.271575
-0.274091
-0.275769
-0.276622
-0.276669
-0.275934
-0.274444
-0.272229
-0.269321
-0.265755
-0.261568
-0.256794
-0.25147
-0.245631
-0.239311
-0.232544
-0.225361
-0.217793
-0.209868
-0.201616
-0.193059
-0.184223
-0.175131
-0.165804
-0.156262
-0.146524
-0.136609
-0.126529
-0.116299
-0.105932
-0.0954372
-0.0848241
-0.074104
-0.063289
-0.0523874
-0.0414049
-0.030348
-0.0192256
-0.0080447
0.00319087
0.0144786
0.0258131
0.0371862
0.0485905
0.0600215
0.0714766
0.0829517
0.0944396
0.105932
0.117423
0.128907
0.14038
0.151833
0.163254
0.174631
0.185955
0.197217
0.208406
0.219511
0.230514
0.241396
0.252135
0.262713
0.273107
0.283294
0.293249
0.302941
0.312337
0.321402
0.330099
0.338389
0.346232
0.353584
0.360402
0.36664
0.372252
0.377195
0.381427
0.384907
0.387598
0.389464
0.390471
0.390594
0.389814
0.388119
0.385502
0.38196
0.377492
0.372109
0.365884
0.358895
0.350448
0.339985
-0.241621
-0.252191
-0.260687
-0.267682
-0.273887
-0.279235
-0.283663
-0.287169
-0.289762
-0.291452
-0.292258
-0.292202
-0.291312
-0.28962
-0.28716
-0.283969
-0.280087
-0.275554
-0.27041
-0.264695
-0.258449
-0.251708
-0.244509
-0.236886
-0.228872
-0.220499
-0.211797
-0.202792
-0.19351
-0.183976
-0.17421
-0.164235
-0.154071
-0.143735
-0.13324
-0.122602
-0.111834
-0.100943
-0.0899408
-0.0788374
-0.0676446
-0.0563705
-0.0450205
-0.0336008
-0.0221192
-0.0105818
0.00100865
0.01265
0.0243373
0.036063
0.0478204
0.0596059
0.0714173
0.0832511
0.095101
0.10696
0.118822
0.130684
0.142542
0.154387
0.166209
0.177995
0.189737
0.201426
0.213054
0.224608
0.236071
0.247423
0.258644
0.269712
0.280608
0.291306
0.301779
0.311997
0.321925
0.331523
0.340753
0.349573
0.357938
0.365803
0.37312
0.379838
0.385908
0.39128
0.395906
0.39974
0.402737
0.404856
0.406059
0.406318
0.405609
0.403914
0.401219
0.397517
0.392809
0.387105
0.380486
0.373031
0.363995
0.352783
-0.255348
-0.266652
-0.275722
-0.283167
-0.289749
-0.295398
-0.300046
-0.303696
-0.306359
-0.308049
-0.308789
-0.308607
-0.307534
-0.305609
-0.30287
-0.299361
-0.295125
-0.290209
-0.284656
-0.278513
-0.271821
-0.264621
-0.256954
-0.248856
-0.240364
-0.231511
-0.22233
-0.212849
-0.203096
-0.193095
-0.182869
-0.172441
-0.161831
-0.151056
-0.140131
-0.12907
-0.117886
-0.106588
-0.0951851
-0.0836888
-0.0721099
-0.0604558
-0.0487315
-0.0369425
-0.0250959
-0.0131966
-0.00124652
0.0107526
0.0227965
0.0348785
0.0469927
0.0591363
0.0713078
0.0835044
0.0957205
0.10795
0.12019
0.132436
0.144685
0.15693
0.16916
0.181364
0.193535
0.205664
0.217744
0.229761
0.2417
0.253541
0.265263
0.276845
0.288267
0.299502
0.310525
0.3213
0.331793
0.341961
0.351762
0.361152
0.370084
0.378507
0.386371
0.393619
0.400195
0.406045
0.411113
0.415345
0.418691
0.421103
0.422541
0.422969
0.422356
0.420675
0.417907
0.414044
0.409086
0.403044
0.395999
0.388035
0.378354
0.366315
-0.269866
-0.281979
-0.291675
-0.299608
-0.306595
-0.312563
-0.317441
-0.321234
-0.323957
-0.325631
-0.326282
-0.325945
-0.324658
-0.322463
-0.319407
-0.315538
-0.310906
-0.305563
-0.299559
-0.292944
-0.285764
-0.278065
-0.26989
-0.261281
-0.252274
-0.242908
-0.233217
-0.223231
-0.212979
-0.202487
-0.191778
-0.180875
-0.169799
-0.158568
-0.147195
-0.135696
-0.124083
-0.112364
-0.10055
-0.0886509
-0.0766775
-0.0646358
-0.05253
-0.0403652
-0.0281476
-0.0158811
-0.00356696
0.00879383
0.0211976
0.0336387
0.0461124
0.0586169
0.0711515
0.0837139
0.0962997
0.108904
0.121525
0.13416
0.146806
0.159457
0.172103
0.184733
0.197342
0.209922
0.222466
0.234961
0.247391
0.259739
0.271982
0.2841
0.296073
0.307874
0.319475
0.330841
0.341934
0.35271
0.363124
0.373129
0.382675
0.391707
0.400169
0.408001
0.415138
0.42152
0.427082
0.431764
0.43551
0.438265
0.439983
0.440616
0.440126
0.438478
0.435648
0.431627
0.426413
0.420013
0.412509
0.40399
0.393599
0.38065
-0.285248
-0.29825
-0.308632
-0.317093
-0.324515
-0.330818
-0.335932
-0.339865
-0.342637
-0.344274
-0.344809
-0.344283
-0.342742
-0.340236
-0.336817
-0.332541
-0.327465
-0.321648
-0.315144
-0.30801
-0.300296
-0.292053
-0.283328
-0.274165
-0.264607
-0.254692
-0.244457
-0.233935
-0.223156
-0.212146
-0.200929
-0.189529
-0.177967
-0.16626
-0.154423
-0.14247
-0.130414
-0.118262
-0.106026
-0.093715
-0.0813386
-0.0689018
-0.0564079
-0.0438615
-0.0312676
-0.0186294
-0.00594741
0.00677802
0.019544
0.0323463
0.0451815
0.0580488
0.0709483
0.0838786
0.0968366
0.109819
0.122824
0.135851
0.148899
0.161961
0.175028
0.188092
0.201147
0.214188
0.227207
0.240193
0.25313
0.266001
0.278786
0.291463
0.304011
0.316406
0.328616
0.340607
0.352337
0.363762
0.374834
0.385502
0.395713
0.405409
0.414527
0.423
0.430759
0.437732
0.443849
0.449043
0.453249
0.456404
0.458451
0.459332
0.458999
0.45741
0.454537
0.450368
0.444891
0.43811
0.43011
0.42099
0.409823
0.39587
-0.301578
-0.315559
-0.32669
-0.335723
-0.343608
-0.350265
-0.35562
-0.359685
-0.362488
-0.364062
-0.364448
-0.363693
-0.361853
-0.358985
-0.355151
-0.350415
-0.344841
-0.338494
-0.331436
-0.32373
-0.315432
-0.306596
-0.297273
-0.287513
-0.277361
-0.266859
-0.256045
-0.244954
-0.233617
-0.222062
-0.210313
-0.198393
-0.186324
-0.174122
-0.161803
-0.149382
-0.136869
-0.124273
-0.111605
-0.0988737
-0.0860867
-0.073248
-0.0603602
-0.0474271
-0.034453
-0.0214399
-0.00838753
0.00470434
0.0178339
0.0309983
0.0441956
0.0574264
0.0706916
0.083991
0.0973225
0.110684
0.124076
0.137499
0.150951
0.164427
0.177921
0.191424
0.204934
0.218444
0.231949
0.245438
0.258897
0.272309
0.285654
0.298912
0.312062
0.325078
0.33793
0.35058
0.362987
0.375103
0.38688
0.398264
0.409197
0.419615
0.429452
0.438631
0.447077
0.454711
0.461454
0.46723
0.471965
0.475584
0.478018
0.479198
0.479064
0.477571
0.474682
0.470375
0.464631
0.457446
0.448917
0.439147
0.42713
0.41207
-0.318954
-0.334013
-0.345962
-0.355611
-0.363991
-0.371017
-0.376613
-0.3808
-0.383612
-0.385089
-0.385283
-0.384252
-0.382058
-0.378771
-0.374462
-0.369204
-0.363069
-0.356131
-0.34846
-0.340122
-0.331182
-0.3217
-0.31173
-0.301325
-0.290536
-0.279405
-0.267975
-0.25628
-0.244354
-0.232224
-0.219916
-0.207454
-0.194856
-0.182141
-0.169324
-0.156419
-0.143437
-0.130387
-0.117277
-0.104117
-0.0909124
-0.0776655
-0.0643786
-0.0510547
-0.037697
-0.0243067
-0.0108825
0.00257666
0.0160701
0.0295964
0.0431555
0.0567493
0.07038
0.0840483
0.0977535
0.111495
0.125274
0.139093
0.15295
0.166844
0.180767
0.194716
0.208685
0.222673
0.236673
0.250677
0.264671
0.27864
0.292564
0.306425
0.320201
0.333868
0.347393
0.360739
0.373863
0.386718
0.39925
0.411405
0.423119
0.434324
0.444946
0.454904
0.464112
0.472485
0.479934
0.486373
0.491715
0.495872
0.49876
0.5003
0.500424
0.499072
0.4962
0.49177
0.485756
0.478152
0.46906
0.458588
0.445643
0.42936
-0.337489
-0.353733
-0.366575
-0.37689
-0.385794
-0.393202
-0.399038
-0.403328
-0.406118
-0.407458
-0.407409
-0.406042
-0.403432
-0.399659
-0.394804
-0.388953
-0.382187
-0.374588
-0.366235
-0.357201
-0.347557
-0.337369
-0.326698
-0.315598
-0.304123
-0.292321
-0.280234
-0.267899
-0.255351
-0.242617
-0.229724
-0.216694
-0.203547
-0.190299
-0.176967
-0.163564
-0.150101
-0.136586
-0.123027
-0.10943
-0.0958008
-0.0821401
-0.0684494
-0.0547312
-0.0409874
-0.0272182
-0.0134214
0.000404893
0.0142615
0.0281487
0.0420684
0.056024
0.0700187
0.0840546
0.0981321
0.112252
0.126417
0.140631
0.154894
0.169205
0.18356
0.197956
0.21239
0.226861
0.241365
0.255893
0.270434
0.284974
0.299495
0.313979
0.328406
0.342751
0.356982
0.371062
0.384946
0.398586
0.411928
0.424911
0.43747
0.449531
0.461013
0.471828
0.481883
0.491083
0.499329
0.506521
0.512557
0.517337
0.520761
0.522739
0.523188
0.522035
0.519218
0.514687
0.508409
0.500375
0.490688
0.479459
0.465498
0.447868
-0.357314
-0.374863
-0.388678
-0.399708
-0.409167
-0.416968
-0.423034
-0.427403
-0.43013
-0.43128
-0.430926
-0.429154
-0.426051
-0.421712
-0.416232
-0.409706
-0.402228
-0.39389
-0.384779
-0.374977
-0.364562
-0.353606
-0.342172
-0.330323
-0.318113
-0.305592
-0.292806
-0.279794
-0.266589
-0.253221
-0.239714
-0.226092
-0.212374
-0.198576
-0.184713
-0.170799
-0.156843
-0.142853
-0.128835
-0.114795
-0.100736
-0.0866573
-0.07256
-0.0584455
-0.0443146
-0.0301663
-0.0159977
-0.00180557
0.0124123
0.0266583
0.0409363
0.0552513
0.0696077
0.0840083
0.0984551
0.112951
0.127499
0.142105
0.156772
0.171501
0.186288
0.201132
0.216034
0.230992
0.246005
0.261065
0.276164
0.291288
0.306422
0.321549
0.336651
0.351702
0.366671
0.381522
0.39621
0.410684
0.42489
0.438764
0.452235
0.465225
0.477648
0.489408
0.500403
0.510528
0.519672
0.527718
0.534551
0.540054
0.544113
0.546621
0.547478
0.546589
0.543877
0.539279
0.532755
0.524284
0.51397
0.501927
0.486857
0.467745
-0.378586
-0.397569
-0.412444
-0.424241
-0.434282
-0.44248
-0.44876
-0.453172
-0.455785
-0.456679
-0.455945
-0.453683
-0.449999
-0.445002
-0.438803
-0.431509
-0.423227
-0.414061
-0.404108
-0.393459
-0.382198
-0.370403
-0.358145
-0.345487
-0.332488
-0.3192
-0.305671
-0.291941
-0.278044
-0.264009
-0.249862
-0.235623
-0.221312
-0.206946
-0.192537
-0.1781
-0.163641
-0.149168
-0.134685
-0.120197
-0.105703
-0.0912044
-0.0766994
-0.0621886
-0.0476715
-0.0331459
-0.0186079
-0.00405302
0.0105228
0.0251242
0.039757
0.0544277
0.0691416
0.0839028
0.0987144
0.113581
0.128508
0.143504
0.158572
0.173716
0.188934
0.204227
0.219597
0.235045
0.250571
0.26617
0.281835
0.297555
0.313317
0.329106
0.344904
0.360688
0.376428
0.392087
0.407622
0.422982
0.438108
0.452936
0.467392
0.481392
0.494843
0.507644
0.519683
0.530842
0.540995
0.550011
0.557758
0.564102
0.568912
0.572059
0.573419
0.572877
0.570336
0.565722
0.558977
0.550067
0.539096
0.526181
0.509905
0.489164
-0.401482
-0.422041
-0.438069
-0.450684
-0.461332
-0.469927
-0.476394
-0.4808
-0.483233
-0.48379
-0.482583
-0.479732
-0.475362
-0.469599
-0.462571
-0.454403
-0.445214
-0.435121
-0.424232
-0.412648
-0.40046
-0.387752
-0.374599
-0.36107
-0.347225
-0.333119
-0.318801
-0.304312
-0.289687
-0.274954
-0.260138
-0.245259
-0.230335
-0.215383
-0.200416
-0.185443
-0.170473
-0.155509
-0.140556
-0.125614
-0.110685
-0.0957645
-0.0808521
-0.0659464
-0.0510456
-0.036146
-0.0212423
-0.00632894
0.00860044
0.0235527
0.0385357
0.0535568
0.0686226
0.0837381
0.0989084
0.11414
0.129441
0.144821
0.160287
0.175842
0.191488
0.207228
0.223065
0.239003
0.255045
0.271186
0.287423
0.303749
0.320151
0.336618
0.353134
0.369676
0.386218
0.402723
0.419148
0.435443
0.451549
0.467398
0.482914
0.49801
0.512585
0.526531
0.539726
0.552038
0.563326
0.573444
0.582242
0.589566
0.595261
0.599173
0.601152
0.601058
0.598776
0.594212
0.587283
0.57794
0.566287
0.552445
0.534862
0.512331
-0.426212
-0.448501
-0.46578
-0.479266
-0.49054
-0.499519
-0.506135
-0.510472
-0.51264
-0.512761
-0.51097
-0.50741
-0.502229
-0.495574
-0.487593
-0.478428
-0.468216
-0.457084
-0.445155
-0.432539
-0.419336
-0.405633
-0.391512
-0.377044
-0.362294
-0.347317
-0.332163
-0.316873
-0.301483
-0.28602
-0.270507
-0.254965
-0.23941
-0.223857
-0.208317
-0.1928
-0.177309
-0.161849
-0.146421
-0.131024
-0.115657
-0.100317
-0.0849987
-0.0697012
-0.0544206
-0.0391518
-0.0238879
-0.0086213
0.00665617
0.0219536
0.0372803
0.052645
0.068055
0.0835172
0.0990387
0.114628
0.130297
0.146055
0.161911
0.177871
0.19394
0.210122
0.226423
0.24285
0.259405
0.276091
0.292906
0.309843
0.326897
0.344055
0.361307
0.378631
0.396004
0.41339
0.430749
0.44803
0.465175
0.482115
0.498771
0.515052
0.530854
0.546057
0.560529
0.574126
0.586692
0.598062
0.608067
0.616529
0.623265
0.628091
0.630828
0.631313
0.6294
0.624967
0.617906
0.608149
0.595797
0.580975
0.561977
0.537484
-0.453018
-0.477206
-0.49584
-0.510246
-0.522159
-0.531499
-0.538208
-0.542392
-0.54419
-0.543752
-0.541241
-0.53683
-0.530691
-0.522999
-0.513921
-0.50362
-0.492251
-0.479958
-0.466874
-0.45312
-0.438803
-0.424018
-0.40885
-0.393374
-0.377655
-0.361752
-0.345714
-0.329582
-0.31339
-0.297165
-0.28093
-0.264702
-0.248498
-0.232329
-0.216206
-0.200135
-0.184119
-0.168159
-0.152253
-0.136401
-0.120598
-0.10484
-0.0891203
-0.0734364
-0.0577823
-0.0421509
-0.0265336
-0.0109211
0.00469722
0.0203321
0.0359942
0.0516934
0.0674385
0.083238
0.0991015
0.11504
0.131067
0.147195
0.163434
0.179792
0.196276
0.212893
0.229652
0.246563
0.263631
0.280861
0.298254
0.315808
0.33352
0.351382
0.369385
0.387513
0.405743
0.424044
0.442378
0.460696
0.47894
0.497042
0.514921
0.532483
0.549618
0.566198
0.582081
0.59711
0.611112
0.623906
0.635296
0.645077
0.653034
0.658951
0.662619
0.663839
0.662431
0.658234
0.651114
0.640978
0.627923
0.612071
0.591543
0.564905
-0.482183
-0.508453
-0.528552
-0.543925
-0.556478
-0.56614
-0.572864
-0.576788
-0.578083
-0.576936
-0.573543
-0.568109
-0.560841
-0.55194
-0.541599
-0.530005
-0.517332
-0.503739
-0.489372
-0.474363
-0.458829
-0.442868
-0.426569
-0.410011
-0.393259
-0.376373
-0.359402
-0.342386
-0.325356
-0.30834
-0.291357
-0.274425
-0.257556
-0.24076
-0.224045
-0.207414
-0.190868
-0.174405
-0.158022
-0.141716
-0.125481
-0.109309
-0.0931951
-0.0771321
-0.0611124
-0.0451267
-0.0291647
-0.0132148
0.00273503
0.0186974
0.0346844
0.0507071
0.066776
0.0829018
0.0990967
0.115374
0.131749
0.148236
0.164847
0.181593
0.198483
0.215526
0.232735
0.250123
0.267698
0.285469
0.303439
0.321612
0.339986
0.358559
0.377327
0.396276
0.415388
0.434636
0.453985
0.473389
0.492792
0.512127
0.531314
0.550256
0.568837
0.586923
0.604362
0.620984
0.636601
0.651008
0.663984
0.675291
0.684681
0.691903
0.696707
0.698853
0.698114
0.69429
0.687211
0.676753
0.663003
0.646076
0.623904
0.594917
-0.514036
-0.54259
-0.564268
-0.580649
-0.59383
-0.603754
-0.61039
-0.613914
-0.614542
-0.612499
-0.608026
-0.601368
-0.592768
-0.582459
-0.570666
-0.557599
-0.543453
-0.528407
-0.512619
-0.49623
-0.479364
-0.462127
-0.44461
-0.426893
-0.409042
-0.391117
-0.373164
-0.355223
-0.337323
-0.319487
-0.301735
-0.284081
-0.266533
-0.249101
-0.231787
-0.214593
-0.197515
-0.18055
-0.163692
-0.146937
-0.130274
-0.113697
-0.0971962
-0.0807632
-0.0643874
-0.0480572
-0.0317604
-0.0154837
0.000786551
0.0170645
0.0333638
0.0496971
0.0660768
0.0825162
0.0990298
0.115633
0.132344
0.149177
0.166148
0.183269
0.200551
0.218009
0.235658
0.253513
0.271588
0.289892
0.308435
0.327223
0.34626
0.365549
0.38509
0.404875
0.42489
0.445114
0.465514
0.486051
0.506672
0.527312
0.547893
0.568315
0.588461
0.608191
0.627343
0.645735
0.663162
0.679395
0.694182
0.707254
0.718326
0.727103
0.733289
0.736589
0.736724
0.733449
0.726545
0.715849
0.701429
0.68339
0.659453
0.627901
-0.54896
-0.58002
-0.603398
-0.620819
-0.634599
-0.644697
-0.651107
-0.654055
-0.653806
-0.650642
-0.644851
-0.636726
-0.626554
-0.614609
-0.601145
-0.586402
-0.570597
-0.553927
-0.536565
-0.51866
-0.500342
-0.481724
-0.462898
-0.443944
-0.424928
-0.405906
-0.386925
-0.36802
-0.349218
-0.33054
-0.312
-0.293609
-0.275374
-0.257299
-0.239383
-0.221625
-0.204017
-0.186553
-0.169226
-0.152028
-0.134947
-0.117974
-0.101097
-0.0843056
-0.0675851
-0.0509221
-0.0343026
-0.0177119
-0.00113461
0.0154449
0.032042
0.0486712
0.0653472
0.0820857
0.0989036
0.115819
0.13285
0.150015
0.16733
0.18481
0.202471
0.220329
0.238404
0.256715
0.275277
0.294105
0.313212
0.332609
0.352306
0.372312
0.39263
0.413261
0.434196
0.455419
0.476904
0.498617
0.520512
0.542528
0.564588
0.586594
0.608428
0.629946
0.650979
0.671333
0.690783
0.709076
0.725932
0.741045
0.754088
0.764716
0.772573
0.777303
0.778569
0.776065
0.769513
0.758693
0.743652
0.724476
0.698653
0.6643
-0.587407
-0.621219
-0.646423
-0.664906
-0.679229
-0.689377
-0.695381
-0.697525
-0.696142
-0.691575
-0.684178
-0.674299
-0.662276
-0.648426
-0.633042
-0.616394
-0.598722
-0.580242
-0.561139
-0.541572
-0.521677
-0.501568
-0.481339
-0.461069
-0.440822
-0.420651
-0.400597
-0.380693
-0.360962
-0.341421
-0.322079
-0.302943
-0.284015
-0.265295
-0.246778
-0.228458
-0.210326
-0.192372
-0.174585
-0.156954
-0.139466
-0.12211
-0.104871
-0.0877337
-0.0706819
-0.0537
-0.0367721
-0.0198825
-0.00301399
0.0138509
0.0307295
0.0476384
0.0645946
0.0816162
0.0987224
0.115933
0.133268
0.150747
0.168388
0.18621
0.204232
0.222475
0.24096
0.259711
0.278746
0.298084
0.317742
0.337738
0.358087
0.378805
0.399902
0.421384
0.44325
0.465491
0.488088
0.511017
0.534237
0.557695
0.581318
0.605013
0.628661
0.652119
0.67521
0.697729
0.719435
0.740051
0.759266
0.776735
0.792082
0.804904
0.814777
0.821276
0.823991
0.822539
0.816563
0.805779
0.790195
0.769878
0.742041
0.704629
-0.629905
-0.666747
-0.693908
-0.713459
-0.728236
-0.738265
-0.743623
-0.744674
-0.741832
-0.735521
-0.72617
-0.714194
-0.69999
-0.683927
-0.666339
-0.647528
-0.627759
-0.607264
-0.586243
-0.564861
-0.543257
-0.521546
-0.499821
-0.478157
-0.456616
-0.435244
-0.414078
-0.393146
-0.372465
-0.352046
-0.331893
-0.312008
-0.292387
-0.273024
-0.253912
-0.235039
-0.216392
-0.197958
-0.179724
-0.161675
-0.143796
-0.126073
-0.108486
-0.0910183
-0.0736508
-0.0563658
-0.0391463
-0.021975
-0.00483292
0.0122995
0.0294418
0.0466127
0.0638315
0.0811186
0.0984951
0.115983
0.133602
0.151375
0.169323
0.187468
0.205831
0.224439
0.243317
0.262489
0.281978
0.301807
0.322
0.342579
0.363569
0.38499
0.40686
0.429193
0.451994
0.475264
0.498996
0.523172
0.547764
0.572726
0.597993
0.623479
0.649069
0.67462
0.699954
0.724857
0.749071
0.772298
0.794197
0.814379
0.832413
0.84783
0.860131
0.868811
0.873366
0.873316
0.868209
0.857674
0.84167
0.820227
0.790251
0.749492
-0.677079
-0.717266
-0.746524
-0.767123
-0.782221
-0.791897
-0.796298
-0.795886
-0.791181
-0.782706
-0.77098
-0.7565
-0.739733
-0.721102
-0.700988
-0.679726
-0.657607
-0.634878
-0.611748
-0.588391
-0.564944
-0.541519
-0.518207
-0.495075
-0.472181
-0.449564
-0.427255
-0.405271
-0.383625
-0.362321
-0.341355
-0.320722
-0.300413
-0.280418
-0.260721
-0.241308
-0.222162
-0.203265
-0.184601
-0.166152
-0.147901
-0.129828
-0.111912
-0.0941317
-0.0764666
-0.0588972
-0.0414052
-0.0239715
-0.00657528
0.0108054
0.0281922
0.0456062
0.0630687
0.0806021
0.0982291
0.115973
0.133855
0.151901
0.170134
0.18858
0.207265
0.226217
0.245464
0.265034
0.284955
0.305254
0.32596
0.347105
0.368717
0.390827
0.413458
0.436633
0.460367
0.484671
0.509551
0.535001
0.561003
0.587524
0.61451
0.641884
0.669541
0.697341
0.725109
0.752624
0.779618
0.805774
0.830716
0.854012
0.875173
0.893655
0.908878
0.920235
0.927109
0.9289
0.925039
0.91504
0.898794
0.876268
0.844027
0.799602
-0.729671
-0.773567
-0.805066
-0.826661
-0.841885
-0.850894
-0.853928
-0.851583
-0.84451
-0.833354
-0.818747
-0.801282
-0.781504
-0.759899
-0.736896
-0.712866
-0.688121
-0.662924
-0.63749
-0.611992
-0.586567
-0.56132
-0.536334
-0.51167
-0.487372
-0.463474
-0.439996
-0.416949
-0.394333
-0.372143
-0.350369
-0.328998
-0.308015
-0.287402
-0.267139
-0.247206
-0.227581
-0.208242
-0.18917
-0.170344
-0.151742
-0.133341
-0.115117
-0.0970452
-0.0791035
-0.0612711
-0.0435282
-0.0258536
-0.00822439
0.00938385
0.0269949
0.0446317
0.0623175
0.0800761
0.0979319
0.115909
0.134032
0.152327
0.170823
0.189547
0.20853
0.227801
0.247393
0.267336
0.287662
0.308405
0.3296
0.351286
0.373499
0.396275
0.419648
0.443649
0.468305
0.49364
0.519673
0.546412
0.573853
0.601979
0.630749
0.660103
0.689946
0.720151
0.750545
0.780912
0.810975
0.8404
0.868782
0.895643
0.920432
0.942531
0.96126
0.975892
0.985673
0.989859
0.987729
0.978649
0.962407
0.93889
0.904258
0.855802
-0.788567
-0.836602
-0.87049
-0.892981
-0.90805
-0.915965
-0.917099
-0.912219
-0.902145
-0.887678
-0.869582
-0.848564
-0.825257
-0.800216
-0.773921
-0.746773
-0.719109
-0.691197
-0.663256
-0.635454
-0.607921
-0.580751
-0.554015
-0.527761
-0.502022
-0.476819
-0.452161
-0.428046
-0.404464
-0.3814
-0.358834
-0.336744
-0.315107
-0.293899
-0.273094
-0.252667
-0.23259
-0.212837
-0.193385
-0.174207
-0.155279
-0.136575
-0.118067
-0.0997277
-0.0815336
-0.0634621
-0.045492
-0.0276
-0.0097604
0.0080533
0.0258668
0.0437047
0.0615915
0.0795525
0.0976133
0.1158
0.134139
0.15266
0.171394
0.190372
0.209627
0.22919
0.249097
0.269384
0.290086
0.311243
0.332899
0.355097
0.377882
0.401296
0.425383
0.450186
0.475745
0.502098
0.529277
0.557309
0.586207
0.61597
0.646579
0.677991
0.710132
0.742889
0.776104
0.809565
0.842999
0.876058
0.908312
0.939241
0.968235
0.994589
1.01751
1.03614
1.04955
1.05683
1.05706
1.0494
1.03351
1.00915
0.972007
0.919096
-0.854842
-0.907528
-0.943954
-0.967169
-0.981684
-0.987928
-0.986462
-0.978278
-0.964415
-0.945864
-0.92355
-0.89831
-0.870879
-0.841883
-0.811849
-0.78121
-0.750314
-0.719436
-0.688787
-0.658524
-0.628762
-0.59958
-0.571031
-0.543147
-0.515945
-0.489428
-0.463592
-0.43842
-0.41389
-0.389975
-0.366642
-0.343861
-0.321601
-0.29983
-0.278516
-0.257627
-0.237131
-0.216997
-0.197195
-0.177696
-0.158472
-0.139493
-0.120729
-0.10215
-0.0837302
-0.0654464
-0.0472751
-0.0291907
-0.0111649
0.00683075
0.0248235
0.0428389
0.0609025
0.0790408
0.0972814
0.115652
0.134182
0.152904
0.17185
0.191055
0.210553
0.230378
0.250569
0.271167
0.292213
0.313753
0.335835
0.358511
0.381831
0.405847
0.430614
0.456186
0.482619
0.509965
0.538273
0.567588
0.597943
0.629362
0.661849
0.695386
0.729922
0.765369
0.801589
0.838389
0.875502
0.912579
0.949173
0.984729
1.01858
1.04992
1.07785
1.10134
1.11928
1.13053
1.13392
1.12836
1.1133
1.08833
1.04856
0.990699
-0.929808
-0.987768
-1.02688
-1.05054
-1.06393
-1.06773
-1.06274
-1.05027
-1.03163
-1.00805
-0.980645
-0.950405
-0.91817
-0.88464
-0.850383
-0.815855
-0.78141
-0.747315
-0.713765
-0.680898
-0.648805
-0.617542
-0.587137
-0.557602
-0.528932
-0.501113
-0.474119
-0.447919
-0.422473
-0.397741
-0.373681
-0.350249
-0.327406
-0.305113
-0.283331
-0.262021
-0.241145
-0.220667
-0.200553
-0.180769
-0.161282
-0.14206
-0.12307
-0.104282
-0.0856673
-0.0672004
-0.048856
-0.0306058
-0.0124195
0.00573287
0.0238795
0.0420467
0.0602609
0.0785501
0.0969439
0.115473
0.134168
0.153063
0.172194
0.191596
0.211305
0.231359
0.251801
0.272675
0.29403
0.315916
0.338386
0.361498
0.38531
0.409885
0.435289
0.46159
0.488857
0.517159
0.546563
0.577135
0.608933
0.642008
0.676393
0.712099
0.749109
0.787366
0.826763
0.867136
0.908238
0.949732
0.991164
1.03196
1.07139
1.10857
1.14246
1.17185
1.19543
1.21175
1.21934
1.21678
1.20322
1.17799
1.13551
1.07209
-1.0151
-1.07911
-1.12103
-1.1447
-1.15616
-1.15644
-1.14671
-1.12869
-1.10404
-1.07428
-1.04076
-1.00462
-0.966817
-0.928116
-0.889123
-0.850298
-0.811986
-0.774435
-0.737811
-0.70222
-0.667719
-0.634332
-0.602057
-0.570876
-0.54076
-0.511671
-0.483561
-0.456379
-0.430069
-0.404573
-0.379836
-0.355806
-0.332432
-0.309669
-0.287468
-0.265785
-0.244576
-0.223798
-0.203412
-0.183381
-0.163669
-0.14424
-0.125061
-0.106097
-0.0873199
-0.0687012
-0.0502133
-0.0318257
-0.0135064
0.00477558
0.0230488
0.0413399
0.0596766
0.0780889
0.0966085
0.115268
0.134101
0.153141
0.172426
0.191992
0.211879
0.232127
0.252784
0.273899
0.295524
0.317713
0.340527
0.364028
0.388284
0.413368
0.439358
0.466336
0.494385
0.523591
0.554042
0.585828
0.619035
0.653744
0.690023
0.727919
0.767454
0.808614
0.851338
0.895501
0.940894
0.987205
1.034
1.08068
1.1265
1.17047
1.21144
1.248
1.27856
1.30136
1.3145
1.31614
1.305
1.28006
1.2348
1.1651
-1.11281
-1.18382
-1.22861
-1.25162
-1.25999
-1.25529
-1.23922
-1.21403
-1.18184
-1.14451
-1.10365
-1.06058
-1.01636
-0.971805
-0.927541
-0.884014
-0.841538
-0.800319
-0.76048
-0.722079
-0.685131
-0.649613
-0.615488
-0.5827
-0.55119
-0.520891
-0.491731
-0.463635
-0.436529
-0.410339
-0.384994
-0.360432
-0.336592
-0.313418
-0.290858
-0.268859
-0.247369
-0.22634
-0.205729
-0.185495
-0.165599
-0.146004
-0.126673
-0.107571
-0.0886661
-0.0699288
-0.0513287
-0.0328338
-0.0144108
0.00397145
0.0223417
0.0407271
0.059157
0.0776636
0.096281
0.115043
0.133984
0.153139
0.172545
0.192241
0.212269
0.232675
0.25351
0.274826
0.296678
0.319125
0.342231
0.366069
0.390714
0.41625
0.442767
0.47036
0.499125
0.529168
0.560599
0.593536
0.628096
0.664393
0.702532
0.742604
0.784682
0.828805
0.87497
0.923109
0.973069
1.02459
1.07727
1.13054
1.18361
1.23547
1.28481
1.33003
1.36924
1.40028
1.42075
1.42821
1.42081
1.39695
1.34894
1.27203
-1.2256
-1.30484
-1.35248
-1.37375
-1.37736
-1.36566
-1.34112
-1.30668
-1.26504
-1.21847
-1.16886
-1.1177
-1.06614
-1.01503
-0.964968
-0.916358
-0.869457
-0.824405
-0.781261
-0.740017
-0.700628
-0.663021
-0.627106
-0.59279
-0.559973
-0.528555
-0.498438
-0.469522
-0.441711
-0.414914
-0.389046
-0.364031
-0.339801
-0.316291
-0.29344
-0.271187
-0.249475
-0.22825
-0.207465
-0.187076
-0.167042
-0.147325
-0.127884
-0.108683
-0.0896876
-0.0708663
-0.052187
-0.0336165
-0.0151213
0.00332991
0.0217657
0.0402146
0.0587076
0.0772793
0.0959655
0.1148
0.133818
0.153053
0.172546
0.192336
0.21247
0.232996
0.253969
0.275442
0.297474
0.320127
0.343472
0.367589
0.392562
0.418487
0.445461
0.473592
0.502993
0.533789
0.566118
0.600122
0.635951
0.673756
0.713685
0.755882
0.800478
0.847579
0.897252
0.949505
1.00427
1.06135
1.12044
1.181
1.24227
1.3032
1.3624
1.41805
1.46795
1.50948
1.53959
1.55507
1.55327
1.53173
1.48111
1.39586
-1.35707
-1.44608
-1.4963
-1.51415
-1.51056
-1.48908
-1.45323
-1.40688
-1.35343
-1.29564
-1.23566
-1.17515
-1.1153
-1.05693
-1.00057
-0.946548
-0.895028
-0.84605
-0.79958
-0.755526
-0.713769
-0.674167
-0.636578
-0.600855
-0.566857
-0.534449
-0.503499
-0.473881
-0.445479
-0.418181
-0.391891
-0.36652
-0.341989
-0.318225
-0.295159
-0.272723
-0.250854
-0.229494
-0.208591
-0.188099
-0.167978
-0.148184
-0.128677
-0.109418
-0.0903712
-0.0715019
-0.0527778
-0.0341653
-0.0156312
0.00285575
0.0213247
0.0398055
0.0583314
0.0769387
0.0956634
0.114539
0.1336
0.152881
0.172423
0.192272
0.212474
0.233082
0.254149
0.275733
0.297893
0.320697
0.344222
0.368556
0.393792
0.42003
0.44738
0.47596
0.505903
0.537354
0.570475
0.605436
0.642421
0.681619
0.723228
0.767452
0.814488
0.864521
0.917703
0.974141
1.03387
1.09683
1.16279
1.23133
1.30177
1.37308
1.44379
1.51196
1.57504
1.62988
1.67269
1.6992
1.70566
1.68832
1.63553
1.54048
-1.5121
-1.61282
-1.66491
-1.67666
-1.66228
-1.62712
-1.57619
-1.51456
-1.44645
-1.37512
-1.30299
-1.23178
-1.16267
-1.09638
-1.03332
-0.973664
-0.91743
-0.86453
-0.814806
-0.768062
-0.724085
-0.682655
-0.643563
-0.606608
-0.5716
-0.538365
-0.506738
-0.476566
-0.447709
-0.420039
-0.393445
-0.367826
-0.343095
-0.31917
-0.295974
-0.273432
-0.251477
-0.230046
-0.209085
-0.188548
-0.168391
-0.148571
-0.129044
-0.10977
-0.0907098
-0.0718299
-0.0530968
-0.0344776
-0.0159394
0.00254923
0.0210186
0.0395001
0.0580286
0.0766408
0.0953722
0.114256
0.133324
0.152615
0.172172
0.192042
0.212274
0.23292
0.254036
0.275679
0.297913
0.32081
0.344454
0.368939
0.394361
0.420829
0.448461
0.477391
0.507768
0.539757
0.573542
0.609322
0.647313
0.68775
0.730884
0.776983
0.826317
0.879159
0.935765
0.996367
1.06114
1.13017
1.20339
1.28055
1.36111
1.44414
1.52823
1.61131
1.69057
1.76229
1.82178
1.86349
1.88207
1.87186
1.81783
1.71117
-1.69759
-1.81241
-1.86472
-1.86606
-1.83557
-1.78132
-1.71033
-1.62917
-1.54298
-1.45548
-1.36927
-1.28604
-1.20679
-1.13205
-1.06202
-0.996641
-0.935743
-0.879057
-0.826272
-0.777061
-0.731103
-0.688089
-0.647735
-0.609777
-0.573978
-0.54012
-0.508004
-0.477451
-0.448298
-0.420403
-0.393638
-0.367895
-0.343075
-0.31909
-0.295855
-0.273291
-0.251325
-0.229892
-0.208938
-0.188415
-0.168278
-0.148482
-0.128982
-0.109735
-0.0907028
-0.0718504
-0.0531458
-0.0345565
-0.0160497
0.00240663
0.0208441
0.0392955
0.0577958
0.0763812
0.0950859
0.113942
0.132983
0.152248
0.171784
0.191637
0.211859
0.232499
0.253614
0.275262
0.297514
0.320444
0.344142
0.368702
0.394227
0.420832
0.448644
0.477812
0.508499
0.540889
0.575185
0.611614
0.650428
0.691907
0.736359
0.784114
0.835525
0.890961
0.950803
1.01543
1.08518
1.16034
1.24107
1.32735
1.4189
1.51501
1.61442
1.71512
1.81411
1.90715
1.98856
2.05119
2.08756
2.08916
2.03579
1.91533
-1.92367
-2.05526
-2.10439
-2.08828
-2.03375
-1.95287
-1.85529
-1.74936
-1.64111
-1.5346
-1.43237
-1.33588
-1.2458
-1.16231
-1.08525
-1.01429
-0.948968
-0.888801
-0.83329
-0.78196
-0.734364
-0.690096
-0.648791
-0.610121
-0.573795
-0.539556
-0.507173
-0.476438
-0.447171
-0.419213
-0.392427
-0.366692
-0.341905
-0.317968
-0.294792
-0.272292
-0.250394
-0.229033
-0.208152
-0.187704
-0.167644
-0.147923
-0.128497
-0.109321
-0.0903569
-0.0715713
-0.0529332
-0.0344108
-0.0159708
0.00242014
0.0207944
0.0391848
0.0576254
0.076151
0.0947946
0.113588
0.132567
0.151772
0.17125
0.191049
0.211217
0.231803
0.252865
0.274466
0.296677
0.319577
0.343256
0.367811
0.393347
0.419987
0.447869
0.477151
0.508008
0.540638
0.575265
0.612143
0.65156
0.693839
0.73934
0.788459
0.841635
0.899346
0.962108
1.03046
1.10495
1.18611
1.27437
1.37007
1.47328
1.58369
1.70039
1.82162
1.94443
2.06425
2.1744
2.26587
2.32838
2.34925
2.30037
2.16371
-2.20593
-2.35658
-2.39553
-2.35045
-2.26005
-2.1421
-2.00955
-1.87254
-1.73783
-1.6094
-1.48941
-1.37873
-1.27747
-1.18526
-1.10146
-1.02532
-0.956057
-0.892918
-0.835189
-0.782225
-0.733448
-0.688346
-0.646473
-0.607438
-0.5709
-0.53656
-0.504159
-0.473466
-0.444285
-0.416443
-0.389793
-0.36421
-0.339581
-0.315805
-0.292788
-0.270443
-0.248696
-0.227479
-0.20674
-0.18643
-0.166502
-0.146909
-0.127603
-0.108541
-0.0896857
-0.0710067
-0.0524735
-0.0340543
-0.015715
0.00257856
0.0208587
0.0391569
0.0575055
0.0759376
0.094486
0.113184
0.132067
0.151177
0.17056
0.190263
0.210331
0.230815
0.251773
0.273271
0.295382
0.318184
0.341767
0.366228
0.391679
0.418248
0.446079
0.475336
0.506204
0.538893
0.573647
0.610745
0.650506
0.69329
0.739506
0.789617
0.84415
0.903695
0.968909
1.04051
1.11928
1.20602
1.30155
1.40662
1.52182
1.64744
1.78319
1.92792
2.07909
2.23218
2.3798
2.51098
2.61199
2.66426
2.62746
2.47273
-2.56958
-2.73898
-2.75367
-2.66064
-2.51684
-2.34765
-2.16962
-1.99435
-1.82861
-1.67566
-1.53664
-1.41143
-1.2992
-1.19879
-1.10894
-1.02839
-0.955968
-0.8906
-0.831347
-0.777384
-0.727998
-0.682575
-0.640589
-0.601591
-0.565194
-0.531066
-0.498921
-0.468513
-0.439631
-0.412094
-0.385749
-0.360464
-0.336124
-0.312623
-0.289867
-0.267768
-0.246253
-0.225257
-0.204727
-0.184616
-0.164875
-0.145459
-0.126319
-0.107414
-0.0887094
-0.0701763
-0.0517854
-0.0335042
-0.0152978
0.00286749
0.0210227
0.0391969
0.0574206
0.0757261
0.0941465
0.112716
0.13147
0.15045
0.1697
0.189264
0.209187
0.22952
0.250323
0.271663
0.293609
0.31624
0.339644
0.363922
0.389187
0.41557
0.443218
0.472299
0.503002
0.535552
0.570208
0.607266
0.647068
0.690009
0.736542
0.787194
0.842571
0.903373
0.970395
1.04455
1.12685
1.21844
1.32055
1.43446
1.56146
1.70264
1.85871
2.02958
2.21379
2.40757
2.6035
2.78909
2.94684
3.0503
3.04051
2.86873
-3.05794
-3.23674
-3.19888
-3.02681
-2.804
-2.56488
-2.32889
-2.1078
-1.90697
-1.72776
-1.56944
-1.43024
-1.30804
-1.20064
-1.10598
-1.02222
-0.947728
-0.88113
-0.821241
-0.767062
-0.717753
-0.672605
-0.631025
-0.592512
-0.556645
-0.523067
-0.491472
-0.461603
-0.433242
-0.406205
-0.380334
-0.355497
-0.331575
-0.308464
-0.286069
-0.264307
-0.243105
-0.222403
-0.202148
-0.182294
-0.162794
-0.143602
-0.124673
-0.105967
-0.0874533
-0.0691042
-0.0508907
-0.03278
-0.0147375
0.0032692
0.0212685
0.0392869
0.0573536
0.0755007
0.0937621
0.112171
0.130764
0.149577
0.168654
0.188037
0.20777
0.227905
0.248501
0.269623
0.291338
0.313722
0.336864
0.360866
0.38584
0.411914
0.439237
0.467978
0.498331
0.530528
0.564836
0.601562
0.641066
0.683768
0.730158
0.780815
0.836415
0.897752
0.965755
1.04151
1.1263
1.22159
1.32907
1.45066
1.58845
1.74464
1.92132
2.12011
2.34151
2.58375
2.84086
3.1002
3.34119
3.52805
3.57491
3.39678
-3.74958
-3.90189
-3.75468
-3.4532
-3.11528
-2.78301
-2.4757
-2.20215
-1.96384
-1.75842
-1.58214
-1.4309
-1.30083
-1.18848
-1.09089
-1.00558
-0.930488
-0.863922
-0.804478
-0.751006
-0.702558
-0.658355
-0.61775
-0.580209
-0.545286
-0.51261
-0.481869
-0.452801
-0.425187
-0.398844
-0.373616
-0.349371
-0.325995
-0.303384
-0.28145
-0.260111
-0.239301
-0.218962
-0.199044
-0.179503
-0.160294
-0.141372
-0.122696
-0.10423
-0.0859453
-0.0678156
-0.0498123
-0.031903
-0.0140543
0.00376356
0.021576
0.0394077
0.0572867
0.0752457
0.0933179
0.111536
0.129932
0.148542
0.167406
0.186566
0.206065
0.225954
0.246289
0.267132
0.288548
0.31061
0.333406
0.357035
0.381606
0.407244
0.434093
0.462323
0.492131
0.523745
0.557435
0.593512
0.632344
0.674367
0.720096
0.770144
0.825238
0.886247
0.95421
1.03038
1.11625
1.21362
1.32464
1.4519
1.59842
1.7677
1.96365
2.19032
2.45138
2.74889
3.08093
3.43794
3.79944
4.12163
4.28406
4.13812
-4.7875
-4.80985
-4.4434
-3.9343
-3.43325
-2.98181
-2.59152
-2.26222
-1.98749
-1.75896
-1.56849
-1.40897
-1.27447
-1.16018
-1.06222
-0.977534
-0.903651
-0.838617
-0.780865
-0.729136
-0.682412
-0.639872
-0.600844
-0.564778
-0.531224
-0.49981
-0.470226
-0.442218
-0.415572
-0.390112
-0.365689
-0.342176
-0.319464
-0.297459
-0.276077
-0.255244
-0.234899
-0.214987
-0.195463
-0.176286
-0.157414
-0.138805
-0.120423
-0.102235
-0.0842143
-0.0663366
-0.0485739
-0.0308954
-0.01327
0.00432928
0.0219253
0.0395409
0.0572036
0.0749455
0.0927986
0.110793
0.128959
0.147329
0.165943
0.184839
0.20406
0.223654
0.243674
0.264177
0.285226
0.30689
0.329255
0.352412
0.376466
0.401536
0.427761
0.455307
0.484364
0.515155
0.547942
0.583033
0.620796
0.661668
0.70617
0.754927
0.808695
0.868389
0.935118
1.01025
1.09545
1.19279
1.30483
1.43478
1.58661
1.76524
1.97671
2.2282
2.52788
2.88408
3.30303
3.7845
4.31593
4.85373
5.24459
5.23928
-6.4299
-6.05982
-5.27715
-4.44979
-3.72741
-3.13173
-2.65247
-2.27045
-1.96577
-1.72129
-1.52331
-1.36127
-1.22713
-1.11478
-1.0196
-0.938039
-0.867379
-0.805503
-0.750756
-0.701835
-0.657705
-0.61754
-0.580672
-0.546565
-0.51478
-0.484962
-0.456816
-0.430102
-0.404623
-0.380214
-0.356737
-0.334077
-0.312136
-0.290827
-0.270077
-0.249819
-0.229999
-0.210569
-0.191487
-0.172717
-0.154221
-0.135962
-0.117908
-0.10003
-0.0823034
-0.0647052
-0.0472097
-0.0297883
-0.0124124
0.00494217
0.0222958
0.0396699
0.0570907
0.0745892
0.0921958
0.109938
0.127842
0.14594
0.164268
0.182864
0.201767
0.221021
0.240674
0.260781
0.281399
0.302596
0.324448
0.347041
0.370469
0.394846
0.420304
0.446998
0.475107
0.50484
0.536447
0.570224
0.606524
0.645769
0.688469
0.735241
0.786834
0.844167
0.908376
0.980869
1.06341
1.15824
1.2682
1.39698
1.54935
1.73157
1.95186
2.22098
2.55281
2.96472
3.47682
4.10851
4.86968
5.73623
6.55632
6.962
-9.25324
-7.7747
-6.20774
-4.9264
-3.93138
-3.1814
-2.62292
-2.20389
-1.8846
-1.63714
-1.44199
-1.28543
-1.15775
-1.05203
-0.96319
-0.887518
-0.822219
-0.765171
-0.714746
-0.66968
-0.628979
-0.591859
-0.557696
-0.52599
-0.496337
-0.468411
-0.441949
-0.416735
-0.392592
-0.369375
-0.346964
-0.325258
-0.304173
-0.283635
-0.26358
-0.243954
-0.224707
-0.205801
-0.1872
-0.168871
-0.150783
-0.132905
-0.115207
-0.097664
-0.0802551
-0.0629597
-0.0457542
-0.0286122
-0.0115082
0.00557942
0.0226684
0.0397784
0.0569346
0.0741666
0.0915024
0.108966
0.126581
0.144377
0.162388
0.18065
0.199198
0.21807
0.237311
0.256971
0.277102
0.297766
0.31903
0.340971
0.363676
0.387247
0.411805
0.437489
0.464462
0.492917
0.523082
0.555228
0.589685
0.626844
0.667181
0.711277
0.759845
0.81376
0.874116
0.942288
1.02002
1.10956
1.21384
1.33674
1.48348
1.66121
1.87986
2.15347
2.50192
2.95365
3.54904
4.34134
5.38503
6.71959
8.34396
9.88855
-14.7606
-10.0254
-6.8894
-5.04487
-3.8194
-2.98257
-2.40803
-2.00176
-1.7042
-1.47958
-1.30552
-1.16747
-1.0557
-0.963527
-0.886231
-0.820398
-0.763511
-0.713681
-0.669471
-0.629772
-0.593723
-0.560645
-0.530003
-0.50137
-0.474407
-0.448841
-0.424454
-0.401068
-0.37854
-0.356753
-0.335611
-0.315034
-0.294957
-0.275323
-0.256081
-0.237188
-0.218608
-0.200309
-0.182264
-0.164446
-0.146831
-0.129392
-0.112106
-0.0949516
-0.0779116
-0.0609682
-0.0441004
-0.0272847
-0.0104986
0.00627563
0.0230533
0.0398525
0.0566974
0.0736153
0.0906304
0.107763
0.125033
0.14247
0.160104
0.177967
0.196088
0.2145
0.233244
0.252364
0.271906
0.291919
0.312464
0.333606
0.355418
0.377988
0.401421
0.425836
0.451371
0.478192
0.506497
0.536521
0.568545
0.602914
0.640042
0.680437
0.724723
0.773674
0.828255
0.889686
0.959526
1.0398
1.13316
1.24319
1.3748
1.5349
1.73349
1.98551
2.31383
2.75494
3.36951
4.25393
5.5387
7.45614
10.6813
15.5265
-24.0436
-12.2286
-6.61342
-4.33186
-3.12529
-2.39606
-1.93522
-1.62471
-1.40178
-1.23418
-1.10389
-0.999877
-0.914976
-0.844334
-0.784526
-0.733069
-0.688121
-0.648293
-0.612523
-0.579993
-0.550064
-0.522235
-0.496114
-0.471389
-0.447816
-0.425199
-0.403385
-0.382251
-0.3617
-0.341654
-0.32205
-0.302837
-0.283973
-0.265423
-0.247153
-0.229138
-0.211352
-0.193777
-0.176393
-0.159185
-0.142134
-0.12522
-0.108426
-0.0917364
-0.0751383
-0.0586172
-0.0421553
-0.0257325
-0.00933079
0.00706399
0.0234646
0.0398874
0.0563547
0.07289
0.0895133
0.106241
0.123091
0.140088
0.15726
0.174633
0.19223
0.210077
0.22821
0.246664
0.265477
0.284686
0.304338
0.324484
0.345182
0.366502
0.388521
0.411332
0.435044
0.459784
0.485704
0.512988
0.541855
0.572571
0.605461
0.640919
0.67943
0.721593
0.768153
0.820044
0.878455
0.944915
1.02142
1.11064
1.21619
1.3432
1.49915
1.69548
1.95077
2.29789
2.80047
3.57958
4.8537
7.23039
12.962
24.8991
)
;

boundaryField
{
    movingWall
    {
        type            zeroGradient;
    }
    fixedWalls
    {
        type            zeroGradient;
    }
    frontAndBack
    {
        type            empty;
    }
}


// ************************************************************************* //
