/*--------------------------------*- C++ -*----------------------------------*\
| =========                 |                                                 |
| \\      /  F ield         | OpenFOAM: The Open Source CFD Toolbox           |
|  \\    /   O peration     | Version:  2212                                  |
|   \\  /    A nd           | Website:  www.openfoam.com                      |
|    \\/     M anipulation  |                                                 |
\*---------------------------------------------------------------------------*/
FoamFile
{
    version     2.0;
    format      ascii;
    arch        "LSB;label=32;scalar=64";
    class       volScalarField;
    location    "0.008";
    object      p;
}
// * * * * * * * * * * * * * * * * * * * * * * * * * * * * * * * * * * * * * //

dimensions      [0 2 -2 0 0 0 0];

internalField   nonuniform List<scalar> 
10000
(
-2.07324e-07
-4.89521e-05
-0.000378682
-0.000974668
-0.00174361
-0.00259805
-0.00347362
-0.004321
-0.00510533
-0.00580219
-0.0063933
-0.00686301
-0.00719801
-0.00738887
-0.00743098
-0.00732232
-0.00706068
-0.00664431
-0.0060728
-0.0053482
-0.00447443
-0.00345474
-0.0022899
-0.000980319
0.000471872
0.00206184
0.00378287
0.00562803
0.00759173
0.00966972
0.0118581
0.0141527
0.0165486
0.0190404
0.021623
0.0242907
0.0270383
0.0298611
0.0327544
0.0357146
0.0387375
0.0418188
0.044954
0.0481375
0.0513637
0.054627
0.057921
0.0612397
0.0645777
0.0679288
0.071287
0.074646
0.0779995
0.0813414
0.0846659
0.0879668
0.0912384
0.0944753
0.0976717
0.100821
0.103919
0.106958
0.109934
0.112841
0.115675
0.11843
0.121102
0.123686
0.126175
0.128565
0.130849
0.133021
0.135074
0.137003
0.138801
0.140464
0.141988
0.143369
0.144604
0.14569
0.146623
0.1474
0.148018
0.148477
0.148778
0.148923
0.148915
0.148759
0.148464
0.148036
0.147488
0.146833
0.146093
0.145296
0.144476
0.143675
0.142949
0.142369
0.142018
0.141943
0.000118602
4.39843e-05
-0.000251602
-0.000749406
-0.00137686
-0.00207197
-0.00278654
-0.00348174
-0.00412643
-0.00469697
-0.00517589
-0.0055492
-0.00580408
-0.00593029
-0.00592078
-0.00577154
-0.00548077
-0.00504662
-0.0044672
-0.00374251
-0.00287422
-0.00186509
-0.000717722
0.000566479
0.00198632
0.00353919
0.00522059
0.0070247
0.00894546
0.0109776
0.0131167
0.0153587
0.0176995
0.0201345
0.0226589
0.0252673
0.0279543
0.0307149
0.0335446
0.0364396
0.0393966
0.0424119
0.0454806
0.0485973
0.0517561
0.0549508
0.058176
0.061426
0.0646948
0.0679769
0.0712661
0.0745557
0.07784
0.0811131
0.0843685
0.0875998
0.090802
0.0939694
0.0970961
0.100177
0.103206
0.106177
0.109086
0.111928
0.114699
0.117392
0.120003
0.122528
0.124961
0.127297
0.12953
0.131653
0.13366
0.135546
0.137306
0.138934
0.140429
0.141786
0.143
0.144072
0.144997
0.145775
0.146402
0.146879
0.14721
0.147397
0.147443
0.147355
0.14714
0.146808
0.146369
0.145838
0.145236
0.144587
0.143923
0.143279
0.142697
0.142229
0.141936
0.141861
0.000509571
0.000354924
3.71552e-05
-0.000426856
-0.000982564
-0.00158406
-0.00219626
-0.00278982
-0.0033384
-0.00382
-0.0042177
-0.00451849
-0.00471178
-0.00478752
-0.00473716
-0.00455557
-0.00424026
-0.00378979
-0.00320287
-0.00247778
-0.00161413
-0.000613263
0.000522078
0.00178928
0.00318644
0.00471173
0.00636218
0.00813327
0.0100195
0.0120152
0.0141158
0.0163167
0.0186143
0.0210047
0.023483
0.0260445
0.0286836
0.0313951
0.0341749
0.0370188
0.0399237
0.0428865
0.0459022
0.0489651
0.0520696
0.0552094
0.058379
0.0615739
0.064788
0.068015
0.0712494
0.0744846
0.0777139
0.0809316
0.0841317
0.0873072
0.0904526
0.0935634
0.0966338
0.0996581
0.102632
0.105549
0.108406
0.111197
0.113917
0.116562
0.119126
0.121605
0.123993
0.126286
0.128478
0.130563
0.132535
0.134389
0.13612
0.137723
0.139195
0.140533
0.141733
0.142794
0.143714
0.144492
0.145129
0.145624
0.145981
0.146203
0.146293
0.146256
0.146102
0.145838
0.145477
0.145033
0.144524
0.143974
0.143406
0.142852
0.142345
0.141923
0.14163
0.141496
0.00109707
0.000820316
0.00044351
-2.46127e-05
-0.000553582
-0.0011078
-0.00166071
-0.00218941
-0.00267383
-0.00309483
-0.00343563
-0.00368388
-0.00382997
-0.0038653
-0.00378247
-0.0035753
-0.00323995
-0.00277496
-0.00217969
-0.00145294
-0.0005935
0.000399146
0.00152404
0.00277873
0.00416047
0.00566661
0.0072939
0.00903846
0.0108959
0.0128613
0.0149302
0.0170983
0.0193617
0.0217164
0.0241578
0.0266809
0.0292808
0.0319524
0.0346914
0.0374943
0.0403573
0.043277
0.0462491
0.0492673
0.0523263
0.0554208
0.058545
0.0616943
0.0648635
0.0680463
0.071236
0.0744267
0.0776116
0.0807841
0.0839375
0.0870663
0.0901649
0.093228
0.0962509
0.0992287
0.102157
0.10503
0.107844
0.110594
0.113274
0.11588
0.118405
0.120846
0.123199
0.125457
0.127616
0.12967
0.131615
0.133444
0.135153
0.136737
0.138192
0.139515
0.140704
0.141757
0.142675
0.143457
0.144103
0.144615
0.144995
0.145245
0.145369
0.145372
0.145262
0.145048
0.144742
0.144356
0.143908
0.143417
0.142903
0.142391
0.141908
0.141484
0.141142
0.140896
0.00180683
0.00138816
0.000935095
0.000442859
-8.29267e-05
-0.000616641
-0.00113581
-0.00162253
-0.0020612
-0.0024366
-0.00273456
-0.00294262
-0.00305105
-0.0030527
-0.0029416
-0.00271241
-0.00236073
-0.00188377
-0.00128023
-0.000549949
0.000307855
0.00129409
0.002409
0.00365158
0.00501963
0.00650987
0.00811831
0.00984082
0.0116734
0.0136119
0.0156525
0.0177914
0.0200247
0.0223483
0.0247575
0.027247
0.029812
0.0324479
0.0351504
0.0379167
0.0407428
0.0436243
0.046557
0.0495353
0.0525536
0.055607
0.0586911
0.0618005
0.0649294
0.0680725
0.0712232
0.0743744
0.0775192
0.0806512
0.0837633
0.0868496
0.0899053
0.092926
0.0959067
0.0988425
0.10173
0.104564
0.107341
0.110054
0.112698
0.115269
0.117762
0.12017
0.122491
0.124719
0.12685
0.128878
0.130799
0.132607
0.134297
0.135864
0.137304
0.138615
0.139795
0.140843
0.14176
0.142546
0.143202
0.14373
0.14413
0.144404
0.144556
0.14459
0.144515
0.144341
0.144076
0.143734
0.143328
0.142874
0.142389
0.141892
0.141405
0.140953
0.140535
0.140145
0.00259119
0.00202201
0.0014809
0.000948362
0.000406543
-0.000126163
-0.000632515
-0.0010972
-0.00150719
-0.0018509
-0.00211709
-0.00229502
-0.00237537
-0.00235088
-0.00221646
-0.00196831
-0.0016028
-0.00111667
-0.000507407
0.000226033
0.00108403
0.00206697
0.00317498
0.00440764
0.00576337
0.00723923
0.00883136
0.0105354
0.0123472
0.0142631
0.0162795
0.0183931
0.0206004
0.0228968
0.025278
0.0277386
0.0302733
0.032878
0.035549
0.0382828
0.0410762
0.0439248
0.046823
0.049766
0.0527492
0.0557674
0.0588161
0.0618908
0.0649855
0.0680938
0.0712097
0.0743265
0.0774364
0.080532
0.0836075
0.0866571
0.0896757
0.0926588
0.0956024
0.0985023
0.101354
0.104155
0.106898
0.109579
0.112193
0.114734
0.117198
0.119579
0.121873
0.124077
0.126183
0.128189
0.130089
0.131879
0.133552
0.135104
0.136531
0.137832
0.139005
0.140051
0.140969
0.14176
0.142425
0.142966
0.143381
0.143674
0.143847
0.143906
0.143859
0.143714
0.14348
0.143168
0.142787
0.142352
0.141876
0.141374
0.140864
0.140365
0.139853
0.139307
0.00340513
0.00268596
0.00204988
0.00146317
0.000889809
0.000342358
-0.000166158
-0.000624279
-0.00102103
-0.0013462
-0.00159102
-0.0017472
-0.00180697
-0.00176361
-0.0016119
-0.00134842
-0.00097082
-0.000476456
0.000137234
0.000872497
0.0017304
0.00271134
0.00381519
0.00504116
0.00638748
0.00785133
0.00942937
0.0111176
0.012912
0.0148092
0.0168059
0.0188988
0.0210845
0.0233583
0.0257154
0.0281512
0.0306603
0.0332385
0.0358828
0.0385896
0.041355
0.0441751
0.0470447
0.0499582
0.0529116
0.0559006
0.0589202
0.0619652
0.0650305
0.0681098
0.0711963
0.0742828
0.0773621
0.080427
0.0834712
0.0864894
0.0894766
0.0924286
0.0953414
0.0982108
0.101033
0.103804
0.10652
0.109173
0.11176
0.114277
0.116717
0.119076
0.121349
0.123532
0.12562
0.127607
0.129489
0.131262
0.13292
0.134459
0.135876
0.13717
0.13834
0.139386
0.140306
0.141101
0.141773
0.142322
0.142749
0.143055
0.143245
0.143323
0.143296
0.143172
0.142958
0.142662
0.142293
0.141862
0.141379
0.140857
0.14031
0.13975
0.139138
0.138434
0.00420849
0.00334465
0.00261201
0.00196354
0.00134672
0.000772279
0.000250298
-0.00021217
-0.000606649
-0.000924374
-0.00115749
-0.00129948
-0.00134472
-0.00128788
-0.00112415
-0.000849932
-0.000462946
3.8823e-05
0.000657322
0.00139465
0.00225253
0.00323192
0.00433278
0.005554
0.00689347
0.00834822
0.00991491
0.0115902
0.0133703
0.0152522
0.0172332
0.0193097
0.0214778
0.0237334
0.0260709
0.0284855
0.0309732
0.0335297
0.0361518
0.0388365
0.0415795
0.0443762
0.047222
0.0501122
0.0530422
0.0560073
0.0590031
0.0620243
0.0650652
0.0681198
0.0711813
0.0742426
0.0772962
0.0803351
0.0833535
0.0863462
0.0893083
0.0922351
0.095123
0.0979679
0.100766
0.103513
0.106204
0.108835
0.111401
0.113897
0.11632
0.118662
0.120919
0.123086
0.125159
0.12713
0.128997
0.130756
0.132401
0.13393
0.13534
0.136631
0.1378
0.138846
0.139768
0.140567
0.141243
0.141797
0.142232
0.142548
0.142749
0.142841
0.142829
0.142718
0.142514
0.142223
0.141854
0.141415
0.140914
0.140361
0.139767
0.13914
0.138424
0.137568
0.00496826
0.00396743
0.00314006
0.0024267
0.00176003
0.00114983
0.000605016
0.000130028
-0.000269899
-0.000587956
-0.000817364
-0.000952512
-0.00098885
-0.000922676
-0.000750575
-0.000469248
-7.59153e-05
0.000431301
0.00105424
0.00179447
0.00265359
0.00363261
0.00473159
0.0059493
0.00728359
0.00873154
0.0102896
0.0119547
0.013724
0.0155943
0.0175631
0.019627
0.0217816
0.0240225
0.0263446
0.0287425
0.0312126
0.0337518
0.0363568
0.0390238
0.041749
0.044528
0.0473558
0.0502279
0.0531401
0.0560875
0.0590648
0.0620667
0.0650883
0.0681233
0.0711646
0.0742051
0.077238
0.0802564
0.0832548
0.086228
0.0891708
0.0920787
0.0949478
0.0977739
0.100553
0.10328
0.105953
0.108566
0.111116
0.113598
0.116008
0.118338
0.120583
0.122739
0.124799
0.126759
0.128614
0.130361
0.131997
0.133519
0.134926
0.136216
0.137385
0.138431
0.139354
0.140154
0.140834
0.141392
0.141831
0.142154
0.142365
0.142466
0.142461
0.142355
0.142152
0.141859
0.141481
0.141026
0.140499
0.139907
0.139259
0.138562
0.137744
0.136746
0.0056606
0.00453081
0.00361142
0.00283265
0.002114
0.00146298
0.000888643
0.000394106
-1.73446e-05
-0.000341243
-0.000572784
-0.000707115
-0.000740147
-0.000669081
-0.000491575
-0.000205238
0.000192404
0.000703485
0.00132985
0.00207308
0.00293448
0.00391464
0.00501325
0.00622902
0.00755973
0.00900272
0.0105547
0.0122125
0.0139741
0.0158366
0.0177967
0.0198514
0.0219963
0.024226
0.0265358
0.0289214
0.0313788
0.0339049
0.0364971
0.0391516
0.041864
0.0446302
0.0474456
0.0503055
0.0532052
0.0561397
0.0591037
0.0620919
0.0650992
0.0681194
0.0711453
0.0741702
0.0771877
0.0801913
0.0831755
0.0861351
0.0890646
0.0919595
0.0948158
0.0976288
0.100394
0.103108
0.105768
0.108369
0.110907
0.11338
0.115781
0.118103
0.120341
0.122488
0.124541
0.126492
0.128338
0.130078
0.131708
0.133227
0.134633
0.135922
0.137091
0.138137
0.13906
0.139862
0.140543
0.141105
0.141548
0.141875
0.14209
0.142195
0.142192
0.142085
0.141877
0.141575
0.141183
0.140706
0.140147
0.139511
0.138807
0.138038
0.137124
0.135993
0.00626729
0.00501759
0.00400953
0.00316579
0.00239418
0.00170058
0.00109297
0.000573754
0.00014538
-0.000189313
-0.000427147
-0.000564859
-0.000599227
-0.000527594
-0.000347946
-5.85678e-05
0.00034218
0.00085644
0.00148591
0.00223216
0.00309636
0.00407868
0.00517827
0.00639379
0.00772287
0.00916275
0.0107109
0.0123646
0.0141213
0.0159791
0.0179345
0.0199833
0.0221214
0.0243437
0.0266453
0.0290222
0.0314713
0.0339895
0.0365736
0.03922
0.0419246
0.0446834
0.0474918
0.0503446
0.0532369
0.0561636
0.0591195
0.0620992
0.0650973
0.0681079
0.0711237
0.0741384
0.077146
0.0801403
0.0831158
0.0860673
0.0889892
0.0918767
0.0947257
0.0975313
0.100289
0.102995
0.105647
0.108241
0.110774
0.113241
0.115637
0.117954
0.120187
0.122331
0.124378
0.126325
0.128167
0.129904
0.131533
0.13305
0.134455
0.135743
0.136911
0.137957
0.13888
0.139683
0.140367
0.140931
0.141377
0.141707
0.141922
0.142026
0.14202
0.141906
0.14169
0.141376
0.140965
0.140462
0.139868
0.139186
0.138425
0.137587
0.136582
0.13533
0.00677281
0.00541356
0.00432227
0.00341432
0.00258924
0.0018522
0.00120976
0.000663003
0.000213472
-0.000136482
-0.000384586
-0.000529051
-0.000567891
-0.000498832
-0.000319967
-2.97898e-05
0.000372979
0.000889939
0.00152274
0.00227254
0.00314001
0.00412522
0.00522697
0.00644356
0.00777285
0.00921195
0.0107586
0.0124108
0.0141663
0.0160222
0.0179756
0.0200222
0.022157
0.0243752
0.0266726
0.0290456
0.0314911
0.034006
0.0365869
0.0392303
0.0419323
0.0446888
0.0474951
0.0503458
0.0532357
0.0561596
0.0591126
0.0620889
0.0650832
0.0680893
0.0711003
0.0741104
0.0771136
0.0801038
0.0830755
0.0860239
0.0889433
0.0918286
0.0946756
0.0974793
0.100235
0.102939
0.105589
0.108182
0.110712
0.113177
0.115571
0.117887
0.120118
0.122261
0.124308
0.126255
0.128098
0.129835
0.131465
0.132983
0.134387
0.135674
0.136842
0.137888
0.138813
0.139618
0.140304
0.140871
0.141318
0.141646
0.141859
0.141958
0.141947
0.141826
0.141599
0.141268
0.140836
0.140303
0.139672
0.138944
0.138126
0.137223
0.136132
0.13477
0.00716476
0.00570664
0.00453836
0.0035689
0.00269077
0.00190937
0.00123099
0.000655089
0.000182061
-0.000186503
-0.000448763
-0.000603283
-0.000649033
-0.000584657
-0.000408546
-0.000119296
0.000284479
0.00080374
0.00143991
0.00219378
0.00306522
0.00405401
0.00515909
0.00637815
0.00770901
0.00914962
0.0106977
0.0123511
0.0141081
0.0159655
0.01792
0.0199671
0.0221022
0.0243205
0.0266183
0.0289922
0.0314389
0.0339553
0.036538
0.0391837
0.0418882
0.0446475
0.0474565
0.0503099
0.0532021
0.0561285
0.0590837
0.062062
0.0650577
0.0680648
0.0710766
0.0740874
0.0770914
0.0800823
0.083055
0.0860049
0.0889265
0.0918145
0.0946648
0.0974719
0.100231
0.102939
0.105592
0.108188
0.110721
0.113187
0.115582
0.1179
0.120134
0.12228
0.124331
0.126282
0.128129
0.129871
0.131503
0.133023
0.134428
0.135716
0.136885
0.137934
0.138862
0.13967
0.140359
0.140926
0.141372
0.141697
0.141906
0.142001
0.141982
0.141851
0.141611
0.141262
0.140806
0.140242
0.139573
0.138798
0.137925
0.136958
0.135789
0.134327
0.00743516
0.00588682
0.00464755
0.00362068
0.00269119
0.00186537
0.00114982
0.000543348
4.53976e-05
-0.000343786
-0.000622904
-0.000790386
-0.000845451
-0.000787478
-0.000615382
-0.00032796
7.60883e-05
0.000597582
0.00123705
0.00199504
0.00287126
0.00386456
0.00497369
0.00619673
0.00753124
0.00897533
0.0105273
0.0121851
0.0139464
0.0158082
0.0177668
0.0198178
0.0219567
0.0241796
0.0264824
0.0288621
0.0313151
0.0338381
0.0364278
0.0390808
0.0417931
0.0445599
0.0473764
0.0502372
0.0531369
0.0560708
0.0590336
0.0620191
0.0650217
0.0680355
0.0710536
0.0740705
0.0770803
0.0800768
0.0830553
0.0860115
0.0889401
0.0918358
0.0946944
0.0975103
0.100278
0.102995
0.105657
0.10826
0.110799
0.113271
0.115672
0.117995
0.120236
0.122389
0.124449
0.126408
0.128263
0.130011
0.131649
0.133173
0.134582
0.135873
0.137046
0.138099
0.139031
0.139843
0.140533
0.1411
0.141543
0.141866
0.142071
0.14216
0.142134
0.141992
0.141735
0.141366
0.140884
0.140289
0.139581
0.13876
0.137834
0.136807
0.135564
0.134011
0.007579
0.00594739
0.00464201
0.00356098
0.00258275
0.00171357
0.000960376
0.000321925
-0.00020256
-0.000613618
-0.000910951
-0.00109326
-0.00115958
-0.00110949
-0.000942315
-0.000657078
-0.00025311
0.000270491
0.000913616
0.00167593
0.00255717
0.00355602
0.00467047
0.00589871
0.0072389
0.00868911
0.0102476
0.0119123
0.0136807
0.0155497
0.0175155
0.0195738
0.0217207
0.0239523
0.026265
0.0286552
0.0311193
0.033654
0.0362559
0.0389214
0.0416462
0.0444254
0.0472542
0.0501273
0.0530397
0.0559865
0.0589621
0.0619603
0.0649755
0.0680016
0.0710318
0.0740602
0.0770811
0.0800885
0.0830779
0.0860455
0.0889862
0.0918947
0.0947666
0.0975963
0.100378
0.103109
0.105784
0.108399
0.110949
0.113431
0.115842
0.118176
0.120427
0.122592
0.124663
0.126633
0.128499
0.130256
0.131902
0.133433
0.134849
0.136147
0.137326
0.138385
0.139321
0.140135
0.140826
0.141392
0.141833
0.142154
0.142356
0.14244
0.142405
0.142249
0.141975
0.141584
0.141075
0.140448
0.139702
0.138836
0.137859
0.136774
0.135464
0.133827
0.00759204
0.00588372
0.00451583
0.00338303
0.0023581
0.00144695
0.000656632
-1.4572e-05
-0.000567053
-0.00100114
-0.00131751
-0.00151557
-0.00159412
-0.00155274
-0.00139109
-0.00110833
-0.000704138
-0.000178542
0.00046831
0.00123575
0.0021227
0.00312769
0.00424877
0.00548413
0.00683212
0.00829088
0.00985842
0.0115326
0.0133109
0.0151899
0.0171659
0.0192352
0.0213941
0.023639
0.025966
0.0283713
0.0308513
0.0334027
0.0360217
0.0387045
0.0414465
0.0442428
0.0470889
0.0499797
0.0529101
0.055875
0.0588689
0.0618852
0.0649187
0.0679629
0.0710106
0.074056
0.0770936
0.0801175
0.0831235
0.086108
0.089066
0.0919922
0.0948821
0.0977302
0.100531
0.10328
0.105972
0.108603
0.111169
0.113667
0.116093
0.118442
0.120708
0.122887
0.124971
0.126955
0.128833
0.130602
0.132259
0.133801
0.135227
0.136535
0.137722
0.138787
0.139727
0.140543
0.141235
0.141801
0.142242
0.142562
0.142761
0.142839
0.142793
0.142623
0.14233
0.141917
0.141381
0.140722
0.139938
0.139029
0.138003
0.136865
0.135491
0.133779
0.00746974
0.00569055
0.00426409
0.00308168
0.00201108
0.0010588
0.000232144
-0.000471473
-0.00105263
-0.00151087
-0.00184686
-0.00206095
-0.00215224
-0.00211976
-0.0019634
-0.00168322
-0.00127883
-0.000750743
-9.9681e-05
0.000673367
0.00156687
0.00257911
0.00370836
0.00495289
0.00631094
0.00778059
0.00935982
0.0110462
0.0128369
0.0147288
0.0167184
0.0188026
0.0209777
0.0232399
0.0255854
0.0280103
0.0305109
0.0330838
0.0357246
0.0384293
0.0411932
0.0440117
0.0468802
0.0497939
0.0527475
0.0557358
0.0587532
0.0617931
0.0648501
0.0679178
0.0709886
0.0740567
0.0771166
0.0801629
0.0831915
0.0861985
0.0891788
0.0921273
0.0950397
0.0979104
0.100733
0.103505
0.106219
0.108872
0.111459
0.113978
0.116425
0.118793
0.121077
0.123272
0.125373
0.127371
0.129265
0.131049
0.132721
0.134277
0.135716
0.137036
0.138233
0.139305
0.14025
0.141069
0.141763
0.142331
0.142774
0.143093
0.143289
0.143359
0.143302
0.143116
0.142806
0.14237
0.141807
0.141116
0.140294
0.139343
0.13827
0.137081
0.135648
0.133866
0.00720745
0.00536272
0.00388142
0.00265149
0.00153654
0.000543517
-0.000319171
-0.00105444
-0.00166378
-0.0021466
-0.00250281
-0.00273281
-0.00283646
-0.00281292
-0.00266179
-0.00238361
-0.00197876
-0.00144777
-0.000791832
-1.25561e-05
0.00088843
0.00190943
0.0030487
0.00430448
0.00567491
0.00715796
0.00875139
0.0104526
0.0122586
0.0141666
0.0161736
0.0182766
0.0204718
0.0227555
0.0251238
0.0275728
0.0300986
0.0326974
0.0353646
0.0380957
0.0408864
0.0437321
0.0466283
0.0495701
0.0525518
0.0555686
0.0586145
0.0616831
0.0647687
0.0678649
0.0709641
0.0740605
0.0771488
0.0802237
0.0832807
0.0863158
0.0893234
0.092299
0.0952385
0.0981361
0.100986
0.103784
0.106526
0.109206
0.11182
0.114365
0.116837
0.119228
0.121534
0.123749
0.125868
0.127886
0.129798
0.131601
0.133291
0.134865
0.136319
0.137652
0.138861
0.139941
0.140893
0.141718
0.142418
0.14299
0.143435
0.143753
0.143944
0.144005
0.143936
0.143736
0.143406
0.142948
0.142358
0.141634
0.140775
0.139782
0.138664
0.137427
0.13594
0.134091
0.00680228
0.00489615
0.00336247
0.00208702
0.000929455
-0.000103555
-0.00100202
-0.00176843
-0.0024052
-0.00291198
-0.00328827
-0.00353414
-0.00364962
-0.00363443
-0.00348845
-0.00321194
-0.00280599
-0.00227159
-0.00161026
-0.000823909
8.5788e-05
0.0011172
0.00226847
0.0035377
0.00492294
0.00642194
0.0080322
0.00975096
0.0115756
0.0135034
0.0155318
0.0176576
0.019877
0.0221863
0.0245817
0.0270593
0.0296148
0.0322438
0.0349417
0.037704
0.0405265
0.0434045
0.0463336
0.0493084
0.0523233
0.0553732
0.0584526
0.0615547
0.0646738
0.0678034
0.0709364
0.074067
0.07719
0.0802995
0.0833909
0.0864595
0.0895
0.0925078
0.0954792
0.0984086
0.10129
0.10412
0.106894
0.109607
0.112254
0.114831
0.117332
0.11975
0.122081
0.12432
0.126463
0.128503
0.130437
0.132262
0.133974
0.135567
0.137039
0.138387
0.139608
0.1407
0.141662
0.142497
0.143204
0.143781
0.144228
0.144543
0.144728
0.144781
0.1447
0.144485
0.144137
0.143655
0.143037
0.14228
0.141385
0.140351
0.13919
0.137907
0.136367
0.134457
0.00625264
0.00428783
0.00270336
0.00138359
0.000185204
-0.000886262
-0.00182009
-0.00261723
-0.00328055
-0.00381047
-0.00420622
-0.00446753
-0.00459447
-0.00458717
-0.00444577
-0.00417073
-0.00376323
-0.00322491
-0.00255759
-0.00176309
-0.000843172
0.000200404
0.00136569
0.00265067
0.00405318
0.00557073
0.00720061
0.00894016
0.010787
0.0127388
0.0147925
0.0169451
0.0191928
0.021532
0.023959
0.0264695
0.0290589
0.0317225
0.0344556
0.037254
0.0401133
0.0430289
0.0459957
0.0490085
0.0520615
0.0551497
0.0582674
0.0614078
0.0645652
0.0677335
0.070906
0.074077
0.0772408
0.0803909
0.0835223
0.0866304
0.0897095
0.0927553
0.0957642
0.0987307
0.101649
0.104517
0.107328
0.110079
0.112764
0.115377
0.117912
0.120362
0.122722
0.12499
0.127161
0.129228
0.131188
0.133037
0.134771
0.136385
0.137876
0.139241
0.140478
0.141584
0.14256
0.143406
0.144121
0.144703
0.14515
0.145463
0.145643
0.145687
0.145595
0.145365
0.144997
0.144491
0.143844
0.143055
0.142123
0.141051
0.139847
0.138521
0.136931
0.134961
0.00555644
0.00353532
0.00190181
0.000538008
-0.000700325
-0.00180818
-0.00277613
-0.00360373
-0.00429297
-0.00484505
-0.00525957
-0.00553591
-0.00567404
-0.00567427
-0.00553692
-0.00526294
-0.00485365
-0.00431092
-0.00363668
-0.00283276
-0.00190102
-0.000843406
0.000338007
0.00164106
0.00306332
0.00460204
0.00625456
0.00801847
0.00989148
0.011871
0.0139541
0.0161374
0.0184177
0.0207913
0.0232542
0.0258019
0.0284293
0.0311319
0.0339051
0.0367446
0.0396459
0.0426039
0.0456136
0.0486695
0.0517659
0.0548974
0.0580584
0.0612421
0.0644432
0.0676559
0.0708738
0.0740911
0.0773015
0.080498
0.0836752
0.0868286
0.0899526
0.0930427
0.0960951
0.0991046
0.102066
0.104977
0.107831
0.110625
0.113351
0.116004
0.118577
0.121063
0.123459
0.125761
0.127964
0.130062
0.13205
0.133925
0.135683
0.137319
0.138831
0.140217
0.141472
0.142596
0.143587
0.144446
0.14517
0.145756
0.146204
0.146516
0.146691
0.146728
0.146623
0.146377
0.145988
0.145457
0.144781
0.14396
0.142993
0.141883
0.140638
0.139269
0.137631
0.135605
0.00471205
0.00263635
0.000955509
-0.000451443
-0.0017296
-0.00287273
-0.00387307
-0.00473043
-0.00544536
-0.00601896
-0.00645158
-0.00674265
-0.00689174
-0.00689912
-0.00676556
-0.00649225
-0.00608071
-0.0055328
-0.00485045
-0.00403566
-0.00309045
-0.00201685
-0.000817105
0.000506337
0.00195079
0.0035135
0.005192
0.00698395
0.00888685
0.0108979
0.013014
0.0152323
0.0175496
0.0199619
0.022465
0.025054
0.0277238
0.0304701
0.0332884
0.036174
0.0391223
0.0421278
0.0451855
0.04829
0.0514351
0.0546152
0.0578246
0.0610571
0.0643075
0.0675705
0.0708397
0.0741088
0.0773712
0.0806196
0.0838485
0.0870534
0.0902286
0.0933695
0.0964718
0.0995306
0.102541
0.1055
0.108403
0.111243
0.114015
0.116712
0.119327
0.121855
0.124292
0.126633
0.128873
0.131005
0.133025
0.134928
0.136712
0.138374
0.13991
0.141319
0.142596
0.143739
0.144747
0.145619
0.146352
0.146944
0.147395
0.147707
0.147878
0.147907
0.147789
0.147526
0.147116
0.14656
0.145855
0.145002
0.144
0.142852
0.141568
0.140157
0.138472
0.13639
0.00371935
0.00158917
-0.000137575
-0.00158616
-0.00290408
-0.00408251
-0.00511412
-0.00600025
-0.0067408
-0.00733601
-0.00778638
-0.00809169
-0.00825147
-0.00826576
-0.00813573
-0.00786261
-0.007448
-0.00689374
-0.0062019
-0.00537466
-0.00441413
-0.0033225
-0.00210229
-0.000756177
0.000713107
0.00230295
0.00401092
0.00583444
0.00777072
0.00981691
0.0119702
0.0142278
0.0165865
0.0190418
0.0215893
0.0242239
0.0269409
0.0297358
0.0326039
0.0355405
0.0385407
0.0415989
0.04471
0.0478683
0.0510675
0.0543016
0.0575649
0.0608518
0.0641576
0.0674768
0.0708027
0.0741289
0.0774485
0.0807542
0.0840408
0.0873034
0.0905362
0.0937344
0.0968933
0.100008
0.103073
0.106086
0.109042
0.111933
0.114755
0.1175
0.120164
0.12274
0.125222
0.127608
0.129888
0.132058
0.134112
0.136048
0.137863
0.139554
0.141118
0.142552
0.143853
0.145017
0.146043
0.146928
0.147673
0.148273
0.148729
0.149042
0.149209
0.149229
0.149098
0.148817
0.148386
0.147805
0.147072
0.146187
0.145151
0.143966
0.142643
0.14119
0.139458
0.13732
0.00257954
0.000393047
-0.00137943
-0.00286818
-0.00422539
-0.00543972
-0.0065027
-0.00741706
-0.00818317
-0.00880032
-0.00926851
-0.00958773
-0.00975778
-0.00977881
-0.00965174
-0.00937798
-0.00895915
-0.00839718
-0.00769431
-0.00685281
-0.00587495
-0.00476323
-0.00352038
-0.0021491
-0.000651987
0.000968352
0.00270922
0.0045677
0.00654092
0.00862627
0.0108211
0.0131226
0.0155269
0.0180295
0.0206257
0.0233106
0.0260797
0.0289281
0.0318509
0.0348432
0.0379002
0.0410163
0.0441862
0.0474037
0.0506622
0.0539559
0.0572791
0.0606265
0.0639936
0.0673747
0.0707626
0.074151
0.077533
0.0809018
0.0842519
0.0875784
0.0908751
0.0941369
0.097359
0.100536
0.103662
0.106735
0.109748
0.112696
0.115572
0.118372
0.121089
0.123717
0.126251
0.128685
0.13101
0.133222
0.135315
0.137288
0.139138
0.140862
0.142457
0.14392
0.145246
0.146431
0.147475
0.148377
0.149135
0.149746
0.150208
0.150522
0.150685
0.150696
0.150551
0.150253
0.149801
0.149195
0.148434
0.147518
0.146448
0.145226
0.143864
0.14237
0.14059
0.138396
0.00129367
-0.000951986
-0.00277184
-0.00430026
-0.00569605
-0.00694705
-0.00804258
-0.00898554
-0.00977714
-0.0104164
-0.0109026
-0.0112358
-0.0114157
-0.0114429
-0.011318
-0.0110424
-0.010618
-0.0100468
-0.00933119
-0.0084735
-0.00747631
-0.00634234
-0.00507437
-0.00367497
-0.00214672
-0.000492516
0.00128458
0.00318153
0.00519569
0.00732463
0.0095656
0.0119153
0.0143696
0.016924
0.0195738
0.0223142
0.0251402
0.0280469
0.0310291
0.034082
0.037201
0.0403804
0.0436143
0.0468963
0.0502197
0.0535788
0.056968
0.0603821
0.0638164
0.0672649
0.0707204
0.0741764
0.0776264
0.0810638
0.0844835
0.0878797
0.0912462
0.0945777
0.097869
0.101114
0.104307
0.107445
0.110522
0.113531
0.116469
0.119328
0.122104
0.124789
0.127378
0.129864
0.132239
0.134497
0.136635
0.138651
0.140541
0.142302
0.14393
0.145422
0.146774
0.147983
0.149048
0.149969
0.150743
0.151365
0.151834
0.152148
0.152307
0.152309
0.152152
0.151837
0.151364
0.150733
0.149944
0.148997
0.147893
0.146635
0.145233
0.143696
0.141868
0.139618
-0.000138928
-0.00244618
-0.0043161
-0.00588548
-0.00731988
-0.00860818
-0.00973774
-0.0107104
-0.0115277
-0.0121891
-0.0126935
-0.0130406
-0.0132302
-0.0132627
-0.0131388
-0.0128603
-0.0124288
-0.0118467
-0.0111164
-0.0102406
-0.00922203
-0.00806338
-0.00676734
-0.00533655
-0.00377384
-0.00208247
-0.000265645
0.00167377
0.00373328
0.00591039
0.00820196
0.0106043
0.0131133
0.0157245
0.0184331
0.021234
0.0241219
0.0270917
0.0301383
0.0332572
0.0364435
0.0396916
0.042995
0.046347
0.0497411
0.0531717
0.0566333
0.0601202
0.0636276
0.0671491
0.0706778
0.0742074
0.0777312
0.0812431
0.0847378
0.0882094
0.0916514
0.0950582
0.0984244
0.101744
0.10501
0.108219
0.111365
0.114442
0.117446
0.120371
0.12321
0.125957
0.128604
0.131147
0.133576
0.135886
0.138075
0.140139
0.142073
0.143874
0.145538
0.147062
0.148442
0.149678
0.150768
0.151711
0.152501
0.153135
0.15361
0.153926
0.154081
0.154076
0.153907
0.153575
0.153081
0.152425
0.151608
0.150629
0.149492
0.148196
0.146754
0.145175
0.143297
0.140989
-0.00172126
-0.00409135
-0.00601385
-0.00762716
-0.00910159
-0.0104277
-0.0115924
-0.0125959
-0.0134398
-0.0141234
-0.014646
-0.0150067
-0.0152054
-0.0152423
-0.0151185
-0.0148356
-0.0143955
-0.0138008
-0.0130541
-0.0121583
-0.011116
-0.00992985
-0.0086026
-0.00713718
-0.0055368
-0.00380485
-0.00194442
4.18221e-05
0.00215124
0.00438096
0.00672754
0.00918719
0.0117559
0.0144292
0.0172018
0.0200683
0.0230231
0.0260613
0.0291779
0.0323683
0.0356275
0.0389495
0.042328
0.0457559
0.0492268
0.0527352
0.0562753
0.0598413
0.0634276
0.0670281
0.0706363
0.0742458
0.0778497
0.0814418
0.085017
0.0885694
0.0920923
0.0955798
0.0990264
0.102425
0.10577
0.109057
0.112279
0.115431
0.118508
0.121503
0.124409
0.127221
0.129932
0.132535
0.135025
0.137394
0.139638
0.141754
0.143737
0.145581
0.147284
0.148843
0.150256
0.151522
0.15264
0.153606
0.154414
0.15506
0.155542
0.155861
0.156016
0.156004
0.155824
0.155475
0.15496
0.154279
0.153433
0.152423
0.151251
0.149917
0.148434
0.14681
0.144882
0.142513
-0.00345793
-0.00589147
-0.00786823
-0.00952869
-0.0110457
-0.0124107
-0.013611
-0.0146465
-0.0155175
-0.0162238
-0.0167643
-0.0171383
-0.0173454
-0.017386
-0.0172611
-0.0169726
-0.0165225
-0.0159135
-0.0151486
-0.0142305
-0.0131619
-0.0119453
-0.0105838
-0.00908073
-0.00743943
-0.00566318
-0.00375493
-0.00171746
0.000446201
0.00273282
0.00513894
0.00766089
0.0102946
0.0130351
0.015877
0.0188143
0.0218413
0.0249534
0.0281457
0.0314133
0.0347511
0.0381527
0.0416119
0.0451219
0.0486759
0.0522682
0.0558929
0.0595439
0.0632156
0.0669017
0.0705959
0.0742917
0.0779821
0.0816605
0.0853218
0.0889603
0.0925696
0.0961434
0.0996757
0.10316
0.10659
0.10996
0.113265
0.116497
0.119652
0.122722
0.125701
0.128583
0.131362
0.134033
0.136588
0.139021
0.141326
0.143498
0.145532
0.147423
0.149169
0.150769
0.15222
0.153521
0.154668
0.155657
0.156484
0.157143
0.157635
0.157959
0.158114
0.158097
0.157905
0.15754
0.157003
0.156298
0.155423
0.154382
0.153174
0.151801
0.150275
0.148606
0.146625
0.144191
-0.00535348
-0.00785187
-0.00988406
-0.0115939
-0.0131563
-0.0145618
-0.0157985
-0.0168663
-0.0177651
-0.0184941
-0.0190525
-0.0194394
-0.0196543
-0.0196977
-0.0195707
-0.0192753
-0.0188139
-0.0181891
-0.017404
-0.0164612
-0.0153634
-0.0141136
-0.012715
-0.0111712
-0.00948534
-0.00766072
-0.00570038
-0.0036075
-0.00138548
0.0009624
0.00343284
0.00602218
0.00872601
0.0115389
0.0144551
0.0174684
0.0205734
0.0237653
0.027039
0.0303896
0.0338115
0.0372986
0.0408445
0.0444426
0.0480859
0.0517682
0.0554834
0.0592258
0.0629893
0.0667678
0.0705548
0.0743436
0.0781268
0.0818977
0.0856511
0.0893815
0.0930826
0.0967484
0.100372
0.103947
0.107468
0.110928
0.114321
0.11764
0.120878
0.124029
0.127085
0.130043
0.132896
0.13564
0.138266
0.140767
0.143136
0.145368
0.147458
0.149402
0.151198
0.152843
0.154336
0.155673
0.156851
0.157865
0.158711
0.159387
0.159892
0.160224
0.160381
0.160358
0.160154
0.159772
0.159216
0.158485
0.157582
0.156507
0.155263
0.153849
0.152278
0.150562
0.148525
0.146024
-0.00741108
-0.00997759
-0.0120669
-0.0138274
-0.0154372
-0.0168851
-0.0181591
-0.0192597
-0.0201865
-0.0209385
-0.0215147
-0.0219142
-0.0221365
-0.0221819
-0.0220519
-0.0217484
-0.0212742
-0.0206318
-0.0198242
-0.0188541
-0.0177245
-0.0164387
-0.0150001
-0.013412
-0.0116776
-0.00980043
-0.00778388
-0.00563156
-0.00334694
-0.000933151
0.00160656
0.00426829
0.00704718
0.00993741
0.012933
0.016028
0.0192168
0.0224942
0.0258551
0.0292943
0.0328062
0.0363847
0.0400235
0.0437158
0.0474543
0.0512324
0.0550443
0.0588842
0.0627464
0.0666241
0.0705104
0.0743985
0.0782808
0.0821506
0.0860025
0.0898311
0.0936301
0.0973936
0.101115
0.104787
0.108404
0.111959
0.115447
0.118857
0.122184
0.125421
0.128561
0.131601
0.134536
0.137358
0.14006
0.142632
0.14507
0.147368
0.149519
0.151522
0.153373
0.155069
0.156607
0.157982
0.159192
0.160234
0.161104
0.161801
0.162321
0.162662
0.16282
0.162792
0.162578
0.162181
0.161604
0.160848
0.159915
0.158806
0.157523
0.156067
0.154449
0.152683
0.150586
0.148014
-0.00963272
-0.0122723
-0.0144217
-0.0162341
-0.0178926
-0.0193845
-0.0206971
-0.0218311
-0.0227865
-0.0235618
-0.0241559
-0.0245677
-0.0247968
-0.0248437
-0.0247096
-0.0243969
-0.0239081
-0.023246
-0.0224135
-0.0214136
-0.0202497
-0.0189249
-0.0174427
-0.0158064
-0.0140192
-0.0120853
-0.0100085
-0.00779246
-0.00544061
-0.00295599
-0.000342063
0.00239689
0.00525566
0.00822829
0.0113088
0.0144912
0.0177695
0.0211383
0.024592
0.0281256
0.0317336
0.0354097
0.0391473
0.0429395
0.046779
0.0506591
0.0545737
0.0585175
0.0624846
0.066468
0.0704601
0.0744538
0.0784416
0.0824169
0.0863742
0.0903078
0.0942114
0.098079
0.101904
0.105679
0.109398
0.113055
0.116641
0.12015
0.123572
0.126902
0.130133
0.133263
0.136284
0.139191
0.141972
0.144622
0.147133
0.149501
0.151721
0.153789
0.1557
0.15745
0.159035
0.160452
0.161699
0.162773
0.163671
0.16439
0.164927
0.165277
0.165438
0.165406
0.165184
0.164773
0.164176
0.163395
0.16243
0.161285
0.159962
0.15846
0.156793
0.154972
0.152813
0.150166
-0.0120207
-0.0147388
-0.0169521
-0.0188184
-0.0205268
-0.0220643
-0.0234169
-0.0245856
-0.0255703
-0.0263696
-0.0269817
-0.0274058
-0.0276413
-0.0276888
-0.0275497
-0.0272262
-0.0267209
-0.0260367
-0.0251769
-0.0241448
-0.0229436
-0.0215765
-0.0200467
-0.0183578
-0.0165137
-0.0145188
-0.0123774
-0.010093
-0.0076689
-0.00510842
-0.00241538
0.000405643
0.00334938
0.00640991
0.00958107
0.0128565
0.0162302
0.019696
0.0232485
0.0268825
0.0305927
0.0343726
0.0382151
0.042113
0.0460593
0.0500473
0.0540711
0.0581251
0.0622033
0.0662984
0.0704025
0.0745082
0.0786081
0.0826959
0.086766
0.0908121
0.0948275
0.098806
0.102741
0.106625
0.110453
0.114216
0.117908
0.12152
0.125045
0.128475
0.131805
0.13503
0.138145
0.14114
0.144007
0.146738
0.149329
0.151775
0.154069
0.156206
0.158182
0.159989
0.161626
0.163088
0.164376
0.165487
0.166416
0.16716
0.167714
0.168074
0.168239
0.168207
0.167977
0.167553
0.166936
0.166127
0.165131
0.163948
0.162582
0.161032
0.159313
0.157435
0.15521
0.152482
-0.0145783
-0.0173798
-0.019661
-0.0215839
-0.0233444
-0.0249294
-0.0263242
-0.0275292
-0.0285444
-0.0293682
-0.0299989
-0.0304351
-0.0306765
-0.0307237
-0.0305781
-0.030242
-0.0297182
-0.0290099
-0.0281205
-0.0270535
-0.0258117
-0.0243982
-0.0228167
-0.0210711
-0.0191658
-0.0171056
-0.0148947
-0.0125367
-0.0100352
-0.00739381
-0.00461663
-0.00170833
0.00132592
0.00448015
0.00774784
0.0111222
0.0145968
0.0181657
0.0218231
0.0255639
0.0293826
0.0332724
0.0372258
0.0412355
0.0452948
0.0493973
0.0535368
0.0577074
0.0619027
0.0661153
0.0703375
0.0745618
0.0787808
0.0829884
0.0871786
0.0913447
0.0954795
0.099576
0.103628
0.107628
0.11157
0.115447
0.11925
0.122972
0.126606
0.130144
0.133579
0.136906
0.140118
0.143207
0.146165
0.148985
0.151663
0.154191
0.156565
0.158776
0.160819
0.162689
0.164381
0.165895
0.167229
0.16838
0.169342
0.170112
0.170684
0.171058
0.171229
0.171197
0.170961
0.170523
0.169886
0.16905
0.16802
0.166798
0.165386
0.163786
0.162011
0.160073
0.157778
0.154966
-0.0173099
-0.0201989
-0.0225518
-0.0245351
-0.0263507
-0.0279858
-0.0294251
-0.0306685
-0.0317157
-0.0325649
-0.0332143
-0.0336625
-0.033909
-0.0339546
-0.0338009
-0.0334505
-0.0329065
-0.0321721
-0.0312508
-0.0301458
-0.0288598
-0.0273961
-0.0257587
-0.0239523
-0.0219815
-0.019851
-0.0175654
-0.0151287
-0.0125445
-0.00981702
-0.00695028
-0.00394897
-0.00081829
0.00243556
0.0058056
0.00928463
0.0128662
0.0165444
0.0203133
0.0241675
0.028101
0.032107
0.0361778
0.0403061
0.0444851
0.0487087
0.0529705
0.057264
0.0615826
0.0659187
0.0702653
0.0746149
0.0789601
0.0832945
0.0876121
0.0919055
0.0961668
0.100389
0.104564
0.108686
0.112749
0.116746
0.120668
0.124507
0.128257
0.131908
0.135455
0.138889
0.142206
0.145395
0.148451
0.151366
0.154136
0.156754
0.159211
0.161501
0.163616
0.165553
0.167308
0.168879
0.170264
0.171457
0.172455
0.173251
0.173846
0.174235
0.174416
0.174386
0.174144
0.173692
0.173034
0.172171
0.171106
0.169843
0.168383
0.166729
0.164894
0.162893
0.160524
0.157622
-0.0202202
-0.0232009
-0.0256296
-0.0276772
-0.029552
-0.0312404
-0.0327268
-0.0340107
-0.0350913
-0.0359666
-0.0366347
-0.0370943
-0.0373451
-0.0373879
-0.0372248
-0.0368587
-0.0362927
-0.0355302
-0.0345743
-0.0334279
-0.0320941
-0.0305765
-0.0288795
-0.027008
-0.024967
-0.0227613
-0.0203958
-0.017875
-0.015203
-0.0123838
-0.00942169
-0.00632127
-0.00308814
0.00027116
0.00374939
0.00733914
0.0110339
0.014828
0.0187152
0.0226895
0.0267445
0.0308733
0.0350684
0.0393223
0.0436282
0.0479798
0.0523704
0.0567934
0.0612415
0.0657076
0.070185
0.0746665
0.0791448
0.0836131
0.0880648
0.0924922
0.0968872
0.101242
0.105548
0.109799
0.113991
0.118114
0.122162
0.126126
0.129998
0.13377
0.137433
0.140982
0.14441
0.147707
0.150868
0.153886
0.156754
0.159466
0.162012
0.164385
0.166579
0.16859
0.170414
0.172048
0.173486
0.174725
0.175759
0.176588
0.177208
0.177615
0.177807
0.177779
0.177532
0.177067
0.176389
0.175498
0.174397
0.173089
0.171579
0.169868
0.167971
0.165902
0.163454
0.160456
-0.0233145
-0.0263921
-0.0289008
-0.0310172
-0.0329553
-0.0347005
-0.0362367
-0.037563
-0.0386782
-0.03958
-0.0402665
-0.0407369
-0.0409911
-0.0410302
-0.0408567
-0.0404736
-0.039884
-0.0390909
-0.0380974
-0.0369063
-0.0355212
-0.0339461
-0.0321855
-0.0302447
-0.0281286
-0.0258427
-0.0233923
-0.0207822
-0.0180168
-0.0151001
-0.0120364
-0.0088307
-0.00548917
-0.0020186
0.0015738
0.00528066
0.00909541
0.0130121
0.0170243
0.0211254
0.0253088
0.0295673
0.0338938
0.0382807
0.0427207
0.0472071
0.0517333
0.0562923
0.0608769
0.0654798
0.0700947
0.0747149
0.0793331
0.083942
0.0885346
0.0931028
0.0976383
0.102133
0.106578
0.110967
0.115294
0.119553
0.123734
0.12783
0.131831
0.135729
0.139517
0.143188
0.146734
0.150148
0.153421
0.156547
0.15952
0.16233
0.164971
0.167434
0.169715
0.171806
0.173704
0.175403
0.176898
0.178186
0.179263
0.180127
0.180775
0.181203
0.181406
0.181381
0.181129
0.180653
0.179954
0.179034
0.177895
0.176542
0.17498
0.173209
0.171245
0.169104
0.16657
0.163469
-0.0265987
-0.0297795
-0.0323735
-0.034563
-0.0365684
-0.0383739
-0.0399622
-0.0413323
-0.0424829
-0.0434115
-0.0441165
-0.0445973
-0.0448543
-0.0448891
-0.0447042
-0.0443026
-0.0436871
-0.0428606
-0.0418262
-0.0405873
-0.0391476
-0.0375111
-0.0356828
-0.033668
-0.0314722
-0.0291013
-0.026561
-0.0238562
-0.0209914
-0.017971
-0.0147994
-0.0114825
-0.00802657
-0.00443871
-0.000725862
0.00310475
0.00704625
0.0110922
0.0152361
0.0194709
0.0237897
0.0281851
0.0326501
0.0371771
0.0417585
0.0463869
0.0510556
0.0557578
0.0604862
0.0652336
0.0699934
0.0747592
0.0795239
0.0842803
0.0890206
0.0937367
0.0984199
0.103061
0.107653
0.112188
0.11666
0.121062
0.125384
0.129619
0.133757
0.13779
0.14171
0.145511
0.149184
0.15272
0.156113
0.159354
0.162436
0.165352
0.168093
0.170654
0.173027
0.175204
0.17718
0.178948
0.180505
0.181847
0.182972
0.183876
0.184554
0.185003
0.185217
0.185197
0.184943
0.184455
0.183735
0.182784
0.181606
0.180207
0.178589
0.176754
0.17472
0.172501
0.169876
0.166665
-0.0300797
-0.0333708
-0.0360558
-0.0383227
-0.0403991
-0.0422679
-0.0439106
-0.0453258
-0.0465124
-0.0474683
-0.048192
-0.0486833
-0.0489431
-0.048973
-0.0487754
-0.0483531
-0.047709
-0.046846
-0.0457676
-0.0444773
-0.0429791
-0.0412773
-0.0393769
-0.0372836
-0.0350034
-0.0325426
-0.0299069
-0.0271016
-0.0241313
-0.0210008
-0.0177154
-0.014281
-0.0107046
-0.00699298
-0.00315306
0.000808027
0.00488307
0.00906509
0.0133473
0.0177227
0.0221841
0.0267239
0.0313346
0.0360088
0.0407387
0.0455165
0.0503353
0.0551884
0.0600686
0.0649684
0.069881
0.0747997
0.0797178
0.0846285
0.0895237
0.0943949
0.0992332
0.10403
0.108776
0.113465
0.11809
0.122642
0.127113
0.131495
0.135778
0.139954
0.144015
0.147953
0.151761
0.155428
0.158946
0.162308
0.165507
0.168535
0.171386
0.174051
0.176522
0.17879
0.180848
0.182691
0.184316
0.185719
0.186895
0.187841
0.188551
0.189022
0.189252
0.189238
0.188981
0.188482
0.18774
0.186758
0.18554
0.184091
0.182415
0.180513
0.178403
0.176101
0.173379
0.170052
-0.0337646
-0.0371736
-0.0399556
-0.0423043
-0.044455
-0.0463897
-0.0480888
-0.0495508
-0.0507748
-0.0517589
-0.0525022
-0.0530046
-0.0532669
-0.0532909
-0.0530789
-0.0526334
-0.0519576
-0.0510548
-0.0499288
-0.0485833
-0.0470224
-0.0452507
-0.0432737
-0.0410973
-0.0387278
-0.0361717
-0.0334349
-0.0305228
-0.0274405
-0.0241937
-0.0207882
-0.0172303
-0.0135266
-0.00968431
-0.00571037
-0.00161197
0.00260347
0.00692853
0.0113561
0.0158793
0.0204908
0.0251823
0.029946
0.0347744
0.03966
0.0445948
0.0495718
0.054584
0.0596241
0.0646844
0.0697578
0.0748372
0.0799163
0.0849883
0.0900456
0.0950794
0.10008
0.10504
0.109948
0.114799
0.119584
0.124295
0.128924
0.13346
0.137897
0.142224
0.146434
0.150519
0.154468
0.158273
0.161924
0.165415
0.168739
0.171889
0.174855
0.17763
0.180204
0.182568
0.184715
0.186641
0.18834
0.189808
0.191039
0.192029
0.192774
0.193271
0.193518
0.193513
0.193254
0.192742
0.191978
0.190965
0.189705
0.188205
0.186467
0.184493
0.182301
0.179911
0.177088
0.173637
-0.0376609
-0.0411953
-0.0440802
-0.0465153
-0.0487438
-0.0507471
-0.0525051
-0.0540162
-0.0552795
-0.0562936
-0.0570577
-0.0575716
-0.0578362
-0.057853
-0.0576242
-0.0571528
-0.0564422
-0.055496
-0.0543184
-0.0529132
-0.051285
-0.0494387
-0.0473801
-0.0451156
-0.0426515
-0.0399942
-0.03715
-0.0341248
-0.0309242
-0.0275546
-0.0240224
-0.0203339
-0.0164958
-0.0125154
-0.0084002
-0.0041574
0.000205562
0.00468105
0.00926156
0.01394
0.0187088
0.0235593
0.0284833
0.0334732
0.0385217
0.0436214
0.0487648
0.0539445
0.0591526
0.0643815
0.0696237
0.0748721
0.0801201
0.0853612
0.0905882
0.0957921
0.100964
0.106093
0.111171
0.116191
0.121145
0.126023
0.130816
0.135517
0.140115
0.144603
0.148971
0.15321
0.157309
0.161259
0.165052
0.168681
0.172138
0.175416
0.178506
0.181396
0.184079
0.186545
0.188789
0.190803
0.192582
0.194119
0.195408
0.196446
0.19723
0.197756
0.198023
0.198026
0.197765
0.197241
0.196455
0.195409
0.194107
0.192552
0.190749
0.188698
0.186422
0.183939
0.181008
0.177426
-0.0417756
-0.0454433
-0.0484369
-0.050963
-0.0532735
-0.055349
-0.057169
-0.0587321
-0.0600375
-0.0610837
-0.0618698
-0.0623957
-0.0626618
-0.0626698
-0.0624221
-0.061922
-0.0611732
-0.0601797
-0.0589459
-0.0574764
-0.055776
-0.05385
-0.0517047
-0.0493464
-0.0467816
-0.0440167
-0.0410586
-0.0379136
-0.0345882
-0.031089
-0.0274228
-0.0235961
-0.0196159
-0.0154898
-0.0112256
-0.00683093
-0.00231291
0.00232077
0.00706213
0.0119034
0.0168368
0.0218535
0.0269451
0.032104
0.0373231
0.0425954
0.0479132
0.0532685
0.0586528
0.0640581
0.0694772
0.0749029
0.0803284
0.0857471
0.0911516
0.0965333
0.101883
0.10719
0.112446
0.117642
0.122772
0.127825
0.132792
0.137666
0.142435
0.147091
0.151625
0.156026
0.160284
0.164389
0.168333
0.172108
0.175708
0.179122
0.182341
0.185354
0.188153
0.19073
0.193077
0.195186
0.19705
0.19866
0.200012
0.201102
0.20193
0.202489
0.202776
0.202789
0.202526
0.20199
0.201182
0.200103
0.198755
0.197142
0.195269
0.193138
0.190773
0.188193
0.185147
0.181426
-0.0461158
-0.049925
-0.0530336
-0.0556558
-0.0580533
-0.0602056
-0.0620917
-0.0637103
-0.0650607
-0.0661411
-0.0669503
-0.0674882
-0.0677552
-0.0677528
-0.067484
-0.0669522
-0.0661616
-0.0651166
-0.0638221
-0.0622834
-0.0605056
-0.0584946
-0.0562566
-0.0537982
-0.0511259
-0.0482468
-0.0451679
-0.0418965
-0.0384393
-0.0348029
-0.0309947
-0.0270218
-0.0228915
-0.0186118
-0.0141908
-0.00963622
-0.00495518
-0.000155317
0.00475488
0.00976686
0.0148722
0.0200625
0.0253292
0.0306648
0.0360624
0.0415148
0.0470146
0.0525532
0.0581216
0.0637115
0.0693156
0.074927
0.0805387
0.0861436
0.091734
0.0973013
0.102836
0.108329
0.11377
0.119152
0.124465
0.129702
0.134853
0.139907
0.144856
0.149689
0.154397
0.158969
0.163395
0.167665
0.171771
0.175703
0.179452
0.18301
0.186366
0.18951
0.192435
0.195131
0.197589
0.199799
0.201752
0.203441
0.204862
0.206012
0.206887
0.207481
0.207791
0.207814
0.207551
0.207004
0.206173
0.205057
0.203661
0.201987
0.200041
0.197826
0.195366
0.192683
0.189514
0.185645
-0.0506887
-0.0546487
-0.0578795
-0.0606038
-0.0630939
-0.0653285
-0.0672852
-0.0689632
-0.0703614
-0.0714777
-0.072311
-0.0728609
-0.0731279
-0.0731137
-0.0728214
-0.072255
-0.071419
-0.0703182
-0.0689585
-0.0673454
-0.0654848
-0.0633826
-0.0610453
-0.0584798
-0.0556931
-0.0526926
-0.0494861
-0.0460809
-0.0424841
-0.0387026
-0.0347442
-0.0306167
-0.0263283
-0.0218869
-0.0173007
-0.0125778
-0.00772531
-0.00275116
0.00233586
0.00752648
0.0128118
0.0181833
0.023633
0.0291534
0.0347372
0.0403774
0.0460665
0.0517958
0.057556
0.0633385
0.0691359
0.0749412
0.0807477
0.0865475
0.0923324
0.0980938
0.103822
0.109509
0.115144
0.12072
0.126227
0.131656
0.136998
0.142243
0.14738
0.152399
0.15729
0.162043
0.166648
0.171093
0.175369
0.179466
0.183375
0.187085
0.190587
0.193873
0.196933
0.199756
0.202331
0.204647
0.206696
0.208471
0.209968
0.211183
0.212109
0.212741
0.213075
0.213112
0.212851
0.212293
0.211437
0.210283
0.208835
0.207098
0.205075
0.202771
0.20021
0.197417
0.194118
0.190088
-0.0555027
-0.0596238
-0.0629851
-0.0658186
-0.0684076
-0.0707301
-0.0727625
-0.0745034
-0.075952
-0.077106
-0.077964
-0.0785257
-0.0787918
-0.0787641
-0.078446
-0.0778418
-0.0769566
-0.075796
-0.0743662
-0.0726734
-0.0707237
-0.0685235
-0.0660798
-0.0633999
-0.0604915
-0.0573625
-0.0540206
-0.0504737
-0.0467291
-0.0427941
-0.038677
-0.0343867
-0.0299317
-0.0253202
-0.0205603
-0.0156601
-0.0106276
-0.00547084
-0.000198894
0.00517862
0.0106522
0.0162133
0.0218542
0.0275675
0.0333457
0.0391814
0.045067
0.0509942
0.0569539
0.0629372
0.0689362
0.0749439
0.0809532
0.0869564
0.0929447
0.0989091
0.10484
0.11073
0.116568
0.122347
0.128057
0.133688
0.139231
0.144674
0.150008
0.155222
0.160307
0.165251
0.170044
0.174673
0.179129
0.183401
0.187478
0.191351
0.195011
0.198448
0.201652
0.204609
0.207308
0.209738
0.211891
0.213761
0.215341
0.216625
0.217606
0.218279
0.218642
0.218695
0.218437
0.217867
0.216984
0.215791
0.214289
0.212484
0.210381
0.207982
0.205314
0.202402
0.198964
0.194765
-0.060568
-0.0648612
-0.0683623
-0.0713129
-0.0740077
-0.0764239
-0.0785366
-0.0803441
-0.0818455
-0.0830386
-0.0839219
-0.0844951
-0.0847591
-0.084716
-0.0843694
-0.0837243
-0.0827862
-0.0815614
-0.0800564
-0.0782778
-0.0762322
-0.0739268
-0.0713691
-0.0685672
-0.0655294
-0.0622638
-0.0587785
-0.0550812
-0.0511799
-0.0470829
-0.0427987
-0.0383367
-0.0337063
-0.0289159
-0.0239733
-0.0188871
-0.0136657
-0.00831783
-0.00285257
0.00272039
0.00839119
0.0141507
0.0199913
0.0259057
0.0318864
0.0379257
0.0440158
0.0501486
0.0563153
0.0625073
0.0687162
0.0749346
0.081155
0.0873698
0.0935701
0.0997466
0.10589
0.111992
0.118043
0.124035
0.129958
0.1358
0.141552
0.147203
0.152743
0.158163
0.163451
0.168597
0.173587
0.17841
0.183055
0.187511
0.191768
0.195816
0.199644
0.203243
0.206598
0.209698
0.212529
0.215084
0.217351
0.219323
0.220991
0.222349
0.22339
0.22411
0.224507
0.224578
0.224323
0.223741
0.222832
0.221597
0.220039
0.218163
0.215973
0.213472
0.21069
0.207652
0.204064
0.199684
-0.0658958
-0.070373
-0.0740239
-0.0771
-0.0799079
-0.0824238
-0.0846215
-0.0864993
-0.088056
-0.0892895
-0.0901984
-0.0907825
-0.0910428
-0.090982
-0.0906042
-0.0899148
-0.0889199
-0.087626
-0.0860398
-0.0841687
-0.0820201
-0.0796017
-0.0769222
-0.0739903
-0.0708146
-0.0674038
-0.0637658
-0.059909
-0.055842
-0.0515737
-0.0471134
-0.0424709
-0.0376558
-0.0326772
-0.0275431
-0.022262
-0.0168428
-0.0112949
-0.00562756
0.000149694
0.00602674
0.011994
0.0180432
0.0241672
0.0303588
0.0366101
0.0429132
0.0492598
0.0556414
0.0620497
0.0684764
0.0749135
0.0813533
0.0877877
0.0942084
0.100606
0.106972
0.113296
0.11957
0.125784
0.131928
0.137991
0.143963
0.149832
0.155588
0.161223
0.166725
0.172082
0.17728
0.182307
0.187151
0.191803
0.196251
0.200484
0.204492
0.208261
0.211778
0.21503
0.218005
0.220694
0.223085
0.225166
0.226929
0.228367
0.229475
0.230248
0.230683
0.230776
0.230525
0.229932
0.228996
0.227718
0.2261
0.224148
0.221865
0.219256
0.216351
0.213179
0.209432
0.204859
-0.0714979
-0.076172
-0.0799832
-0.0831936
-0.0861224
-0.0887443
-0.0910323
-0.0929842
-0.0945988
-0.095874
-0.0968085
-0.0974024
-0.0976574
-0.0975765
-0.0971644
-0.096427
-0.0953705
-0.0940016
-0.0923278
-0.0903571
-0.0880976
-0.0855584
-0.0827488
-0.079678
-0.0763552
-0.0727892
-0.0689889
-0.0649628
-0.0607203
-0.0562712
-0.0516254
-0.0467928
-0.0417836
-0.0366072
-0.0312724
-0.0257876
-0.0201618
-0.0144047
-0.00852599
-0.00253544
0.00355682
0.00974081
0.0160078
0.0223505
0.0287616
0.0352337
0.0417585
0.0483275
0.0549323
0.0615646
0.0682166
0.0748802
0.0815473
0.0882098
0.0948593
0.101487
0.108084
0.11464
0.121146
0.127592
0.133967
0.140261
0.146462
0.15256
0.158544
0.164405
0.170131
0.175708
0.181124
0.186365
0.191421
0.19628
0.200932
0.205362
0.20956
0.213509
0.217198
0.220614
0.223745
0.226579
0.2291
0.231298
0.233164
0.234691
0.235874
0.236706
0.237182
0.237299
0.237056
0.236453
0.23549
0.234167
0.232487
0.230453
0.228071
0.225346
0.222311
0.218996
0.21508
0.210297
-0.0773863
-0.0822712
-0.086254
-0.089608
-0.0926661
-0.0954013
-0.0977852
-0.0998154
-0.101491
-0.102808
-0.103768
-0.104371
-0.104619
-0.104515
-0.104065
-0.103275
-0.102152
-0.100701
-0.0989327
-0.0968547
-0.0944764
-0.0918077
-0.0888588
-0.0856395
-0.0821593
-0.0784278
-0.0744546
-0.0702489
-0.0658206
-0.0611805
-0.056339
-0.0513064
-0.0460932
-0.0407095
-0.0351646
-0.0294669
-0.0236253
-0.0176497
-0.0115504
-0.00533761
0.000978569
0.00738815
0.0138821
0.0204526
0.0270924
0.0337941
0.0405493
0.0473495
0.0541858
0.0610502
0.0679351
0.0748328
0.0817354
0.0886344
0.0955215
0.102388
0.109224
0.116021
0.122769
0.129457
0.136073
0.142608
0.149049
0.155387
0.16161
0.167708
0.173668
0.179476
0.185121
0.190589
0.195869
0.200949
0.205816
0.210455
0.214852
0.218994
0.222869
0.226462
0.22976
0.232747
0.235408
0.237732
0.239711
0.241336
0.242602
0.243498
0.244021
0.244166
0.243935
0.243324
0.242334
0.240963
0.239215
0.237095
0.234608
0.23176
0.228586
0.225117
0.221018
0.216011
-0.0835729
-0.0886842
-0.0928507
-0.0963584
-0.0995551
-0.102411
-0.104897
-0.10701
-0.108749
-0.110111
-0.111096
-0.111707
-0.111945
-0.111816
-0.111324
-0.110476
-0.109278
-0.107739
-0.105868
-0.103674
-0.101169
-0.098361
-0.0952627
-0.0918843
-0.0882359
-0.0843277
-0.0801705
-0.0757742
-0.0711494
-0.0663072
-0.0612592
-0.0560163
-0.0505892
-0.0449883
-0.0392233
-0.0333031
-0.0272364
-0.0210332
-0.0147042
-0.00826029
-0.0017116
0.00493214
0.011662
0.0184697
0.0253474
0.0322876
0.0392819
0.0463218
0.0533983
0.0605032
0.0676292
0.074769
0.0819151
0.0890592
0.0961924
0.103306
0.110391
0.117437
0.124435
0.131374
0.138243
0.145029
0.151722
0.158311
0.164784
0.17113
0.177336
0.183389
0.189275
0.194984
0.200502
0.205815
0.210909
0.215768
0.220378
0.224727
0.2288
0.232583
0.236059
0.23921
0.242022
0.244484
0.246586
0.248319
0.249674
0.250642
0.251217
0.251398
0.251181
0.250564
0.249545
0.248125
0.246306
0.244094
0.241495
0.238516
0.235192
0.231559
0.227261
0.222013
-0.0900704
-0.095425
-0.0997889
-0.103461
-0.106806
-0.109792
-0.112387
-0.114587
-0.116392
-0.1178
-0.118812
-0.119429
-0.119656
-0.119496
-0.118957
-0.118044
-0.116765
-0.11513
-0.113148
-0.11083
-0.108187
-0.10523
-0.101971
-0.0984226
-0.0945944
-0.090498
-0.0861449
-0.0815464
-0.0767134
-0.0716578
-0.0663921
-0.060928
-0.0552764
-0.0494479
-0.0434526
-0.0372997
-0.0309984
-0.0245585
-0.0179911
-0.0113071
-0.00451724
0.00236926
0.00934369
0.0163976
0.0235224
0.0307099
0.0379519
0.0452399
0.0525651
0.0599195
0.0672955
0.0746861
0.0820841
0.0894815
0.0968694
0.104239
0.11158
0.118885
0.126143
0.133343
0.140474
0.147523
0.154478
0.16133
0.168064
0.17467
0.181135
0.187446
0.193589
0.199552
0.20532
0.21088
0.216214
0.221307
0.226146
0.230716
0.235002
0.238987
0.242651
0.245979
0.248954
0.251567
0.253804
0.255654
0.257106
0.258153
0.25879
0.25901
0.258811
0.258189
0.257141
0.255669
0.253776
0.251468
0.24875
0.245631
0.242146
0.238333
0.233823
0.228312
-0.096893
-0.102509
-0.107085
-0.110935
-0.114438
-0.117562
-0.120272
-0.122566
-0.124441
-0.125897
-0.126935
-0.127557
-0.127769
-0.127575
-0.126982
-0.125997
-0.12463
-0.122889
-0.120787
-0.118334
-0.115543
-0.112426
-0.108996
-0.105265
-0.101245
-0.0969478
-0.0923865
-0.0875733
-0.0825201
-0.0772394
-0.0717442
-0.0660473
-0.0601601
-0.0540931
-0.0478565
-0.0414605
-0.0349146
-0.0282289
-0.0214141
-0.0144813
-0.00744112
-0.00030305
0.00692445
0.0142329
0.0216134
0.029057
0.0365553
0.0440999
0.0516826
0.0592954
0.0669307
0.0745815
0.0822403
0.0898995
0.0975506
0.105185
0.112792
0.120364
0.127891
0.135362
0.142764
0.150087
0.157317
0.164441
0.171449
0.178328
0.185066
0.191648
0.198062
0.204294
0.210327
0.216146
0.221735
0.227079
0.232162
0.236969
0.241481
0.24568
0.249547
0.253066
0.25622
0.258995
0.261378
0.263355
0.264916
0.266052
0.266758
0.267024
0.266846
0.26622
0.265144
0.263619
0.261648
0.259238
0.256394
0.253123
0.249465
0.245458
0.240718
0.234926
-0.104056
-0.109954
-0.114758
-0.118797
-0.122471
-0.125742
-0.128576
-0.130967
-0.132916
-0.134422
-0.135486
-0.136113
-0.136306
-0.136072
-0.135418
-0.134354
-0.132889
-0.131033
-0.1288
-0.126201
-0.123251
-0.119962
-0.116347
-0.112421
-0.108196
-0.103686
-0.0989034
-0.0938627
-0.0885768
-0.0830587
-0.077322
-0.0713801
-0.0652451
-0.058928
-0.0524391
-0.0457891
-0.0389884
-0.0320472
-0.0249757
-0.0177848
-0.0104851
-0.00308644
0.00440258
0.0119736
0.0196177
0.0273258
0.035089
0.042899
0.050748
0.0586283
0.0665323
0.0744526
0.0823816
0.0903116
0.0982345
0.106142
0.114024
0.121873
0.129679
0.13743
0.145115
0.152721
0.160235
0.167645
0.174938
0.182103
0.189127
0.195996
0.202696
0.20921
0.215522
0.221617
0.227478
0.233089
0.238432
0.243491
0.248244
0.252673
0.25676
0.260486
0.263834
0.266785
0.269326
0.271442
0.273125
0.274362
0.275143
0.275461
0.275308
0.274681
0.273577
0.271999
0.269948
0.26743
0.264449
0.261015
0.25717
0.252955
0.247967
0.241871
-0.111578
-0.117778
-0.122828
-0.127071
-0.130926
-0.134355
-0.13732
-0.139816
-0.141842
-0.1434
-0.14449
-0.145117
-0.145287
-0.145007
-0.144285
-0.143133
-0.14156
-0.139579
-0.137203
-0.134446
-0.131324
-0.127849
-0.124036
-0.119901
-0.115458
-0.11072
-0.105704
-0.100422
-0.0948906
-0.0891223
-0.0831313
-0.0769315
-0.0705361
-0.0639567
-0.0572041
-0.0502892
-0.0432228
-0.0360155
-0.0286774
-0.0212188
-0.0136503
-0.00598202
0.00177705
0.0096185
0.0175339
0.0255144
0.033551
0.0416353
0.0497595
0.057916
0.0660975
0.0742964
0.082505
0.0907154
0.0989194
0.107109
0.115276
0.123411
0.131505
0.139547
0.147523
0.155422
0.163231
0.170938
0.17853
0.185996
0.19332
0.20049
0.207488
0.2143
0.220908
0.227296
0.233446
0.239341
0.244962
0.250287
0.255299
0.259976
0.264301
0.268252
0.271808
0.274951
0.277664
0.279936
0.281753
0.2831
0.283967
0.284342
0.28422
0.283596
0.282468
0.280835
0.2787
0.276066
0.27294
0.26933
0.265284
0.260847
0.255591
0.249166
-0.119478
-0.126005
-0.131318
-0.135781
-0.139831
-0.143428
-0.146531
-0.149136
-0.151244
-0.152854
-0.153969
-0.154594
-0.154736
-0.154403
-0.153605
-0.152354
-0.150662
-0.148543
-0.146012
-0.143084
-0.139775
-0.1361
-0.132075
-0.127716
-0.123039
-0.11806
-0.112795
-0.107259
-0.101468
-0.0954359
-0.0891771
-0.0827062
-0.0760373
-0.0691831
-0.0621551
-0.054964
-0.0476206
-0.0401359
-0.0325203
-0.0247841
-0.0169376
-0.00899077
-0.000953046
0.0071671
0.0153616
0.0236222
0.0319403
0.0403074
0.0487152
0.0571565
0.0656238
0.0741099
0.082607
0.091107
0.0996018
0.108083
0.116544
0.124975
0.133367
0.141708
0.149987
0.15819
0.166305
0.17432
0.182224
0.190003
0.197642
0.205126
0.212439
0.219564
0.226485
0.233184
0.239642
0.245838
0.251753
0.257364
0.262653
0.267599
0.272181
0.276374
0.280156
0.283507
0.286412
0.288855
0.29082
0.292289
0.293251
0.293694
0.293611
0.292995
0.291844
0.290155
0.28793
0.285174
0.281893
0.278098
0.273837
0.269159
0.263615
0.256833
-0.127779
-0.134658
-0.140257
-0.144954
-0.149212
-0.152988
-0.156238
-0.158959
-0.161151
-0.162814
-0.163952
-0.164571
-0.164678
-0.164285
-0.163401
-0.16204
-0.160217
-0.157947
-0.155247
-0.152132
-0.14862
-0.144729
-0.140474
-0.135875
-0.13095
-0.125715
-0.120186
-0.114381
-0.108315
-0.102004
-0.0954639
-0.0887084
-0.081753
-0.0746114
-0.0672956
-0.0598164
-0.0521843
-0.0444105
-0.0365061
-0.0284818
-0.0203478
-0.0121138
-0.00378882
0.00461867
0.0131006
0.0216492
0.0302563
0.0389137
0.0476131
0.056347
0.0651083
0.0738896
0.0826835
0.091482
0.100277
0.10906
0.117824
0.12656
0.135259
0.14391
0.152501
0.161019
0.169452
0.177789
0.186017
0.194123
0.202091
0.209904
0.217548
0.225004
0.232256
0.239283
0.246066
0.252582
0.25881
0.264729
0.270317
0.275553
0.28041
0.284865
0.288893
0.292474
0.295591
0.298222
0.300349
0.301954
0.303023
0.303545
0.303509
0.302907
0.301735
0.29999
0.297672
0.294788
0.291343
0.287349
0.282858
0.27792
0.272063
0.264893
-0.136503
-0.143765
-0.149672
-0.154622
-0.159103
-0.163068
-0.166473
-0.169315
-0.171594
-0.17331
-0.174469
-0.175077
-0.175143
-0.174679
-0.173699
-0.172216
-0.170249
-0.167813
-0.164926
-0.161608
-0.157876
-0.15375
-0.149249
-0.144393
-0.139201
-0.133693
-0.127885
-0.121794
-0.115438
-0.108833
-0.101996
-0.0949423
-0.0876874
-0.0802454
-0.0726288
-0.0648488
-0.0569158
-0.0488414
-0.040637
-0.032314
-0.0238829
-0.0153526
-0.00673153
0.00197215
0.0107503
0.0195949
0.0284984
0.037453
0.046451
0.0554849
0.0645477
0.073632
0.0827306
0.0918356
0.100939
0.110033
0.119109
0.12816
0.137177
0.146148
0.155061
0.163906
0.17267
0.181341
0.189907
0.198353
0.206664
0.214823
0.222814
0.230619
0.23822
0.245595
0.252721
0.259577
0.26614
0.272388
0.278298
0.283845
0.289
0.293738
0.298036
0.30187
0.305217
0.308055
0.310362
0.31212
0.313313
0.313925
0.313946
0.313365
0.312174
0.310373
0.30796
0.304941
0.301323
0.297117
0.292378
0.28716
0.280961
0.273368
-0.145678
-0.153356
-0.159595
-0.164817
-0.169536
-0.173703
-0.177273
-0.180241
-0.182609
-0.184378
-0.185554
-0.186144
-0.186161
-0.185616
-0.184526
-0.182909
-0.180781
-0.178162
-0.175072
-0.17153
-0.167559
-0.163178
-0.158412
-0.15328
-0.147804
-0.142004
-0.135899
-0.129505
-0.122842
-0.115927
-0.108778
-0.101412
-0.0938439
-0.0860881
-0.0781573
-0.0700634
-0.0618174
-0.0534309
-0.0449159
-0.0362839
-0.0275453
-0.0187089
-0.00978246
-0.000773716
0.00830925
0.0174582
0.0266654
0.0359239
0.045227
0.0545676
0.063939
0.0733338
0.0827446
0.0921637
0.101583
0.110996
0.120394
0.12977
0.139113
0.148415
0.157663
0.166847
0.175954
0.184973
0.19389
0.202691
0.21136
0.219881
0.228237
0.236409
0.244377
0.252118
0.259609
0.266826
0.273748
0.280349
0.286603
0.292483
0.297961
0.303009
0.307602
0.311712
0.315312
0.318378
0.320886
0.322816
0.324149
0.324867
0.324955
0.324401
0.323197
0.32134
0.31883
0.315671
0.311869
0.307437
0.30243
0.296908
0.290339
0.282284
-0.15533
-0.163461
-0.170061
-0.175574
-0.180548
-0.184932
-0.188676
-0.191776
-0.194235
-0.196055
-0.197243
-0.197808
-0.197765
-0.197127
-0.195915
-0.194146
-0.19184
-0.189019
-0.185704
-0.181919
-0.177687
-0.173032
-0.167979
-0.162551
-0.156771
-0.150659
-0.144236
-0.137521
-0.130533
-0.123291
-0.115815
-0.108121
-0.100225
-0.0921417
-0.083883
-0.0754619
-0.0668907
-0.0581811
-0.049345
-0.0403937
-0.0313372
-0.0221844
-0.0129429
-0.00362013
0.00577588
0.015237
0.0247556
0.0343252
0.0439398
0.0535937
0.0632801
0.0729921
0.0827221
0.0924625
0.102206
0.111945
0.121673
0.131382
0.141064
0.150707
0.160301
0.169836
0.179299
0.188678
0.19796
0.207131
0.216175
0.225075
0.233813
0.242371
0.250725
0.258853
0.26673
0.274334
0.281638
0.288616
0.295239
0.301479
0.307306
0.312693
0.317607
0.322018
0.325896
0.329214
0.331948
0.334072
0.335564
0.336403
0.336571
0.336055
0.334844
0.332935
0.330327
0.327021
0.323024
0.318347
0.313053
0.307201
0.300227
0.291669
-0.165491
-0.174114
-0.181105
-0.186934
-0.192183
-0.196797
-0.200725
-0.203963
-0.206514
-0.208383
-0.209576
-0.210107
-0.209991
-0.209247
-0.207895
-0.205956
-0.203453
-0.200408
-0.196846
-0.192795
-0.18828
-0.183328
-0.177966
-0.17222
-0.166113
-0.159667
-0.152905
-0.145848
-0.138517
-0.130931
-0.12311
-0.115073
-0.106833
-0.0984069
-0.0898064
-0.0810453
-0.0721367
-0.0630929
-0.0539253
-0.0446443
-0.0352596
-0.02578
-0.0162134
-0.00656781
0.00314919
0.01293
0.0227676
0.0326558
0.0425892
0.0525626
0.0625702
0.0726052
0.0826606
0.0927288
0.102803
0.112876
0.122942
0.132993
0.143021
0.153016
0.162968
0.172865
0.182696
0.192449
0.202111
0.211667
0.221102
0.230399
0.239538
0.248499
0.25726
0.265797
0.274085
0.282099
0.289811
0.297192
0.304211
0.31084
0.317049
0.322802
0.328066
0.332807
0.336991
0.340591
0.343577
0.345919
0.347592
0.34857
0.348834
0.348368
0.34716
0.345203
0.342494
0.339035
0.334831
0.329893
0.324287
0.318078
0.310665
0.301556
-0.176195
-0.185354
-0.192769
-0.19894
-0.204485
-0.209346
-0.213468
-0.216849
-0.219493
-0.221405
-0.222597
-0.223082
-0.22288
-0.222013
-0.220501
-0.21837
-0.215645
-0.212352
-0.20852
-0.204177
-0.199355
-0.194082
-0.188388
-0.182298
-0.17584
-0.169038
-0.161915
-0.154495
-0.1468
-0.138851
-0.130668
-0.122268
-0.113668
-0.104883
-0.0959269
-0.0868129
-0.077555
-0.0681655
-0.0586553
-0.049034
-0.0393109
-0.0294947
-0.0195939
-0.00961667
0.000429363
0.0105374
0.0207013
0.0309156
0.0411751
0.0514748
0.0618094
0.0721729
0.082559
0.0929611
0.103372
0.113787
0.124197
0.134598
0.144982
0.155338
0.165657
0.175928
0.18614
0.19628
0.206335
0.216292
0.226135
0.235845
0.245403
0.254788
0.263977
0.272947
0.281671
0.290121
0.298267
0.306078
0.313526
0.320577
0.327197
0.333349
0.338994
0.344096
0.348621
0.352534
0.355801
0.358389
0.360268
0.361409
0.361788
0.361388
0.360193
0.358193
0.355383
0.351764
0.34734
0.342124
0.336182
0.329587
0.321695
0.311985
-0.187482
-0.197225
-0.205101
-0.211643
-0.217505
-0.22263
-0.226957
-0.230486
-0.233222
-0.235173
-0.236352
-0.236779
-0.236474
-0.235461
-0.233767
-0.231419
-0.228447
-0.224879
-0.220749
-0.216089
-0.210933
-0.205312
-0.199257
-0.192798
-0.185963
-0.178779
-0.171271
-0.163466
-0.155386
-0.147054
-0.138488
-0.129707
-0.120729
-0.111569
-0.102242
-0.0927623
-0.0831427
-0.0733955
-0.0635311
-0.0535588
-0.0434876
-0.0333261
-0.0230828
-0.0127657
-0.00238246
0.00806058
0.0185581
0.0291054
0.0396975
0.0503299
0.0609974
0.071695
0.0824173
0.0931585
0.103913
0.114674
0.125437
0.136195
0.146941
0.157667
0.168363
0.179018
0.189621
0.200161
0.210624
0.220996
0.231262
0.241403
0.251399
0.261229
0.27087
0.280297
0.289482
0.298394
0.307003
0.315278
0.323187
0.330694
0.33776
0.344344
0.350407
0.355909
0.36081
0.365071
0.368653
0.371518
0.373632
0.374962
0.375481
0.375165
0.373996
0.37196
0.369051
0.365267
0.360612
0.355098
0.348797
0.341782
0.333369
0.323
-0.199396
-0.209778
-0.218156
-0.225098
-0.231304
-0.236709
-0.241251
-0.244932
-0.247758
-0.24974
-0.250895
-0.251246
-0.250816
-0.249635
-0.247732
-0.245138
-0.241888
-0.238017
-0.233559
-0.228552
-0.223032
-0.217033
-0.210589
-0.203731
-0.196491
-0.188899
-0.180982
-0.172767
-0.164279
-0.15554
-0.14657
-0.137388
-0.128013
-0.118461
-0.108749
-0.0988892
-0.0888951
-0.0787775
-0.0685472
-0.0582134
-0.0477849
-0.0372701
-0.0266768
-0.0160126
-0.00528444
0.00550133
0.0163396
0.027226
0.0381564
0.0491267
0.0601328
0.0711701
0.082234
0.0933194
0.104421
0.115535
0.126655
0.137777
0.148893
0.159996
0.171077
0.182125
0.193131
0.204082
0.214965
0.225768
0.236473
0.247062
0.257515
0.267812
0.277928
0.287837
0.297509
0.306913
0.316018
0.324791
0.333196
0.341194
0.348742
0.355798
0.36232
0.368262
0.37358
0.378229
0.382163
0.385343
0.387726
0.389278
0.389962
0.389753
0.388626
0.386565
0.38356
0.379608
0.374712
0.368882
0.362194
0.354727
0.345744
0.334653
-0.211992
-0.223071
-0.231997
-0.239372
-0.245945
-0.251648
-0.256416
-0.260251
-0.263163
-0.265166
-0.266281
-0.266535
-0.265956
-0.264578
-0.262435
-0.259564
-0.256004
-0.251794
-0.246976
-0.241588
-0.23567
-0.22926
-0.222394
-0.215106
-0.207432
-0.199403
-0.19105
-0.1824
-0.173478
-0.164308
-0.154912
-0.145308
-0.135517
-0.125557
-0.115442
-0.105188
-0.0948053
-0.084305
-0.0736972
-0.0629919
-0.0521975
-0.0413218
-0.0303717
-0.0193536
-0.00827385
0.00286133
0.0140465
0.0252774
0.0365508
0.0478638
0.0592131
0.0705952
0.0820059
0.0934405
0.104895
0.116365
0.127848
0.139338
0.150831
0.162319
0.173792
0.185242
0.196659
0.208032
0.219349
0.230595
0.241755
0.25281
0.263741
0.274526
0.28514
0.295556
0.305744
0.315672
0.325307
0.334614
0.343551
0.352078
0.36015
0.367723
0.374748
0.381176
0.386954
0.392034
0.396365
0.399902
0.402596
0.404404
0.405287
0.405211
0.404147
0.402074
0.398981
0.394861
0.389714
0.38355
0.376447
0.368488
0.358885
0.347001
-0.225331
-0.237174
-0.246695
-0.254538
-0.261505
-0.267523
-0.272524
-0.276514
-0.279505
-0.281516
-0.282572
-0.282704
-0.281947
-0.280339
-0.277921
-0.274736
-0.270828
-0.266243
-0.261025
-0.255218
-0.248864
-0.242006
-0.234683
-0.226932
-0.218792
-0.210296
-0.201477
-0.192363
-0.182981
-0.173355
-0.163509
-0.153463
-0.143238
-0.132851
-0.122318
-0.111652
-0.100866
-0.0899703
-0.0789745
-0.0678883
-0.0567199
-0.0454758
-0.0341618
-0.0227836
-0.0113467
0.00014275
0.0116795
0.0232594
0.0348801
0.0465397
0.0582364
0.0699674
0.0817288
0.0935169
0.105328
0.11716
0.129009
0.140874
0.152748
0.164626
0.176499
0.188359
0.200196
0.212002
0.223764
0.235467
0.247097
0.258635
0.270063
0.281357
0.292494
0.303444
0.314178
0.324663
0.334864
0.34474
0.35425
0.363349
0.371992
0.380128
0.387705
0.394666
0.400955
0.406517
0.411296
0.415237
0.418288
0.420395
0.421514
0.421602
0.420627
0.418563
0.415393
0.411107
0.405701
0.399182
0.391635
0.383145
0.372864
0.360111
-0.239484
-0.252163
-0.262332
-0.270679
-0.278065
-0.284415
-0.289657
-0.293798
-0.296859
-0.29886
-0.299833
-0.299814
-0.298845
-0.29697
-0.294237
-0.290696
-0.286398
-0.281393
-0.275732
-0.269463
-0.262632
-0.255286
-0.247467
-0.239217
-0.230575
-0.221579
-0.212262
-0.202655
-0.192784
-0.182677
-0.172357
-0.161848
-0.151168
-0.140337
-0.129367
-0.118274
-0.10707
-0.0957663
-0.0843721
-0.0728962
-0.0613456
-0.0497256
-0.0380408
-0.0262966
-0.0144982
-0.0026512
0.00923991
0.021172
0.0331436
0.0451537
0.0572011
0.0692837
0.0813986
0.0935429
0.105714
0.117911
0.130133
0.142376
0.154636
0.166909
0.179188
0.191464
0.203731
0.215979
0.228196
0.24037
0.252484
0.264523
0.276467
0.288293
0.299976
0.311489
0.3228
0.333876
0.344678
0.355163
0.365288
0.375007
0.38427
0.393021
0.401201
0.40875
0.415606
0.421707
0.42699
0.431392
0.43485
0.437305
0.438703
0.438996
0.438144
0.436114
0.432881
0.428434
0.422762
0.41587
0.407847
0.398784
0.387765
0.374058
-0.254532
-0.268126
-0.278999
-0.287888
-0.295719
-0.302415
-0.307902
-0.312191
-0.315306
-0.317276
-0.318136
-0.317931
-0.31671
-0.314524
-0.31143
-0.307486
-0.302749
-0.297277
-0.291124
-0.284345
-0.27699
-0.269111
-0.260754
-0.251964
-0.242784
-0.233252
-0.223403
-0.213269
-0.202882
-0.192267
-0.18145
-0.170455
-0.1593
-0.148005
-0.136582
-0.125046
-0.11341
-0.101685
-0.0898822
-0.0780076
-0.0660667
-0.0540634
-0.0420017
-0.0298865
-0.0177232
-0.00551625
0.00673109
0.0190174
0.0313422
0.0437053
0.0561056
0.0685417
0.0810116
0.093514
0.106048
0.118614
0.13121
0.143835
0.156486
0.169158
0.181847
0.194547
0.207251
0.21995
0.232634
0.24529
0.257903
0.270459
0.282937
0.295316
0.307571
0.319675
0.331596
0.343297
0.354737
0.365874
0.376661
0.387049
0.396984
0.406404
0.415246
0.423444
0.43093
0.437634
0.443484
0.448408
0.452334
0.455194
0.456925
0.45747
0.45678
0.454815
0.451541
0.44694
0.440999
0.433717
0.425187
0.415505
0.403683
0.388931
-0.270568
-0.285162
-0.296797
-0.306268
-0.314571
-0.321627
-0.32736
-0.331787
-0.334937
-0.336847
-0.337559
-0.337126
-0.335605
-0.333059
-0.329552
-0.32515
-0.319919
-0.313923
-0.307224
-0.299882
-0.291953
-0.283492
-0.274551
-0.265178
-0.255417
-0.245309
-0.234892
-0.2242
-0.213264
-0.202115
-0.190776
-0.179272
-0.167622
-0.155843
-0.143949
-0.131956
-0.119875
-0.107718
-0.0954959
-0.083213
-0.0708733
-0.05848
-0.0460364
-0.0335468
-0.0210158
-0.00844685
0.00415843
0.0168002
0.0294792
0.0421958
0.0549495
0.0677395
0.0805654
0.0934273
0.106326
0.119262
0.132235
0.145244
0.158287
0.171363
0.184467
0.197596
0.210743
0.223901
0.23706
0.25021
0.263337
0.276425
0.289457
0.302411
0.315264
0.327987
0.340548
0.352909
0.365028
0.376861
0.38836
0.39947
0.410131
0.42028
0.429848
0.438764
0.44695
0.454327
0.460815
0.466331
0.470794
0.474126
0.476253
0.477107
0.476628
0.474765
0.471477
0.466737
0.460525
0.452838
0.443771
0.433424
0.42073
0.404835
-0.287694
-0.30338
-0.315843
-0.325935
-0.334736
-0.342164
-0.348141
-0.352691
-0.355851
-0.357665
-0.358185
-0.357473
-0.355598
-0.352633
-0.348652
-0.343731
-0.337944
-0.331362
-0.324056
-0.316091
-0.307531
-0.298435
-0.288859
-0.278855
-0.268469
-0.257744
-0.24672
-0.235434
-0.22392
-0.212208
-0.200322
-0.188286
-0.176118
-0.163836
-0.151456
-0.13899
-0.126453
-0.113854
-0.101201
-0.0885005
-0.075754
-0.0629647
-0.0501353
-0.037269
-0.0243685
-0.0114358
0.00152906
0.0145272
0.02756
0.0406288
0.0537343
0.0668774
0.0800592
0.093281
0.106544
0.11985
0.133199
0.146593
0.16003
0.173512
0.187035
0.200597
0.214193
0.227816
0.241459
0.255113
0.268766
0.282403
0.296007
0.309558
0.323033
0.336404
0.349637
0.362694
0.375534
0.38811
0.40037
0.412256
0.423705
0.434649
0.445015
0.454721
0.463683
0.471812
0.479018
0.485208
0.490289
0.494171
0.496767
0.497997
0.497787
0.496074
0.492806
0.487948
0.481471
0.473366
0.463732
0.452674
0.439033
0.421889
-0.30603
-0.322909
-0.336266
-0.347023
-0.356348
-0.364156
-0.370371
-0.375023
-0.378158
-0.379831
-0.380105
-0.379055
-0.376761
-0.373309
-0.368784
-0.363272
-0.356857
-0.34962
-0.341638
-0.332986
-0.323733
-0.313944
-0.303678
-0.29299
-0.28193
-0.270544
-0.258874
-0.246959
-0.234833
-0.222528
-0.210068
-0.197476
-0.184769
-0.171967
-0.159083
-0.146133
-0.133128
-0.120076
-0.106984
-0.093856
-0.080696
-0.0675058
-0.0542875
-0.0410425
-0.0277713
-0.0144737
-0.00114874
0.0122053
0.0255905
0.0390093
0.0524643
0.0659585
0.0794944
0.0930743
0.1067
0.120374
0.134098
0.147875
0.161707
0.175595
0.189539
0.203537
0.217584
0.231678
0.245813
0.25998
0.274171
0.288371
0.302565
0.316733
0.330855
0.344901
0.358839
0.372631
0.386234
0.3996
0.412674
0.425395
0.437698
0.449509
0.460747
0.471324
0.481147
0.490117
0.498132
0.505088
0.51088
0.515402
0.518553
0.520237
0.520365
0.518861
0.51566
0.510713
0.503982
0.495452
0.485223
0.473407
0.458742
0.440233
-0.325713
-0.343893
-0.358218
-0.369683
-0.379556
-0.38775
-0.394189
-0.398913
-0.401979
-0.403455
-0.403418
-0.401958
-0.39917
-0.395152
-0.390001
-0.383817
-0.376693
-0.368722
-0.359989
-0.350576
-0.340562
-0.330016
-0.319
-0.307573
-0.295788
-0.283694
-0.271336
-0.258753
-0.245982
-0.233052
-0.21999
-0.206817
-0.193552
-0.180212
-0.166812
-0.153364
-0.139879
-0.126364
-0.112824
-0.0992631
-0.0856849
-0.0720906
-0.0584809
-0.0448552
-0.031212
-0.0175495
-0.00386563
0.00984219
0.0235771
0.0373432
0.0511451
0.0649874
0.0788737
0.0928073
0.106791
0.120829
0.134925
0.149083
0.163309
0.177603
0.191967
0.206399
0.220901
0.23547
0.250102
0.264792
0.27953
0.294306
0.309106
0.323911
0.338702
0.353451
0.368127
0.382691
0.397101
0.411306
0.42525
0.438869
0.452095
0.464848
0.477041
0.488577
0.499354
0.509264
0.518192
0.52602
0.532628
0.537895
0.541701
0.543932
0.544484
0.543261
0.540183
0.535187
0.528224
0.519267
0.50842
0.495797
0.480025
0.460027
-0.346901
-0.366501
-0.381872
-0.39409
-0.404532
-0.413112
-0.419753
-0.424507
-0.427449
-0.428659
-0.428234
-0.426279
-0.422905
-0.418227
-0.412358
-0.405407
-0.397482
-0.388688
-0.379119
-0.368868
-0.358017
-0.346643
-0.334812
-0.322587
-0.310022
-0.297172
-0.284081
-0.270792
-0.257339
-0.243753
-0.230061
-0.216283
-0.20244
-0.188546
-0.174616
-0.160658
-0.146682
-0.132695
-0.118701
-0.104703
-0.090704
-0.076704
-0.0627012
-0.0486933
-0.0346777
-0.0206515
-0.00661146
0.00744634
0.0215271
0.0356371
0.0497824
0.0639684
0.0781998
0.0924807
0.106816
0.121213
0.135676
0.150213
0.164828
0.179524
0.194304
0.209171
0.224128
0.239174
0.254308
0.269526
0.284821
0.300184
0.315604
0.331065
0.346548
0.362027
0.377472
0.392846
0.408106
0.4232
0.438071
0.452654
0.466877
0.480653
0.493888
0.50648
0.518317
0.529277
0.539233
0.548053
0.555598
0.561729
0.566307
0.569197
0.570273
0.569419
0.566537
0.561547
0.554383
0.545006
0.53352
0.520043
0.503078
0.481456
-0.369778
-0.390928
-0.407427
-0.420442
-0.431471
-0.440427
-0.447238
-0.45197
-0.454716
-0.455576
-0.454668
-0.452116
-0.448051
-0.442604
-0.435905
-0.42808
-0.419251
-0.409534
-0.399037
-0.387859
-0.376089
-0.363811
-0.351095
-0.338007
-0.324607
-0.310948
-0.297079
-0.283042
-0.268872
-0.254598
-0.240248
-0.225843
-0.211402
-0.196939
-0.182464
-0.167986
-0.15351
-0.139044
-0.124591
-0.110154
-0.0957333
-0.0813269
-0.066931
-0.0525415
-0.038155
-0.0237679
-0.00937568
0.00502775
0.01945
0.0338989
0.048382
0.0629053
0.0774744
0.0920957
0.106777
0.121526
0.136351
0.151259
0.166257
0.181349
0.196542
0.211841
0.227251
0.242775
0.258412
0.274161
0.290019
0.305979
0.322033
0.338166
0.354361
0.370595
0.386841
0.403062
0.419215
0.435249
0.451108
0.466723
0.482018
0.496902
0.511276
0.525029
0.538038
0.550171
0.561286
0.571232
0.579852
0.586987
0.592473
0.596152
0.597874
0.597499
0.594905
0.58999
0.582669
0.572888
0.56075
0.546372
0.528123
0.504734
-0.394558
-0.417396
-0.435112
-0.448967
-0.460594
-0.469909
-0.476843
-0.481484
-0.483946
-0.484354
-0.482848
-0.479577
-0.474694
-0.46835
-0.460696
-0.451874
-0.442023
-0.431273
-0.419743
-0.40754
-0.394762
-0.381496
-0.36782
-0.353803
-0.339507
-0.324988
-0.310294
-0.295467
-0.280542
-0.26555
-0.250516
-0.235461
-0.220404
-0.205354
-0.190323
-0.175313
-0.160332
-0.145383
-0.130469
-0.115592
-0.10075
-0.0859375
-0.07115
-0.0563822
-0.0416293
-0.0268863
-0.0121468
0.00259746
0.0173559
0.0321375
0.0469504
0.0618021
0.0767005
0.0916543
0.106673
0.121768
0.136946
0.152217
0.167589
0.183071
0.198671
0.214398
0.230258
0.246256
0.262395
0.278678
0.295103
0.311668
0.328365
0.345184
0.362109
0.379122
0.396197
0.413301
0.43039
0.447417
0.464323
0.481039
0.497484
0.513568
0.529183
0.544211
0.558518
0.571959
0.584376
0.595601
0.605454
0.613751
0.620305
0.624929
0.627443
0.627678
0.625485
0.620735
0.613319
0.603162
0.590365
0.575044
0.555416
0.530104
-0.421485
-0.446164
-0.465189
-0.479925
-0.492153
-0.501795
-0.508791
-0.513252
-0.51532
-0.515149
-0.512907
-0.508772
-0.502921
-0.495532
-0.486777
-0.476819
-0.465815
-0.453907
-0.441228
-0.427894
-0.414009
-0.399667
-0.384951
-0.369934
-0.35468
-0.339245
-0.323678
-0.308019
-0.292305
-0.276564
-0.260821
-0.245096
-0.229405
-0.213755
-0.198154
-0.182606
-0.167114
-0.151681
-0.136307
-0.120991
-0.105727
-0.0905115
-0.0753364
-0.0601958
-0.0450833
-0.0299914
-0.014911
0.000167815
0.0152553
0.0303611
0.0454944
0.060665
0.0758834
0.091161
0.106509
0.121939
0.13746
0.153084
0.168821
0.184684
0.200684
0.216832
0.233136
0.249603
0.266241
0.283056
0.300051
0.317224
0.334572
0.352086
0.369758
0.387572
0.405504
0.423523
0.44159
0.459659
0.477672
0.495559
0.513239
0.530617
0.547582
0.564006
0.579747
0.594645
0.608525
0.621199
0.632463
0.642107
0.649915
0.655665
0.659146
0.660152
0.658501
0.65403
0.646601
0.636113
0.62266
0.606355
0.585251
0.557849
-0.450841
-0.47753
-0.497959
-0.513613
-0.526436
-0.536358
-0.543333
-0.5475
-0.549037
-0.548132
-0.544988
-0.539815
-0.532821
-0.524214
-0.514191
-0.502939
-0.490632
-0.477429
-0.463472
-0.448888
-0.433791
-0.418279
-0.40244
-0.386349
-0.370073
-0.353667
-0.337178
-0.320647
-0.304108
-0.28759
-0.271115
-0.254701
-0.238359
-0.222096
-0.205918
-0.189825
-0.173821
-0.157903
-0.142071
-0.126317
-0.110637
-0.095023
-0.0794668
-0.063961
-0.0484967
-0.0330638
-0.0176508
-0.0022466
0.0131598
0.0285791
0.0440223
0.0595017
0.0750304
0.0906215
0.106287
0.12204
0.137892
0.153857
0.16995
0.186185
0.202575
0.219134
0.235872
0.252802
0.269934
0.287278
0.30484
0.322621
0.340623
0.358842
0.377273
0.395905
0.414717
0.433683
0.452768
0.471928
0.491106
0.510236
0.529236
0.548008
0.566436
0.584386
0.601707
0.618224
0.633745
0.648058
0.660937
0.67214
0.681416
0.688508
0.693163
0.695135
0.694198
0.690151
0.682816
0.672062
0.65797
0.64065
0.617967
0.588295
-0.482952
-0.511835
-0.533772
-0.550374
-0.563771
-0.573906
-0.580749
-0.58448
-0.585315
-0.583487
-0.579239
-0.572821
-0.56448
-0.554454
-0.542973
-0.530246
-0.516469
-0.501814
-0.486439
-0.470479
-0.454056
-0.437274
-0.420224
-0.402984
-0.385619
-0.368185
-0.350728
-0.333286
-0.315891
-0.298569
-0.281341
-0.26422
-0.247214
-0.23033
-0.213568
-0.196929
-0.180411
-0.164011
-0.147722
-0.131537
-0.115447
-0.0994424
-0.0835145
-0.0676529
-0.0518461
-0.0360814
-0.0203464
-0.00462858
0.011084
0.0268041
0.0425453
0.0583224
0.0741499
0.0900418
0.106012
0.122074
0.138244
0.154538
0.170975
0.18757
0.204338
0.221295
0.238457
0.25584
0.273458
0.291324
0.309446
0.327832
0.346488
0.365417
0.384616
0.404079
0.423791
0.443731
0.46387
0.484167
0.50457
0.525013
0.545418
0.565685
0.585696
0.605312
0.62437
0.642682
0.660038
0.676204
0.690927
0.703931
0.714926
0.723612
0.729689
0.732861
0.732851
0.729408
0.722308
0.711377
0.696682
0.678322
0.653957
0.621819
-0.518195
-0.549477
-0.57303
-0.590603
-0.604536
-0.614789
-0.621358
-0.624468
-0.624391
-0.621409
-0.615815
-0.607907
-0.597977
-0.586302
-0.573143
-0.558737
-0.5433
-0.527023
-0.510075
-0.492602
-0.474733
-0.456577
-0.438226
-0.419758
-0.401239
-0.382722
-0.36425
-0.345861
-0.327581
-0.309433
-0.291432
-0.27359
-0.255912
-0.2384
-0.221054
-0.203869
-0.186841
-0.169962
-0.153222
-0.136611
-0.12012
-0.103736
-0.0874483
-0.0712423
-0.0551043
-0.03902
-0.022976
-0.00695873
0.00904582
0.0250529
0.0410789
0.0571399
0.0732515
0.0894287
0.105687
0.122044
0.138519
0.15513
0.171895
0.188835
0.205965
0.223307
0.24088
0.258704
0.276796
0.295172
0.313845
0.33283
0.352137
0.371775
0.391746
0.412049
0.432676
0.453614
0.474839
0.496316
0.517998
0.539825
0.561721
0.583587
0.605304
0.62673
0.647691
0.667988
0.687394
0.705652
0.722477
0.737558
0.75056
0.761137
0.76893
0.773585
0.774763
0.772151
0.765466
0.754483
0.739243
0.71983
0.693675
0.658856
-0.557006
-0.590919
-0.616202
-0.63476
-0.649167
-0.659408
-0.665515
-0.667775
-0.666522
-0.662102
-0.654871
-0.645185
-0.633384
-0.619792
-0.604703
-0.588386
-0.57108
-0.552992
-0.534304
-0.515172
-0.495731
-0.476092
-0.456348
-0.436575
-0.416836
-0.397182
-0.377654
-0.358284
-0.339094
-0.320101
-0.301315
-0.282743
-0.264388
-0.246247
-0.228318
-0.210592
-0.193059
-0.175707
-0.158525
-0.1415
-0.124619
-0.107869
-0.0912337
-0.0746967
-0.0582418
-0.0418534
-0.0255164
-0.00921563
0.00706559
0.0233448
0.0396399
0.0559681
0.0723462
0.0887914
0.105322
0.121959
0.138722
0.155632
0.17271
0.189976
0.207453
0.225164
0.243133
0.261381
0.27993
0.2988
0.318012
0.337586
0.357536
0.377877
0.398618
0.419765
0.441319
0.463273
0.485611
0.508306
0.531319
0.554597
0.578067
0.601636
0.625186
0.648571
0.671612
0.6941
0.71579
0.736401
0.755618
0.773089
0.788434
0.801247
0.811106
0.817585
0.82027
0.818773
0.812735
0.801866
0.78617
0.765707
0.737651
0.699913
-0.599899
-0.636704
-0.663841
-0.683381
-0.698166
-0.708221
-0.713625
-0.71474
-0.711983
-0.705781
-0.696564
-0.684754
-0.670753
-0.654933
-0.63763
-0.619142
-0.599733
-0.579629
-0.559023
-0.538079
-0.516935
-0.495702
-0.474471
-0.453317
-0.432297
-0.411458
-0.390836
-0.370456
-0.350335
-0.330483
-0.310905
-0.291601
-0.27257
-0.253805
-0.235299
-0.217038
-0.199009
-0.181197
-0.163586
-0.146161
-0.128906
-0.111804
-0.0948361
-0.0779836
-0.0612286
-0.044554
-0.0279423
-0.0113756
0.00516498
0.0216988
0.0382446
0.0548209
0.0714465
0.0881414
0.104927
0.121825
0.138859
0.156049
0.173418
0.190993
0.208798
0.226859
0.245204
0.263856
0.282842
0.30219
0.321924
0.342071
0.362651
0.383683
0.405187
0.427177
0.449662
0.472644
0.496116
0.520062
0.544453
0.569243
0.594368
0.619743
0.645252
0.67075
0.696056
0.720953
0.745179
0.768432
0.790364
0.810583
0.828654
0.844107
0.856446
0.865161
0.869745
0.869717
0.864624
0.854089
0.838066
0.816578
0.786509
0.745585
-0.647476
-0.687478
-0.716597
-0.737096
-0.752122
-0.761755
-0.766139
-0.765738
-0.761071
-0.752664
-0.741039
-0.726698
-0.710112
-0.691708
-0.671866
-0.650919
-0.629152
-0.606811
-0.584098
-0.561182
-0.5382
-0.515261
-0.492454
-0.469845
-0.447489
-0.425423
-0.403676
-0.382265
-0.3612
-0.340482
-0.32011
-0.300078
-0.280379
-0.261
-0.241928
-0.223146
-0.204636
-0.186379
-0.168356
-0.15055
-0.132939
-0.115502
-0.0982201
-0.0810709
-0.0640354
-0.0470941
-0.0302271
-0.0134139
0.00336636
0.0201341
0.0369096
0.0537131
0.0705662
0.0874914
0.104512
0.121651
0.138932
0.156381
0.174022
0.191884
0.209995
0.228385
0.247081
0.266114
0.285516
0.30532
0.325556
0.346255
0.367445
0.389153
0.411408
0.434233
0.457646
0.48166
0.506281
0.531503
0.55731
0.583667
0.610523
0.637802
0.665394
0.693162
0.720924
0.748458
0.775491
0.801701
0.826708
0.850076
0.871314
0.889879
0.90519
0.916635
0.923599
0.925482
0.921714
0.911805
0.895638
0.873179
0.840981
0.796568
-0.700455
-0.74401
-0.775251
-0.796653
-0.811723
-0.820615
-0.823569
-0.821179
-0.814095
-0.802966
-0.788425
-0.771071
-0.751451
-0.730055
-0.707311
-0.683585
-0.659186
-0.634373
-0.609355
-0.584302
-0.559348
-0.534597
-0.510128
-0.486001
-0.462259
-0.438933
-0.41604
-0.393586
-0.371572
-0.34999
-0.328832
-0.308083
-0.28773
-0.267754
-0.248135
-0.228851
-0.20988
-0.191199
-0.172787
-0.154619
-0.136673
-0.118925
-0.10135
-0.0839268
-0.0666328
-0.0494463
-0.0323451
-0.0153068
0.00169093
0.0186699
0.0356523
0.0526612
0.0697203
0.0868541
0.104087
0.121444
0.13895
0.156633
0.174523
0.192649
0.211041
0.229732
0.248755
0.268144
0.287937
0.308171
0.328883
0.350108
0.371883
0.394246
0.417233
0.440877
0.465208
0.490251
0.516025
0.542539
0.569791
0.597762
0.626416
0.655688
0.685485
0.715676
0.746088
0.776497
0.806626
0.836133
0.864611
0.891579
0.916487
0.938712
0.957575
0.972349
0.982282
0.986631
0.984673
0.975774
0.959714
0.936382
0.90194
0.853684
-0.759697
-0.807231
-0.840742
-0.862945
-0.877777
-0.885502
-0.88649
-0.881507
-0.871372
-0.856888
-0.838823
-0.817886
-0.794714
-0.769864
-0.743812
-0.716959
-0.689633
-0.662101
-0.634576
-0.607223
-0.580168
-0.553505
-0.5273
-0.501601
-0.476439
-0.451829
-0.427779
-0.404281
-0.381324
-0.358892
-0.336964
-0.315519
-0.294534
-0.273984
-0.253844
-0.234084
-0.21468
-0.195603
-0.176827
-0.158325
-0.140069
-0.122034
-0.104192
-0.0865201
-0.0689924
-0.051585
-0.0342735
-0.017034
0.000156996
0.0173233
0.0344894
0.0516805
0.0689224
0.0862409
0.103662
0.121211
0.138918
0.156811
0.174924
0.193286
0.211932
0.230897
0.250218
0.269935
0.29009
0.310725
0.33188
0.353601
0.375933
0.398922
0.422614
0.447053
0.472282
0.49834
0.525262
0.553073
0.581788
0.611407
0.641913
0.673261
0.705373
0.738136
0.77139
0.804918
0.838443
0.871611
0.903993
0.935064
0.964214
0.990735
1.01384
1.03266
1.04629
1.0538
1.05427
1.04689
1.03129
1.00723
0.970428
0.917916
-0.826252
-0.878278
-0.91421
-0.937046
-0.951241
-0.95722
-0.955542
-0.947196
-0.933219
-0.914606
-0.892285
-0.867097
-0.839776
-0.810952
-0.781147
-0.750791
-0.720228
-0.689726
-0.659493
-0.629683
-0.600409
-0.571747
-0.543747
-0.516439
-0.489835
-0.463936
-0.438732
-0.414203
-0.390324
-0.367065
-0.344395
-0.322285
-0.3007
-0.27961
-0.258981
-0.238781
-0.218976
-0.199536
-0.180429
-0.161623
-0.143088
-0.124795
-0.106716
-0.0888226
-0.0710885
-0.0534869
-0.0359917
-0.0185774
-0.00121893
0.0161097
0.033435
0.0507841
0.0681839
0.0856614
0.103244
0.12096
0.138841
0.156918
0.175225
0.193795
0.212665
0.231874
0.251463
0.271477
0.291961
0.31296
0.334525
0.356707
0.37956
0.40314
0.427503
0.452704
0.478802
0.505851
0.533902
0.563
0.593181
0.624468
0.656866
0.690353
0.724879
0.760352
0.796634
0.833524
0.870753
0.907969
0.94472
0.980451
1.01449
1.04604
1.07419
1.09792
1.11614
1.12768
1.1314
1.1262
1.11153
1.08699
1.04771
0.990453
-0.901407
-0.958556
-0.99706
-1.02026
-1.03325
-1.0367
-1.03144
-1.01874
-0.999935
-0.976247
-0.948799
-0.91858
-0.88643
-0.853051
-0.819009
-0.784754
-0.750635
-0.716913
-0.683782
-0.651375
-0.619781
-0.589054
-0.559219
-0.530283
-0.502238
-0.475062
-0.448727
-0.423196
-0.398428
-0.37438
-0.351011
-0.328276
-0.306136
-0.284548
-0.263474
-0.242873
-0.222709
-0.202945
-0.183544
-0.164471
-0.145692
-0.127176
-0.108891
-0.0908085
-0.072898
-0.0551315
-0.0374813
-0.0199203
-0.00242149
0.015043
0.0325017
0.0499826
0.0675139
0.0851236
0.102841
0.120697
0.138725
0.156957
0.175428
0.194175
0.213238
0.232659
0.252484
0.272759
0.293534
0.31486
0.336795
0.359397
0.38273
0.406858
0.431848
0.45777
0.484696
0.512698
0.541846
0.572206
0.60384
0.636795
0.671104
0.706776
0.743794
0.782098
0.82158
0.862067
0.903311
0.94497
0.986589
1.02759
1.06724
1.10466
1.13881
1.1685
1.19239
1.20907
1.21706
1.21495
1.20188
1.1772
1.13536
1.07274
-0.986776
-1.04983
-1.09104
-1.11417
-1.12515
-1.12501
-1.11495
-1.09664
-1.07177
-1.04186
-1.00825
-0.972097
-0.934353
-0.895784
-0.85699
-0.818429
-0.780438
-0.743261
-0.70706
-0.671939
-0.637951
-0.60512
-0.573438
-0.542884
-0.513421
-0.485005
-0.457582
-0.431097
-0.405492
-0.38071
-0.356695
-0.333392
-0.310749
-0.288717
-0.267249
-0.246298
-0.225823
-0.205779
-0.186127
-0.166828
-0.147845
-0.129144
-0.110691
-0.092454
-0.0744006
-0.056501
-0.0387266
-0.0210485
-0.00343787
0.014135
0.0316995
0.0492846
0.0669194
0.0846338
0.102459
0.120427
0.138572
0.156927
0.175531
0.194424
0.213647
0.233248
0.253272
0.273769
0.294795
0.316406
0.338667
0.361644
0.385407
0.410033
0.435598
0.462188
0.48989
0.518793
0.548989
0.580569
0.61362
0.64822
0.684435
0.722314
0.761876
0.803105
0.845936
0.890237
0.935797
0.982301
1.02931
1.07623
1.12229
1.16654
1.20781
1.2447
1.27562
1.29883
1.31244
1.3146
1.30406
1.27976
1.2353
1.16659
-1.08441
-1.15435
-1.19835
-1.22074
-1.22856
-1.22338
-1.2069
-1.18137
-1.1489
-1.11137
-1.07038
-1.02726
-0.983078
-0.938639
-0.894561
-0.851289
-0.809131
-0.76829
-0.728883
-0.690967
-0.65455
-0.61961
-0.586104
-0.553972
-0.523146
-0.49355
-0.465107
-0.43774
-0.411371
-0.385926
-0.361336
-0.337533
-0.314454
-0.292042
-0.27024
-0.248998
-0.228265
-0.207994
-0.18814
-0.168661
-0.149519
-0.130675
-0.112094
-0.0937392
-0.0755787
-0.0575808
-0.0397151
-0.0219513
-0.00425856
0.0133935
0.0310348
0.0486951
0.0664049
0.0841957
0.1021
0.12015
0.138381
0.156829
0.175534
0.194539
0.21389
0.233632
0.253815
0.274494
0.295727
0.317577
0.340116
0.363415
0.387554
0.412619
0.438699
0.465892
0.494303
0.52404
0.555219
0.587954
0.622363
0.658559
0.696647
0.736719
0.778843
0.823056
0.86935
0.917652
0.967805
1.01954
1.07247
1.126
1.17935
1.23151
1.28118
1.32676
1.36637
1.39787
1.41887
1.42692
1.42019
1.39709
1.34999
1.27426
-1.19698
-1.27505
-1.32182
-1.34241
-1.34541
-1.33317
-1.30816
-1.27331
-1.23133
-1.18451
-1.13474
-1.0835
-1.03196
-0.98094
-0.931051
-0.882691
-0.83611
-0.791443
-0.748743
-0.708001
-0.669167
-0.632164
-0.596899
-0.563269
-0.531167
-0.500485
-0.471117
-0.442962
-0.415923
-0.389908
-0.36483
-0.340609
-0.317173
-0.294453
-0.272389
-0.25092
-0.229992
-0.209551
-0.189549
-0.169943
-0.150689
-0.131748
-0.11308
-0.0946483
-0.0764191
-0.0583594
-0.0404371
-0.02262
-0.00487673
0.0128234
0.0305108
0.0482166
0.0659725
0.0838107
0.101764
0.119865
0.13815
0.156659
0.175433
0.194517
0.213957
0.233802
0.254103
0.274919
0.296313
0.318353
0.341115
0.364679
0.389131
0.414568
0.44109
0.468812
0.497851
0.528339
0.560413
0.594216
0.629898
0.667609
0.7075
0.749712
0.794372
0.841583
0.891405
0.943846
0.998827
1.05616
1.11551
1.17636
1.23794
1.29921
1.35875
1.4148
1.46514
1.50716
1.53784
1.55397
1.55291
1.5322
1.48263
1.39871
-1.32804
-1.41582
-1.46512
-1.48223
-1.47798
-1.45589
-1.41951
-1.3727
-1.31887
-1.26078
-1.2006
-1.13998
-1.08012
-1.02182
-0.965629
-0.91186
-0.860665
-0.812082
-0.766072
-0.722541
-0.681364
-0.642398
-0.60549
-0.570488
-0.537238
-0.505597
-0.475431
-0.446611
-0.419018
-0.392541
-0.367078
-0.342537
-0.318834
-0.295894
-0.273646
-0.252023
-0.230966
-0.210418
-0.190329
-0.17065
-0.151337
-0.132346
-0.113636
-0.0951704
-0.0769128
-0.058829
-0.0408853
-0.0230491
-0.00528877
0.0124267
0.030129
0.04785
0.065622
0.0834768
0.101447
0.119568
0.137877
0.156414
0.175223
0.194349
0.213839
0.233745
0.254121
0.275027
0.296532
0.318708
0.341634
0.365398
0.390095
0.415828
0.442712
0.470872
0.500445
0.531581
0.564441
0.599198
0.636036
0.675146
0.716728
0.76098
0.808096
0.858255
0.911609
0.96826
1.02824
1.09147
1.15772
1.22658
1.29736
1.36902
1.44012
1.5087
1.57225
1.62761
1.67101
1.69822
1.70547
1.68903
1.63737
1.54379
-1.48247
-1.58194
-1.63306
-1.64404
-1.62895
-1.59314
-1.54162
-1.47948
-1.41094
-1.33926
-1.26689
-1.19555
-1.12641
-1.06019
-0.997287
-0.937883
-0.881984
-0.829494
-0.780249
-0.734052
-0.690684
-0.649922
-0.611546
-0.575345
-0.54112
-0.508688
-0.477882
-0.448546
-0.420538
-0.393728
-0.368
-0.343249
-0.319384
-0.296317
-0.273971
-0.252275
-0.231163
-0.210577
-0.190463
-0.170771
-0.151451
-0.13246
-0.113756
-0.0952998
-0.077055
-0.0589855
-0.0410573
-0.0232377
-0.00549503
0.0122029
0.0298883
0.0475933
0.0653496
0.0831892
0.101145
0.119254
0.137554
0.156086
0.174894
0.194024
0.213524
0.233448
0.253852
0.2748
0.296363
0.318615
0.341642
0.365536
0.390399
0.416345
0.443497
0.471993
0.501988
0.533651
0.567165
0.602734
0.640578
0.680931
0.724043
0.770177
0.819602
0.872587
0.929387
0.990225
1.05527
1.1246
1.19815
1.27565
1.35658
1.44
1.52449
1.60801
1.68775
1.76001
1.82012
1.86255
1.88196
1.8727
1.81986
1.71477
-1.66716
-1.78074
-1.83209
-1.83263
-1.80139
-1.74644
-1.67482
-1.59309
-1.50642
-1.41855
-1.33207
-1.24867
-1.16937
-1.0947
-1.02483
-0.95971
-0.899159
-0.8429
-0.790616
-0.74198
-0.696663
-0.65435
-0.614746
-0.577577
-0.542596
-0.509579
-0.478324
-0.448648
-0.420386
-0.393391
-0.367533
-0.342699
-0.318783
-0.295692
-0.273343
-0.251658
-0.230571
-0.21002
-0.189947
-0.170299
-0.151028
-0.132089
-0.113438
-0.095037
-0.0768465
-0.0588309
-0.0409562
-0.0231898
-0.00549923
0.012148
0.029784
0.0474405
0.0651486
0.0829408
0.100851
0.118915
0.137172
0.155664
0.174434
0.193529
0.212997
0.232894
0.253279
0.274217
0.295779
0.318045
0.341104
0.365052
0.389997
0.416061
0.443377
0.472095
0.502383
0.534428
0.568439
0.604649
0.64331
0.684703
0.729132
0.776926
0.828436
0.884031
0.944086
1.00897
1.07902
1.15451
1.23559
1.32226
1.4142
1.51072
1.61057
1.71173
1.81121
1.90481
1.98685
2.05022
2.08743
2.08999
2.03785
1.91901
-1.89227
-2.02266
-2.07085
-2.05393
-1.99863
-1.917
-1.81875
-1.71221
-1.60345
-1.49653
-1.394
-1.29732
-1.20719
-1.12375
-1.04686
-0.976165
-0.911204
-0.851482
-0.796499
-0.745772
-0.698851
-0.655317
-0.614796
-0.576949
-0.54148
-0.508123
-0.476641
-0.446826
-0.418492
-0.391478
-0.365642
-0.340857
-0.317013
-0.294007
-0.271753
-0.250172
-0.229191
-0.208748
-0.188784
-0.169243
-0.150078
-0.131242
-0.112693
-0.0943901
-0.0762956
-0.0583736
-0.0405904
-0.022913
-0.005309
0.012254
0.0298075
0.0473824
0.0650099
0.0827224
0.100554
0.118541
0.136722
0.155137
0.17383
0.192848
0.212242
0.232067
0.252382
0.273254
0.294756
0.316969
0.339984
0.363903
0.388839
0.414919
0.442283
0.471092
0.501527
0.533792
0.568118
0.604763
0.644015
0.686198
0.731669
0.780827
0.834107
0.891987
0.954975
1.0236
1.09842
1.17993
1.26858
1.3647
1.46834
1.57919
1.69636
1.81808
1.94141
2.06179
2.17257
2.26477
2.32812
2.34995
2.30231
2.16727
-2.17338
-2.32293
-2.36097
-2.31509
-2.2239
-2.10518
-1.97191
-1.83427
-1.69901
-1.57014
-1.44983
-1.33896
-1.23763
-1.14547
-1.06184
-0.985972
-0.917084
-0.854409
-0.797233
-0.744903
-0.696832
-0.652498
-0.611444
-0.57327
-0.537628
-0.504211
-0.472753
-0.443024
-0.414819
-0.387966
-0.362311
-0.33772
-0.314075
-0.29127
-0.269216
-0.24783
-0.227039
-0.206779
-0.18699
-0.167618
-0.148614
-0.129934
-0.111534
-0.0933742
-0.0754171
-0.0576278
-0.039973
-0.0224198
-0.00493629
0.0125091
0.0299469
0.0474074
0.064922
0.0825229
0.100244
0.11812
0.136188
0.15449
0.173067
0.191968
0.211243
0.230947
0.25114
0.271889
0.293266
0.315354
0.338248
0.362051
0.386878
0.41286
0.440146
0.468903
0.499323
0.531624
0.566056
0.602899
0.642474
0.685144
0.731319
0.781463
0.836099
0.895815
0.961261
1.03315
1.11226
1.19938
1.29534
1.40085
1.51653
1.64263
1.77889
1.92414
2.07585
2.22952
2.37776
2.50966
2.61149
2.6647
2.62909
2.47594
-2.53575
-2.70418
-2.71803
-2.62422
-2.47962
-2.30965
-2.13087
-1.95493
-1.78861
-1.6352
-1.49584
-1.37042
-1.25812
-1.15776
-1.06808
-0.987809
-0.915768
-0.850884
-0.792208
-0.738906
-0.690256
-0.645633
-0.604503
-0.566404
-0.530944
-0.497781
-0.466625
-0.437225
-0.409366
-0.382864
-0.357558
-0.333309
-0.309994
-0.287508
-0.265757
-0.24466
-0.224143
-0.20414
-0.184593
-0.165451
-0.146664
-0.12819
-0.109985
-0.0920109
-0.0742314
-0.0566127
-0.0391218
-0.0217269
-0.00439714
0.0128975
0.030187
0.0475013
0.0648714
0.0823288
0.0999057
0.117636
0.135557
0.153707
0.172129
0.19087
0.209981
0.229516
0.249533
0.270097
0.291283
0.313174
0.335863
0.359455
0.384067
0.409833
0.436903
0.465452
0.495679
0.527812
0.562115
0.598888
0.638478
0.681281
0.727754
0.778424
0.833894
0.89486
0.962117
1.03657
1.11922
1.21122
1.31378
1.42818
1.55569
1.6974
1.85402
2.02545
2.21023
2.4046
2.60117
2.78746
2.946
3.05035
3.04169
2.8714
-3.02275
-3.20074
-3.16213
-2.9893
-2.7657
-2.52577
-2.28902
-2.06723
-1.8658
-1.6861
-1.52742
-1.38801
-1.26572
-1.15836
-1.06386
-0.980381
-0.906289
-0.840192
-0.780902
-0.72741
-0.678864
-0.634549
-0.593861
-0.556287
-0.521399
-0.488829
-0.458269
-0.429457
-0.402169
-0.376214
-0.351429
-0.327671
-0.30482
-0.282768
-0.261425
-0.240707
-0.220543
-0.200869
-0.181631
-0.162777
-0.144261
-0.126041
-0.108075
-0.0903284
-0.0727649
-0.0553523
-0.0380592
-0.0208555
-0.00371211
0.0134
0.0305102
0.0476475
0.0648418
0.0821234
0.0995233
0.117074
0.134811
0.152772
0.171
0.18954
0.208442
0.227756
0.24754
0.267859
0.288786
0.310402
0.332799
0.356083
0.380369
0.405791
0.432501
0.460675
0.490516
0.52226
0.556177
0.592582
0.631839
0.674373
0.720676
0.771326
0.826998
0.888484
0.956714
1.03277
1.11792
1.21363
1.32159
1.4437
1.58205
1.73882
1.9161
2.1155
2.33752
2.58039
2.83814
3.09817
3.3399
3.5276
3.5755
3.39871
-3.71301
-3.8647
-3.71683
-3.41463
-3.07592
-2.74283
-2.43473
-2.16047
-1.92152
-1.7156
-1.53894
-1.38746
-1.25728
-1.14495
-1.04751
-0.962482
-0.887796
-0.821743
-0.762915
-0.710153
-0.662499
-0.619162
-0.579485
-0.542924
-0.509023
-0.477404
-0.447748
-0.419788
-0.393298
-0.368086
-0.343992
-0.320875
-0.298616
-0.277113
-0.256275
-0.236023
-0.21629
-0.197016
-0.178148
-0.159638
-0.141443
-0.123523
-0.105839
-0.088358
-0.0710462
-0.0538736
-0.036811
-0.0198303
-0.00290389
0.0139957
0.0308964
0.0478264
0.0648146
0.0818893
0.0990797
0.116417
0.133934
0.15167
0.169665
0.187961
0.206606
0.225649
0.245145
0.265156
0.285752
0.307014
0.329032
0.351905
0.375749
0.400695
0.426892
0.454516
0.483768
0.514885
0.548139
0.583852
0.622396
0.664211
0.709815
0.759822
0.814958
0.876093
0.944265
1.02072
1.10695
1.20475
1.31628
1.44408
1.5912
1.76111
1.95772
2.18507
2.4468
2.74499
3.07771
3.43542
3.79763
4.12058
4.28393
4.13914
-4.74963
-4.77154
-4.40453
-3.89473
-3.3929
-2.94063
-2.54953
-2.21947
-1.94408
-1.71501
-1.52412
-1.36432
-1.22968
-1.11539
-1.01758
-0.933162
-0.85968
-0.795167
-0.738047
-0.68705
-0.641149
-0.599509
-0.561448
-0.526407
-0.493923
-0.463618
-0.435173
-0.408327
-0.382859
-0.358583
-0.335344
-0.31301
-0.291467
-0.270618
-0.250378
-0.230675
-0.211445
-0.192635
-0.174195
-0.156081
-0.138254
-0.120676
-0.103313
-0.0861335
-0.0691073
-0.0522069
-0.0354052
-0.018677
-0.00199689
0.0146611
0.031324
0.0480185
0.064771
0.081608
0.0985571
0.115648
0.132912
0.150387
0.168109
0.18612
0.204462
0.223182
0.242333
0.261973
0.28217
0.302998
0.324545
0.346906
0.37019
0.394524
0.420053
0.446944
0.475396
0.505638
0.537939
0.572616
0.61004
0.650654
0.694984
0.743656
0.797427
0.857213
0.924123
0.99952
1.08507
1.18284
1.2954
1.42592
1.57838
1.7577
1.96989
2.22212
2.52255
2.87951
3.2992
3.78138
4.31352
4.85203
5.24367
5.23928
-6.39089
-6.02055
-5.23739
-4.40936
-3.68618
-3.08965
-2.60953
-2.22672
-1.92133
-1.67625
-1.4778
-1.31543
-1.1811
-1.06872
-0.973657
-0.892358
-0.822095
-0.760745
-0.706644
-0.658479
-0.615203
-0.575974
-0.540118
-0.507083
-0.476422
-0.447769
-0.420821
-0.395328
-0.371082
-0.347913
-0.325676
-0.304249
-0.283529
-0.263426
-0.243864
-0.224779
-0.206114
-0.187822
-0.169858
-0.152184
-0.134764
-0.117565
-0.100555
-0.0837082
-0.0669963
-0.0503951
-0.033881
-0.0174314
-0.00102272
0.0153694
0.0317698
0.0482033
0.0646942
0.0812667
0.0979465
0.114762
0.131743
0.148923
0.166338
0.184024
0.202021
0.220372
0.239125
0.258337
0.278068
0.298389
0.31938
0.341132
0.363746
0.38734
0.41205
0.438036
0.465483
0.494611
0.525675
0.558978
0.594881
0.633811
0.676283
0.722917
0.774464
0.831846
0.896199
0.96893
1.0518
1.14705
1.25753
1.3869
1.53994
1.72289
1.94396
2.2139
2.54658
2.95933
3.47225
4.10472
4.86663
5.73385
6.55462
6.96097
-9.21337
-7.73469
-6.1673
-4.88528
-3.88944
-3.13855
-2.57916
-2.15925
-1.83916
-1.59103
-1.39533
-1.23838
-1.11047
-1.00466
-0.915908
-0.840477
-0.775568
-0.719052
-0.669291
-0.625006
-0.585193
-0.549054
-0.515952
-0.485373
-0.456903
-0.430205
-0.405004
-0.381072
-0.358224
-0.336308
-0.315195
-0.294779
-0.274969
-0.255687
-0.236868
-0.218458
-0.200408
-0.182677
-0.165229
-0.148029
-0.131046
-0.114254
-0.0976253
-0.0811352
-0.0647612
-0.0484823
-0.032278
-0.0161284
-1.21699e-05
0.0160933
0.0322106
0.0483617
0.0645686
0.0808536
0.0972404
0.113755
0.130426
0.147283
0.164359
0.181685
0.199299
0.217238
0.235548
0.254277
0.273483
0.29323
0.313589
0.334643
0.356484
0.379218
0.402972
0.427889
0.454141
0.481927
0.511484
0.543092
0.577085
0.613863
0.653909
0.697807
0.746272
0.800183
0.86064
0.929014
1.00706
1.09701
1.2018
1.3253
1.47274
1.65125
1.87075
2.14525
2.49464
2.94731
3.54363
4.33681
5.3813
6.71656
8.34152
9.88658
-14.7202
-9.985
-6.84854
-5.00328
-3.77689
-2.93903
-2.36344
-1.95617
-1.65769
-1.43226
-1.25754
-1.119
-1.00692
-0.91462
-0.837371
-0.771759
-0.71526
-0.665975
-0.622456
-0.58358
-0.548468
-0.516429
-0.486913
-0.45948
-0.433776
-0.409515
-0.386465
-0.364438
-0.343279
-0.322864
-0.30309
-0.283869
-0.265128
-0.246806
-0.228853
-0.211226
-0.193888
-0.176805
-0.15995
-0.143295
-0.126817
-0.110493
-0.0943012
-0.0782226
-0.0622384
-0.0463317
-0.0304858
-0.014683
0.00109528
0.0168687
0.0326571
0.0484796
0.0643554
0.0803045
0.0963486
0.112511
0.128817
0.145292
0.161965
0.178864
0.19602
0.213467
0.231245
0.249395
0.267968
0.287018
0.306607
0.326807
0.347696
0.369368
0.39193
0.415507
0.440247
0.466323
0.493941
0.523345
0.554826
0.588733
0.625491
0.665612
0.709725
0.758609
0.813233
0.874822
0.944938
1.0256
1.11947
1.23012
1.36246
1.52339
1.72291
1.97592
2.30529
2.74747
3.36312
4.24857
5.53428
7.45252
10.6783
15.5238
-24.0032
-12.1881
-6.57243
-4.29001
-3.08233
-2.35185
-1.88974
-1.578
-1.35394
-1.18536
-1.05427
-0.949637
-0.864328
-0.793486
-0.733685
-0.682434
-0.637883
-0.598629
-0.563596
-0.531949
-0.50303
-0.476324
-0.45142
-0.427992
-0.405777
-0.384565
-0.364187
-0.344509
-0.325421
-0.306838
-0.288686
-0.270907
-0.253453
-0.236284
-0.219366
-0.202674
-0.186182
-0.16987
-0.153719
-0.137711
-0.121831
-0.106063
-0.0903918
-0.0748031
-0.059284
-0.0438218
-0.0284037
-0.0130155
0.00235824
0.0177336
0.0331268
0.0485538
0.0640308
0.079575
0.0952049
0.110941
0.126803
0.142814
0.158997
0.175374
0.191971
0.208816
0.225941
0.24338
0.261172
0.279362
0.297998
0.317137
0.336841
0.357183
0.378249
0.400136
0.42296
0.446858
0.471992
0.498555
0.526775
0.556928
0.589347
0.624434
0.662683
0.704698
0.75123
0.803223
0.861867
0.928696
1.0057
1.09556
1.20189
1.3298
1.48677
1.68421
1.9407
2.28908
2.79294
3.57332
4.8486
7.22629
12.9586
24.8961
)
;

boundaryField
{
    movingWall
    {
        type            zeroGradient;
    }
    fixedWalls
    {
        type            zeroGradient;
    }
    frontAndBack
    {
        type            empty;
    }
}


// ************************************************************************* //
