/*--------------------------------*- C++ -*----------------------------------*\
| =========                 |                                                 |
| \\      /  F ield         | OpenFOAM: The Open Source CFD Toolbox           |
|  \\    /   O peration     | Version:  2212                                  |
|   \\  /    A nd           | Website:  www.openfoam.com                      |
|    \\/     M anipulation  |                                                 |
\*---------------------------------------------------------------------------*/
FoamFile
{
    version     2.0;
    format      ascii;
    arch        "LSB;label=32;scalar=64";
    class       volScalarField;
    location    "0.0145";
    object      p;
}
// * * * * * * * * * * * * * * * * * * * * * * * * * * * * * * * * * * * * * //

dimensions      [0 2 -2 0 0 0 0];

internalField   nonuniform List<scalar> 
10000
(
-4.67084e-08
-1.3949e-05
-0.000257112
-0.000694911
-0.00129773
-0.00203429
-0.00285949
-0.00373017
-0.00460841
-0.00546189
-0.00626463
-0.00699551
-0.00763738
-0.00817593
-0.00859882
-0.00889699
-0.00906451
-0.00909624
-0.0089871
-0.00873316
-0.00833167
-0.00778215
-0.0070866
-0.00624816
-0.00526922
-0.00415178
-0.00289844
-0.00151236
3.16657e-06
0.0016445
0.00340707
0.00528584
0.00727579
0.00937184
0.0115687
0.0138611
0.0162442
0.0187132
0.0212628
0.0238874
0.0265812
0.0293382
0.0321522
0.0350167
0.0379256
0.040873
0.0438525
0.0468573
0.0498803
0.0529146
0.0559538
0.0589912
0.0620203
0.0650347
0.0680282
0.0709948
0.0739279
0.0768206
0.0796657
0.0824569
0.0851879
0.0878529
0.0904458
0.0929604
0.0953911
0.0977326
0.0999791
0.102125
0.104164
0.106091
0.1079
0.109586
0.111143
0.112566
0.11385
0.114992
0.115988
0.116837
0.117537
0.118086
0.118483
0.118726
0.118819
0.118763
0.118562
0.118223
0.117754
0.117163
0.116463
0.115666
0.11479
0.113854
0.112886
0.111915
0.11098
0.110124
0.109398
0.10886
0.108575
0.108554
3.03847e-05
8.06089e-05
-9.90832e-05
-0.000456197
-0.000955697
-0.00157095
-0.00226347
-0.00299661
-0.00373818
-0.00446077
-0.00514016
-0.00575675
-0.00629526
-0.00674183
-0.00708489
-0.00731534
-0.0074254
-0.00740938
-0.0072633
-0.00698329
-0.00656607
-0.00601022
-0.00531629
-0.0044861
-0.00352194
-0.00242609
-0.00120115
0.000150227
0.00162533
0.00322093
0.00493301
0.00675704
0.00868845
0.0107223
0.0128533
0.0150769
0.0173884
0.0197837
0.0222575
0.0248041
0.0274177
0.0300926
0.0328226
0.035602
0.0384251
0.0412859
0.0441778
0.0470939
0.0500274
0.0529722
0.0559218
0.0588698
0.0618095
0.0647345
0.067639
0.070517
0.0733621
0.0761675
0.0789266
0.0816331
0.084281
0.0868646
0.089378
0.0918155
0.0941718
0.0964419
0.0986202
0.100701
0.102678
0.104547
0.106304
0.107942
0.109457
0.110843
0.112097
0.113215
0.114195
0.115035
0.115734
0.11629
0.116703
0.116973
0.117104
0.117096
0.116956
0.116689
0.116303
0.115807
0.115214
0.114536
0.11379
0.112994
0.112173
0.111354
0.110571
0.109858
0.109254
0.108802
0.108553
0.108534
0.000355377
0.000398835
0.00023174
-9.34881e-05
-0.000540902
-0.00108641
-0.00169662
-0.00233944
-0.00298856
-0.00361982
-0.00421141
-0.00474578
-0.00520778
-0.00558513
-0.00586792
-0.00604647
-0.0061125
-0.0060598
-0.00588394
-0.00558155
-0.00515026
-0.0045881
-0.00389475
-0.00307114
-0.00211891
-0.00104023
0.000162362
0.00148655
0.00293
0.00448959
0.0061616
0.00794201
0.00982656
0.0118104
0.0138885
0.0160566
0.0183108
0.0206467
0.0230593
0.025543
0.0280918
0.0307
0.0333619
0.0360722
0.0388256
0.0416161
0.0444369
0.0472811
0.0501424
0.0530147
0.0558921
0.0587679
0.0616355
0.0644887
0.0673216
0.0701284
0.0729025
0.0756373
0.078327
0.0809654
0.0835466
0.086065
0.088515
0.0908912
0.0931885
0.095402
0.097526
0.0995545
0.101483
0.103306
0.105021
0.106621
0.108102
0.10946
0.11069
0.11179
0.112758
0.113592
0.11429
0.114852
0.115278
0.115569
0.115729
0.115761
0.115668
0.115457
0.115135
0.114711
0.114197
0.113606
0.112953
0.112256
0.111536
0.110818
0.110131
0.109502
0.108965
0.108551
0.108302
0.108249
0.000986755
0.000942107
0.000731991
0.000393143
-4.58573e-05
-0.000562676
-0.00112876
-0.00171826
-0.00230776
-0.00287672
-0.00340743
-0.00388289
-0.004289
-0.00461497
-0.00485105
-0.00498884
-0.00502071
-0.00493962
-0.00474037
-0.0044197
-0.00397558
-0.00340675
-0.00271284
-0.00189418
-0.000951861
0.000112288
0.0012963
0.00259828
0.00401589
0.00554602
0.00718523
0.00892977
0.0107754
0.0127175
0.0147516
0.0168739
0.0190805
0.0213668
0.0237281
0.0261589
0.0286533
0.0312056
0.0338104
0.0364625
0.0391571
0.0418881
0.0446488
0.0474325
0.0502335
0.0530457
0.0558627
0.058678
0.0614853
0.0642787
0.0670521
0.0697995
0.0725143
0.0751903
0.077822
0.0804039
0.0829299
0.0853945
0.0877924
0.0901185
0.0923677
0.0945348
0.096614
0.0985997
0.100487
0.102274
0.103954
0.105523
0.106977
0.108311
0.109523
0.110608
0.111566
0.112395
0.113093
0.113659
0.114096
0.114405
0.11459
0.114653
0.114598
0.114431
0.114158
0.113788
0.113333
0.112805
0.112218
0.111589
0.110936
0.110282
0.109649
0.109063
0.108549
0.108134
0.107849
0.107712
0.00182515
0.00164214
0.00135311
0.000974427
0.000520477
1.05507e-05
-0.000533515
-0.00109003
-0.00163865
-0.00216273
-0.00264655
-0.00307575
-0.00343825
-0.00372303
-0.00392068
-0.0040239
-0.00402584
-0.00391998
-0.00370093
-0.00336518
-0.00291034
-0.00233558
-0.00164073
-0.000825986
0.000107667
0.00115882
0.00232618
0.00360811
0.00500229
0.00650581
0.0081155
0.00982768
0.0116379
0.013542
0.0155363
0.0176171
0.0197804
0.0220218
0.0243362
0.0267184
0.0291628
0.0316636
0.0342161
0.0368156
0.0394563
0.0421324
0.0448377
0.0475661
0.0503122
0.0530696
0.0558318
0.0585919
0.0613444
0.0640833
0.0668026
0.0694959
0.0721567
0.0747795
0.0773591
0.0798897
0.0823656
0.0847818
0.0871331
0.0894143
0.0916202
0.0937456
0.0957847
0.0977321
0.0995836
0.101336
0.102986
0.104527
0.105957
0.107271
0.108466
0.109538
0.110487
0.11131
0.112007
0.112578
0.113025
0.113351
0.113558
0.113648
0.113625
0.113493
0.113261
0.112936
0.112529
0.112051
0.111515
0.110936
0.110331
0.109719
0.109118
0.108549
0.108034
0.107594
0.107243
0.106987
0.00278825
0.00244418
0.00205647
0.00162106
0.0011354
0.000614017
7.49048e-05
-0.000465098
-0.000989964
-0.0014843
-0.00193464
-0.00232955
-0.00265849
-0.00291137
-0.00307936
-0.00315495
-0.00313182
-0.00300448
-0.00276819
-0.00241953
-0.00195622
-0.00137704
-0.000681709
0.00012936
0.00105529
0.00209518
0.00324803
0.00451215
0.0058854
0.00736532
0.00894872
0.0106318
0.0124104
0.0142807
0.0162394
0.0182831
0.0204075
0.0226085
0.024881
0.0272192
0.029618
0.0320725
0.0345779
0.0371295
0.0397218
0.0423484
0.0450037
0.0476824
0.050379
0.053087
0.0557993
0.0585101
0.0612136
0.0639035
0.0665739
0.0692185
0.0718313
0.0744066
0.0769396
0.0794248
0.0818563
0.0842291
0.0865388
0.0887801
0.0909477
0.093036
0.0950395
0.0969531
0.0987732
0.100497
0.102119
0.103636
0.105044
0.10634
0.107519
0.10858
0.109521
0.11034
0.111036
0.111612
0.112068
0.112408
0.112633
0.112745
0.112747
0.112645
0.112445
0.112156
0.111786
0.111346
0.110847
0.110304
0.10973
0.10914
0.108551
0.10798
0.107444
0.106961
0.106525
0.106128
0.0038232
0.0033115
0.00281482
0.00231167
0.00177989
0.00123202
0.000683051
0.000144637
-0.000370257
-0.000848492
-0.0012788
-0.001651
-0.00195582
-0.00218506
-0.00233077
-0.00238549
-0.00234309
-0.00219853
-0.00194802
-0.00158849
-0.00111808
-0.00053552
0.000159601
0.000966891
0.00188586
0.0029159
0.00405606
0.00530471
0.00665987
0.00811928
0.00967963
0.011337
0.0130879
0.0149288
0.0168564
0.0188675
0.0209578
0.0231229
0.0253581
0.0276577
0.0300163
0.0324298
0.0348938
0.0374032
0.039952
0.0425349
0.0451466
0.0477815
0.0504341
0.053098
0.0557663
0.0584332
0.0610932
0.0637402
0.0663676
0.0689693
0.0715398
0.0740739
0.0765664
0.0790117
0.081404
0.083739
0.0860124
0.0882188
0.0903527
0.0924086
0.0943815
0.0962664
0.0980596
0.0997581
0.101357
0.102853
0.104242
0.105521
0.106687
0.107738
0.108671
0.109487
0.110184
0.110763
0.111228
0.111578
0.111817
0.111946
0.111968
0.111889
0.111714
0.111452
0.11111
0.110696
0.110222
0.109699
0.109141
0.108558
0.107965
0.107375
0.106803
0.106262
0.10573
0.105182
0.00488973
0.00421234
0.00360296
0.00302395
0.00243655
0.00185083
0.00127891
0.000730027
0.000213994
-0.000259519
-0.000680835
-0.00104059
-0.00133062
-0.00154382
-0.00167324
-0.00171231
-0.00165551
-0.00149809
-0.00123667
-0.000868837
-0.0003929
0.000192164
0.000886558
0.00169014
0.00260291
0.00362434
0.00475334
0.00598867
0.0073285
0.00877024
0.0103106
0.0119457
0.0136726
0.0154882
0.0173893
0.019372
0.0214328
0.0235669
0.0257691
0.0280346
0.0303586
0.0327369
0.0351648
0.0376372
0.0401484
0.0426932
0.0452667
0.0478637
0.0504779
0.0531028
0.0557323
0.0583611
0.0609834
0.0635926
0.0661825
0.0687475
0.0712819
0.0737805
0.076238
0.0786487
0.0810073
0.0833097
0.0855517
0.0877279
0.0898326
0.091861
0.0938081
0.095669
0.0974399
0.0991173
0.100697
0.102174
0.103546
0.104811
0.105966
0.107008
0.107935
0.108749
0.109447
0.11003
0.110501
0.11086
0.111109
0.11125
0.111287
0.111225
0.111069
0.110826
0.110502
0.110105
0.109644
0.10913
0.108574
0.107986
0.107376
0.106755
0.106135
0.105526
0.104891
0.104192
0.0059564
0.00511949
0.00439634
0.00373731
0.00308837
0.00245603
0.0018516
0.00128223
0.000754732
0.000276651
-0.000144093
-0.000499838
-0.000783261
-0.000987483
-0.00110637
-0.0011345
-0.00106714
-0.000900419
-0.000631154
-0.000257379
0.000222326
0.000808631
0.0015018
0.00230201
0.00320929
0.0042232
0.00534272
0.00656687
0.00789383
0.00932048
0.0108436
0.0124601
0.0141668
0.0159609
0.0178394
0.0197984
0.0218338
0.0239411
0.0261153
0.0283515
0.0306458
0.0329943
0.0353916
0.0378322
0.040311
0.0428236
0.0453647
0.0479287
0.0505095
0.0531011
0.0556976
0.0582935
0.0608832
0.0634602
0.0660184
0.0685524
0.0710566
0.0735254
0.0759533
0.0783349
0.080665
0.0829399
0.0851554
0.0873061
0.0893865
0.0913919
0.0933178
0.0951592
0.0969119
0.0985719
0.100135
0.101597
0.102955
0.104208
0.105353
0.106389
0.107312
0.108124
0.108824
0.10941
0.109885
0.11025
0.110507
0.110657
0.110705
0.110655
0.110512
0.110281
0.109968
0.109578
0.10912
0.108605
0.108041
0.107437
0.1068
0.106138
0.105462
0.10478
0.10404
0.103191
0.00699763
0.0060089
0.00517415
0.00443326
0.00371785
0.00303369
0.00239015
0.00179188
0.00124424
0.000753591
0.000326029
-3.24519e-05
-0.000315394
-0.000516514
-0.000630276
-0.000652011
-0.000577854
-0.000404819
-0.000130355
0.000247283
0.000729076
0.0013155
0.00200709
0.0028042
0.00370664
0.0047142
0.00582621
0.00704126
0.00835736
0.00977154
0.0112805
0.0128815
0.0145719
0.0163484
0.0182079
0.0201472
0.0221616
0.0242462
0.0263966
0.0286089
0.030879
0.0332023
0.0355736
0.0379879
0.0404401
0.0429258
0.0454398
0.047976
0.0505287
0.0530924
0.0556612
0.0582298
0.0607924
0.0633427
0.0658749
0.0683837
0.0708633
0.0733076
0.0757114
0.0780692
0.0803763
0.0826289
0.0848229
0.0869529
0.0890135
0.0910006
0.0929097
0.0947356
0.0964736
0.0981198
0.0996697
0.10112
0.102467
0.103711
0.10485
0.10588
0.106801
0.107611
0.108311
0.1089
0.109378
0.109747
0.110008
0.110165
0.11022
0.110178
0.110043
0.109818
0.109507
0.109116
0.108654
0.10813
0.107551
0.106922
0.106249
0.10554
0.104802
0.104044
0.103199
0.102207
0.00799173
0.00686048
0.00591819
0.00509433
0.00431012
0.00357028
0.00288238
0.00224942
0.00167539
0.00116527
0.000724198
0.000357388
7.00873e-05
-0.000132536
-0.000245573
-0.000264926
-0.000187627
-1.11572e-05
0.000266193
0.00064569
0.00112808
0.00171393
0.00240377
0.00319799
0.00409647
0.00509901
0.00620525
0.00741336
0.00872061
0.0101246
0.0116226
0.0132114
0.0148886
0.0166514
0.0184964
0.0204195
0.0224165
0.0244828
0.0266145
0.0288077
0.0310582
0.0333612
0.0357115
0.0381045
0.0405353
0.0429995
0.0454914
0.0480051
0.0505352
0.0530764
0.0556231
0.0581698
0.0607106
0.0632397
0.0657515
0.0682407
0.0707009
0.0731261
0.075511
0.0778506
0.0801402
0.0823758
0.0845531
0.086667
0.0887124
0.0906855
0.0925816
0.0943954
0.0961221
0.0977577
0.0992981
0.10074
0.10208
0.103318
0.104451
0.105478
0.106396
0.107206
0.107906
0.108496
0.108976
0.109347
0.109613
0.109774
0.109833
0.109794
0.10966
0.109434
0.109119
0.108723
0.108251
0.107711
0.107109
0.106449
0.105735
0.104973
0.104171
0.103335
0.102387
0.101258
0.00892177
0.00765688
0.00661113
0.00570603
0.00485206
0.00405318
0.00331701
0.00264527
0.00204025
0.00150555
0.00104586
0.000665905
0.000369915
0.00016205
4.62362e-05
2.58279e-05
0.000103268
0.000280416
0.000558431
0.000937986
0.00141978
0.00200463
0.00269275
0.00348437
0.00437998
0.00537925
0.00648109
0.00768383
0.00898482
0.0103813
0.0118708
0.0134509
0.0151186
0.0168712
0.0187051
0.0206161
0.0225997
0.0246521
0.0267697
0.0289485
0.0311841
0.0334714
0.0358056
0.0381824
0.0405971
0.0430447
0.0455195
0.0480159
0.0505289
0.0530533
0.0555833
0.0581133
0.0606379
0.0631513
0.0656481
0.0681227
0.0705686
0.0729797
0.0753511
0.077678
0.0799553
0.082179
0.0843446
0.086447
0.0884816
0.0904446
0.0923313
0.0941362
0.0958548
0.0974833
0.0990176
0.100454
0.101791
0.103025
0.104156
0.10518
0.106097
0.106905
0.107605
0.108196
0.108677
0.10905
0.109318
0.10948
0.10954
0.1095
0.109363
0.109131
0.108809
0.108401
0.107914
0.107353
0.106723
0.106026
0.105266
0.104449
0.103581
0.102668
0.10162
0.100361
0.00977429
0.0083832
0.00723887
0.00625478
0.00533086
0.00447157
0.00368453
0.00297056
0.00233093
0.00176834
0.00128648
0.000889485
0.00058111
0.000364668
0.000243029
0.000218687
0.000293784
0.000469211
0.000745743
0.001124
0.00160444
0.00218773
0.00287432
0.0036643
0.00455805
0.00555543
0.00665472
0.00785368
0.00915029
0.0105421
0.0120264
0.0136007
0.0152625
0.0170086
0.018835
0.0207375
0.022712
0.0247551
0.0268633
0.0290323
0.0312572
0.0335334
0.0358565
0.0382222
0.0406256
0.0430615
0.0455243
0.0480089
0.0505104
0.0530234
0.055542
0.0580607
0.0605744
0.0630775
0.0655645
0.0680295
0.070466
0.0728683
0.0752315
0.0775509
0.0798212
0.082038
0.0841966
0.0862921
0.0883201
0.0902768
0.0921575
0.0939569
0.0956708
0.0972956
0.0988277
0.100263
0.101599
0.102832
0.103961
0.104984
0.1059
0.106708
0.107409
0.108
0.108482
0.108856
0.109124
0.109286
0.109343
0.109298
0.109154
0.108914
0.10858
0.108157
0.107651
0.107064
0.1064
0.105663
0.104855
0.10398
0.103046
0.102056
0.100913
0.0995309
0.010538
0.00902833
0.00778966
0.00672799
0.00573523
0.00481554
0.00397617
0.00321752
0.00254073
0.00194778
0.00144122
0.00102442
0.000700699
0.000472678
0.000342513
0.000311845
0.000382115
0.000553865
0.000827275
0.00120306
0.00168176
0.00226338
0.0029485
0.00373792
0.00463138
0.00562787
0.00672586
0.00792328
0.0092179
0.0106075
0.0120895
0.0136616
0.0153208
0.0170637
0.0188861
0.020784
0.0227539
0.0247925
0.0268957
0.029059
0.0312778
0.0335476
0.0358645
0.0382241
0.0406209
0.04305
0.0455062
0.0479845
0.05048
0.0529871
0.0554997
0.0580125
0.0605208
0.0630189
0.0655011
0.0679614
0.0703936
0.0727922
0.0751527
0.0774699
0.0797382
0.0819528
0.0841093
0.0862025
0.0882282
0.0901826
0.0920609
0.0938584
0.0955711
0.0971962
0.0987295
0.100167
0.101504
0.102738
0.103868
0.104891
0.105808
0.106617
0.107318
0.10791
0.108393
0.108767
0.109034
0.109192
0.109244
0.109192
0.109038
0.108786
0.108438
0.107997
0.107466
0.10685
0.10615
0.10537
0.104512
0.103579
0.102578
0.101513
0.100278
0.09878
0.0112039
0.00958264
0.00825331
0.00711638
0.00605583
0.00507587
0.00418381
0.0033795
0.0026638
0.00203841
0.00150524
0.00106666
0.000725242
0.000483148
0.000342106
0.000303047
0.000366205
0.000532407
0.000801828
0.00117441
0.00165063
0.00223094
0.0029157
0.00370529
0.00459932
0.00559635
0.00669468
0.00789246
0.00918746
0.0105775
0.0120603
0.0136334
0.0152934
0.0170363
0.0188584
0.0207559
0.0227257
0.024764
0.0268664
0.0290283
0.0312454
0.0335139
0.0358295
0.0381875
0.0405826
0.04301
0.045465
0.0479426
0.0504375
0.052944
0.0554561
0.0579687
0.0604771
0.0629756
0.0654581
0.0679189
0.070352
0.0727524
0.0751153
0.0774353
0.0797064
0.0819236
0.0840827
0.0861785
0.0882065
0.0901626
0.0920425
0.0938419
0.0955574
0.0971862
0.0987238
0.100165
0.101506
0.102744
0.103876
0.104902
0.105821
0.106632
0.107334
0.107927
0.10841
0.108782
0.109046
0.109199
0.109244
0.109183
0.109018
0.108752
0.108386
0.107923
0.107365
0.106717
0.105979
0.105154
0.104245
0.103253
0.102186
0.101048
0.0997244
0.0981174
0.011764
0.0100372
0.00862175
0.00741212
0.00628484
0.00524507
0.00430051
0.0034503
0.0026947
0.00203538
0.00147385
0.00101166
0.000650786
0.000392819
0.000238663
0.000188973
0.000243745
0.000403122
0.000667374
0.0010364
0.00151026
0.00208968
0.00277501
0.00356583
0.00446131
0.00546015
0.00656063
0.0077608
0.00905861
0.010452
0.0119387
0.0135157
0.0151794
0.0169258
0.0187514
0.0206528
0.0226266
0.0246686
0.0267742
0.0289392
0.0311596
0.0334315
0.0357505
0.0381117
0.04051
0.0429411
0.0454005
0.0478827
0.0503824
0.0528937
0.0554108
0.0579289
0.0604429
0.062947
0.0654351
0.0679016
0.0703412
0.0727486
0.0751191
0.0774465
0.0797249
0.0819496
0.084116
0.0862192
0.0882541
0.0902165
0.0921023
0.0939078
0.0956299
0.0972655
0.0988097
0.100257
0.101604
0.102847
0.103985
0.105016
0.105939
0.106753
0.107458
0.108051
0.108532
0.108902
0.109161
0.109308
0.109345
0.109273
0.109096
0.108813
0.108427
0.107939
0.107352
0.106669
0.105892
0.105022
0.104061
0.10301
0.101878
0.100669
0.0992606
0.0975502
0.0122121
0.0103855
0.0088879
0.00760803
0.00641586
0.00531711
0.00432023
0.00342416
0.00262826
0.00193384
0.00134246
0.000855154
0.000473086
0.000197428
2.85511e-05
-3.35578e-05
1.15179e-05
0.000163458
0.00042195
0.000787084
0.00125919
0.0018386
0.00252515
0.00331804
0.00421622
0.00521839
0.00632285
0.00752763
0.00883085
0.0102305
0.011724
0.0133078
0.0149781
0.0167315
0.0185646
0.0204741
0.0224558
0.0245053
0.0266184
0.028791
0.0310195
0.0332996
0.0356266
0.0379959
0.0404027
0.042843
0.0453119
0.047804
0.0503136
0.0528351
0.0553629
0.057892
0.0604172
0.0629321
0.0654311
0.067909
0.0703603
0.0727799
0.0751624
0.0775017
0.0797921
0.0820289
0.0842077
0.0863229
0.0883694
0.0903428
0.0922392
0.0940549
0.0957872
0.0974326
0.098986
0.100442
0.101797
0.103049
0.104194
0.105233
0.106162
0.10698
0.107687
0.10828
0.10876
0.109127
0.109381
0.109521
0.109549
0.109467
0.109274
0.108973
0.108564
0.108049
0.107432
0.106714
0.105896
0.104979
0.103966
0.102858
0.101661
0.100383
0.0988938
0.0970849
0.0125445
0.0106228
0.009046
0.00769825
0.00644326
0.00528675
0.00423775
0.00329551
0.00245911
0.00172894
0.00110633
0.000592487
0.00018781
-0.000107345
-0.000292523
-0.000367838
-0.000333465
-0.000189747
6.29581e-05
0.00042469
0.00089573
0.00147586
0.00216431
0.00296022
0.00386255
0.00486981
0.00598022
0.00719206
0.00850354
0.00991232
0.0114152
0.0130086
0.0146889
0.016453
0.0182977
0.0202189
0.0222122
0.0242733
0.0263983
0.0285835
0.0308249
0.0331178
0.0354576
0.03784
0.0402607
0.0427154
0.0451991
0.0477059
0.0502307
0.0527678
0.0553119
0.0578574
0.0603988
0.0629298
0.0654452
0.0679399
0.0704083
0.0728447
0.0752437
0.0775994
0.0799064
0.0821602
0.0843561
0.0864883
0.0885512
0.0905404
0.092452
0.0942823
0.0960284
0.0976866
0.0992519
0.10072
0.102086
0.103349
0.104505
0.105553
0.10649
0.107313
0.108022
0.108616
0.109095
0.10946
0.10971
0.109844
0.109862
0.109766
0.109557
0.109235
0.108803
0.108261
0.107612
0.106858
0.105998
0.105035
0.10397
0.102804
0.101545
0.100199
0.0986312
0.0967279
0.0127585
0.0107452
0.00909196
0.00767822
0.00636182
0.00514876
0.00404817
0.00305947
0.00218187
0.00141544
0.000760798
0.000218823
-0.000210023
-0.000525728
-0.000728268
-0.000817622
-0.000794502
-0.00065925
-0.000411989
-5.28913e-05
0.000417686
0.000999078
0.00169037
0.00249061
0.00339862
0.00441283
0.00553157
0.00675322
0.00807573
0.00949621
0.0110112
0.0126172
0.0143112
0.01609
0.0179499
0.0198864
0.0218951
0.0239722
0.026114
0.0283165
0.0305753
0.0328858
0.0352435
0.0376445
0.0400844
0.0425585
0.0450618
0.0475887
0.0501339
0.0526922
0.0552577
0.0578248
0.0603876
0.0629402
0.0654775
0.0679944
0.0704847
0.0729426
0.0753626
0.0777394
0.0800679
0.0823434
0.0845612
0.086715
0.0887992
0.0908091
0.0927405
0.0945898
0.0963535
0.098028
0.0996087
0.101091
0.102472
0.103749
0.104919
0.105978
0.106923
0.107753
0.108466
0.109063
0.109542
0.109906
0.110152
0.110278
0.110286
0.110175
0.109948
0.109606
0.10915
0.10858
0.107898
0.107106
0.106205
0.105195
0.104078
0.102855
0.101534
0.100121
0.0984773
0.0964832
0.0128507
0.0107496
0.0090224
0.00754391
0.006167
0.0048982
0.00374644
0.00271113
0.00179166
0.000988084
0.000300535
-0.00027064
-0.000724896
-0.00106203
-0.00128244
-0.00138654
-0.0013748
-0.00124754
-0.00100513
-0.000648165
-0.000177534
0.000405888
0.00110119
0.00190723
0.00282265
0.00384599
0.00497572
0.00620994
0.00754602
0.00898071
0.0105107
0.0121329
0.0138444
0.0156416
0.0175202
0.0194757
0.0215041
0.0236019
0.0257652
0.0279897
0.0302706
0.0326037
0.0349847
0.0374097
0.039874
0.0423727
0.0449007
0.0474528
0.0500241
0.0526089
0.0552011
0.0577948
0.0603844
0.062964
0.0655286
0.0680727
0.0705899
0.0730741
0.0755201
0.0779228
0.0802776
0.0825797
0.0848239
0.0870039
0.089114
0.0911492
0.0931052
0.0949777
0.0967632
0.0984581
0.100058
0.101559
0.102958
0.104252
0.105437
0.106508
0.107463
0.108301
0.109021
0.109621
0.110103
0.110466
0.110707
0.110826
0.110822
0.110697
0.110453
0.11009
0.109608
0.109009
0.108293
0.107463
0.106518
0.105462
0.104293
0.103013
0.10163
0.100153
0.0984345
0.0963526
0.0128186
0.0106324
0.00883348
0.00729155
0.00585447
0.00453017
0.00332746
0.00224537
0.00128347
0.000441772
-0.000279734
-0.000880767
-0.00136094
-0.0017202
-0.00195892
-0.00207781
-0.00207706
-0.00195717
-0.00171908
-0.00136387
-0.000892539
-0.000306001
0.000394642
0.00120806
0.00213294
0.00316795
0.00431133
0.00556058
0.00691262
0.00836429
0.00991265
0.0115548
0.0132874
0.0151063
0.0170071
0.0189858
0.0210386
0.0231618
0.0253512
0.0276021
0.0299102
0.0322712
0.0346811
0.0371355
0.0396293
0.0421577
0.0447159
0.047299
0.0499019
0.0525186
0.0551426
0.0577682
0.0603898
0.0630019
0.0655992
0.0681756
0.0707246
0.07324
0.0757172
0.0781511
0.0805371
0.0828704
0.0851455
0.087356
0.0894963
0.0915615
0.0935465
0.0954469
0.0972586
0.0989781
0.100601
0.102125
0.103544
0.104857
0.106059
0.107144
0.108112
0.10896
0.109688
0.110295
0.11078
0.111142
0.111379
0.11149
0.111474
0.111335
0.111074
0.110689
0.110182
0.109552
0.108801
0.107931
0.106944
0.10584
0.104619
0.103282
0.101838
0.100296
0.0985054
0.0963381
0.0126606
0.0103903
0.00852086
0.00691687
0.00541992
0.00403974
0.00278607
0.00165705
0.000652058
-0.000228594
-0.000984697
-0.00161601
-0.0021224
-0.00250401
-0.00276112
-0.00289422
-0.00290384
-0.00279093
-0.00255682
-0.00220275
-0.00172975
-0.00113887
-0.000431438
0.000391242
0.001328
0.00237726
0.00353665
0.00480315
0.0061737
0.00764553
0.00921587
0.0108815
0.0126384
0.0144825
0.0164095
0.0184157
0.0204974
0.0226505
0.0248704
0.0271527
0.0294932
0.0318876
0.0343317
0.0368207
0.0393494
0.0419131
0.0445073
0.0471271
0.0497671
0.0524209
0.0550819
0.0577447
0.0604039
0.0630539
0.0656889
0.0683027
0.0708885
0.0734407
0.0759545
0.078425
0.0808472
0.0832162
0.0855264
0.0877718
0.0899468
0.0920463
0.094065
0.0959977
0.0978402
0.0995889
0.101239
0.102788
0.104232
0.105566
0.106786
0.107888
0.108871
0.109732
0.110471
0.111085
0.111574
0.111936
0.112169
0.112273
0.112248
0.112096
0.111817
0.11141
0.110875
0.110214
0.109427
0.108518
0.107487
0.106335
0.105061
0.103667
0.102162
0.100557
0.0986937
0.0964422
0.012375
0.0100205
0.00808057
0.00641504
0.00485887
0.00342251
0.0021172
0.00094078
-0.000107729
-0.00102769
-0.00181865
-0.00248052
-0.00301333
-0.00341705
-0.00369199
-0.00383869
-0.00385826
-0.00375203
-0.00352136
-0.00316753
-0.0026917
-0.00209513
-0.00137913
-0.000544877
0.000406233
0.001472
0.00264945
0.00393555
0.00532761
0.00682303
0.00841873
0.0101109
0.0118955
0.0137684
0.0157258
0.0177641
0.0198791
0.0220663
0.0243214
0.02664
0.0290182
0.0314514
0.0339349
0.0364636
0.0390325
0.0416373
0.0442734
0.0469356
0.0496181
0.0523143
0.0550178
0.0577232
0.0604254
0.0631186
0.0657965
0.0684528
0.071081
0.0736757
0.076232
0.0787444
0.0812077
0.083617
0.0859668
0.0882517
0.090466
0.0926044
0.0946611
0.0966307
0.0985085
0.100291
0.101972
0.10355
0.10502
0.106378
0.10762
0.108742
0.109743
0.11062
0.111371
0.111994
0.112488
0.112851
0.113082
0.11318
0.113147
0.112982
0.112686
0.112256
0.111693
0.111
0.110177
0.109228
0.108152
0.10695
0.105623
0.104171
0.102606
0.100937
0.0990026
0.0966671
0.0119595
0.00952064
0.00750933
0.00578188
0.00416673
0.00267395
0.00131602
9.1559e-05
-0.00100059
-0.00195992
-0.00278595
-0.00347848
-0.00403742
-0.00446272
-0.00475487
-0.00491488
-0.00494414
-0.00484403
-0.00461595
-0.00426128
-0.00378133
-0.00317734
-0.00245053
-0.0016023
-0.000634678
0.000449509
0.00164723
0.00295578
0.00437265
0.00589496
0.00751908
0.00924096
0.0110567
0.0129626
0.0149549
0.0170294
0.0191818
0.0214075
0.0237025
0.0260626
0.0284836
0.0309606
0.0334885
0.0360622
0.0386771
0.0413288
0.0440126
0.0467226
0.0494529
0.0521969
0.0549484
0.0577022
0.0604528
0.0631942
0.0659203
0.0686247
0.0713013
0.0739444
0.0765488
0.0791086
0.0816182
0.0840726
0.086467
0.0887962
0.0910547
0.0932366
0.0953358
0.0973465
0.0992639
0.101084
0.102801
0.104411
0.10591
0.107296
0.108563
0.109708
0.11073
0.111624
0.11239
0.113024
0.113524
0.11389
0.11412
0.114215
0.114174
0.113997
0.113682
0.113229
0.112639
0.111913
0.111055
0.110064
0.108942
0.10769
0.106309
0.104798
0.103172
0.101439
0.099433
0.0970137
0.0114113
0.00888783
0.00680436
0.00501374
0.00333881
0.00178924
0.000378195
-0.000894845
-0.00203093
-0.0030298
-0.00389096
-0.00461392
-0.00519842
-0.00564489
-0.00595404
-0.0061272
-0.00616569
-0.00607091
-0.00584439
-0.00548763
-0.0050019
-0.00438832
-0.00364835
-0.00278405
-0.00179808
-0.000693368
0.000527371
0.00186161
0.00330654
0.00485874
0.00651432
0.00826941
0.0101204
0.0120636
0.014095
0.0162098
0.0184036
0.0206725
0.0230124
0.0254191
0.0278879
0.0304135
0.0329908
0.0356151
0.0382817
0.040986
0.0437228
0.0464861
0.0492695
0.052067
0.0548724
0.0576802
0.0604846
0.0632796
0.0660593
0.0688177
0.0715486
0.0742461
0.0769044
0.079517
0.0820783
0.0845834
0.0870279
0.0894067
0.0917143
0.0939444
0.0960904
0.0981465
0.100108
0.101969
0.103725
0.105372
0.106905
0.108321
0.109617
0.110789
0.111834
0.112748
0.11353
0.114175
0.114684
0.115055
0.115288
0.11538
0.115332
0.115141
0.114809
0.114333
0.113715
0.112958
0.112062
0.111029
0.109861
0.108557
0.10712
0.105551
0.103862
0.102065
0.0999867
0.0974833
0.0107272
0.00811893
0.0059625
0.00410705
0.00237093
0.000764029
-0.000700384
-0.00202252
-0.00320308
-0.00424173
-0.00513783
-0.00589087
-0.00650085
-0.00696841
-0.00729453
-0.00748049
-0.00752755
-0.0074372
-0.00721107
-0.0068506
-0.00635697
-0.00573156
-0.00497645
-0.00409433
-0.00308799
-0.00196006
-0.000713112
0.000650008
0.00212596
0.00371107
0.0054016
0.00719398
0.00908458
0.0110693
0.0131436
0.0153029
0.0175429
0.0198599
0.0222498
0.0247079
0.0272293
0.0298085
0.0324407
0.0351212
0.0378451
0.0406075
0.0434026
0.0462244
0.0490667
0.0519235
0.0547886
0.057656
0.0605197
0.0633739
0.0662132
0.0690317
0.071823
0.0745807
0.0772983
0.0799694
0.0825883
0.0851504
0.087651
0.090085
0.0924467
0.0947296
0.096927
0.0990329
0.101042
0.102949
0.104749
0.106436
0.108007
0.109458
0.110787
0.111988
0.113059
0.113995
0.114795
0.115455
0.115975
0.116354
0.11659
0.11668
0.116625
0.116422
0.116072
0.115574
0.114929
0.114139
0.113206
0.11213
0.110913
0.109557
0.108064
0.106434
0.104682
0.102819
0.100668
0.0980786
0.00990439
0.00721036
0.00498009
0.00305845
0.00125971
-0.000405515
-0.00192397
-0.00329583
-0.00452136
-0.00559989
-0.0065309
-0.00731417
-0.00794994
-0.00843874
-0.00878165
-0.00897985
-0.00903473
-0.00894779
-0.00872054
-0.00835438
-0.00785077
-0.00721167
-0.00643977
-0.0055379
-0.00450857
-0.0033543
-0.00207801
-0.000683084
0.00082688
0.00244836
0.00417791
0.00601193
0.00794635
0.00997667
0.0120982
0.0143065
0.0165977
0.0189679
0.0214127
0.0239272
0.0265061
0.0291443
0.0318371
0.0345795
0.0373662
0.0401917
0.0430505
0.0459364
0.0488436
0.0517657
0.0546961
0.0576288
0.0605576
0.063477
0.066382
0.0692666
0.0721243
0.0749478
0.0777306
0.0804662
0.0831491
0.0857747
0.0883378
0.0908329
0.0932538
0.0955942
0.0978477
0.100008
0.10207
0.104027
0.105874
0.107606
0.10922
0.110711
0.112075
0.113308
0.114407
0.115369
0.11619
0.116868
0.117402
0.117791
0.11803
0.11812
0.118058
0.117843
0.117477
0.116957
0.116285
0.115463
0.114491
0.113371
0.112105
0.110695
0.109144
0.107453
0.105636
0.103706
0.10148
0.0988022
0.00894092
0.00615884
0.00385346
0.0018646
1.72594e-06
-0.00172334
-0.00329694
-0.00471919
-0.00599013
-0.00710897
-0.00807541
-0.00888948
-0.00955136
-0.0100615
-0.0104208
-0.0106307
-0.0106925
-0.0106075
-0.0103774
-0.0100037
-0.00948839
-0.0088341
-0.00804357
-0.00711942
-0.00606407
-0.00488041
-0.00357192
-0.00214225
-0.000594842
0.00106705
0.00283997
0.00471987
0.00670222
0.00878231
0.0109557
0.0132181
0.0155657
0.0179942
0.0204989
0.0230748
0.0257167
0.0284197
0.0311788
0.0339886
0.0368433
0.0397373
0.0426652
0.0456213
0.0485993
0.0515925
0.0545941
0.0575978
0.0605979
0.0635889
0.0665658
0.0695226
0.0724522
0.0753474
0.0782013
0.0810079
0.0837615
0.0864571
0.0890889
0.0916507
0.0941363
0.0965395
0.0988541
0.101074
0.103193
0.105206
0.107105
0.108887
0.110546
0.11208
0.113484
0.114753
0.115884
0.116874
0.117719
0.118419
0.118969
0.119368
0.119613
0.119703
0.119635
0.119411
0.119028
0.118487
0.117788
0.116931
0.11592
0.114756
0.11344
0.111976
0.110365
0.108611
0.106727
0.104728
0.102424
0.0996549
0.00783554
0.00496186
0.0025791
0.000521558
-0.00140712
-0.00319375
-0.00482375
-0.00629722
-0.00761439
-0.00877456
-0.00977736
-0.0106228
-0.0113109
-0.0118422
-0.0122176
-0.0124384
-0.0125058
-0.0124212
-0.0121865
-0.0118038
-0.0112755
-0.0106043
-0.0097927
-0.00884331
-0.00775897
-0.00654314
-0.00519959
-0.00373179
-0.00214295
-0.000436331
0.00138418
0.00331406
0.00534855
0.00748306
0.00971331
0.0120351
0.0144442
0.016936
0.0195057
0.0221486
0.0248595
0.0276331
0.0304641
0.0333466
0.0362747
0.0392429
0.0422458
0.0452779
0.0483327
0.0514028
0.0544814
0.0575624
0.0606401
0.0637093
0.0667644
0.0697991
0.0728063
0.075779
0.0787105
0.0815946
0.0844255
0.0871974
0.0899038
0.0925382
0.0950942
0.0975658
0.0999471
0.102232
0.104414
0.106486
0.108443
0.110278
0.111988
0.113569
0.115016
0.116324
0.117491
0.118513
0.119387
0.12011
0.120678
0.12109
0.121342
0.121433
0.121362
0.121128
0.12073
0.120167
0.119439
0.118549
0.117499
0.116289
0.114922
0.113401
0.11173
0.10991
0.107957
0.105886
0.103501
0.100637
0.00658654
0.00361686
0.00115341
-0.000975069
-0.00297136
-0.00482125
-0.00650918
-0.00803534
-0.00940012
-0.0106028
-0.0116429
-0.01252
-0.0132344
-0.0137866
-0.0141774
-0.014408
-0.0144796
-0.0143941
-0.0141536
-0.0137606
-0.0132177
-0.0125271
-0.0116916
-0.0107141
-0.00959801
-0.00834719
-0.00696523
-0.00545538
-0.00382083
-0.00206529
-0.000193119
0.00179093
0.00388216
0.00607615
0.00836851
0.0107548
0.0132305
0.0157908
0.0184312
0.0211469
0.0239326
0.0267827
0.029691
0.0326517
0.0356588
0.038707
0.041791
0.0449051
0.0480424
0.0511955
0.0543573
0.0575219
0.0606837
0.0638374
0.0669769
0.0700955
0.0731863
0.0762426
0.079258
0.0822262
0.0851407
0.0879949
0.0907818
0.0934946
0.0961271
0.0986735
0.101128
0.103483
0.105733
0.107871
0.109889
0.111783
0.113548
0.11518
0.116675
0.118028
0.119235
0.120292
0.121197
0.121945
0.122534
0.12296
0.123221
0.123316
0.123243
0.123
0.122586
0.122001
0.121245
0.120322
0.119231
0.117974
0.116554
0.114976
0.113241
0.111354
0.10933
0.107183
0.104712
0.101749
0.00519094
0.00212058
-0.000427382
-0.00262962
-0.00469567
-0.00661086
-0.00835887
-0.00993975
-0.0113538
-0.0126001
-0.013678
-0.0145872
-0.0153278
-0.0159004
-0.0163056
-0.0165448
-0.0166196
-0.0165321
-0.0162846
-0.0158798
-0.0153198
-0.0146071
-0.0137448
-0.0127365
-0.011586
-0.0102968
-0.00887252
-0.00731637
-0.00563194
-0.00382342
-0.00189542
0.000147368
0.00230037
0.00455903
0.00691865
0.00937449
0.0119219
0.0145563
0.0172732
0.0200677
0.0229342
0.0258661
0.0288573
0.0319018
0.034994
0.0381285
0.0412998
0.0445018
0.0477274
0.0509693
0.0542207
0.0574755
0.0607281
0.0639725
0.0672026
0.0704115
0.0735922
0.0767387
0.0798446
0.0829032
0.0859074
0.0888498
0.0917231
0.0945207
0.0972363
0.0998639
0.102397
0.104829
0.107153
0.109361
0.111447
0.113404
0.11523
0.116919
0.118466
0.119868
0.121119
0.122215
0.123153
0.12393
0.124541
0.124985
0.125258
0.125358
0.125283
0.125031
0.124602
0.123995
0.123212
0.122254
0.121122
0.119817
0.118343
0.116704
0.114905
0.112947
0.110848
0.108621
0.106062
0.102994
0.00364488
0.000469188
-0.0021672
-0.00444647
-0.00658523
-0.00856841
-0.0103791
-0.0120168
-0.0134816
-0.0147725
-0.0158888
-0.0168303
-0.0175969
-0.0181891
-0.0186079
-0.0188549
-0.0189321
-0.0188416
-0.0185857
-0.0181668
-0.0175871
-0.0168495
-0.0159578
-0.0149159
-0.0137274
-0.012396
-0.0109252
-0.00931854
-0.0075802
-0.00571452
-0.00372611
-0.00161958
0.000600385
0.00292888
0.00536084
0.00789138
0.0105161
0.0132305
0.0160299
0.018909
0.0218616
0.0248811
0.027961
0.0310954
0.0342789
0.0375059
0.0407705
0.0440663
0.0473863
0.0507235
0.054071
0.0574228
0.0607726
0.0641143
0.0674414
0.0707472
0.0740249
0.0772684
0.0804712
0.0836264
0.0867263
0.089763
0.0927292
0.0956181
0.0984236
0.101139
0.103758
0.106273
0.108676
0.11096
0.113119
0.115146
0.117038
0.118789
0.120394
0.121848
0.123147
0.124286
0.125261
0.12607
0.126707
0.127171
0.127458
0.127564
0.127487
0.127227
0.126783
0.126156
0.125344
0.124351
0.123175
0.121821
0.120292
0.118592
0.116724
0.114693
0.112514
0.110205
0.107552
0.104375
0.00194447
-0.00134148
-0.00407046
-0.00643066
-0.00864586
-0.0107002
-0.0125761
-0.0142727
-0.0157898
-0.0171263
-0.0182816
-0.0192554
-0.0200476
-0.0206591
-0.0210911
-0.0213454
-0.0214242
-0.0213293
-0.0210629
-0.0206273
-0.0200253
-0.0192603
-0.0183364
-0.0172575
-0.0160273
-0.0146493
-0.0131277
-0.0114666
-0.0096701
-0.00774269
-0.00568883
-0.00351333
-0.00122124
0.00118219
0.0036917
0.00630251
0.00901033
0.0118107
0.0146985
0.0176679
0.0207123
0.0238251
0.0269998
0.0302306
0.0335117
0.0368374
0.0402015
0.0435974
0.0470182
0.0504572
0.0539076
0.0573631
0.0608168
0.0642623
0.0676933
0.0711031
0.0744851
0.0778326
0.0811389
0.0843967
0.0875983
0.0907358
0.0938016
0.0967888
0.0996909
0.102501
0.105212
0.107815
0.110304
0.11267
0.114908
0.117011
0.118975
0.120794
0.122462
0.123973
0.125324
0.126509
0.127526
0.12837
0.129037
0.129523
0.129824
0.129937
0.129861
0.129594
0.129136
0.128487
0.127647
0.126616
0.125397
0.123992
0.122406
0.120642
0.118704
0.116595
0.114334
0.111938
0.109187
0.105894
8.57527e-05
-0.00331613
-0.00614245
-0.00858785
-0.0108835
-0.0130124
-0.0149559
-0.0167134
-0.0182845
-0.0196678
-0.0208626
-0.0218689
-0.0226869
-0.0233176
-0.0237627
-0.0240239
-0.024103
-0.0240019
-0.0237226
-0.023268
-0.0226413
-0.0218462
-0.0208869
-0.0197671
-0.0184908
-0.0170622
-0.0154857
-0.0137658
-0.0119066
-0.00991242
-0.00778785
-0.00553815
-0.0031688
-0.000685196
0.0019075
0.00460457
0.00740165
0.010294
0.0132759
0.0163412
0.0194832
0.0226954
0.0259714
0.029305
0.0326903
0.036121
0.0395908
0.0430934
0.0466219
0.0501694
0.0537295
0.0572952
0.0608596
0.0644161
0.0679581
0.0714793
0.0749726
0.078431
0.0818474
0.0852143
0.0885241
0.0917691
0.0949414
0.0980337
0.101039
0.10395
0.106758
0.109457
0.112037
0.114493
0.116816
0.119002
0.121044
0.122936
0.124672
0.126246
0.127653
0.12889
0.129953
0.130836
0.131536
0.132046
0.132364
0.132486
0.132411
0.132139
0.131668
0.130998
0.130127
0.129059
0.127795
0.126338
0.124692
0.122862
0.120851
0.118661
0.116314
0.113827
0.110973
0.107558
-0.00193564
-0.00546001
-0.00838896
-0.0109239
-0.0133038
-0.0155106
-0.0175248
-0.0193454
-0.0209722
-0.0224036
-0.0236389
-0.0246783
-0.0255226
-0.0261729
-0.0266308
-0.0268979
-0.0269757
-0.0268663
-0.0265721
-0.0260963
-0.0254424
-0.0246141
-0.0236154
-0.0224506
-0.0211242
-0.0196409
-0.0180054
-0.0162221
-0.014295
-0.0122287
-0.0100281
-0.00769897
-0.00524701
-0.00267756
4.36813e-06
0.00279395
0.00568641
0.00867655
0.0117584
0.0149255
0.0181713
0.0214893
0.0248731
0.0283162
0.0318119
0.035354
0.0389363
0.0425525
0.0461956
0.0498587
0.053535
0.0572177
0.0608997
0.0645742
0.0682348
0.0718745
0.0754861
0.0790623
0.0825956
0.0860785
0.0895036
0.0928631
0.096149
0.0993534
0.102468
0.105486
0.108399
0.111199
0.113878
0.11643
0.118846
0.121121
0.123247
0.125218
0.127028
0.12867
0.130141
0.131435
0.132548
0.133475
0.134209
0.134747
0.135083
0.135217
0.135147
0.134871
0.134387
0.133694
0.132793
0.131687
0.130377
0.128867
0.12716
0.125261
0.123172
0.120898
0.11846
0.115878
0.112914
0.109369
-0.00412448
-0.00777843
-0.0108157
-0.0134447
-0.0159128
-0.0182013
-0.0202893
-0.0221757
-0.0238601
-0.0253411
-0.0266183
-0.0276921
-0.0285634
-0.0292334
-0.0297033
-0.0299749
-0.0300498
-0.0299303
-0.0296193
-0.0291199
-0.0284356
-0.0275703
-0.0265283
-0.0253145
-0.023934
-0.0223919
-0.0206927
-0.0188407
-0.0168404
-0.0146966
-0.0124147
-0.0100007
-0.00746036
-0.00479891
-0.00202145
0.000866895
0.00386079
0.00695462
0.0101424
0.0134177
0.0167739
0.0202044
0.0237024
0.0272612
0.0308739
0.0345341
0.0382357
0.0419724
0.0457372
0.0495228
0.0533221
0.0571285
0.0609351
0.0647351
0.0685215
0.0722871
0.0760241
0.079725
0.0833824
0.0869888
0.0905367
0.0940182
0.0974247
0.100748
0.103979
0.107111
0.110135
0.113044
0.11583
0.118484
0.121
0.123371
0.125588
0.127644
0.129534
0.131252
0.132791
0.134148
0.135317
0.13629
0.137063
0.137631
0.137991
0.13814
0.138076
0.137796
0.137299
0.136584
0.135653
0.134508
0.133152
0.131586
0.129815
0.127843
0.125674
0.123311
0.120778
0.118093
0.115013
0.111329
-0.00648588
-0.0102769
-0.0134286
-0.0161567
-0.0187176
-0.0210916
-0.023257
-0.0252121
-0.0269566
-0.0284894
-0.0298101
-0.0309195
-0.0318182
-0.0325073
-0.0329883
-0.033263
-0.0333335
-0.0332021
-0.0328719
-0.0323459
-0.0316277
-0.0307214
-0.0296322
-0.0283656
-0.0269269
-0.0253211
-0.0235529
-0.0216269
-0.0195479
-0.0173212
-0.0149526
-0.0124479
-0.00981283
-0.00705295
-0.00417362
-0.00118037
0.00192103
0.00512473
0.00842477
0.0118149
0.0152882
0.0188376
0.0224562
0.026137
0.0298734
0.0336587
0.0374866
0.0413509
0.0452443
0.0491593
0.0530887
0.0570259
0.0609644
0.0648971
0.0688167
0.0727153
0.0765848
0.0804178
0.0842067
0.0879445
0.0916232
0.0952343
0.0987687
0.102218
0.105573
0.108826
0.111969
0.114994
0.117894
0.120659
0.123282
0.125754
0.128069
0.130218
0.132195
0.133994
0.13561
0.137035
0.138264
0.139288
0.140104
0.140706
0.141093
0.14126
0.141204
0.140922
0.140412
0.139676
0.138715
0.137531
0.136127
0.134503
0.132665
0.130617
0.128363
0.125906
0.123271
0.120478
0.117274
0.113442
-0.00902566
-0.0129618
-0.0162345
-0.0190674
-0.0217262
-0.0241902
-0.0264366
-0.0284638
-0.0302713
-0.0318581
-0.0332242
-0.0343698
-0.0352958
-0.0360035
-0.0364946
-0.0367712
-0.0368356
-0.0366901
-0.0363376
-0.0357813
-0.0350253
-0.0340744
-0.0329342
-0.0316105
-0.0301088
-0.0284341
-0.0265915
-0.0245859
-0.0224227
-0.0201075
-0.0176461
-0.0150443
-0.0123081
-0.00944335
-0.00645593
-0.00335166
-0.00013645
0.0031837
0.00660274
0.0101143
0.0137113
0.0173862
0.0211317
0.0249412
0.028808
0.0327255
0.036687
0.0406859
0.0447147
0.048766
0.0528328
0.0569083
0.060986
0.0650587
0.0691187
0.0731575
0.077167
0.0811397
0.0850682
0.0889453
0.0927627
0.0965112
0.100181
0.103764
0.10725
0.110633
0.113903
0.117053
0.120074
0.122957
0.125694
0.128275
0.130694
0.132943
0.135016
0.136904
0.138602
0.140101
0.141394
0.142475
0.143339
0.143981
0.144398
0.144585
0.144539
0.144256
0.143737
0.142981
0.14199
0.140767
0.139312
0.137628
0.13572
0.133592
0.131247
0.128691
0.125947
0.123039
0.119702
0.115713
-0.0117507
-0.0158409
-0.0192417
-0.0221856
-0.0249478
-0.0275065
-0.0298382
-0.0319411
-0.0338147
-0.0354579
-0.0368704
-0.0380528
-0.039006
-0.0397317
-0.040232
-0.0405091
-0.0405651
-0.0404025
-0.0400241
-0.0394339
-0.0386363
-0.0376369
-0.0364415
-0.035056
-0.0334859
-0.0317367
-0.029814
-0.0277233
-0.0254701
-0.0230603
-0.0204996
-0.0177942
-0.0149502
-0.0119743
-0.0088725
-0.00565086
-0.0023152
0.00112832
0.0046733
0.00831304
0.0120402
0.015847
0.0197262
0.0236712
0.0276754
0.0317322
0.0358344
0.0399749
0.0441461
0.048341
0.0525525
0.056774
0.0609985
0.0652184
0.0694259
0.0736124
0.0777696
0.08189
0.0859663
0.0899907
0.0939547
0.0978484
0.101662
0.105386
0.109013
0.112533
0.11594
0.119223
0.122373
0.125382
0.128239
0.130938
0.13347
0.135827
0.138002
0.139986
0.141771
0.14335
0.144714
0.145858
0.146776
0.147464
0.147914
0.148125
0.148091
0.14781
0.147283
0.146509
0.145488
0.144224
0.142717
0.140971
0.138989
0.136776
0.134336
0.131673
0.128814
0.125784
0.122307
0.11815
-0.0146689
-0.0189228
-0.0224595
-0.0255207
-0.0283923
-0.0310511
-0.0334726
-0.0356551
-0.0375976
-0.039299
-0.0407592
-0.0419788
-0.0429594
-0.0437028
-0.0442112
-0.0444867
-0.0445315
-0.0443482
-0.0439403
-0.0433124
-0.0424694
-0.0414172
-0.0401617
-0.0387089
-0.0370649
-0.0352356
-0.0332271
-0.0310454
-0.028696
-0.0261848
-0.0235181
-0.0207023
-0.0177442
-0.0146505
-0.0114279
-0.00808205
-0.00461895
-0.001045
0.00263286
0.00640748
0.0102714
0.0142169
0.0182368
0.0223245
0.0264734
0.0306765
0.0349264
0.0392155
0.0435364
0.0478821
0.052246
0.056621
0.0609998
0.0653744
0.0697367
0.0740784
0.0783913
0.0826676
0.0868997
0.0910796
0.095198
0.099245
0.103211
0.107085
0.110861
0.114529
0.11808
0.121505
0.124793
0.127935
0.130922
0.133746
0.136399
0.138873
0.141158
0.143245
0.145125
0.146789
0.148232
0.149446
0.150424
0.15116
0.151649
0.151886
0.151868
0.151593
0.15106
0.150268
0.149218
0.147912
0.146353
0.144541
0.142481
0.140178
0.137637
0.134862
0.131881
0.128721
0.125094
0.120758
-0.0177885
-0.0222168
-0.025898
-0.0290834
-0.0320706
-0.0348351
-0.0373511
-0.0396166
-0.0416308
-0.0433925
-0.0449017
-0.0461596
-0.0471678
-0.0479282
-0.0484429
-0.0487141
-0.0487444
-0.048537
-0.0480961
-0.0474267
-0.0465341
-0.0454241
-0.044103
-0.0425773
-0.0408536
-0.0389385
-0.0368383
-0.0345591
-0.0321066
-0.0294871
-0.0267074
-0.0237746
-0.0206957
-0.0174776
-0.0141269
-0.0106497
-0.00705195
-0.00334053
0.000477139
0.0043935
0.00840108
0.0124925
0.0166605
0.0208983
0.025199
0.0295553
0.0339598
0.0384049
0.0428829
0.0473871
0.0519108
0.0564469
0.0609875
0.0655243
0.0700492
0.0745539
0.0790304
0.0834708
0.0878669
0.0922101
0.0964911
0.1007
0.104826
0.108861
0.112795
0.116619
0.120324
0.123899
0.127334
0.13062
0.133746
0.136705
0.139488
0.142086
0.144488
0.146685
0.148667
0.150427
0.151955
0.153245
0.154289
0.155079
0.155611
0.155879
0.155882
0.155616
0.155079
0.154271
0.153192
0.151845
0.150231
0.148351
0.146209
0.143812
0.141163
0.138268
0.135158
0.13186
0.128074
0.123546
-0.0211184
-0.0257327
-0.0295676
-0.0328846
-0.0359939
-0.0388698
-0.0414849
-0.043837
-0.0459258
-0.0477502
-0.0493103
-0.0506074
-0.0516431
-0.0524192
-0.052938
-0.0532021
-0.0532149
-0.0529801
-0.0525024
-0.0517871
-0.0508398
-0.0496665
-0.0482741
-0.0466698
-0.0448607
-0.0428536
-0.040655
-0.0382713
-0.0357086
-0.0329738
-0.0300742
-0.0270175
-0.0238108
-0.020461
-0.0169748
-0.0133586
-0.00961903
-0.00576315
-0.00179868
0.00226662
0.00642526
0.01067
0.0149937
0.019389
0.0238487
0.0283653
0.0329316
0.0375399
0.0421828
0.0468532
0.0515443
0.0562488
0.0609587
0.0656655
0.0703609
0.0750367
0.079685
0.0842974
0.0888654
0.0933802
0.0978321
0.102211
0.106507
0.110712
0.114814
0.118804
0.122672
0.126407
0.129999
0.133437
0.136713
0.139817
0.14274
0.14547
0.147998
0.150313
0.152407
0.154269
0.155892
0.157265
0.15838
0.159231
0.159811
0.160118
0.160145
0.159891
0.159353
0.15853
0.157424
0.156035
0.154364
0.152413
0.150186
0.147689
0.144927
0.141906
0.138659
0.135214
0.131256
0.126522
-0.0246682
-0.0294808
-0.0334792
-0.0369356
-0.0401737
-0.0431665
-0.0458855
-0.0483286
-0.0504955
-0.0523852
-0.0539979
-0.0553346
-0.056397
-0.0571871
-0.0577078
-0.0579623
-0.0579546
-0.0576889
-0.0571701
-0.0564039
-0.0553963
-0.0541539
-0.0526844
-0.0509955
-0.0490946
-0.0469888
-0.0446846
-0.0421891
-0.039509
-0.0366519
-0.0336254
-0.0304375
-0.0270955
-0.0236063
-0.0199769
-0.0162143
-0.0123256
-0.0083181
-0.00419959
2.21997e-05
0.00433963
0.00874534
0.0132321
0.0177923
0.0224183
0.0271027
0.0318381
0.0366173
0.0414326
0.0462769
0.051143
0.0560234
0.0609102
0.0657949
0.0706691
0.0755244
0.0803526
0.0851451
0.0898933
0.094588
0.0992197
0.103778
0.108254
0.112637
0.116917
0.121083
0.125124
0.12903
0.132789
0.136391
0.139827
0.143086
0.146157
0.14903
0.151693
0.154136
0.15635
0.158325
0.160049
0.161513
0.162707
0.163625
0.164262
0.164611
0.164668
0.16443
0.163893
0.163058
0.161925
0.160494
0.158764
0.15674
0.154423
0.151822
0.148941
0.145787
0.142393
0.13879
0.134649
0.129694
-0.0284485
-0.033472
-0.0376439
-0.041248
-0.044622
-0.047738
-0.0505664
-0.0531051
-0.0553536
-0.057311
-0.0589773
-0.0603535
-0.0614415
-0.0622441
-0.0627646
-0.063007
-0.0629755
-0.0626746
-0.0621098
-0.0612871
-0.0602134
-0.0588961
-0.0573433
-0.0555632
-0.0535635
-0.0513514
-0.0489343
-0.0463196
-0.043515
-0.0405283
-0.0373675
-0.0340405
-0.0305552
-0.0269188
-0.0231386
-0.0192221
-0.0151769
-0.0110105
-0.00673039
-0.00234435
0.0021397
0.00671403
0.0113712
0.0161036
0.0209035
0.0257632
0.0306756
0.0356332
0.0406286
0.0456544
0.050703
0.0557671
0.0608386
0.0659094
0.0709708
0.0760142
0.0810307
0.0860118
0.0909486
0.0958322
0.100653
0.105401
0.110065
0.114636
0.119103
0.123455
0.12768
0.131767
0.135705
0.139483
0.14309
0.146514
0.149744
0.152769
0.155578
0.158161
0.160505
0.1626
0.164435
0.165998
0.16728
0.168274
0.168974
0.169371
0.169463
0.169244
0.168713
0.167869
0.166709
0.165235
0.163446
0.161345
0.158935
0.156224
0.153218
0.149923
0.146373
0.1426
0.138263
0.133071
-0.0324702
-0.0377179
-0.0420741
-0.0458347
-0.0493525
-0.0525986
-0.0555424
-0.0581812
-0.0605146
-0.0625415
-0.0642619
-0.0656773
-0.0667901
-0.0676036
-0.0681218
-0.0683489
-0.0682894
-0.0679485
-0.0673322
-0.0664472
-0.0653014
-0.0639028
-0.0622599
-0.0603812
-0.0582749
-0.0559489
-0.0534113
-0.05067
-0.0477334
-0.0446094
-0.0413062
-0.0378321
-0.0341953
-0.0304038
-0.0264653
-0.0223875
-0.0181781
-0.0138449
-0.00939535
-0.00483732
-0.000178951
0.00457157
0.00940653
0.0143185
0.0192999
0.0243431
0.0294403
0.0345842
0.0397671
0.0449818
0.0502208
0.0554765
0.0607411
0.0660062
0.0712631
0.076503
0.0817166
0.0868951
0.0920297
0.0971115
0.102131
0.107077
0.111941
0.11671
0.121374
0.125921
0.130341
0.134621
0.138749
0.142714
0.146502
0.150103
0.153504
0.156693
0.15966
0.162392
0.164877
0.167103
0.169058
0.170731
0.172111
0.173189
0.173958
0.174412
0.174543
0.17435
0.173829
0.172977
0.171792
0.170275
0.168425
0.166245
0.163739
0.160913
0.157774
0.154328
0.150612
0.146659
0.142112
0.136667
-0.0367453
-0.0422318
-0.0467837
-0.0507105
-0.0543809
-0.0577645
-0.0608293
-0.0635726
-0.0659936
-0.0680914
-0.0698665
-0.0713209
-0.0724576
-0.0732802
-0.073793
-0.0740009
-0.0739087
-0.0735225
-0.0728489
-0.0718957
-0.0706711
-0.069184
-0.0674434
-0.0654581
-0.0632371
-0.0607893
-0.0581234
-0.0552477
-0.0521708
-0.0489011
-0.0454471
-0.0418175
-0.0380212
-0.0340667
-0.0299621
-0.025715
-0.0213334
-0.0168251
-0.0121982
-0.00746053
-0.00262037
0.00231388
0.00733433
0.0124336
0.0176043
0.0228387
0.0281289
0.0334667
0.0388448
0.0442559
0.049693
0.0551485
0.0606144
0.0660822
0.071543
0.0769878
0.0824073
0.0877926
0.0931346
0.0984243
0.103652
0.108807
0.113879
0.118856
0.123728
0.128482
0.133108
0.137592
0.141922
0.146085
0.150067
0.153856
0.15744
0.160806
0.163942
0.166835
0.169473
0.171841
0.173928
0.175721
0.177209
0.178381
0.179228
0.179745
0.179924
0.179763
0.179255
0.178398
0.17719
0.17563
0.173718
0.171457
0.168851
0.165906
0.162626
0.15902
0.155127
0.150983
0.146212
0.140496
-0.0412871
-0.0470285
-0.0517888
-0.0558921
-0.0597241
-0.0632526
-0.066444
-0.0692957
-0.0718072
-0.0739777
-0.0758082
-0.0773012
-0.0784602
-0.0792892
-0.079793
-0.0799771
-0.0798471
-0.0794099
-0.0786729
-0.0776446
-0.076334
-0.0747503
-0.0729034
-0.0708031
-0.0684593
-0.0658815
-0.0630788
-0.06006
-0.0568339
-0.0534095
-0.0497959
-0.0460024
-0.0420382
-0.0379125
-0.0336335
-0.0292088
-0.0246464
-0.0199548
-0.0151424
-0.0102174
-0.005188
-6.24154e-05
0.00515144
0.0104461
0.015814
0.0212475
0.0267382
0.0322778
0.0378587
0.043474
0.0491171
0.0547804
0.0604559
0.0661346
0.0718075
0.0774657
0.0831
0.0887013
0.0942606
0.0997683
0.105214
0.110588
0.115878
0.121074
0.126164
0.131137
0.13598
0.14068
0.145223
0.149596
0.153785
0.157776
0.161556
0.165111
0.168429
0.171496
0.174298
0.176822
0.179053
0.180978
0.182584
0.183859
0.184795
0.185384
0.18562
0.185496
0.185006
0.184148
0.182918
0.181317
0.179343
0.177
0.174289
0.171218
0.16779
0.164016
0.159935
0.155588
0.150578
0.144571
-0.0461108
-0.0521243
-0.0571067
-0.0613972
-0.0653997
-0.0690806
-0.0724045
-0.075369
-0.077974
-0.080219
-0.0821054
-0.0836362
-0.0848152
-0.0856472
-0.0861378
-0.086293
-0.0861197
-0.0856253
-0.084818
-0.083707
-0.082302
-0.0806131
-0.0786513
-0.0764274
-0.0739518
-0.0712348
-0.068286
-0.0651144
-0.0617295
-0.058141
-0.0543588
-0.0503927
-0.0462521
-0.0419463
-0.0374837
-0.0328725
-0.0281208
-0.0232375
-0.0182315
-0.0131113
-0.00788493
-0.00256019
0.00285512
0.00835325
0.0139264
0.0195665
0.0252653
0.0310144
0.036806
0.0426336
0.0484905
0.0543696
0.0602625
0.0661602
0.0720535
0.0779336
0.0837916
0.0896185
0.0954048
0.101141
0.106815
0.112418
0.117938
0.123363
0.128683
0.133886
0.138957
0.143885
0.148654
0.153249
0.157658
0.161864
0.165854
0.169613
0.173126
0.176381
0.179361
0.182054
0.184442
0.186512
0.188248
0.189638
0.190673
0.191345
0.191645
0.191565
0.1911
0.190245
0.188997
0.187356
0.185321
0.182892
0.180074
0.17687
0.173288
0.169335
0.165057
0.160493
0.155228
0.14891
-0.0512325
-0.0575368
-0.0627555
-0.0672441
-0.0714267
-0.0752679
-0.0787306
-0.0818128
-0.0845146
-0.0868357
-0.0887779
-0.0903448
-0.091541
-0.0923721
-0.0928447
-0.0929658
-0.0927429
-0.0921841
-0.0912986
-0.0900964
-0.0885881
-0.0867851
-0.0846993
-0.0823424
-0.0797255
-0.0768591
-0.0737536
-0.070419
-0.0668653
-0.063103
-0.0591428
-0.0549947
-0.0506684
-0.046173
-0.0415175
-0.0367106
-0.0317608
-0.0266775
-0.0214696
-0.016146
-0.0107144
-0.0051824
0.000442372
0.00615195
0.0119381
0.0177925
0.0237068
0.0296729
0.0356834
0.0417314
0.0478103
0.0539128
0.0600308
0.0661553
0.0722773
0.0783881
0.0844788
0.0905406
0.0965636
0.102538
0.108452
0.114294
0.120055
0.125722
0.131283
0.136727
0.14204
0.147207
0.152215
0.157047
0.161689
0.166124
0.170338
0.174315
0.178039
0.181496
0.18467
0.187546
0.190106
0.192332
0.194212
0.19573
0.196878
0.197644
0.198017
0.19799
0.197556
0.19671
0.195449
0.19377
0.191673
0.189157
0.186226
0.182885
0.179141
0.175002
0.170514
0.16572
0.160181
0.153528
-0.0566699
-0.0632842
-0.0687543
-0.0734529
-0.0778257
-0.0818357
-0.0854442
-0.0886489
-0.0914503
-0.0938486
-0.095846
-0.0974471
-0.0986573
-0.0994834
-0.0999328
-0.100013
-0.0997334
-0.0991021
-0.0981296
-0.096827
-0.0952063
-0.0932798
-0.0910602
-0.08856
-0.0857909
-0.0827641
-0.0794909
-0.0759823
-0.0722495
-0.0683034
-0.064155
-0.059815
-0.0552928
-0.0505979
-0.0457398
-0.0407279
-0.0355713
-0.0302794
-0.0248613
-0.0193255
-0.0136802
-0.00793264
-0.00209053
0.00383813
0.00984484
0.0159211
0.0220586
0.0282496
0.0344867
0.0407631
0.0470719
0.0534058
0.0597565
0.0661156
0.0724745
0.0788246
0.0851573
0.0914633
0.0977327
0.103955
0.110119
0.116213
0.122226
0.128146
0.133961
0.139659
0.145225
0.150646
0.155906
0.160989
0.165879
0.170559
0.175012
0.179222
0.183173
0.186849
0.190233
0.193307
0.196052
0.198451
0.200489
0.202151
0.203424
0.204295
0.204752
0.204788
0.204394
0.203564
0.202293
0.200579
0.19842
0.195817
0.19277
0.189287
0.185373
0.181037
0.176326
0.171287
0.165457
0.158445
-0.062442
-0.0693865
-0.0751241
-0.0800456
-0.0846195
-0.0888073
-0.0925682
-0.0959
-0.0988036
-0.10128
-0.103332
-0.104965
-0.106185
-0.107001
-0.107421
-0.107454
-0.107108
-0.106396
-0.105327
-0.103914
-0.102171
-0.100111
-0.0977465
-0.0950915
-0.0921584
-0.0889595
-0.0855071
-0.0818135
-0.0778906
-0.0737498
-0.0694026
-0.0648596
-0.060131
-0.0552267
-0.0501564
-0.04493
-0.0395575
-0.0340481
-0.0284108
-0.0226542
-0.0167863
-0.0108149
-0.0047477
0.00140745
0.00764214
0.0139479
0.0203164
0.02674
0.0332115
0.0397241
0.0462707
0.0528437
0.0594351
0.0660367
0.0726407
0.0792388
0.0858223
0.0923819
0.0989074
0.105388
0.111812
0.118169
0.124446
0.130631
0.136713
0.142678
0.148512
0.1542
0.159727
0.165076
0.170229
0.175169
0.179878
0.184339
0.188534
0.192445
0.196055
0.199344
0.202292
0.204881
0.207094
0.208914
0.210326
0.211316
0.21187
0.21198
0.211635
0.210828
0.209554
0.207809
0.20559
0.202897
0.199732
0.196102
0.19201
0.187465
0.182519
0.177219
0.171077
0.163681
-0.0685702
-0.0758668
-0.0818888
-0.0870467
-0.091833
-0.0962073
-0.100127
-0.10359
-0.106598
-0.109153
-0.111258
-0.11292
-0.114147
-0.114947
-0.11533
-0.115306
-0.114886
-0.114082
-0.112906
-0.111373
-0.109497
-0.107291
-0.10477
-0.101948
-0.0988382
-0.0954551
-0.0918116
-0.0879212
-0.0837965
-0.0794495
-0.0748917
-0.0701345
-0.0651886
-0.0600646
-0.0547723
-0.0493221
-0.043724
-0.0379877
-0.032122
-0.0261355
-0.0200364
-0.0138329
-0.00753275
-0.00114362
0.00532651
0.0118694
0.0184768
0.0251409
0.0318544
0.0386106
0.0454024
0.0522224
0.0590626
0.0659152
0.0727727
0.0796272
0.0864703
0.0932925
0.100084
0.106832
0.113528
0.120158
0.126711
0.133175
0.139536
0.145782
0.151898
0.157868
0.163677
0.169307
0.174739
0.179957
0.184939
0.189669
0.194126
0.198291
0.202145
0.205666
0.208836
0.211633
0.214039
0.216035
0.217602
0.218725
0.219391
0.219588
0.219303
0.218529
0.217258
0.215486
0.21321
0.210428
0.207142
0.203358
0.19908
0.194316
0.18912
0.183543
0.177067
0.16926
-0.0750784
-0.0827506
-0.0890748
-0.0944829
-0.0994929
-0.104062
-0.108147
-0.111746
-0.114861
-0.117494
-0.119651
-0.121339
-0.122566
-0.123343
-0.12368
-0.12359
-0.123085
-0.122178
-0.120885
-0.11922
-0.117197
-0.114833
-0.112142
-0.109139
-0.10584
-0.10226
-0.0984134
-0.0943135
-0.0899743
-0.0854085
-0.080628
-0.0756448
-0.0704706
-0.0651163
-0.0595919
-0.0539078
-0.0480742
-0.0421009
-0.0359973
-0.0297719
-0.0234331
-0.0169892
-0.0104481
-0.00381714
0.00289605
0.00968366
0.0165375
0.0234496
0.0304127
0.0374199
0.0444644
0.0515392
0.0586364
0.0657484
0.0728679
0.0799873
0.0870984
0.094192
0.101258
0.108285
0.115263
0.122178
0.129019
0.135773
0.142427
0.148968
0.155379
0.161646
0.167753
0.17368
0.17941
0.184922
0.190197
0.195215
0.199953
0.204391
0.208509
0.212284
0.215696
0.218722
0.221339
0.223528
0.225268
0.226543
0.227336
0.227634
0.227422
0.226691
0.225432
0.22364
0.221309
0.21844
0.215031
0.211087
0.206614
0.201619
0.196159
0.190288
0.183457
0.175209
-0.0819933
-0.0900658
-0.0967111
-0.102383
-0.107628
-0.112402
-0.116658
-0.120397
-0.12362
-0.126332
-0.128537
-0.130246
-0.131467
-0.132212
-0.132495
-0.132328
-0.131727
-0.130706
-0.129282
-0.12747
-0.125288
-0.12275
-0.119875
-0.116678
-0.113176
-0.109385
-0.105321
-0.100997
-0.0964301
-0.0916321
-0.0866164
-0.0813954
-0.0759813
-0.0703854
-0.0646182
-0.0586896
-0.0526099
-0.0463895
-0.0400382
-0.0335648
-0.0269778
-0.0202853
-0.0134949
-0.00661399
0.000350095
0.00738989
0.0144974
0.0216647
0.0288845
0.03615
0.0434548
0.050792
0.0581543
0.065534
0.0729239
0.0803166
0.0877041
0.0950778
0.102428
0.109743
0.117013
0.124224
0.131365
0.138422
0.145382
0.152231
0.158953
0.165533
0.171953
0.178195
0.18424
0.190067
0.195654
0.200978
0.206018
0.210751
0.215154
0.219206
0.222881
0.226157
0.229007
0.231409
0.233343
0.234789
0.235727
0.236142
0.236017
0.235342
0.234106
0.232301
0.229922
0.226965
0.223431
0.219323
0.214646
0.20941
0.203672
0.197488
0.190279
0.18156
-0.089344
-0.0978433
-0.104829
-0.11078
-0.116272
-0.121259
-0.125694
-0.129575
-0.132908
-0.135696
-0.137947
-0.13967
-0.140877
-0.141582
-0.141799
-0.141544
-0.140834
-0.139685
-0.138115
-0.136142
-0.133783
-0.131057
-0.127981
-0.124574
-0.120854
-0.116837
-0.112541
-0.10798
-0.10317
-0.0981256
-0.0928615
-0.0873902
-0.081724
-0.0758746
-0.0698528
-0.0636685
-0.0573322
-0.0508546
-0.0442458
-0.0375154
-0.0306714
-0.0237218
-0.0166737
-0.0095347
-0.00231187
0.00498736
0.0123554
0.0197845
0.0272679
0.034799
0.0423715
0.0499788
0.0576137
0.0652689
0.0729372
0.0806113
0.0882837
0.095946
0.103589
0.111202
0.118774
0.126292
0.133745
0.141117
0.148396
0.155567
0.162615
0.169523
0.176274
0.18285
0.189229
0.19539
0.201308
0.206961
0.212325
0.217375
0.222088
0.22644
0.230403
0.233951
0.237057
0.239697
0.241847
0.243484
0.244587
0.245138
0.245118
0.244514
0.243312
0.241504
0.239082
0.236041
0.232381
0.228104
0.223217
0.217727
0.211696
0.205181
0.197568
0.188345
-0.0971623
-0.106117
-0.113464
-0.11971
-0.125461
-0.130671
-0.135289
-0.139317
-0.142759
-0.145621
-0.147912
-0.149643
-0.150828
-0.151482
-0.151622
-0.151265
-0.150431
-0.149138
-0.147405
-0.145253
-0.1427
-0.139768
-0.136475
-0.132842
-0.128886
-0.124627
-0.120081
-0.115266
-0.110199
-0.104894
-0.0993678
-0.0936327
-0.0877015
-0.0815859
-0.0752971
-0.0688457
-0.0622421
-0.0554972
-0.0486214
-0.0416244
-0.0345145
-0.0272991
-0.0199852
-0.01258
-0.00509086
0.00247487
0.0101099
0.0178073
0.0255607
0.0333642
0.0412116
0.0490964
0.0570113
0.0649492
0.0729033
0.0808667
0.0888323
0.0967921
0.104737
0.112657
0.120542
0.128378
0.136153
0.143853
0.151465
0.158973
0.166361
0.173614
0.180714
0.187642
0.194374
0.200889
0.207161
0.213165
0.218876
0.224269
0.229317
0.233994
0.23827
0.242116
0.245504
0.248407
0.250797
0.25265
0.253941
0.254648
0.254753
0.254237
0.253084
0.251284
0.248826
0.245705
0.24192
0.237472
0.232367
0.226613
0.220273
0.213407
0.205364
0.1956
-0.105484
-0.114924
-0.122656
-0.129212
-0.135236
-0.140677
-0.145484
-0.14966
-0.153211
-0.156144
-0.15847
-0.1602
-0.161352
-0.161943
-0.161991
-0.161517
-0.160542
-0.159087
-0.157173
-0.154822
-0.152057
-0.1489
-0.145371
-0.141492
-0.137282
-0.132762
-0.12795
-0.122865
-0.117523
-0.111943
-0.106139
-0.100126
-0.0939158
-0.0875208
-0.0809526
-0.0742221
-0.0673403
-0.060318
-0.0531655
-0.0458925
-0.0385072
-0.0310173
-0.0234294
-0.0157506
-0.00798802
-0.000148979
0.00775965
0.0157316
0.0237614
0.0318436
0.0399726
0.0481415
0.0563433
0.0645709
0.0728179
0.081078
0.0893448
0.0976106
0.105867
0.114104
0.12231
0.130474
0.138584
0.146624
0.154582
0.162441
0.170187
0.177802
0.185269
0.192567
0.199674
0.206564
0.213211
0.219591
0.225675
0.231437
0.236848
0.241877
0.246493
0.250666
0.254364
0.257557
0.260215
0.262309
0.263814
0.264703
0.264954
0.264545
0.263458
0.261679
0.259195
0.256001
0.252093
0.247473
0.242144
0.236113
0.229447
0.22221
0.213708
0.203367
-0.114349
-0.124306
-0.132446
-0.13933
-0.145638
-0.15132
-0.156322
-0.160648
-0.164307
-0.167306
-0.169658
-0.171378
-0.172484
-0.172997
-0.172938
-0.172329
-0.171194
-0.169556
-0.16744
-0.164871
-0.161872
-0.158468
-0.154682
-0.150536
-0.146052
-0.141252
-0.136155
-0.130781
-0.125149
-0.119276
-0.113179
-0.106872
-0.100368
-0.0936803
-0.0868197
-0.0797982
-0.0726269
-0.0653167
-0.0578777
-0.0503191
-0.0426494
-0.0348761
-0.0270062
-0.0190465
-0.0110038
-0.00288484
0.0053039
0.0135569
0.0218692
0.0302362
0.0386524
0.0471114
0.0556062
0.0641301
0.0726769
0.081241
0.0898166
0.0983965
0.106973
0.115535
0.124073
0.132576
0.141031
0.149424
0.157741
0.165967
0.174087
0.182082
0.189935
0.197623
0.205124
0.212412
0.21946
0.22624
0.232725
0.238884
0.244684
0.250095
0.255083
0.259613
0.263653
0.267167
0.270122
0.272488
0.274235
0.275332
0.275754
0.275475
0.274473
0.27273
0.270234
0.266975
0.262949
0.258155
0.252596
0.246277
0.23927
0.231639
0.222649
0.211691
-0.123801
-0.134308
-0.14288
-0.150109
-0.156717
-0.162649
-0.167851
-0.172328
-0.17609
-0.179149
-0.181518
-0.183215
-0.184261
-0.184679
-0.184493
-0.183729
-0.182412
-0.18057
-0.17823
-0.175418
-0.172162
-0.168488
-0.164422
-0.159987
-0.155207
-0.150106
-0.144704
-0.139022
-0.133081
-0.126898
-0.120489
-0.113872
-0.107059
-0.100064
-0.0928983
-0.0855733
-0.0781009
-0.0704919
-0.0627561
-0.0549025
-0.0469393
-0.0388742
-0.0307144
-0.0224666
-0.0141372
-0.00573196
0.00274326
0.0112835
0.0198844
0.0285417
0.0372503
0.0460045
0.0547977
0.0636237
0.072477
0.0813522
0.0902438
0.0991454
0.108049
0.116946
0.125826
0.134677
0.143489
0.152247
0.160938
0.169546
0.178055
0.186448
0.194705
0.202804
0.210721
0.218431
0.225905
0.233114
0.240027
0.246611
0.252833
0.258657
0.264049
0.268971
0.273385
0.277254
0.280541
0.283212
0.285233
0.286569
0.287189
0.287064
0.286169
0.284483
0.28199
0.278677
0.274538
0.269572
0.263777
0.257159
0.249793
0.241747
0.232239
0.220623
-0.133885
-0.144978
-0.154009
-0.161603
-0.168523
-0.174714
-0.18012
-0.184749
-0.188611
-0.191721
-0.194095
-0.195754
-0.196721
-0.197024
-0.19669
-0.195747
-0.194225
-0.192154
-0.189563
-0.186483
-0.182945
-0.178975
-0.174603
-0.169855
-0.164756
-0.159331
-0.153602
-0.147592
-0.141321
-0.134808
-0.128071
-0.121126
-0.113988
-0.106671
-0.0991861
-0.0915451
-0.0837595
-0.0758403
-0.0677973
-0.0596392
-0.0513739
-0.0430091
-0.0345518
-0.0260088
-0.0173857
-0.00868787
7.98792e-05
0.00891318
0.0178081
0.0267608
0.0357666
0.0448205
0.053917
0.0630505
0.072216
0.0814086
0.090623
0.0998532
0.109092
0.118331
0.127561
0.136771
0.145951
0.155087
0.164165
0.173169
0.182085
0.190893
0.199574
0.208105
0.216462
0.224618
0.232544
0.240209
0.24758
0.254621
0.261297
0.26757
0.273402
0.278751
0.283576
0.287838
0.291495
0.294508
0.296838
0.298446
0.299296
0.299356
0.298594
0.296987
0.294515
0.291162
0.286919
0.281781
0.275746
0.26882
0.261078
0.252594
0.242537
0.23022
-0.144655
-0.156373
-0.165889
-0.173867
-0.181114
-0.187574
-0.193188
-0.197965
-0.201921
-0.20507
-0.207434
-0.209037
-0.209906
-0.210071
-0.209563
-0.208415
-0.20666
-0.204331
-0.201462
-0.198085
-0.194235
-0.189943
-0.185238
-0.18015
-0.174707
-0.168933
-0.162854
-0.156492
-0.149869
-0.143007
-0.135922
-0.128632
-0.121153
-0.113497
-0.105679
-0.0977086
-0.0895976
-0.0813568
-0.072996
-0.064524
-0.0559483
-0.0472762
-0.0385143
-0.0296688
-0.0207453
-0.0117485
-0.0026825
0.00644897
0.0156426
0.024895
0.0342024
0.0435605
0.0529647
0.0624103
0.071893
0.0814082
0.0909511
0.100516
0.110096
0.119685
0.129274
0.138852
0.148411
0.157936
0.167414
0.17683
0.186168
0.195409
0.204533
0.213518
0.222338
0.230967
0.239373
0.247523
0.255383
0.262915
0.27008
0.276839
0.283149
0.288965
0.294243
0.298938
0.303007
0.306403
0.309081
0.311
0.312117
0.312393
0.311796
0.310295
0.307866
0.304489
0.300151
0.294846
0.28857
0.281326
0.273193
0.26425
0.25361
0.240546
-0.156169
-0.168551
-0.178583
-0.186965
-0.194554
-0.201291
-0.207115
-0.212037
-0.216076
-0.219252
-0.221588
-0.223113
-0.223859
-0.223859
-0.22315
-0.221766
-0.219746
-0.217128
-0.213947
-0.210243
-0.20605
-0.201404
-0.196338
-0.190881
-0.185064
-0.178915
-0.17246
-0.165722
-0.158725
-0.151492
-0.144039
-0.136386
-0.128547
-0.120537
-0.11237
-0.104057
-0.0956079
-0.0870342
-0.0783454
-0.06955
-0.0606556
-0.0516687
-0.0425953
-0.0334408
-0.0242104
-0.0149086
-0.00553899
0.00389515
0.0133913
0.0229471
0.0325599
0.0422261
0.0519421
0.0617038
0.0715076
0.0813495
0.0912254
0.10113
0.111058
0.121003
0.130958
0.140914
0.150861
0.160786
0.170678
0.18052
0.190295
0.199987
0.209574
0.219035
0.228343
0.23747
0.246384
0.25505
0.263432
0.27149
0.279183
0.286467
0.293296
0.299622
0.305398
0.310574
0.315099
0.318923
0.321995
0.324267
0.325692
0.326225
0.325827
0.324463
0.322102
0.318722
0.314303
0.308839
0.302321
0.294751
0.286213
0.276788
0.265531
0.251671
-0.168492
-0.181582
-0.192161
-0.200968
-0.208912
-0.215932
-0.221966
-0.227028
-0.231139
-0.234325
-0.236612
-0.238034
-0.238628
-0.238433
-0.237487
-0.235833
-0.233513
-0.230569
-0.227042
-0.222974
-0.218405
-0.213371
-0.20791
-0.202053
-0.195832
-0.189279
-0.18242
-0.175281
-0.167886
-0.160258
-0.152416
-0.14438
-0.136163
-0.127783
-0.119251
-0.11058
-0.101781
-0.0928632
-0.0838364
-0.0747086
-0.0654871
-0.0561779
-0.0467862
-0.0373167
-0.0277738
-0.0181617
-0.00848397
0.00125682
0.011059
0.0209214
0.0308425
0.0408201
0.050851
0.060932
0.0710599
0.0812316
0.0914438
0.101693
0.111974
0.122282
0.13261
0.142951
0.153295
0.163631
0.173947
0.184228
0.194457
0.204617
0.214688
0.224646
0.234467
0.244119
0.25357
0.262784
0.271723
0.280345
0.288605
0.296456
0.303849
0.310734
0.317057
0.322762
0.327794
0.332097
0.335613
0.338287
0.340067
0.340901
0.340744
0.339552
0.33729
0.33393
0.32945
0.323836
0.31708
0.309179
0.300221
0.29029
0.278381
0.263673
-0.181695
-0.195541
-0.206698
-0.215951
-0.224264
-0.231574
-0.237816
-0.243009
-0.247178
-0.250352
-0.252565
-0.253855
-0.254264
-0.253836
-0.252617
-0.250653
-0.247992
-0.244682
-0.240769
-0.236298
-0.231313
-0.225855
-0.219961
-0.213669
-0.207012
-0.200023
-0.192731
-0.185163
-0.177344
-0.169298
-0.161045
-0.152604
-0.143991
-0.135223
-0.126311
-0.117268
-0.108106
-0.0988326
-0.0894578
-0.0799889
-0.0704324
-0.0607935
-0.051077
-0.0412868
-0.0314268
-0.0215006
-0.0115111
-0.00146035
0.00865098
0.0188228
0.0290547
0.0393457
0.0496935
0.0600956
0.0705497
0.0810536
0.0916051
0.102202
0.11284
0.123515
0.134223
0.144956
0.155706
0.166462
0.177214
0.187946
0.198644
0.20929
0.219864
0.230342
0.240699
0.250903
0.260922
0.270717
0.280249
0.289473
0.298343
0.306807
0.314814
0.322308
0.329231
0.33552
0.341115
0.345952
0.349969
0.353101
0.35529
0.356476
0.356605
0.355627
0.353501
0.350192
0.345672
0.339924
0.332934
0.324698
0.315307
0.304848
0.292249
0.27664
-0.19586
-0.21051
-0.222281
-0.232001
-0.240695
-0.248299
-0.254745
-0.260057
-0.264266
-0.267405
-0.269513
-0.270636
-0.27082
-0.270117
-0.26858
-0.266261
-0.263214
-0.259493
-0.255149
-0.250232
-0.244788
-0.238862
-0.232497
-0.225732
-0.218602
-0.211144
-0.203387
-0.195361
-0.187091
-0.178601
-0.169913
-0.161046
-0.152018
-0.142844
-0.133536
-0.124108
-0.114569
-0.104929
-0.0951966
-0.0853781
-0.075479
-0.0655038
-0.0554565
-0.0453408
-0.0351599
-0.0249165
-0.0146129
-0.00424976
0.00617312
0.0166566
0.0272011
0.0378066
0.0484719
0.0591957
0.0699769
0.0808146
0.0917077
0.102655
0.113653
0.1247
0.135792
0.146923
0.158086
0.169271
0.180469
0.191665
0.202846
0.213995
0.225091
0.236111
0.247029
0.257813
0.26843
0.278841
0.289003
0.298871
0.308394
0.31752
0.326193
0.334351
0.341931
0.348864
0.355083
0.360518
0.365098
0.368751
0.371409
0.373004
0.373473
0.37276
0.370813
0.36759
0.363059
0.357196
0.349981
0.341409
0.331572
0.320561
0.307234
0.290665
-0.211073
-0.226582
-0.239001
-0.24921
-0.258298
-0.266198
-0.272842
-0.278258
-0.282483
-0.285556
-0.287523
-0.288437
-0.288352
-0.287327
-0.285421
-0.282697
-0.279213
-0.27503
-0.270204
-0.26479
-0.258839
-0.2524
-0.245519
-0.238239
-0.230599
-0.222635
-0.214381
-0.205865
-0.197114
-0.188154
-0.179007
-0.169692
-0.160229
-0.150631
-0.140912
-0.131083
-0.121155
-0.111138
-0.101038
-0.0908611
-0.0806124
-0.0702951
-0.0599122
-0.049467
-0.0389622
-0.0283995
-0.01778
-0.00710301
0.0036327
0.0144288
0.0252865
0.0362065
0.047189
0.0582343
0.0693426
0.0805146
0.0917504
0.103049
0.114411
0.125833
0.137313
0.148846
0.160428
0.17205
0.183703
0.195375
0.207053
0.218721
0.230357
0.241941
0.253444
0.264836
0.276082
0.287143
0.297975
0.308529
0.318754
0.328594
0.337988
0.346869
0.355167
0.36281
0.369722
0.375824
0.381036
0.38528
0.388476
0.390546
0.391418
0.391026
0.389309
0.386217
0.381708
0.375754
0.368328
0.35942
0.349126
0.33754
0.323445
0.305855
-0.227433
-0.243857
-0.256963
-0.267683
-0.277176
-0.285372
-0.292204
-0.297704
-0.301915
-0.304886
-0.306669
-0.307325
-0.306918
-0.305515
-0.303185
-0.299997
-0.296018
-0.291315
-0.28595
-0.279983
-0.273472
-0.26647
-0.259026
-0.251187
-0.242995
-0.234487
-0.225698
-0.216658
-0.207397
-0.197939
-0.188308
-0.178524
-0.168604
-0.158565
-0.148419
-0.138176
-0.127847
-0.11744
-0.106963
-0.0964206
-0.0858157
-0.0751512
-0.0644293
-0.053652
-0.0428211
-0.0319375
-0.0210008
-0.0100093
0.00103918
0.0121473
0.0233171
0.0345505
0.0458491
0.0572147
0.0686495
0.0801553
0.0917335
0.103385
0.11511
0.126909
0.138779
0.15072
0.162726
0.174791
0.186908
0.199067
0.211254
0.223455
0.235651
0.247818
0.259931
0.271958
0.283866
0.295613
0.307154
0.31844
0.329417
0.340025
0.350198
0.359864
0.368949
0.377372
0.385051
0.391896
0.397821
0.402734
0.406545
0.409166
0.410513
0.410508
0.409081
0.40617
0.401727
0.395711
0.388092
0.378854
0.368094
0.35591
0.341004
0.322329
-0.245047
-0.262448
-0.276282
-0.287536
-0.297443
-0.305933
-0.312937
-0.318495
-0.322658
-0.325481
-0.327029
-0.32737
-0.32658
-0.324736
-0.321916
-0.318198
-0.313658
-0.308369
-0.302401
-0.295821
-0.288691
-0.281071
-0.273013
-0.264567
-0.255777
-0.246683
-0.237321
-0.227722
-0.217918
-0.207934
-0.197794
-0.187517
-0.177122
-0.166623
-0.156033
-0.145363
-0.134621
-0.123816
-0.112953
-0.102036
-0.0910695
-0.0800535
-0.0689898
-0.0578788
-0.046721
-0.0355157
-0.0242615
-0.0129559
-0.00159584
0.0098221
0.0213015
0.0328457
0.0444581
0.0561423
0.0679018
0.0797396
0.0916587
0.103661
0.11575
0.127925
0.140188
0.152538
0.164972
0.177486
0.190075
0.202729
0.215437
0.228186
0.240957
0.253728
0.266474
0.279165
0.291765
0.304234
0.316527
0.328593
0.340373
0.351805
0.362819
0.373339
0.383283
0.392564
0.401091
0.408765
0.415488
0.421158
0.425672
0.42893
0.430834
0.431295
0.430228
0.42756
0.423231
0.417193
0.409405
0.399845
0.388613
0.375808
0.360047
0.340218
-0.264036
-0.282482
-0.297087
-0.308898
-0.319227
-0.328005
-0.335161
-0.340743
-0.344812
-0.347435
-0.348686
-0.348646
-0.347403
-0.345043
-0.341658
-0.337334
-0.332157
-0.326209
-0.319567
-0.312306
-0.304494
-0.296196
-0.287468
-0.278363
-0.268926
-0.259201
-0.249225
-0.239032
-0.228652
-0.218113
-0.207438
-0.196646
-0.185755
-0.174779
-0.163729
-0.152618
-0.141452
-0.130238
-0.118982
-0.107686
-0.0963518
-0.084981
-0.0735733
-0.0621278
-0.0506429
-0.0391165
-0.027546
-0.0159282
-0.00425935
0.00746519
0.0192505
0.031102
0.0430248
0.0550241
0.0671048
0.0792714
0.0915283
0.10388
0.116329
0.128881
0.141536
0.154296
0.167161
0.180127
0.193193
0.20635
0.21959
0.232899
0.24626
0.259654
0.273057
0.286438
0.299763
0.312992
0.326079
0.338972
0.351609
0.363925
0.375846
0.387292
0.398174
0.408397
0.41786
0.426457
0.434075
0.4406
0.445917
0.449909
0.452467
0.453482
0.452857
0.450506
0.446352
0.440338
0.432413
0.422545
0.410836
0.39739
0.380728
0.359669
-0.284533
-0.304099
-0.319522
-0.331912
-0.34267
-0.351724
-0.359005
-0.364571
-0.368493
-0.370851
-0.371732
-0.371232
-0.369451
-0.36649
-0.362452
-0.357436
-0.351537
-0.344848
-0.337454
-0.329438
-0.320874
-0.311832
-0.302373
-0.292551
-0.282417
-0.272014
-0.261382
-0.250557
-0.239568
-0.228444
-0.217208
-0.205877
-0.19447
-0.182998
-0.171475
-0.15991
-0.148309
-0.136679
-0.125023
-0.113342
-0.101638
-0.08991
-0.0781572
-0.0663768
-0.0545656
-0.04272
-0.0308363
-0.0189102
-0.00693679
0.00508997
0.0171769
0.0293312
0.0415596
0.0538689
0.0662655
0.0787556
0.0913457
0.104042
0.116849
0.129774
0.142819
0.155989
0.169284
0.182706
0.196252
0.209919
0.223698
0.237578
0.251544
0.265579
0.27966
0.293758
0.30784
0.321867
0.335791
0.349559
0.363109
0.376372
0.38927
0.401719
0.413623
0.424878
0.435376
0.444997
0.453617
0.461108
0.46734
0.47218
0.475499
0.477173
0.477087
0.475137
0.471232
0.4653
0.457277
0.447122
0.434937
0.420828
0.403216
0.380848
-0.306689
-0.327457
-0.343748
-0.356743
-0.367932
-0.377246
-0.384618
-0.390115
-0.393824
-0.395839
-0.396264
-0.395209
-0.392793
-0.389132
-0.384342
-0.378534
-0.371818
-0.364295
-0.356062
-0.347209
-0.337816
-0.327959
-0.317702
-0.307103
-0.296216
-0.285086
-0.273755
-0.262259
-0.250628
-0.238889
-0.227064
-0.215171
-0.203228
-0.191246
-0.179236
-0.167205
-0.155161
-0.143106
-0.131044
-0.118975
-0.106899
-0.0948138
-0.0827159
-0.0706015
-0.058466
-0.0463047
-0.0341124
-0.0218836
-0.00961137
0.00271195
0.0150949
0.0275462
0.0400739
0.0526865
0.065392
0.078199
0.0911158
0.104151
0.117311
0.130604
0.144036
0.157612
0.171337
0.185214
0.199243
0.213423
0.227746
0.242206
0.256791
0.271483
0.286263
0.301104
0.315974
0.330834
0.345639
0.360333
0.374853
0.389128
0.403078
0.416611
0.429626
0.442013
0.45365
0.464409
0.474151
0.482732
0.490004
0.495818
0.500023
0.502477
0.503043
0.501597
0.49803
0.492251
0.48418
0.473766
0.461109
0.446318
0.427706
0.40394
-0.330674
-0.352736
-0.369952
-0.383573
-0.395195
-0.404746
-0.412163
-0.417527
-0.420942
-0.42252
-0.422384
-0.420666
-0.417501
-0.413023
-0.407365
-0.400655
-0.393013
-0.384554
-0.375385
-0.365604
-0.355298
-0.344547
-0.333421
-0.321982
-0.310284
-0.298376
-0.286301
-0.274095
-0.261786
-0.249401
-0.236961
-0.224484
-0.211986
-0.199478
-0.186969
-0.174465
-0.161969
-0.149484
-0.137013
-0.124553
-0.112105
-0.0996624
-0.0872214
-0.074776
-0.0623203
-0.0498483
-0.0373535
-0.0248283
-0.0122641
0.000348814
0.0130205
0.0257609
0.0385799
0.0514874
0.0644937
0.0776095
0.0908453
0.104211
0.117717
0.131371
0.145184
0.159162
0.173314
0.187644
0.202156
0.216849
0.231722
0.246769
0.261981
0.277346
0.292844
0.308451
0.32414
0.33987
0.355598
0.371268
0.386817
0.402173
0.41725
0.431954
0.446177
0.459801
0.472693
0.484713
0.495708
0.505517
0.513973
0.520905
0.526141
0.529514
0.530864
0.530043
0.526919
0.521378
0.513325
0.502689
0.489571
0.474081
0.454414
0.429154
-0.356681
-0.380141
-0.398343
-0.412615
-0.424663
-0.434419
-0.441822
-0.446973
-0.449995
-0.451024
-0.450205
-0.447693
-0.443646
-0.438218
-0.431561
-0.42382
-0.41513
-0.405621
-0.395408
-0.384599
-0.373287
-0.361559
-0.349488
-0.33714
-0.324573
-0.311835
-0.298969
-0.286011
-0.272989
-0.259928
-0.246848
-0.233767
-0.220698
-0.20765
-0.194631
-0.181644
-0.168691
-0.155774
-0.142891
-0.130042
-0.117221
-0.104424
-0.0916437
-0.0788724
-0.0661029
-0.0533274
-0.0405375
-0.0277235
-0.014875
-0.0019808
0.0109705
0.0239903
0.0370905
0.0502831
0.0635807
0.0769958
0.0905409
0.104228
0.11807
0.132078
0.146264
0.160638
0.175211
0.189989
0.20498
0.220186
0.23561
0.251249
0.267098
0.283146
0.299379
0.315776
0.33231
0.348946
0.365639
0.382336
0.398974
0.415479
0.431764
0.447729
0.463263
0.478236
0.492509
0.505926
0.51832
0.529511
0.53931
0.547524
0.553956
0.558411
0.5607
0.560647
0.558092
0.552896
0.544937
0.53413
0.52057
0.504365
0.483584
0.456723
-0.384929
-0.409907
-0.429161
-0.444106
-0.45657
-0.466485
-0.473801
-0.478638
-0.481148
-0.481492
-0.479844
-0.476386
-0.4713
-0.464768
-0.456961
-0.448043
-0.438169
-0.42748
-0.416105
-0.404158
-0.391741
-0.378946
-0.36585
-0.352524
-0.339024
-0.325402
-0.311698
-0.297947
-0.284177
-0.270411
-0.256668
-0.242964
-0.229309
-0.21571
-0.202172
-0.188696
-0.175283
-0.161932
-0.14864
-0.135402
-0.122213
-0.109066
-0.0959518
-0.0828619
-0.069787
-0.0567169
-0.0436408
-0.0305471
-0.0174238
-0.00425852
0.00896148
0.0222495
0.0356196
0.0490862
0.0626638
0.0763669
0.0902099
0.104208
0.118375
0.132726
0.147276
0.162037
0.177022
0.192242
0.207706
0.223422
0.239396
0.25563
0.27212
0.288862
0.305845
0.323051
0.340456
0.358029
0.375728
0.393503
0.41129
0.429014
0.446589
0.463911
0.480863
0.497308
0.513096
0.528058
0.54201
0.554754
0.566078
0.575761
0.583579
0.589303
0.592713
0.593597
0.591762
0.587038
0.579274
0.568359
0.554384
0.537453
0.515496
0.486913
-0.415669
-0.442301
-0.462683
-0.478321
-0.491178
-0.501194
-0.508328
-0.512729
-0.514581
-0.514077
-0.511425
-0.50684
-0.500535
-0.492718
-0.483588
-0.47333
-0.462118
-0.450106
-0.437436
-0.424233
-0.410604
-0.396647
-0.382444
-0.368065
-0.353569
-0.339007
-0.324417
-0.309834
-0.295282
-0.280785
-0.266358
-0.252014
-0.23776
-0.223601
-0.209538
-0.19557
-0.181697
-0.167913
-0.154215
-0.140594
-0.127043
-0.113553
-0.100114
-0.0867148
-0.0733443
-0.0599898
-0.0466381
-0.0332758
-0.0198896
-0.00646572
0.00701037
0.0205542
0.0341819
0.0479098
0.0617544
0.0757322
0.08986
0.104155
0.118635
0.133318
0.14822
0.163357
0.178744
0.194395
0.210325
0.226546
0.243067
0.259894
0.277029
0.294471
0.312214
0.330245
0.348545
0.367086
0.38583
0.404729
0.423724
0.44274
0.461689
0.480466
0.498948
0.516994
0.534442
0.551111
0.566798
0.581286
0.594336
0.605702
0.615122
0.622335
0.627078
0.6291
0.628167
0.62407
0.616623
0.605684
0.591332
0.573667
0.550467
0.520028
-0.44919
-0.477632
-0.499226
-0.515573
-0.528791
-0.538829
-0.545663
-0.549475
-0.55049
-0.548942
-0.545078
-0.539153
-0.531415
-0.522107
-0.511456
-0.499672
-0.486949
-0.473457
-0.459349
-0.44476
-0.429806
-0.414588
-0.399189
-0.383681
-0.368125
-0.352566
-0.337045
-0.321591
-0.306229
-0.290977
-0.275847
-0.260849
-0.245987
-0.231261
-0.216671
-0.202212
-0.187881
-0.17367
-0.159571
-0.145575
-0.131671
-0.117849
-0.104096
-0.0903991
-0.0767447
-0.0631175
-0.0495025
-0.0358851
-0.0222502
-0.00858231
0.00513556
0.0189211
0.0327923
0.0467673
0.0608642
0.0751019
0.0894998
0.104078
0.118858
0.133858
0.149097
0.164595
0.180371
0.196443
0.212829
0.229546
0.246607
0.264023
0.281802
0.299947
0.318458
0.337327
0.35654
0.376075
0.3959
0.415971
0.436231
0.456609
0.477017
0.49735
0.517481
0.537264
0.556527
0.575076
0.592692
0.609135
0.624141
0.63743
0.648703
0.657656
0.663982
0.66738
0.667568
0.664289
0.657311
0.646453
0.63178
0.61338
0.588862
0.556412
-0.485824
-0.516261
-0.539158
-0.556229
-0.56976
-0.579717
-0.586098
-0.589133
-0.589092
-0.58626
-0.580934
-0.573416
-0.563998
-0.552961
-0.540564
-0.527045
-0.512618
-0.497471
-0.48177
-0.465658
-0.449258
-0.432673
-0.415989
-0.399277
-0.382594
-0.365987
-0.34949
-0.333132
-0.316932
-0.300904
-0.285057
-0.269395
-0.253918
-0.238624
-0.223508
-0.208562
-0.193779
-0.179148
-0.164659
-0.150298
-0.136054
-0.121913
-0.10786
-0.0938799
-0.0799555
-0.0660701
-0.0522072
-0.0383504
-0.0244829
-0.0105869
0.00335696
0.0173683
0.0314669
0.0456723
0.0600049
0.0744861
0.0891383
0.103984
0.119046
0.134345
0.149906
0.165749
0.181899
0.198378
0.215208
0.232409
0.25
0.267997
0.286415
0.305262
0.324544
0.344259
0.364401
0.384953
0.405891
0.427176
0.448756
0.470565
0.492517
0.514508
0.53641
0.558072
0.579315
0.599933
0.61969
0.638323
0.65554
0.671024
0.684436
0.695424
0.703626
0.708685
0.710257
0.708028
0.701708
0.691069
0.676147
0.657019
0.631103
0.596463
-0.525961
-0.558607
-0.582914
-0.600714
-0.61449
-0.62423
-0.629967
-0.631985
-0.630618
-0.626212
-0.619127
-0.609718
-0.598332
-0.58529
-0.570891
-0.555401
-0.539058
-0.522066
-0.504604
-0.486822
-0.468849
-0.45079
-0.43273
-0.414738
-0.396867
-0.37916
-0.361649
-0.344356
-0.327297
-0.310478
-0.293904
-0.277572
-0.261479
-0.245619
-0.229982
-0.214558
-0.199334
-0.184296
-0.169429
-0.154718
-0.140149
-0.125705
-0.111369
-0.0971212
-0.0829436
-0.0688176
-0.0547249
-0.040647
-0.0265648
-0.012458
0.00169427
0.0159135
0.0302209
0.0446382
0.0591884
0.0738953
0.0887833
0.103877
0.119202
0.134783
0.150645
0.166817
0.183323
0.200192
0.217448
0.235118
0.253225
0.271793
0.290841
0.310385
0.330435
0.351
0.372081
0.393669
0.415746
0.438283
0.461234
0.484539
0.508119
0.53187
0.555668
0.579358
0.602755
0.625644
0.647773
0.668855
0.688568
0.706557
0.722438
0.735802
0.746226
0.753283
0.756559
0.755664
0.75024
0.739992
0.724924
0.705085
0.67768
0.640642
-0.57006
-0.605171
-0.631006
-0.649531
-0.663455
-0.6728
-0.677644
-0.678347
-0.67532
-0.668989
-0.659786
-0.648136
-0.634445
-0.619085
-0.602394
-0.58467
-0.566175
-0.547131
-0.527728
-0.508123
-0.488447
-0.468805
-0.449278
-0.429932
-0.410816
-0.391965
-0.373406
-0.355154
-0.337219
-0.319599
-0.302293
-0.285293
-0.26859
-0.252172
-0.236026
-0.220136
-0.204485
-0.189055
-0.173829
-0.158788
-0.143913
-0.129185
-0.114583
-0.100087
-0.0856765
-0.0713304
-0.0570284
-0.0427496
-0.0284725
-0.0141748
0.000166061
0.0145729
0.029069
0.0436784
0.0584263
0.0733386
0.0884416
0.103762
0.119329
0.135169
0.151314
0.167793
0.184635
0.201872
0.219536
0.237656
0.256263
0.275386
0.29505
0.315278
0.336091
0.357504
0.379528
0.402163
0.425401
0.449221
0.473589
0.498452
0.523738
0.549352
0.57517
0.601041
0.626776
0.652151
0.676901
0.700716
0.723243
0.744088
0.762814
0.778951
0.792004
0.801465
0.806832
0.807624
0.803392
0.79376
0.778679
0.758164
0.729172
0.68949
-0.618666
-0.65655
-0.684046
-0.703274
-0.717209
-0.725922
-0.729556
-0.728567
-0.723467
-0.714782
-0.703034
-0.68873
-0.672343
-0.654304
-0.634993
-0.614744
-0.593841
-0.572523
-0.55099
-0.529403
-0.507892
-0.486558
-0.465479
-0.444711
-0.424298
-0.404266
-0.384633
-0.365406
-0.346585
-0.328162
-0.310127
-0.292467
-0.275165
-0.258205
-0.241567
-0.225229
-0.209171
-0.193372
-0.177808
-0.162458
-0.147299
-0.13231
-0.117465
-0.102744
-0.0881233
-0.0735799
-0.059091
-0.0446333
-0.0301831
-0.0157167
-0.00120985
0.0133623
0.0280252
0.042805
0.0577286
0.0728235
0.0881183
0.103643
0.119427
0.135505
0.151908
0.16867
0.185825
0.203408
0.221455
0.240003
0.259089
0.278745
0.299006
0.319903
0.341466
0.363719
0.386682
0.410369
0.434781
0.45991
0.485733
0.512208
0.539275
0.566848
0.594811
0.623018
0.65128
0.679369
0.707007
0.733865
0.75956
0.783655
0.805658
0.82503
0.841194
0.853545
0.861474
0.864388
0.861723
0.852997
0.838085
0.81695
0.786262
0.743644
-0.672436
-0.713463
-0.74277
-0.762655
-0.776407
-0.784172
-0.786186
-0.783029
-0.775346
-0.763784
-0.748979
-0.731533
-0.711999
-0.690868
-0.668572
-0.645476
-0.621889
-0.598062
-0.574203
-0.550472
-0.526996
-0.503867
-0.481156
-0.458907
-0.437154
-0.415913
-0.395189
-0.374979
-0.355273
-0.336054
-0.317303
-0.298999
-0.281119
-0.263639
-0.246532
-0.229772
-0.213333
-0.197189
-0.181314
-0.165681
-0.150265
-0.13504
-0.119979
-0.105059
-0.0902543
-0.0755389
-0.0608877
-0.0462751
-0.0316763
-0.0170657
-0.00241712
0.0122964
0.0271024
0.0420285
0.0571032
0.0723557
0.0878171
0.10352
0.119499
0.135788
0.152424
0.169442
0.186882
0.204784
0.223188
0.242138
0.261674
0.281838
0.302672
0.324215
0.346508
0.369585
0.393478
0.418211
0.443802
0.470255
0.497561
0.525695
0.554609
0.584232
0.614461
0.645158
0.67614
0.707179
0.737991
0.768228
0.79748
0.825268
0.851041
0.874186
0.894029
0.909854
0.920922
0.926501
0.925879
0.918432
0.903935
0.882271
0.849769
0.803865
-0.73217
-0.776791
-0.808075
-0.828527
-0.841827
-0.848222
-0.84808
-0.842152
-0.83125
-0.816176
-0.797701
-0.77654
-0.753335
-0.728649
-0.70296
-0.676669
-0.650103
-0.623525
-0.59714
-0.571107
-0.545541
-0.520523
-0.49611
-0.472333
-0.44921
-0.426742
-0.404923
-0.383735
-0.363156
-0.343159
-0.323715
-0.304794
-0.286364
-0.268393
-0.250848
-0.233698
-0.21691
-0.200454
-0.184299
-0.168414
-0.152771
-0.13734
-0.122093
-0.107004
-0.092043
-0.0771831
-0.0623965
-0.0476561
-0.0329354
-0.018207
-0.00344253
0.0113868
0.02631
0.0413561
0.0565551
0.0719386
0.0875401
0.103395
0.11954
0.136013
0.152852
0.170098
0.187794
0.205984
0.224715
0.244034
0.263989
0.284629
0.306005
0.328166
0.351162
0.375039
0.39984
0.425607
0.45237
0.48015
0.508956
0.538782
0.569599
0.601354
0.63396
0.667296
0.701191
0.735423
0.769706
0.803683
0.83692
0.868895
0.899001
0.92654
0.950735
0.970738
0.985654
0.994575
0.996602
0.990926
0.977178
0.955125
0.920681
0.871067
-0.798854
-0.84762
-0.881062
-0.901931
-0.914392
-0.918851
-0.915859
-0.906391
-0.891478
-0.872115
-0.849236
-0.823689
-0.796216
-0.767452
-0.737925
-0.708065
-0.678214
-0.648636
-0.619531
-0.591044
-0.563275
-0.536289
-0.51012
-0.484783
-0.460275
-0.43658
-0.413675
-0.391527
-0.370102
-0.349358
-0.329256
-0.309755
-0.290813
-0.27239
-0.254446
-0.236944
-0.219845
-0.203115
-0.186717
-0.170616
-0.154781
-0.139179
-0.123779
-0.108552
-0.0934663
-0.078492
-0.0635997
-0.0487609
-0.0339471
-0.019129
-0.00427634
0.0106411
0.0256535
0.0407914
0.0560867
0.0715733
0.0872871
0.103266
0.119547
0.136173
0.153185
0.170626
0.188545
0.206989
0.226011
0.245662
0.266
0.28708
0.308961
0.331703
0.355365
0.380007
0.405688
0.432461
0.460376
0.489474
0.519783
0.551321
0.58408
0.618033
0.653116
0.68923
0.726225
0.763893
0.801955
0.840054
0.877736
0.914448
0.949523
0.982179
1.01152
1.03655
1.05618
1.0693
1.07476
1.0715
1.05896
1.03673
1.00021
0.946368
-0.873721
-0.927313
-0.963098
-0.984138
-0.995214
-0.996967
-0.990211
-0.976222
-0.956311
-0.931712
-0.903557
-0.872843
-0.840422
-0.807002
-0.773156
-0.739336
-0.705887
-0.673066
-0.641056
-0.60998
-0.579914
-0.550898
-0.52294
-0.496031
-0.470143
-0.44524
-0.421278
-0.398207
-0.375975
-0.35453
-0.333818
-0.313784
-0.294379
-0.275552
-0.257258
-0.23945
-0.222087
-0.205126
-0.188527
-0.172252
-0.156264
-0.140529
-0.125014
-0.109683
-0.0945061
-0.0794498
-0.0644839
-0.0495779
-0.0347015
-0.0198235
-0.00491244
0.0100633
0.0251352
0.0403356
0.0556982
0.0712588
0.087055
0.103126
0.119513
0.136259
0.153409
0.171012
0.189117
0.207777
0.22705
0.246994
0.267671
0.289147
0.311489
0.334766
0.35905
0.384413
0.410929
0.43867
0.467703
0.498091
0.52989
0.563138
0.597861
0.634057
0.671698
0.710712
0.75098
0.792319
0.834472
0.877089
0.919711
0.961763
1.00252
1.04112
1.07655
1.10762
1.13305
1.15144
1.16133
1.16136
1.15066
1.12857
1.08986
1.03115
-0.958333
-1.0176
-1.0559
-1.07671
-1.08562
-1.08362
-1.0719
-1.05213
-1.02599
-0.995007
-0.960542
-0.923761
-0.885629
-0.846923
-0.808249
-0.770067
-0.732712
-0.696419
-0.66134
-0.627565
-0.595136
-0.564057
-0.534304
-0.505837
-0.4786
-0.45253
-0.427561
-0.403622
-0.380644
-0.358557
-0.337294
-0.316789
-0.29698
-0.277809
-0.259221
-0.241163
-0.223587
-0.206446
-0.189694
-0.17329
-0.157194
-0.141369
-0.125776
-0.110381
-0.0951485
-0.0800458
-0.0650403
-0.0501002
-0.0351933
-0.0202872
-0.00534908
0.00965378
0.0247544
0.0399868
0.0553864
0.0709902
0.0868372
0.102968
0.119427
0.136259
0.153512
0.171238
0.189489
0.208324
0.227804
0.247994
0.268963
0.290785
0.313535
0.337293
0.362143
0.388171
0.415466
0.444118
0.474218
0.505852
0.539102
0.574039
0.61072
0.649181
0.689432
0.731443
0.775135
0.820365
0.866911
0.914447
0.962531
1.01057
1.05781
1.10331
1.14591
1.18426
1.21681
1.24183
1.25748
1.26195
1.25398
1.23253
1.19151
1.12714
-1.05471
-1.1207
-1.16166
-1.18161
-1.18722
-1.18003
-1.16174
-1.13458
-1.10068
-1.06192
-1.01994
-0.976063
-0.931379
-0.886713
-0.842687
-0.799747
-0.758198
-0.718231
-0.679954
-0.643408
-0.608585
-0.575447
-0.543928
-0.51395
-0.485423
-0.458255
-0.432352
-0.407622
-0.383975
-0.361324
-0.339586
-0.318683
-0.298542
-0.279095
-0.260279
-0.242034
-0.224306
-0.207041
-0.19019
-0.173708
-0.157552
-0.14168
-0.126053
-0.110634
-0.0953858
-0.0802743
-0.0652655
-0.050326
-0.0354225
-0.0205215
-0.00558915
0.00940869
0.0245066
0.0397397
0.0551445
0.070759
0.0866235
0.102781
0.119276
0.136157
0.153475
0.171283
0.189638
0.208602
0.228241
0.248626
0.269834
0.291943
0.315041
0.339216
0.364564
0.391186
0.419189
0.448681
0.479777
0.512589
0.547229
0.583803
0.622406
0.66312
0.706
0.751068
0.7983
0.847611
0.898829
0.95168
1.00575
1.06048
1.11507
1.16854
1.2196
1.2667
1.308
1.34138
1.36452
1.375
1.37101
1.35094
1.30757
1.23655
-1.16548
-1.23953
-1.28319
-1.30125
-1.30193
-1.28755
-1.26058
-1.22396
-1.1804
-1.13221
-1.0813
-1.02918
-0.977038
-0.925715
-0.875819
-0.827753
-0.781761
-0.737968
-0.696413
-0.657071
-0.619875
-0.584728
-0.551514
-0.52011
-0.490387
-0.462219
-0.435483
-0.410062
-0.385845
-0.362725
-0.340604
-0.319391
-0.299001
-0.279357
-0.260388
-0.242026
-0.224211
-0.206884
-0.189994
-0.173489
-0.157324
-0.141455
-0.125839
-0.110439
-0.0952163
-0.0801354
-0.0651609
-0.0502583
-0.0353935
-0.0205321
-0.00563914
0.0093209
0.0243836
0.0395848
0.0549616
0.070553
0.0864003
0.102548
0.119043
0.135935
0.153276
0.171123
0.189536
0.20858
0.228325
0.24885
0.270235
0.292568
0.315943
0.34046
0.366228
0.393361
0.421983
0.452225
0.484224
0.51812
0.55406
0.592186
0.632639
0.675549
0.72103
0.769168
0.820009
0.873542
0.929673
0.988203
1.04879
1.1109
1.17379
1.23642
1.29741
1.35502
1.40708
1.45103
1.48392
1.50257
1.50435
1.48683
1.44118
1.36225
-1.29422
-1.37799
-1.42417
-1.43871
-1.43205
-1.40772
-1.36925
-1.32053
-1.26497
-1.20536
-1.14392
-1.08232
-1.02176
-0.963088
-0.906843
-0.853338
-0.802722
-0.75502
-0.710177
-0.668084
-0.628594
-0.591542
-0.556754
-0.524053
-0.493267
-0.464232
-0.436793
-0.410807
-0.386138
-0.362662
-0.340266
-0.318844
-0.298302
-0.27855
-0.259511
-0.24111
-0.22328
-0.20596
-0.189092
-0.172623
-0.156504
-0.140688
-0.125133
-0.109797
-0.0946435
-0.079634
-0.0647327
-0.0499046
-0.0351149
-0.0203283
-0.0055087
0.00938012
0.0243741
0.0395095
0.0548237
0.0703568
0.0861511
0.102252
0.118708
0.13557
0.152892
0.170731
0.189152
0.208223
0.228019
0.248621
0.270117
0.2926
0.316174
0.340948
0.367043
0.394589
0.423726
0.454605
0.48739
0.522249
0.559363
0.598918
0.641103
0.686104
0.734103
0.785261
0.839713
0.897541
0.958758
1.02327
1.09085
1.16106
1.23322
1.3063
1.3789
1.44908
1.51437
1.57169
1.61732
1.64709
1.65724
1.64407
1.59647
1.50808
-1.44579
-1.54137
-1.58943
-1.59783
-1.58029
-1.54214
-1.48842
-1.42423
-1.35383
-1.28052
-1.20677
-1.13435
-1.06444
-0.99778
-0.934786
-0.875627
-0.820303
-0.768707
-0.720659
-0.675941
-0.634313
-0.595527
-0.559342
-0.525523
-0.493848
-0.464115
-0.436134
-0.409734
-0.384756
-0.361058
-0.33851
-0.316994
-0.296404
-0.276644
-0.257625
-0.239269
-0.221502
-0.20426
-0.187481
-0.17111
-0.155093
-0.139385
-0.12394
-0.108717
-0.0936763
-0.0787804
-0.0639925
-0.0492773
-0.0345994
-0.0199229
-0.00521113
0.00957218
0.0244629
0.0394974
0.0547137
0.0701523
0.0858564
0.101872
0.118249
0.135037
0.152294
0.170077
0.188454
0.207496
0.22728
0.247892
0.269425
0.291979
0.315664
0.340599
0.366917
0.394761
0.424289
0.455673
0.489098
0.524767
0.562895
0.603711
0.647457
0.694385
0.744748
0.798799
0.856775
0.918878
0.985258
1.05597
1.13094
1.20989
1.29228
1.37719
1.46324
1.54839
1.62989
1.70411
1.76644
1.81142
1.83374
1.82778
1.77905
1.67924
-1.62714
-1.73704
-1.78545
-1.78345
-1.74973
-1.69238
-1.61846
-1.53457
-1.44592
-1.3563
-1.26834
-1.18378
-1.10365
-1.02849
-0.958495
-0.89361
-0.833638
-0.778291
-0.727236
-0.680121
-0.636597
-0.596324
-0.558982
-0.524276
-0.491933
-0.461708
-0.433377
-0.406741
-0.381619
-0.35785
-0.335289
-0.313806
-0.293286
-0.273622
-0.254721
-0.236498
-0.218877
-0.201788
-0.185168
-0.168957
-0.153103
-0.137558
-0.122275
-0.107212
-0.0923304
-0.0775907
-0.0629567
-0.048393
-0.0338637
-0.0193328
-0.00476384
0.00987891
0.0246311
0.0395292
0.0546114
0.0699186
0.0854944
0.101385
0.11764
0.13431
0.151453
0.16913
0.187407
0.206359
0.226066
0.246616
0.268106
0.290642
0.31434
0.33933
0.365753
0.393766
0.423542
0.455272
0.489167
0.525458
0.564397
0.606259
0.651339
0.699958
0.752451
0.809172
0.870476
0.93671
1.00819
1.08517
1.16778
1.256
1.34951
1.44761
1.54908
1.65192
1.75318
1.84873
1.93296
1.99883
2.0389
2.04472
1.99666
1.88307
-1.84848
-1.97552
-2.02093
-2.00155
-1.94377
-1.8597
-1.75906
-1.65026
-1.53941
-1.43065
-1.32656
-1.22865
-1.13762
-1.05367
-0.976629
-0.906155
-0.841778
-0.782988
-0.729263
-0.680099
-0.635021
-0.593588
-0.5554
-0.520095
-0.487351
-0.456878
-0.428421
-0.401753
-0.376671
-0.352999
-0.330578
-0.309266
-0.28894
-0.269485
-0.250805
-0.232809
-0.215418
-0.19856
-0.182169
-0.166185
-0.150555
-0.135228
-0.120159
-0.105305
-0.0906272
-0.0760864
-0.0616467
-0.0472724
-0.0329282
-0.0185786
-0.00418788
0.010279
0.0248572
0.039583
0.0544948
0.0696333
0.0850418
0.100766
0.116855
0.133361
0.150341
0.167857
0.185976
0.204774
0.224333
0.244743
0.266104
0.288526
0.312134
0.337061
0.363458
0.391494
0.421356
0.453252
0.487416
0.524107
0.563612
0.606249
0.652373
0.70237
0.756666
0.815719
0.880021
0.950083
1.02642
1.10953
1.19983
1.29762
1.40294
1.51549
1.63436
1.75783
1.88297
2.00529
2.11821
2.21285
2.27897
2.30394
2.26025
2.13032
-2.1255
-2.2721
-2.30761
-2.25936
-2.16572
-2.04452
-1.9088
-1.7688
-1.63137
-1.50057
-1.37862
-1.26645
-1.16419
-1.07148
-0.987678
-0.912026
-0.843726
-0.781996
-0.726103
-0.67537
-0.629187
-0.58701
-0.548356
-0.512799
-0.479966
-0.449527
-0.421196
-0.394722
-0.369885
-0.346492
-0.324374
-0.30338
-0.283378
-0.264252
-0.245898
-0.228225
-0.211152
-0.194603
-0.178513
-0.162822
-0.147475
-0.132423
-0.11762
-0.103023
-0.0885933
-0.0742935
-0.0600874
-0.0459402
-0.0318174
-0.0176845
-0.00350731
0.0107483
0.0251172
0.0396353
0.0543404
0.0692724
0.0844735
0.0999891
0.115868
0.132161
0.148926
0.166225
0.184126
0.202703
0.222039
0.242226
0.263367
0.285575
0.308977
0.333714
0.359943
0.387841
0.417607
0.449466
0.48367
0.520502
0.560284
0.603375
0.650182
0.701162
0.756827
0.817748
0.884559
0.957955
1.03868
1.12751
1.22523
1.33256
1.45005
1.57798
1.71607
1.86314
2.01673
2.17235
2.3227
2.45693
2.5614
2.61759
2.58572
2.43739
-2.48357
-2.64954
-2.66113
-2.56508
-2.41807
-2.24558
-2.06429
-1.88594
-1.71737
-1.56195
-1.42089
-1.29412
-1.18083
-1.07988
-0.990002
-0.90993
-0.838469
-0.774534
-0.717155
-0.665477
-0.618753
-0.576337
-0.537667
-0.502258
-0.469689
-0.439598
-0.411671
-0.385638
-0.361263
-0.338343
-0.316699
-0.296175
-0.276634
-0.257957
-0.240039
-0.222786
-0.206117
-0.189957
-0.17424
-0.158907
-0.143903
-0.129179
-0.114691
-0.100398
-0.0862604
-0.0722422
-0.0583081
-0.0444244
-0.0305586
-0.0166777
-0.00274897
0.0112611
0.0253864
0.0396618
0.0541238
0.0688111
0.0837651
0.0990295
0.114652
0.130684
0.147182
0.164206
0.181824
0.20011
0.219146
0.239025
0.259849
0.281736
0.304812
0.329222
0.355128
0.382714
0.412186
0.443782
0.477769
0.514452
0.554179
0.597346
0.644409
0.695888
0.752378
0.814561
0.883216
0.959225
1.04358
1.13739
1.24184
1.35819
1.48767
1.63137
1.78996
1.96336
2.1501
2.34647
2.54512
2.73367
2.89469
3.0018
2.99658
2.83069
-2.96623
-3.1423
-3.10173
-2.92679
-2.70082
-2.45837
-2.21906
-1.99478
-1.79103
-1.60925
-1.4488
-1.30797
-1.18464
-1.07663
-0.981898
-0.89858
-0.825046
-0.759887
-0.701895
-0.650041
-0.603453
-0.561387
-0.523215
-0.4884
-0.456486
-0.427083
-0.399858
-0.374526
-0.350842
-0.328595
-0.307602
-0.287703
-0.268761
-0.250655
-0.233281
-0.216545
-0.200366
-0.184672
-0.169397
-0.154485
-0.139881
-0.125538
-0.111414
-0.0974689
-0.0836647
-0.0699666
-0.0563411
-0.0427567
-0.0291826
-0.0155878
-0.00194066
0.0117908
0.0256388
0.0396371
0.0538205
0.0682259
0.0828923
0.0978627
0.113184
0.128905
0.145082
0.161772
0.179043
0.196965
0.215621
0.235103
0.255513
0.276965
0.299588
0.323528
0.348948
0.376035
0.405001
0.43609
0.46958
0.505791
0.545092
0.587908
0.634734
0.686142
0.742802
0.805495
0.875136
0.95279
1.0397
1.13731
1.24728
1.37148
1.51197
1.6709
1.85034
2.05187
2.276
2.52096
2.78083
3.04304
3.28711
3.47732
3.5283
3.35537
-3.65233
-3.80265
-3.65313
-3.34893
-3.00789
-2.67226
-2.36155
-2.08472
-1.84337
-1.63528
-1.45676
-1.30377
-1.17246
-1.05941
-0.961672
-0.876753
-0.802582
-0.737438
-0.679897
-0.628779
-0.583102
-0.542052
-0.504946
-0.471213
-0.440371
-0.412016
-0.385804
-0.361443
-0.338684
-0.317314
-0.297149
-0.278032
-0.259825
-0.242412
-0.225687
-0.209562
-0.193958
-0.178805
-0.16404
-0.149607
-0.135458
-0.121546
-0.107831
-0.0942759
-0.0808439
-0.0675026
-0.0542212
-0.0409701
-0.0277208
-0.0144443
-0.00111081
0.0123099
0.0258488
0.0395368
0.0534063
0.0674922
0.0818321
0.0964667
0.111441
0.126802
0.142603
0.1589
0.175756
0.193243
0.211438
0.230432
0.250324
0.271226
0.293266
0.316586
0.341349
0.367742
0.395977
0.426299
0.458992
0.494384
0.532853
0.574845
0.62088
0.671569
0.727636
0.789943
0.859516
0.937585
1.02562
1.1254
1.23904
1.36907
1.51849
1.69076
1.88973
2.11942
2.38346
2.68389
3.01881
3.37871
3.74313
4.06838
4.23438
4.09282
-4.68517
-4.70624
-4.33786
-3.82617
-3.32202
-2.86718
-2.47338
-2.14067
-1.86275
-1.63138
-1.43851
-1.27707
-1.14118
-1.02606
-0.927843
-0.843452
-0.770421
-0.706772
-0.650914
-0.601556
-0.55765
-0.518334
-0.4829
-0.45076
-0.421426
-0.394489
-0.369606
-0.346487
-0.324886
-0.304594
-0.285433
-0.26725
-0.249912
-0.233306
-0.217335
-0.201911
-0.186961
-0.172419
-0.158226
-0.14433
-0.130686
-0.117251
-0.103988
-0.0908615
-0.0778383
-0.0648885
-0.0519838
-0.0390978
-0.0262044
-0.0132768
-0.000286704
0.0127936
0.0259921
0.0393372
0.0528591
0.0665897
0.0805644
0.0948221
0.109405
0.124357
0.139728
0.155572
0.171949
0.188927
0.20658
0.224993
0.244264
0.2645
0.285823
0.308371
0.332303
0.3578
0.385071
0.414358
0.445942
0.480147
0.517356
0.558018
0.602662
0.651918
0.706541
0.76744
0.835718
0.912723
1.0001
1.09991
1.21467
1.34755
1.50248
1.68435
1.89912
2.15393
2.45691
2.81633
3.2384
3.72284
4.25716
4.79778
5.19166
5.18978
-6.32331
-5.95257
-5.16826
-4.33839
-3.61288
-3.01369
-2.53077
-2.14513
-1.83705
-1.58949
-1.38886
-1.22468
-1.08893
-0.975568
-0.879964
-0.798581
-0.728683
-0.668137
-0.615266
-0.568733
-0.527467
-0.490603
-0.457435
-0.427384
-0.399973
-0.374804
-0.351545
-0.329919
-0.30969
-0.290661
-0.272661
-0.255548
-0.239197
-0.223502
-0.208372
-0.193728
-0.1795
-0.165629
-0.152061
-0.13875
-0.125654
-0.112735
-0.0999584
-0.0872926
-0.0747081
-0.0621781
-0.0496778
-0.0371836
-0.0246718
-0.0121178
0.000503614
0.0132176
0.0260491
0.0390235
0.0521678
0.0655119
0.0790881
0.0929321
0.107083
0.121582
0.136475
0.151813
0.167651
0.184052
0.201087
0.218837
0.23739
0.256849
0.27733
0.298962
0.321897
0.346308
0.372395
0.400388
0.430559
0.463223
0.49875
0.537579
0.580231
0.62733
0.67963
0.738049
0.803717
0.878032
0.962745
1.06007
1.17283
1.30467
1.46034
1.64603
1.86992
2.1427
2.4782
2.8937
3.40924
4.04416
4.8083
5.67754
6.50018
6.90832
-9.14358
-7.66479
-6.09637
-4.8125
-3.81423
-3.06053
-2.49813
-2.07516
-1.75213
-1.50125
-1.30312
-1.14411
-1.01456
-0.907578
-0.818123
-0.742473
-0.677829
-0.622051
-0.573483
-0.530826
-0.493049
-0.459325
-0.428986
-0.401488
-0.376382
-0.3533
-0.331934
-0.312025
-0.293359
-0.275753
-0.259052
-0.243126
-0.227863
-0.213165
-0.198951
-0.18515
-0.171701
-0.158551
-0.145652
-0.132963
-0.120449
-0.108076
-0.0958139
-0.0836342
-0.0715123
-0.0594249
-0.0473506
-0.0352688
-0.0231588
-0.0109986
0.00123389
0.0135603
0.0260023
0.0385824
0.0513244
0.064255
0.0774038
0.0908029
0.104487
0.118495
0.132867
0.147651
0.162896
0.178661
0.19501
0.212017
0.229765
0.248347
0.26787
0.288454
0.31024
0.333387
0.358081
0.384539
0.413012
0.443797
0.477239
0.513753
0.553829
0.59806
0.647164
0.702023
0.76373
0.833653
0.913527
1.00558
1.11273
1.23882
1.38903
1.57048
1.79303
2.07065
2.42318
2.87892
3.47818
4.27409
5.32102
6.65833
8.28492
9.83116
-14.6494
-9.91413
-6.77663
-4.92938
-3.70031
-2.85932
-2.28033
-1.86959
-1.56774
-1.33917
-1.16164
-1.0207
-0.906681
-0.812941
-0.73478
-0.66879
-0.612443
-0.563829
-0.521478
-0.484243
-0.451217
-0.421676
-0.395035
-0.370818
-0.348636
-0.328165
-0.309139
-0.291334
-0.274563
-0.25867
-0.243521
-0.229003
-0.21502
-0.201491
-0.188345
-0.175523
-0.162973
-0.150651
-0.138519
-0.126543
-0.114692
-0.102939
-0.0912594
-0.0796305
-0.0680318
-0.056445
-0.0448525
-0.033237
-0.0215814
-0.00986747
0.00192311
0.0138082
0.0258056
0.0379341
0.0502144
0.0626695
0.0753246
0.088208
0.10135
0.114783
0.128545
0.142675
0.157219
0.172228
0.187758
0.203874
0.220651
0.238169
0.256524
0.275824
0.29619
0.317767
0.340719
0.365237
0.391547
0.419908
0.450631
0.484079
0.520689
0.560984
0.605603
0.655326
0.711123
0.774216
0.846159
0.928959
1.02526
1.13862
1.27391
1.43801
1.64086
1.89732
2.2302
2.67589
3.29493
4.18356
5.4721
7.39266
10.6201
15.4664
-23.9324
-12.1172
-6.50043
-4.21572
-3.00488
-2.27067
-1.80451
-1.48865
-1.26058
-1.08827
-0.953822
-0.846318
-0.758669
-0.686061
-0.62509
-0.573272
-0.528748
-0.490102
-0.456232
-0.426272
-0.399531
-0.375455
-0.353592
-0.333576
-0.315102
-0.297919
-0.281819
-0.266627
-0.252197
-0.238407
-0.225153
-0.212346
-0.199914
-0.187794
-0.175931
-0.16428
-0.152804
-0.141469
-0.130247
-0.119114
-0.108046
-0.0970253
-0.0860326
-0.0750519
-0.0640689
-0.0530704
-0.0420438
-0.0309766
-0.0198558
-0.00866777
0.00260086
0.0139636
0.0254339
0.0370264
0.0487573
0.060645
0.07271
0.0849748
0.0974643
0.110205
0.123228
0.136566
0.150256
0.164341
0.178867
0.193889
0.209467
0.22567
0.242576
0.260273
0.278865
0.298469
0.319222
0.341281
0.364829
0.390081
0.417288
0.446742
0.478794
0.513863
0.552453
0.595177
0.64279
0.696238
0.756706
0.825719
0.905263
0.997984
1.10749
1.23886
1.39951
1.60084
1.86135
2.2138
2.72168
3.50591
4.78469
7.16528
12.8995
24.8379
)
;

boundaryField
{
    movingWall
    {
        type            zeroGradient;
    }
    fixedWalls
    {
        type            zeroGradient;
    }
    frontAndBack
    {
        type            empty;
    }
}


// ************************************************************************* //
