/*--------------------------------*- C++ -*----------------------------------*\
| =========                 |                                                 |
| \\      /  F ield         | OpenFOAM: The Open Source CFD Toolbox           |
|  \\    /   O peration     | Version:  2212                                  |
|   \\  /    A nd           | Website:  www.openfoam.com                      |
|    \\/     M anipulation  |                                                 |
\*---------------------------------------------------------------------------*/
FoamFile
{
    version     2.0;
    format      ascii;
    arch        "LSB;label=32;scalar=64";
    class       volScalarField;
    location    "0.006";
    object      p;
}
// * * * * * * * * * * * * * * * * * * * * * * * * * * * * * * * * * * * * * //

dimensions      [0 2 -2 0 0 0 0];

internalField   nonuniform List<scalar> 
10000
(
2.64911e-07
-6.57432e-05
-0.000271163
-0.00046583
-0.000700662
-0.00101424
-0.00138096
-0.00175708
-0.00210455
-0.00238973
-0.00258389
-0.0026673
-0.00262303
-0.00243651
-0.00209743
-0.00160057
-0.000946929
-0.000139937
0.000821099
0.00193842
0.00320813
0.00462309
0.00617609
0.00786104
0.00967364
0.0116104
0.0136669
0.0158372
0.0181148
0.020496
0.0229789
0.0255619
0.028242
0.0310159
0.0338801
0.0368302
0.0398616
0.0429705
0.0461529
0.0494041
0.0527173
0.0560854
0.0595037
0.0629679
0.0664721
0.0700108
0.0735788
0.0771718
0.0807855
0.0844135
0.0880484
0.0916846
0.095316
0.0989353
0.102535
0.106107
0.109645
0.113145
0.116602
0.120009
0.12336
0.126651
0.129876
0.133029
0.136106
0.1391
0.142005
0.144819
0.14754
0.150164
0.152686
0.155103
0.157412
0.159609
0.161688
0.163642
0.165464
0.167149
0.168689
0.17008
0.171319
0.172402
0.173325
0.174082
0.174674
0.175098
0.175354
0.175441
0.175362
0.175124
0.174739
0.174223
0.173596
0.172882
0.172115
0.171338
0.170607
0.169994
0.169594
0.169478
0.000166847
0.000348926
0.000320318
0.000234054
7.581e-05
-0.000165033
-0.000447726
-0.000734674
-0.00099282
-0.00119382
-0.00131374
-0.00133076
-0.00123043
-0.00100086
-0.000629194
-0.000107605
0.000563999
0.00138306
0.00234691
0.00345396
0.00470394
0.00609409
0.00761937
0.00927423
0.0110538
0.0129546
0.0149726
0.017103
0.0193397
0.0216782
0.0241154
0.026649
0.0292774
0.0319993
0.0348116
0.0377094
0.0406871
0.0437399
0.0468641
0.0500549
0.053307
0.0566155
0.0599747
0.0633785
0.0668209
0.070296
0.0738003
0.077331
0.0808821
0.084446
0.0880168
0.0915889
0.0951558
0.0987109
0.102247
0.105755
0.10923
0.112669
0.116065
0.119411
0.122702
0.125934
0.129099
0.132194
0.135214
0.138152
0.141003
0.143765
0.146435
0.149009
0.151483
0.153853
0.156117
0.158272
0.160312
0.162228
0.164015
0.16567
0.167184
0.168555
0.16978
0.170856
0.171778
0.172542
0.173147
0.173595
0.173887
0.174023
0.174007
0.173848
0.173561
0.173161
0.172664
0.172095
0.171483
0.170866
0.170289
0.169803
0.169475
0.169362
0.000734757
0.000966949
0.000991722
0.000929518
0.000790553
0.000583154
0.000344188
0.000109311
-9.26143e-05
-0.000240226
-0.000309845
-0.000280886
-0.000140607
0.000122541
0.000518765
0.00105584
0.0017388
0.00256605
0.00353277
0.00463533
0.00587297
0.0072451
0.00874944
0.0103815
0.0121361
0.0140093
0.0159973
0.0180955
0.0202996
0.0226052
0.0250081
0.027505
0.0300947
0.0327764
0.0355475
0.0384029
0.0413376
0.0443463
0.0474244
0.0505671
0.0537703
0.057031
0.0603439
0.0637005
0.0670941
0.0705205
0.0739758
0.0774572
0.0809588
0.0844717
0.0879905
0.0915114
0.0950275
0.0985309
0.102015
0.105474
0.108901
0.112291
0.11564
0.118939
0.122182
0.125366
0.128486
0.131535
0.134509
0.137402
0.140212
0.142935
0.145567
0.148103
0.15054
0.152873
0.155102
0.157224
0.159231
0.161118
0.16288
0.164512
0.16601
0.167369
0.168586
0.169658
0.17058
0.171349
0.171965
0.172431
0.17275
0.172922
0.172954
0.172856
0.17264
0.172321
0.171914
0.171439
0.170922
0.170397
0.169898
0.169464
0.169138
0.168956
0.00174729
0.00184051
0.0017904
0.00167099
0.00149601
0.00127858
0.0010478
0.000833387
0.000658383
0.000542473
0.000505029
0.000562538
0.000731374
0.00102144
0.00143826
0.00198837
0.00267722
0.0035061
0.00447237
0.00557239
0.00680284
0.00816286
0.00965132
0.0112651
0.0130004
0.0148529
0.0168177
0.0188903
0.0210676
0.0233462
0.025722
0.0281917
0.0307533
0.0334049
0.0361431
0.0389632
0.0418618
0.0448342
0.0478747
0.0509791
0.054144
0.0573662
0.0606407
0.0639592
0.0673142
0.0707024
0.0741202
0.0775621
0.0810218
0.0844926
0.0879692
0.0914474
0.0949211
0.0983824
0.101825
0.105243
0.108631
0.111984
0.115293
0.118553
0.121758
0.124905
0.127987
0.130998
0.133935
0.136794
0.139571
0.142263
0.144866
0.147374
0.149782
0.152086
0.154286
0.15638
0.158362
0.160225
0.161967
0.163585
0.165073
0.166425
0.167638
0.168707
0.169628
0.170399
0.171023
0.171502
0.171842
0.172043
0.172112
0.172057
0.171893
0.171629
0.17128
0.170861
0.170396
0.169914
0.169442
0.169009
0.168631
0.168324
0.00296965
0.00283444
0.00264665
0.00243725
0.00220482
0.00195639
0.00171654
0.00150446
0.00134129
0.00124517
0.00122868
0.00130734
0.00149596
0.0018046
0.00223932
0.00280323
0.00349842
0.00432738
0.00529022
0.00638498
0.00760866
0.00895894
0.0104338
0.0120314
0.0137493
0.0155835
0.0175287
0.0195808
0.0217359
0.0239908
0.0263423
0.0287884
0.0313265
0.0339529
0.0366634
0.0394537
0.0423201
0.0452594
0.0482664
0.0513377
0.0544706
0.0576608
0.0609014
0.0641855
0.0675077
0.0708635
0.0742482
0.0776557
0.0810785
0.084511
0.0879502
0.0913913
0.0948266
0.0982495
0.101655
0.105038
0.108392
0.11171
0.114986
0.118211
0.121382
0.124496
0.127545
0.130523
0.133429
0.136258
0.139009
0.141675
0.144252
0.146734
0.149117
0.151397
0.153573
0.155643
0.157602
0.159446
0.161172
0.162779
0.164259
0.165606
0.166813
0.167879
0.168798
0.169572
0.170203
0.170694
0.171051
0.171276
0.171375
0.171355
0.171229
0.171005
0.170694
0.170311
0.169875
0.16941
0.168938
0.168478
0.168022
0.167561
0.00421638
0.00383367
0.00349325
0.00318404
0.00288105
0.00259103
0.00232821
0.00210784
0.00194602
0.00185739
0.00185481
0.00194974
0.00215211
0.00247224
0.00291787
0.00349143
0.00419315
0.00502346
0.00598321
0.00707171
0.00828779
0.00962906
0.0110929
0.0126774
0.0143801
0.0161975
0.0181257
0.0201608
0.0222983
0.0245342
0.026866
0.0292923
0.03181
0.0344146
0.0371018
0.039868
0.0427083
0.0456188
0.0485971
0.0516409
0.0547469
0.05791
0.0611223
0.0643771
0.0676711
0.0709999
0.0743559
0.0777324
0.0811239
0.0845251
0.0879321
0.0913404
0.0947432
0.0981339
0.101508
0.104861
0.108185
0.111473
0.114718
0.117915
0.121059
0.124145
0.127166
0.130118
0.132998
0.135804
0.138532
0.141176
0.14373
0.14619
0.148551
0.150811
0.152969
0.155021
0.156964
0.158793
0.160507
0.162103
0.163575
0.164914
0.166116
0.167178
0.168097
0.168875
0.169513
0.170016
0.170387
0.170631
0.170751
0.170756
0.170654
0.170456
0.170169
0.169805
0.169381
0.168913
0.16842
0.167915
0.167366
0.166744
0.00540747
0.00479368
0.00429979
0.00388783
0.00350953
0.00316571
0.00287119
0.00263427
0.00246421
0.00237409
0.00237712
0.00248168
0.00269458
0.00302332
0.0034744
0.00405156
0.00475588
0.00558683
0.00654407
0.00762727
0.00883595
0.0101686
0.0116235
0.013198
0.0148888
0.0166928
0.0186068
0.0206273
0.0227497
0.0249707
0.0272882
0.0296992
0.0321999
0.0347864
0.0374547
0.0402008
0.0430202
0.0459084
0.0488639
0.0518859
0.0549699
0.0581091
0.0612974
0.0645292
0.0678002
0.0711053
0.0744369
0.077788
0.0811536
0.0845297
0.0879115
0.0912935
0.0946692
0.0980336
0.101383
0.10471
0.108009
0.111272
0.114493
0.117669
0.120792
0.123856
0.126857
0.129788
0.132649
0.135437
0.138146
0.140771
0.143307
0.145748
0.148093
0.150339
0.152484
0.154524
0.156455
0.158274
0.159978
0.161564
0.163026
0.164357
0.165553
0.166612
0.167533
0.168316
0.168962
0.169474
0.169856
0.170112
0.170246
0.170265
0.170179
0.169995
0.16972
0.169363
0.168935
0.16845
0.167922
0.167359
0.16671
0.16593
0.00650045
0.00568046
0.0050425
0.00452989
0.00407328
0.00367155
0.00333741
0.00307603
0.00289276
0.00279628
0.00279685
0.00290328
0.00312179
0.00345635
0.00391056
0.00448819
0.00519124
0.00602029
0.00697438
0.00805305
0.00925557
0.0105811
0.0120284
0.0135948
0.0152769
0.0170715
0.0189749
0.0209834
0.0230937
0.0253031
0.0276093
0.0300088
0.0324968
0.0350697
0.0377237
0.0404537
0.0432558
0.0461278
0.0490675
0.0520727
0.0551385
0.0582582
0.0614263
0.0646392
0.067892
0.0711777
0.0744886
0.0778194
0.081166
0.0845234
0.0878859
0.0912477
0.0946033
0.0979478
0.101277
0.104584
0.107863
0.111107
0.114311
0.117471
0.12058
0.12363
0.126616
0.129534
0.132381
0.135154
0.137848
0.140458
0.142978
0.145407
0.147741
0.149978
0.152115
0.154147
0.156071
0.157881
0.159576
0.161152
0.162604
0.163927
0.165117
0.166175
0.167099
0.167888
0.168542
0.169061
0.16945
0.169713
0.169855
0.169883
0.169805
0.169628
0.169356
0.168995
0.168554
0.168042
0.16747
0.166843
0.166093
0.165163
0.00746832
0.00647011
0.00570148
0.00509087
0.00455769
0.00409808
0.00371915
0.00342705
0.0032262
0.00311991
0.00311412
0.00321706
0.00343475
0.00376997
0.00422478
0.00480127
0.00550121
0.00632611
0.00727601
0.00835028
0.00954816
0.0108688
0.0123105
0.0138706
0.0155463
0.0173343
0.0192303
0.0212302
0.023332
0.0255334
0.027831
0.0302217
0.0327011
0.035265
0.0379089
0.0406277
0.043418
0.0462787
0.0492083
0.0522019
0.0552533
0.0583575
0.0615109
0.0647094
0.0679472
0.0712171
0.0745125
0.077829
0.0811624
0.0845068
0.0878557
0.0912035
0.0945453
0.0978758
0.10119
0.104482
0.107746
0.110977
0.114171
0.117321
0.120421
0.123462
0.126439
0.129348
0.132186
0.134949
0.137632
0.140229
0.142739
0.145159
0.147488
0.149721
0.151854
0.153881
0.155799
0.157603
0.159289
0.160856
0.162299
0.163616
0.164804
0.165862
0.16679
0.167584
0.168243
0.168767
0.169159
0.169426
0.169573
0.169607
0.169534
0.169359
0.169082
0.16871
0.168247
0.167702
0.167081
0.166388
0.165541
0.164474
0.00829393
0.00714411
0.00625784
0.00555619
0.00494978
0.00443241
0.00400885
0.00368309
0.00345888
0.00333836
0.00332442
0.00342127
0.00363352
0.00396468
0.00441648
0.00498963
0.0056856
0.00650547
0.00745039
0.00852025
0.00971459
0.0110321
0.0124703
0.0140268
0.0156987
0.0174819
0.0193726
0.0213675
0.0234645
0.0256613
0.027954
0.0303392
0.0328138
0.0353729
0.0380109
0.0407233
0.0435084
0.0463645
0.0492881
0.0522738
0.0553157
0.05841
0.0615537
0.0647421
0.0679688
0.0712273
0.0745123
0.0778201
0.0811457
0.0844822
0.0878227
0.0911622
0.0944958
0.0978179
0.101122
0.104405
0.10766
0.110883
0.114071
0.117217
0.120312
0.123348
0.126321
0.129226
0.132059
0.134816
0.137491
0.140083
0.142588
0.145005
0.147332
0.149564
0.151695
0.15372
0.155634
0.157433
0.159114
0.160674
0.162112
0.163426
0.164613
0.165673
0.166604
0.167401
0.168061
0.168587
0.168983
0.169253
0.169404
0.169442
0.169369
0.169189
0.168902
0.168512
0.168023
0.16744
0.166768
0.166009
0.165071
0.16388
0.00896736
0.00768688
0.00669906
0.00591539
0.00523703
0.0046638
0.00419802
0.00383812
0.00358699
0.00344792
0.00342228
0.00351082
0.00371567
0.00403995
0.00448552
0.00505318
0.00574398
0.00655878
0.0074989
0.00856492
0.00975635
0.0110716
0.0125083
0.0140637
0.015734
0.0175147
0.0194026
0.0213959
0.0234916
0.0256867
0.0279783
0.0303631
0.0328368
0.0353943
0.0380309
0.0407428
0.0435285
0.0463852
0.0493075
0.0522896
0.0553271
0.0584173
0.0615566
0.0647394
0.0679594
0.0712115
0.0744917
0.0777959
0.0811183
0.0844514
0.0877887
0.0911254
0.0944564
0.0977751
0.101075
0.104353
0.107605
0.110828
0.114015
0.11716
0.120254
0.123289
0.126262
0.129167
0.132001
0.134756
0.137431
0.140022
0.142529
0.144948
0.147277
0.14951
0.15164
0.153664
0.155577
0.157376
0.159055
0.160613
0.16205
0.163363
0.164551
0.165612
0.166543
0.167339
0.168
0.168528
0.168926
0.169201
0.169355
0.169392
0.169314
0.169124
0.168821
0.168409
0.16789
0.167267
0.166543
0.165719
0.164696
0.163394
0.00948286
0.00809041
0.00701434
0.00615685
0.0054128
0.00478502
0.00427684
0.00388377
0.00360597
0.00344564
0.00340408
0.00348143
0.00367749
0.00399346
0.00443112
0.00499191
0.00567645
0.00648618
0.00742235
0.00848557
0.00967495
0.0109891
0.012426
0.0139818
0.0156521
0.0174332
0.0193222
0.0213168
0.0234143
0.0256116
0.027906
0.0302943
0.0327712
0.0353312
0.0379707
0.0406876
0.043479
0.0463402
0.049265
0.0522484
0.0552875
0.0583794
0.0615193
0.0647012
0.0679198
0.0711713
0.0744522
0.0777574
0.0810807
0.0844151
0.0877547
0.0910943
0.0944282
0.0977492
0.101051
0.104332
0.107587
0.110814
0.114004
0.117152
0.120249
0.123288
0.126265
0.129176
0.132014
0.134775
0.137456
0.140054
0.142567
0.144992
0.147325
0.14956
0.151692
0.153718
0.155634
0.157436
0.159118
0.160678
0.162116
0.163431
0.164619
0.165679
0.166608
0.167403
0.168064
0.168594
0.168996
0.169273
0.169428
0.16946
0.169373
0.169168
0.168846
0.168409
0.167858
0.167193
0.166417
0.165531
0.16443
0.16303
0.00984105
0.00834959
0.00719361
0.00627271
0.00547063
0.00478996
0.00423863
0.00381271
0.00350882
0.00332643
0.00326679
0.00333022
0.00351557
0.00382238
0.00425171
0.00480496
0.00548329
0.00628834
0.00722129
0.00828265
0.00947155
0.0107863
0.0122246
0.0137822
0.0154546
0.0172389
0.0191326
0.0211321
0.0232348
0.0254384
0.0277399
0.030135
0.0326181
0.0351846
0.0378322
0.0405585
0.0433589
0.0462275
0.0491587
0.0521489
0.0551955
0.0582944
0.0614398
0.0646262
0.0678496
0.0711066
0.0743934
0.0777042
0.081033
0.084374
0.0877217
0.09107
0.0944125
0.097742
0.101053
0.104342
0.107608
0.110843
0.114041
0.117195
0.120299
0.123346
0.126332
0.129253
0.132102
0.134875
0.137567
0.140177
0.142701
0.145134
0.147473
0.149712
0.151848
0.153879
0.155802
0.15761
0.159299
0.160864
0.162305
0.163621
0.164809
0.165868
0.166795
0.167589
0.168252
0.168785
0.169191
0.169469
0.16962
0.169644
0.169544
0.169323
0.16898
0.168516
0.167932
0.167224
0.166398
0.165454
0.164282
0.162794
0.0100422
0.00846239
0.00723427
0.0062558
0.00540173
0.00467302
0.00407944
0.00361931
0.00328849
0.00308426
0.00300613
0.00305406
0.00322709
0.00352402
0.00394504
0.00449106
0.00516409
0.00596551
0.00689625
0.00795669
0.00914664
0.010464
0.0119049
0.0134657
0.0151432
0.0169341
0.0188351
0.0208429
0.0229552
0.0251695
0.0274815
0.0298862
0.0323787
0.0349562
0.0376165
0.0403553
0.043167
0.0460459
0.048988
0.0519905
0.0550499
0.0581608
0.061317
0.0645142
0.0677489
0.0710174
0.074315
0.0776363
0.0809759
0.0843292
0.0876906
0.0910532
0.09441
0.0977541
0.10108
0.104386
0.107666
0.110915
0.114124
0.117288
0.120403
0.123462
0.126462
0.129397
0.132261
0.135049
0.137758
0.140384
0.142922
0.145365
0.147711
0.149958
0.152102
0.154142
0.156075
0.157892
0.159589
0.16116
0.162605
0.163923
0.165113
0.166172
0.167099
0.167896
0.168562
0.169099
0.169506
0.169781
0.169924
0.169938
0.169825
0.169586
0.169221
0.16873
0.168112
0.167364
0.166488
0.16549
0.164255
0.162689
0.010083
0.00842874
0.00713577
0.00610133
0.00519907
0.0044274
0.0037941
0.00329903
0.00294003
0.00271361
0.00261688
0.00264901
0.00280916
0.00309579
0.00350862
0.00404883
0.00471784
0.00551666
0.0064466
0.00750811
0.00870034
0.0100209
0.0114661
0.0130329
0.0147184
0.0165187
0.0184302
0.0204501
0.0225763
0.0248049
0.0271303
0.0295479
0.0320543
0.0346472
0.0373236
0.0400774
0.0429028
0.045796
0.0487542
0.0517742
0.0548511
0.0579788
0.0611519
0.0643664
0.0676188
0.0709042
0.0742177
0.0775546
0.0809109
0.0842824
0.0876628
0.0910446
0.0944208
0.0977853
0.101133
0.104459
0.107759
0.111024
0.114249
0.117429
0.120559
0.123635
0.126652
0.129605
0.132488
0.135295
0.138024
0.140668
0.143222
0.145678
0.148037
0.150296
0.152454
0.154508
0.156452
0.15828
0.159985
0.161563
0.163013
0.164337
0.165531
0.166593
0.167524
0.168325
0.168995
0.169534
0.169938
0.170208
0.170342
0.170345
0.170218
0.169961
0.169573
0.169055
0.168403
0.167614
0.166693
0.165646
0.164353
0.162718
0.00996096
0.00824501
0.00689475
0.00580791
0.00485845
0.00404582
0.00337587
0.00284743
0.00245961
0.00220998
0.00209469
0.00211124
0.0022584
0.0025352
0.00294087
0.00347634
0.0041425
0.00494041
0.0058712
0.00693522
0.00813089
0.00945572
0.0109073
0.0124828
0.0141788
0.0159912
0.0179168
0.0199532
0.0220968
0.0243424
0.0266845
0.0291194
0.0316448
0.0342575
0.0369526
0.0397239
0.0425669
0.0454794
0.0484589
0.0515009
0.0545997
0.0577494
0.0609454
0.0641837
0.0674595
0.070767
0.0741018
0.0774605
0.0808396
0.0842348
0.0876391
0.0910446
0.0944453
0.0978354
0.101209
0.10456
0.107884
0.111171
0.114416
0.117617
0.12077
0.123867
0.126905
0.129879
0.132784
0.135614
0.138365
0.14103
0.143603
0.146079
0.148457
0.150735
0.152911
0.15498
0.156939
0.158778
0.160493
0.162079
0.163538
0.16487
0.166072
0.167142
0.168078
0.168883
0.169556
0.170093
0.170494
0.170757
0.170883
0.170875
0.170734
0.170458
0.170047
0.1695
0.168814
0.167986
0.167022
0.165929
0.164584
0.162888
0.0096754
0.00790522
0.00650624
0.00537212
0.00437662
0.00352342
0.00281854
0.0022591
0.00184337
0.00157001
0.00143584
0.00143726
0.00157218
0.00183988
0.00223975
0.00277159
0.00343611
0.00423472
0.00516798
0.00623536
0.00743542
0.00876657
0.0102269
0.0118133
0.013522
0.0153495
0.0172932
0.0193496
0.0215133
0.0237786
0.0261414
0.0285991
0.0311484
0.0337843
0.036501
0.0392936
0.0421593
0.0450966
0.0481019
0.0511698
0.054295
0.0574724
0.0606974
0.0639651
0.0672694
0.0706045
0.073967
0.0773543
0.0807626
0.0841869
0.0876197
0.0910539
0.0944841
0.0979048
0.101309
0.10469
0.108042
0.111356
0.114629
0.117859
0.121039
0.124162
0.127225
0.130224
0.133154
0.13601
0.138786
0.141477
0.144075
0.146575
0.148978
0.15128
0.153478
0.155566
0.157539
0.159391
0.161117
0.162715
0.164186
0.16553
0.166743
0.167821
0.168764
0.169571
0.170245
0.170782
0.17118
0.171438
0.171557
0.171539
0.171383
0.171088
0.170652
0.170076
0.169356
0.16849
0.167485
0.16635
0.164958
0.163205
0.00922737
0.00740682
0.00596379
0.00478754
0.00374962
0.00285681
0.00211767
0.0015287
0.00108665
0.000790277
0.000637112
0.000623782
0.000747813
0.00100757
0.00140245
0.00193188
0.00259657
0.00339719
0.0043337
0.00540545
0.00661173
0.00795163
0.00942291
0.0110221
0.0127461
0.0145923
0.0165572
0.0186356
0.0208216
0.0231103
0.0254988
0.0279842
0.0305611
0.0332233
0.0359655
0.0387846
0.0416786
0.0446453
0.0476803
0.0507781
0.0539346
0.0571453
0.0604048
0.0637069
0.0670451
0.0704141
0.0738115
0.0772346
0.0806785
0.0841372
0.0876039
0.0910721
0.0945374
0.0979935
0.101432
0.104848
0.108233
0.111583
0.114891
0.118155
0.121369
0.124524
0.127617
0.130644
0.133603
0.136487
0.139292
0.142012
0.144639
0.14717
0.149602
0.151932
0.154154
0.156261
0.158251
0.160118
0.161859
0.163472
0.164959
0.166317
0.167542
0.168628
0.169575
0.170386
0.171061
0.171599
0.171996
0.172251
0.172365
0.172337
0.172167
0.171852
0.171392
0.170787
0.170035
0.169133
0.16809
0.166915
0.165479
0.163673
0.0086198
0.00674975
0.00526304
0.00404814
0.00297233
0.00204234
0.00126941
0.000651653
0.000184693
-0.00013354
-0.000304846
-0.000332044
-0.000218031
3.49387e-05
0.000425863
0.000954453
0.00162073
0.00242431
0.00336509
0.00444318
0.00565836
0.00700931
0.00849346
0.0101081
0.0118509
0.0137186
0.0157063
0.017808
0.0200188
0.0223354
0.0247543
0.0272709
0.0298783
0.0325702
0.035343
0.0381944
0.0411218
0.044122
0.0471905
0.0503229
0.0535161
0.0567654
0.0600641
0.0634054
0.0667833
0.0701933
0.0736331
0.0770988
0.0805841
0.084083
0.0875892
0.0910973
0.0946029
0.098099
0.101577
0.105031
0.108457
0.111848
0.115199
0.118504
0.121756
0.124947
0.128074
0.131135
0.134127
0.137043
0.13988
0.142632
0.145293
0.147858
0.150324
0.152684
0.154931
0.15706
0.15907
0.160958
0.162719
0.164352
0.165857
0.16723
0.168465
0.169558
0.170511
0.171326
0.172006
0.172547
0.172946
0.173199
0.173307
0.17327
0.173085
0.172752
0.172269
0.171636
0.170853
0.169917
0.168838
0.167625
0.166146
0.164291
0.00785313
0.00593329
0.00440321
0.0031505
0.00203953
0.00107565
0.000270233
-0.000376056
-0.000866967
-0.00120566
-0.00139378
-0.00143378
-0.001329
-0.00108168
-0.000693215
-0.000164096
0.000504619
0.00131238
0.00225967
0.00334702
0.00457381
0.00593814
0.00743797
0.00907157
0.0108362
0.0127272
0.0147385
0.0168654
0.0191048
0.0214533
0.023906
0.0264562
0.029097
0.0318234
0.0346327
0.0375218
0.0404869
0.0435245
0.0466312
0.0498038
0.053039
0.0563314
0.0596735
0.063059
0.0664828
0.0699409
0.0734295
0.0769435
0.0804756
0.0840203
0.087572
0.0911256
0.0946763
0.0982167
0.101738
0.105238
0.10871
0.112148
0.115546
0.118897
0.122192
0.125425
0.128592
0.131692
0.134721
0.137675
0.140549
0.143338
0.146036
0.148638
0.151139
0.153531
0.155807
0.157964
0.160001
0.161915
0.163702
0.165358
0.166882
0.16827
0.169516
0.170617
0.171578
0.172401
0.173088
0.173634
0.174034
0.174285
0.174387
0.174341
0.174143
0.173792
0.173287
0.172628
0.171815
0.170845
0.169731
0.168481
0.166961
0.165058
0.00692299
0.00495587
0.00338409
0.00209328
0.000947534
-4.77611e-05
-0.000883408
-0.00155772
-0.00207206
-0.00242976
-0.00263339
-0.0026854
-0.00258872
-0.00234578
-0.00195842
-0.00142802
-0.000755723
5.85423e-05
0.00101545
0.00211502
0.00335605
0.004737
0.00625653
0.00791256
0.00970092
0.0116159
0.0136528
0.0158085
0.0180805
0.0204642
0.0229527
0.0255391
0.0282178
0.0309844
0.0338357
0.0367671
0.0397741
0.042854
0.0460046
0.0492229
0.0525049
0.0558444
0.0592342
0.0626693
0.0661453
0.0696572
0.0731997
0.0767664
0.0803505
0.0839467
0.0875497
0.091154
0.0947545
0.0983438
0.101915
0.105464
0.108988
0.112479
0.115928
0.119329
0.122673
0.125953
0.129168
0.132315
0.135388
0.138384
0.1413
0.144132
0.146871
0.149513
0.152051
0.15448
0.156791
0.158982
0.161052
0.162998
0.164814
0.166496
0.16804
0.169443
0.170703
0.171817
0.172789
0.173623
0.174319
0.174869
0.175269
0.175516
0.175613
0.175559
0.17535
0.174982
0.174455
0.17377
0.172926
0.171924
0.170774
0.169488
0.167926
0.165976
0.00582705
0.0038152
0.00220393
0.000876029
-0.000305099
-0.00133164
-0.00219565
-0.00289628
-0.00343322
-0.00380913
-0.00402733
-0.00409032
-0.00400048
-0.00376096
-0.0033741
-0.00284152
-0.0021635
-0.00133978
-0.000370376
0.000744121
0.00200273
0.00340456
0.00494781
0.00662863
0.0084419
0.010383
0.0124492
0.0146383
0.0169463
0.0193672
0.021894
0.0245208
0.0272429
0.0300553
0.0329531
0.0359311
0.0389851
0.0421133
0.0453141
0.0485834
0.0519164
0.0553073
0.0587499
0.0622403
0.0657738
0.0693439
0.0729443
0.076568
0.0802091
0.0838629
0.0875232
0.0911835
0.0948388
0.0984826
0.102109
0.105714
0.109295
0.112842
0.116346
0.119801
0.1232
0.126536
0.129806
0.133007
0.136132
0.139178
0.142141
0.145019
0.147804
0.150489
0.153069
0.155538
0.157889
0.16012
0.16223
0.164212
0.16606
0.167767
0.169333
0.170755
0.172033
0.173163
0.174151
0.174997
0.1757
0.176253
0.176651
0.176896
0.176989
0.176928
0.176708
0.176323
0.175775
0.175063
0.174189
0.173154
0.17197
0.170647
0.169044
0.167046
0.00456728
0.00250985
0.000860454
-0.000502746
-0.00171952
-0.00277804
-0.00366935
-0.00439443
-0.00495309
-0.00534675
-0.00557853
-0.00565125
-0.00556773
-0.0053313
-0.0049443
-0.0044077
-0.00372144
-0.00288588
-0.00190159
-0.000769024
0.000511305
0.00193799
0.00350746
0.00521465
0.00705527
0.00902675
0.0111272
0.0133534
0.0156999
0.0181605
0.0207295
0.0234021
0.0261728
0.0290355
0.031984
0.0350135
0.0381206
0.0413039
0.0445608
0.0478861
0.051275
0.0547226
0.0582242
0.0617755
0.0653709
0.0690029
0.0726651
0.0763509
0.080055
0.0837724
0.0874958
0.091218
0.0949342
0.098639
0.102327
0.105994
0.109636
0.113242
0.116806
0.120321
0.123781
0.12718
0.130513
0.133774
0.136957
0.140058
0.143075
0.146004
0.148838
0.15157
0.154196
0.15671
0.159107
0.161383
0.163535
0.165555
0.167434
0.169169
0.17076
0.172207
0.173507
0.174659
0.175663
0.17652
0.177228
0.177782
0.17818
0.178424
0.178515
0.178448
0.178215
0.177813
0.177242
0.176505
0.175603
0.174536
0.173316
0.171957
0.170314
0.168268
0.00314655
0.00103995
-0.000648768
-0.00204595
-0.00329706
-0.00438755
-0.00530608
-0.0060548
-0.00663426
-0.00704485
-0.00728934
-0.00737128
-0.0072941
-0.00706027
-0.00667164
-0.00612887
-0.00543256
-0.0045834
-0.00358161
-0.0024273
-0.00112172
0.000331951
0.00192893
0.00366486
0.00553725
0.0075443
0.00968311
0.0119491
0.0143368
0.0168411
0.0194574
0.0221807
0.0250043
0.0279208
0.0309246
0.0340115
0.0371786
0.0404234
0.043742
0.0471288
0.0505797
0.0540909
0.0576578
0.0612754
0.0649368
0.0686348
0.0723637
0.0761176
0.0798908
0.0836777
0.08747
0.0912604
0.0950445
0.0988175
0.102574
0.106308
0.110014
0.113683
0.11731
0.120891
0.124419
0.127887
0.131288
0.134616
0.137862
0.141024
0.1441
0.147085
0.149973
0.152757
0.155435
0.157999
0.160445
0.162769
0.164963
0.167022
0.168936
0.170704
0.172326
0.173802
0.17513
0.176304
0.177324
0.178192
0.178905
0.179462
0.179861
0.180106
0.180194
0.180118
0.179873
0.179452
0.17886
0.178098
0.177168
0.176069
0.174816
0.17342
0.171737
0.169643
0.00156579
-0.000593525
-0.00232459
-0.00375571
-0.00503939
-0.00616144
-0.00710768
-0.00787972
-0.00847886
-0.00890568
-0.0091628
-0.00925405
-0.00918248
-0.00894992
-0.00855787
-0.00800748
-0.00729978
-0.00643494
-0.00541271
-0.0042339
-0.00290157
-0.00142018
0.000206164
0.00197486
0.00388409
0.0059309
0.00811086
0.0104193
0.012852
0.015405
0.0180735
0.0208514
0.0237309
0.0267053
0.0297698
0.0329206
0.0361539
0.039466
0.0428521
0.0463071
0.0498273
0.0534094
0.0570479
0.0607367
0.0644686
0.0682376
0.072039
0.0758672
0.0797156
0.0835774
0.0874443
0.0913096
0.095169
0.0990172
0.102847
0.106653
0.110428
0.114166
0.117862
0.121514
0.125115
0.128656
0.13213
0.135528
0.138843
0.142072
0.145213
0.148261
0.15121
0.154052
0.156786
0.159406
0.161905
0.164278
0.166518
0.168618
0.170572
0.172378
0.174037
0.175548
0.176905
0.178102
0.179139
0.180018
0.180739
0.181301
0.181705
0.18195
0.182033
0.181948
0.181688
0.181249
0.180636
0.17985
0.178892
0.177763
0.176475
0.175044
0.173318
0.171176
-0.000176535
-0.00239001
-0.00416609
-0.00563305
-0.00694912
-0.00810228
-0.00907642
-0.00987153
-0.0104899
-0.0109329
-0.0112028
-0.0113027
-0.011235
-0.011002
-0.0106053
-0.0100461
-0.00932505
-0.00844199
-0.00739733
-0.00619336
-0.00483419
-0.00332374
-0.00166452
0.000141496
0.00209138
0.00418056
0.00640428
0.00875905
0.0112418
0.0138483
0.0165729
0.0194083
0.0223474
0.0253846
0.0285156
0.0317363
0.0350413
0.0384259
0.0418858
0.0454163
0.0490136
0.0526732
0.0563887
0.0601537
0.0639616
0.0678076
0.071688
0.0755963
0.079525
0.0834669
0.0874144
0.0913614
0.0953034
0.0992334
0.103143
0.107026
0.110877
0.114689
0.118461
0.12219
0.125869
0.129488
0.133037
0.136509
0.139899
0.143201
0.146415
0.149534
0.15255
0.155457
0.158253
0.160932
0.163488
0.165913
0.168202
0.170349
0.172347
0.174197
0.175899
0.177446
0.178833
0.180053
0.181109
0.182003
0.182737
0.183309
0.183717
0.183962
0.184039
0.183943
0.183667
0.183212
0.182579
0.181771
0.180786
0.179625
0.178303
0.176833
0.175065
0.172871
-0.00208355
-0.00435109
-0.0061736
-0.00767944
-0.00902934
-0.0102132
-0.0112152
-0.012034
-0.0126721
-0.0131313
-0.0134132
-0.01352
-0.0134546
-0.0132197
-0.0128169
-0.012247
-0.0115101
-0.0106071
-0.00953974
-0.00831094
-0.00692402
-0.00538139
-0.00368507
-0.00183825
0.000154607
0.00228865
0.00456013
0.00696656
0.00950455
0.0121687
0.0149524
0.0178489
0.0208524
0.0239578
0.0271608
0.0304561
0.0338375
0.0373004
0.0408408
0.044454
0.048135
0.0518776
0.0556753
0.0595222
0.0634127
0.0673426
0.071308
0.0753017
0.0793157
0.083343
0.0873772
0.0914128
0.095444
0.0994622
0.103458
0.107425
0.111358
0.115254
0.119109
0.122921
0.126682
0.130381
0.13401
0.137562
0.141031
0.144415
0.147709
0.150905
0.153995
0.156972
0.159835
0.162578
0.165194
0.167677
0.17002
0.172218
0.174266
0.176164
0.177908
0.179493
0.18091
0.182156
0.183235
0.184149
0.1849
0.185482
0.185895
0.186138
0.186209
0.186103
0.185814
0.185344
0.184692
0.183861
0.18285
0.181658
0.1803
0.178792
0.176978
0.174729
-0.00415883
-0.00648054
-0.00835002
-0.00989714
-0.011283
-0.0124982
-0.0135287
-0.0143725
-0.0150309
-0.0155055
-0.0157979
-0.0159102
-0.0158457
-0.0156072
-0.0151962
-0.0146131
-0.013859
-0.0129357
-0.0118457
-0.010591
-0.00917329
-0.00759448
-0.00585773
-0.0039678
-0.00192944
0.000253537
0.00257832
0.00504201
0.00763981
0.0103653
0.0132121
0.0161747
0.0192481
0.0224273
0.0257068
0.0290808
0.0325436
0.0360908
0.0397183
0.0434204
0.0471904
0.0510212
0.0549067
0.0588422
0.0628226
0.0668434
0.0708997
0.0749839
0.0790885
0.0832073
0.0873345
0.0914646
0.095591
0.0997034
0.103792
0.107851
0.111876
0.115863
0.11981
0.12371
0.127556
0.131339
0.135053
0.138691
0.142247
0.145718
0.149097
0.152376
0.155545
0.158598
0.161533
0.164345
0.167026
0.169571
0.171974
0.174229
0.17633
0.178276
0.180064
0.181687
0.183138
0.184415
0.185522
0.186461
0.187229
0.187823
0.18824
0.188482
0.188548
0.188433
0.188133
0.187647
0.186977
0.186124
0.185085
0.183861
0.182466
0.180917
0.179056
0.176751
-0.00640478
-0.00878236
-0.0106992
-0.012289
-0.0137135
-0.0149622
-0.0160225
-0.0168922
-0.0175709
-0.0180599
-0.0183616
-0.0184786
-0.0184138
-0.0181696
-0.017748
-0.0171504
-0.0163786
-0.0154349
-0.0143206
-0.0130364
-0.0115838
-0.0099655
-0.00818606
-0.00625043
-0.00416234
-0.00192471
0.000459189
0.00298501
0.00564677
0.00843805
0.0113535
0.0143884
0.0175376
0.0207953
0.0241557
0.0276134
0.0311632
0.0348009
0.0385213
0.0423173
0.0461812
0.0501058
0.0540859
0.0581176
0.0621955
0.0663139
0.0704668
0.0746469
0.078848
0.0830646
0.087291
0.0915211
0.0957479
0.0999608
0.10415
0.10831
0.112435
0.116522
0.120565
0.12456
0.128497
0.13237
0.136174
0.139904
0.143553
0.147116
0.150585
0.153951
0.157204
0.160338
0.16335
0.166237
0.168991
0.171604
0.174072
0.176387
0.178544
0.180541
0.182374
0.184039
0.185529
0.186842
0.187981
0.188945
0.189733
0.190338
0.190761
0.191005
0.191068
0.190946
0.190634
0.190133
0.189444
0.188566
0.187498
0.18624
0.184806
0.183216
0.181305
0.17894
-0.00882205
-0.0112595
-0.0132254
-0.014859
-0.016325
-0.0176102
-0.0187014
-0.0195971
-0.0202961
-0.0207997
-0.0211104
-0.0212312
-0.0211645
-0.0209131
-0.0204798
-0.0198672
-0.0190773
-0.018111
-0.0169686
-0.0156506
-0.0141595
-0.0124993
-0.0106746
-0.00868912
-0.00654565
-0.00424756
-0.00179964
0.000792616
0.00352316
0.00638627
0.00937714
0.0124907
0.0157212
0.0190624
0.0225089
0.0260562
0.0296996
0.0334338
0.0372521
0.0411465
0.0451094
0.0491344
0.0532168
0.0573523
0.0615347
0.0657571
0.0700128
0.0742952
0.0785992
0.08292
0.0872513
0.0915867
0.0959191
0.100239
0.104536
0.108805
0.113038
0.117231
0.121378
0.125473
0.129508
0.133478
0.13738
0.141208
0.144955
0.148614
0.152176
0.155633
0.158973
0.162194
0.165292
0.168261
0.171093
0.17378
0.176317
0.178695
0.180911
0.182962
0.184846
0.186558
0.188091
0.189444
0.190618
0.19161
0.192417
0.193037
0.19347
0.193719
0.193781
0.193651
0.193328
0.19281
0.192099
0.191196
0.190097
0.188801
0.187327
0.185692
0.18373
0.181301
-0.0114114
-0.0139148
-0.0159335
-0.0176127
-0.0191224
-0.0204462
-0.0215693
-0.0224912
-0.0232113
-0.02373
-0.0240497
-0.0241734
-0.0241041
-0.0238454
-0.0234007
-0.0227725
-0.021962
-0.0209692
-0.0197942
-0.0184388
-0.0169068
-0.0152021
-0.013328
-0.0112874
-0.0090831
-0.00671999
-0.00420396
-0.00154056
0.00126479
0.00420664
0.00727971
0.010478
0.0137953
0.0172259
0.0207653
0.0244093
0.0281525
0.0319885
0.0359094
0.0399072
0.0439751
0.0481076
0.0522998
0.0565463
0.0608396
0.0651724
0.069538
0.07393
0.0783438
0.0827749
0.0872168
0.0916631
0.0961069
0.100539
0.104952
0.109336
0.113684
0.117989
0.122246
0.126449
0.130591
0.134667
0.138673
0.142605
0.146454
0.150212
0.153872
0.157423
0.160858
0.164171
0.16736
0.170417
0.173332
0.176098
0.178707
0.181153
0.183432
0.185543
0.187483
0.189247
0.190828
0.192223
0.193432
0.194453
0.195285
0.195924
0.196371
0.196626
0.196687
0.196551
0.196214
0.195679
0.194947
0.194015
0.192882
0.191548
0.190031
0.18835
0.186334
0.183838
-0.0141761
-0.0167522
-0.0188286
-0.0205555
-0.0221098
-0.0234736
-0.0246301
-0.0255792
-0.0263212
-0.0268557
-0.0271846
-0.0273113
-0.0272402
-0.0269752
-0.026519
-0.0258731
-0.0250381
-0.0240144
-0.0228036
-0.0214085
-0.0198329
-0.0180796
-0.016151
-0.0140501
-0.011781
-0.00934932
-0.00676093
-0.00402074
-0.00113397
0.00189322
0.00505451
0.00834329
0.0117536
0.0152808
0.0189207
0.0226683
0.0265171
0.0304599
0.0344885
0.0385955
0.0427752
0.0470224
0.0513313
0.055695
0.0601054
0.0645554
0.0690385
0.073548
0.078079
0.0826266
0.087185
0.0917483
0.09631
0.100862
0.105396
0.109901
0.11437
0.118793
0.123167
0.127486
0.131743
0.135934
0.140053
0.144094
0.148048
0.151911
0.155673
0.159326
0.162861
0.166273
0.169558
0.172708
0.175711
0.178559
0.181244
0.183762
0.18611
0.188288
0.19029
0.19211
0.19374
0.195179
0.196426
0.197482
0.198342
0.199004
0.199467
0.19973
0.19979
0.199647
0.199298
0.198744
0.197987
0.197025
0.195856
0.194481
0.192921
0.191193
0.18912
0.186553
-0.0171227
-0.0197767
-0.0219154
-0.0236925
-0.025292
-0.026697
-0.0278889
-0.0288666
-0.0296306
-0.0301814
-0.0305208
-0.0306526
-0.0305811
-0.0303098
-0.0298404
-0.0291735
-0.0283104
-0.027253
-0.0260042
-0.0245668
-0.0229435
-0.0211365
-0.0191484
-0.0169834
-0.0146463
-0.0121423
-0.00947638
-0.00665334
-0.00367911
-0.000561084
0.00269377
0.00607913
0.00958971
0.0132212
0.016969
0.0208266
0.0247866
0.0288414
0.0329838
0.037207
0.0415054
0.0458734
0.0503049
0.0547919
0.059326
0.0639004
0.0685087
0.0731437
0.0777992
0.08247
0.0871514
0.0918385
0.0965249
0.101203
0.105862
0.110494
0.115088
0.119637
0.124137
0.128581
0.132964
0.137277
0.141516
0.145672
0.149739
0.153713
0.157585
0.161347
0.164989
0.168507
0.171893
0.175138
0.178233
0.181167
0.183935
0.186533
0.188958
0.191207
0.193274
0.195153
0.196835
0.198321
0.199613
0.200708
0.201602
0.20229
0.202769
0.203039
0.2031
0.20295
0.202588
0.202015
0.201232
0.200237
0.19903
0.197613
0.196006
0.194228
0.192094
0.189451
-0.0202587
-0.0229941
-0.0251987
-0.0270293
-0.0286759
-0.0301229
-0.0313513
-0.0323585
-0.0331455
-0.0337139
-0.034066
-0.0342049
-0.0341337
-0.0338547
-0.0333692
-0.0326786
-0.0317853
-0.0306924
-0.0294027
-0.0279186
-0.0262423
-0.0243767
-0.0223254
-0.020093
-0.0176841
-0.0151028
-0.0123538
-0.00944239
-0.00637582
-0.00316222
0.000191722
0.00368044
0.00729888
0.0110422
0.0149045
0.0188783
0.0229553
0.0271286
0.0313918
0.0357384
0.0401619
0.0446565
0.0492159
0.0538324
0.0584972
0.0632034
0.0679445
0.0727123
0.0774997
0.0823012
0.0871129
0.0919312
0.0967497
0.101559
0.106351
0.111114
0.11584
0.120523
0.125157
0.129737
0.134252
0.138696
0.143062
0.147342
0.151531
0.155624
0.159615
0.163494
0.167251
0.170879
0.174371
0.177716
0.180906
0.183934
0.186792
0.189476
0.191983
0.194307
0.196443
0.198383
0.200123
0.201663
0.203005
0.204144
0.205074
0.205787
0.206283
0.206563
0.206626
0.206471
0.206096
0.205502
0.20469
0.203661
0.202414
0.200954
0.199298
0.197466
0.195267
0.192542
-0.0235919
-0.0264118
-0.0286853
-0.0305729
-0.0322693
-0.0337589
-0.035024
-0.0360621
-0.0368743
-0.0374625
-0.037829
-0.0379755
-0.0379035
-0.0376147
-0.0371112
-0.0363953
-0.0354702
-0.034339
-0.0330041
-0.0314679
-0.0297335
-0.0278051
-0.0256871
-0.0233834
-0.0208974
-0.0182329
-0.0153953
-0.0123909
-0.00922772
-0.00591345
-0.00245412
0.00114519
0.0048788
0.00874056
0.0127235
0.0168198
0.021021
0.0253204
0.029712
0.0341889
0.0387438
0.0433704
0.0480635
0.052816
0.0576189
0.0624645
0.0673452
0.0722529
0.0771799
0.0821204
0.0870711
0.0920285
0.0969861
0.101934
0.106864
0.111765
0.11663
0.121454
0.126233
0.130955
0.135612
0.140193
0.144694
0.149107
0.153427
0.157651
0.161769
0.165773
0.16965
0.173393
0.176994
0.180444
0.183737
0.186864
0.189819
0.192596
0.195188
0.19759
0.199797
0.201804
0.203608
0.20521
0.206606
0.207792
0.208756
0.209496
0.210011
0.210303
0.210371
0.210212
0.209823
0.209207
0.208366
0.207302
0.206015
0.204508
0.202801
0.200911
0.198642
0.195831
-0.0271304
-0.0300388
-0.0323839
-0.0343312
-0.0360795
-0.0376131
-0.0389158
-0.0399868
-0.0408268
-0.0414367
-0.0418177
-0.0419705
-0.0418962
-0.0415966
-0.0410742
-0.0403317
-0.0393721
-0.0381983
-0.036813
-0.0352197
-0.0334231
-0.0314282
-0.0292386
-0.0268577
-0.0242882
-0.0215347
-0.0186036
-0.015502
-0.0122371
-0.00881598
-0.00524428
-0.0015274
0.00232792
0.00631424
0.0104242
0.0146501
0.0189837
0.0234175
0.0279449
0.0325588
0.0372515
0.0420167
0.0468501
0.0517456
0.056694
0.0616861
0.0667135
0.0717681
0.0768425
0.0819311
0.0870298
0.0921346
0.0972386
0.102333
0.107407
0.112454
0.117466
0.12244
0.127369
0.132241
0.137045
0.141771
0.146414
0.150969
0.155431
0.159794
0.164048
0.168182
0.172183
0.176046
0.179763
0.183327
0.18673
0.189964
0.193021
0.195893
0.198574
0.201059
0.203344
0.205425
0.207301
0.208968
0.210421
0.211652
0.212653
0.213422
0.21396
0.214267
0.214341
0.214177
0.213774
0.213136
0.212266
0.211167
0.209838
0.208282
0.20652
0.204569
0.202227
0.199324
-0.0308811
-0.0338833
-0.0363028
-0.0383113
-0.040114
-0.0416945
-0.0430375
-0.0441436
-0.0450129
-0.0456448
-0.0460395
-0.0461975
-0.0461202
-0.0458093
-0.0452669
-0.0444954
-0.0434973
-0.0422762
-0.0408362
-0.0391821
-0.0373196
-0.0352531
-0.0329857
-0.0305205
-0.0278611
-0.0250132
-0.0219837
-0.0187792
-0.0154061
-0.0118711
-0.00818024
-0.00433957
-0.00035664
0.00376055
0.00800459
0.0123681
0.0168426
0.021419
0.0260895
0.0308473
0.0356849
0.0405965
0.045578
0.0506239
0.0557247
0.0608702
0.0660512
0.0712599
0.0764898
0.0817353
0.0869911
0.0922516
0.0975096
0.102757
0.107985
0.113185
0.118353
0.123483
0.128568
0.133596
0.138553
0.143431
0.148226
0.152931
0.157543
0.162053
0.166451
0.17072
0.174853
0.178843
0.182685
0.186371
0.189893
0.193241
0.196405
0.199377
0.202151
0.204726
0.207097
0.209261
0.211213
0.212948
0.214459
0.215737
0.216778
0.21758
0.218144
0.218468
0.218547
0.218378
0.217962
0.217302
0.216404
0.215267
0.213894
0.212286
0.210466
0.20845
0.206029
0.20303
-0.0348489
-0.0379515
-0.0404493
-0.0425212
-0.0443814
-0.046013
-0.0473997
-0.0485423
-0.0494409
-0.0500944
-0.0505026
-0.0506658
-0.0505851
-0.0502618
-0.0496971
-0.048893
-0.0478527
-0.046581
-0.0450833
-0.0433653
-0.0414321
-0.0392878
-0.0369354
-0.0343791
-0.0316239
-0.0286759
-0.0255418
-0.0222275
-0.0187389
-0.0150829
-0.0112666
-0.00729655
-0.00318007
0.00107498
0.00546101
0.00997038
0.0145937
0.0193204
0.0241416
0.0290506
0.0340412
0.0391077
0.0442458
0.0494493
0.0547088
0.060014
0.0653557
0.0707263
0.0761197
0.0815301
0.0869513
0.092376
0.0977963
0.103205
0.108595
0.113959
0.119291
0.124584
0.129831
0.13502
0.140138
0.145177
0.150131
0.154996
0.159766
0.16443
0.168976
0.17339
0.177662
0.181789
0.185765
0.189583
0.193232
0.1967
0.199977
0.203055
0.205931
0.208604
0.21107
0.213323
0.215355
0.217158
0.218728
0.220058
0.221143
0.221983
0.222574
0.222915
0.223
0.222827
0.222398
0.221718
0.22079
0.219615
0.218195
0.216533
0.21465
0.212566
0.210061
0.206956
-0.039038
-0.0422482
-0.0448302
-0.0469698
-0.0488911
-0.0505773
-0.0520104
-0.0531908
-0.054119
-0.0547945
-0.0552166
-0.0553851
-0.0553
-0.0549618
-0.0543715
-0.0535317
-0.0524469
-0.0511227
-0.0495649
-0.0477789
-0.0457693
-0.0435404
-0.0410967
-0.0384434
-0.0355866
-0.032532
-0.0292858
-0.0258537
-0.0222421
-0.0184587
-0.014511
-0.0104057
-0.00614911
-0.00174866
0.0027873
0.00745
0.0122292
0.0171135
0.0220931
0.0271617
0.0323138
0.037544
0.0428467
0.0482149
0.0536394
0.0591108
0.0646205
0.0701609
0.0757256
0.0813085
0.0869028
0.0925002
0.0980924
0.103673
0.109235
0.114771
0.120275
0.12574
0.131157
0.136514
0.141801
0.147009
0.152133
0.157166
0.162099
0.166923
0.171624
0.17619
0.180612
0.184887
0.189008
0.192966
0.196748
0.200342
0.203739
0.206932
0.20992
0.212701
0.215268
0.217613
0.219726
0.221602
0.223236
0.224622
0.225757
0.226636
0.227256
0.227613
0.227705
0.22753
0.227089
0.226388
0.225429
0.224215
0.222747
0.221028
0.21908
0.216922
0.214328
0.211111
-0.0434545
-0.0467794
-0.0494525
-0.0516655
-0.0536518
-0.0553952
-0.0568771
-0.0580974
-0.0590571
-0.0597556
-0.0601917
-0.0603641
-0.060272
-0.0599159
-0.0592975
-0.0584204
-0.0572898
-0.0559113
-0.0542902
-0.0524311
-0.0503392
-0.0480201
-0.0454796
-0.042724
-0.0397589
-0.0365899
-0.0332232
-0.0296656
-0.0259242
-0.022007
-0.0179217
-0.0136742
-0.00927022
-0.00471688
-2.37503e-05
0.00479896
0.00974046
0.0147893
0.0199358
0.025173
0.0304954
0.0358972
0.0413722
0.0469124
0.0525089
0.0581536
0.0638389
0.069557
0.0753009
0.0810639
0.0868389
0.0926176
0.0983917
0.104154
0.109898
0.115617
0.121302
0.126947
0.132543
0.138078
0.143543
0.14893
0.154231
0.159439
0.164543
0.169533
0.174396
0.179123
0.183706
0.188139
0.192413
0.196518
0.200439
0.204167
0.207694
0.211014
0.214124
0.21702
0.219693
0.222133
0.224332
0.226287
0.227992
0.229442
0.230629
0.231548
0.232197
0.232573
0.232674
0.232497
0.232045
0.231322
0.230332
0.229078
0.22756
0.225781
0.223764
0.221527
0.218837
0.215502
-0.0481074
-0.0515533
-0.0543233
-0.0566156
-0.0586716
-0.0604756
-0.0620093
-0.0632728
-0.0642661
-0.0649879
-0.0654365
-0.0656101
-0.0655082
-0.0651321
-0.0644845
-0.0635691
-0.0623909
-0.0609549
-0.0592658
-0.0573285
-0.0551494
-0.0527355
-0.0500934
-0.047229
-0.044148
-0.0408563
-0.0373612
-0.0336707
-0.0297929
-0.0257352
-0.0215047
-0.0171071
-0.012548
-0.00783486
-0.00297808
0.00201103
0.0071215
0.0123425
0.0176644
0.0230793
0.0285805
0.0341617
0.0398165
0.0455366
0.0513134
0.0571395
0.0630082
0.0689121
0.0748431
0.0807939
0.0867576
0.0927265
0.0986921
0.104647
0.110583
0.116493
0.122369
0.128205
0.13399
0.139715
0.145368
0.150942
0.156428
0.161817
0.167099
0.172264
0.177299
0.182197
0.18695
0.191549
0.195984
0.200242
0.204312
0.208185
0.211853
0.21531
0.218551
0.221568
0.224352
0.226892
0.229185
0.231227
0.233011
0.234528
0.23577
0.236732
0.237413
0.237811
0.237922
0.237744
0.23728
0.236535
0.235513
0.234217
0.232647
0.230805
0.228713
0.226392
0.2236
0.22014
-0.0530065
-0.0565794
-0.0594517
-0.0618287
-0.0639602
-0.06583
-0.0674196
-0.0687287
-0.0697563
-0.0705005
-0.0709594
-0.0711319
-0.0710187
-0.0706217
-0.0699437
-0.0689879
-0.0677585
-0.0662602
-0.064498
-0.062478
-0.0602076
-0.0576944
-0.0549446
-0.0519641
-0.0487592
-0.045337
-0.0417061
-0.0378756
-0.0338537
-0.0296474
-0.0252631
-0.0207068
-0.015985
-0.0111054
-0.00607857
-0.000916015
0.00437117
0.00977245
0.0152781
0.0208793
0.0265675
0.032336
0.0381785
0.0440874
0.0500539
0.0560706
0.062131
0.0682281
0.0743541
0.0805012
0.0866624
0.0928301
0.0989963
0.105153
0.111291
0.117402
0.123479
0.129515
0.135501
0.141426
0.147278
0.153049
0.158727
0.164305
0.169774
0.175123
0.180341
0.18542
0.19035
0.195122
0.199725
0.204146
0.208375
0.212404
0.216223
0.219827
0.223205
0.226349
0.229249
0.2319
0.234296
0.236433
0.2383
0.239888
0.241187
0.242196
0.242914
0.243336
0.243458
0.24328
0.242804
0.242037
0.240983
0.239643
0.238018
0.236108
0.233937
0.231527
0.228628
0.225032
-0.0581611
-0.0618685
-0.0648491
-0.067317
-0.0695305
-0.0714716
-0.0731205
-0.0744762
-0.0755377
-0.076303
-0.0767712
-0.0769422
-0.0768171
-0.0763978
-0.0756867
-0.0746863
-0.0734006
-0.0718347
-0.0699947
-0.0678876
-0.0655212
-0.0629026
-0.060038
-0.0569337
-0.0535973
-0.0500376
-0.0462639
-0.0422853
-0.0381103
-0.033746
-0.0291986
-0.024475
-0.0195827
-0.0145295
-0.00932533
-0.00398121
0.00149142
0.00708142
0.0127788
0.0185738
0.0244572
0.0304214
0.0364604
0.0425673
0.0487334
0.0549503
0.0612111
0.0675093
0.0738381
0.0801903
0.0865582
0.0929337
0.0993088
0.105675
0.112024
0.118346
0.124633
0.130879
0.137076
0.143211
0.149272
0.155247
0.161128
0.166904
0.172569
0.178113
0.183525
0.188793
0.193908
0.19886
0.203639
0.208233
0.212633
0.216829
0.22081
0.224566
0.228087
0.231365
0.234392
0.237162
0.23967
0.241907
0.243862
0.245524
0.246887
0.247949
0.248707
0.249155
0.24929
0.249111
0.248625
0.247837
0.24675
0.245364
0.24368
0.241698
0.239443
0.236939
0.233925
0.230187
-0.063581
-0.0674328
-0.07053
-0.0730951
-0.0753961
-0.0774124
-0.0791227
-0.0805257
-0.0816213
-0.0824084
-0.0828867
-0.0830565
-0.0829185
-0.0824743
-0.0817255
-0.080675
-0.0793273
-0.0776887
-0.075766
-0.0735663
-0.0710974
-0.0683662
-0.0653792
-0.062144
-0.0586693
-0.054965
-0.0510405
-0.0469046
-0.0425664
-0.038034
-0.0333144
-0.0284151
-0.0233437
-0.0181084
-0.0127183
-0.0071837
-0.00151676
0.00427015
0.0101664
0.0161625
0.0222491
0.0284181
0.0346633
0.0409776
0.0473526
0.0537792
0.0602495
0.0667574
0.0732975
0.0798636
0.0864474
0.0930396
0.0996316
0.106215
0.112782
0.119323
0.12583
0.132297
0.138712
0.145066
0.151343
0.157533
0.163625
0.169612
0.175485
0.181234
0.186848
0.192314
0.197623
0.202766
0.207731
0.21251
0.217092
0.221464
0.225614
0.229531
0.233204
0.236626
0.23979
0.242689
0.245315
0.247658
0.249706
0.25145
0.252884
0.254004
0.254804
0.255281
0.25543
0.255254
0.25476
0.25395
0.252828
0.251393
0.249644
0.247586
0.245243
0.242638
0.239503
0.235614
-0.069278
-0.0732854
-0.0765081
-0.0791765
-0.0815688
-0.083663
-0.0854366
-0.0868893
-0.0880215
-0.0888326
-0.0893224
-0.0894908
-0.0893378
-0.0888645
-0.0880729
-0.0869668
-0.0855517
-0.0838347
-0.081823
-0.0795237
-0.0769445
-0.0740929
-0.0709766
-0.0676038
-0.0639839
-0.0601268
-0.0560422
-0.0517393
-0.047228
-0.0425179
-0.0376173
-0.0325333
-0.0272734
-0.0218458
-0.0162599
-0.010526
-0.00465648
0.00133505
0.00743743
0.013642
0.0199401
0.0263234
0.0327845
0.0393156
0.0459081
0.0525531
0.0592423
0.0659696
0.0727304
0.0795191
0.0863276
0.0931451
0.0999621
0.106771
0.113563
0.120331
0.127066
0.133762
0.140405
0.146985
0.153487
0.159901
0.166217
0.172426
0.178519
0.184484
0.19031
0.195985
0.2015
0.206844
0.212009
0.216985
0.221758
0.226316
0.230643
0.23473
0.238566
0.242144
0.245455
0.24849
0.25124
0.253694
0.255843
0.257678
0.259189
0.260371
0.261218
0.261726
0.261895
0.261726
0.261224
0.260391
0.25923
0.257742
0.255925
0.253786
0.251348
0.248637
0.245372
0.241321
-0.0752646
-0.0794381
-0.0827943
-0.0855713
-0.0880586
-0.0902342
-0.0920752
-0.0935817
-0.0947542
-0.0955921
-0.0960942
-0.0962597
-0.0960886
-0.0955822
-0.0947432
-0.0935762
-0.0920878
-0.0902858
-0.0881775
-0.0857704
-0.0830729
-0.0800936
-0.0768411
-0.0733237
-0.0695504
-0.0655313
-0.0612769
-0.0567975
-0.052104
-0.0472073
-0.0421163
-0.0368379
-0.0313788
-0.0257482
-0.0199565
-0.0140145
-0.00793466
-0.00173083
0.00458574
0.011007
0.0175253
0.0241323
0.0308188
0.0375755
0.0443939
0.0512656
0.0581832
0.0651403
0.0721319
0.0791526
0.086194
0.0932451
0.100296
0.107338
0.114364
0.121367
0.128339
0.135271
0.142151
0.148965
0.155702
0.162351
0.168902
0.175346
0.18167
0.187864
0.193913
0.199808
0.205541
0.211101
0.216478
0.221661
0.226636
0.231387
0.235903
0.240171
0.244182
0.247926
0.251392
0.25457
0.25745
0.260026
0.262285
0.264217
0.265812
0.26706
0.267958
0.268504
0.268697
0.268537
0.268027
0.26717
0.265968
0.264422
0.262534
0.260308
0.25777
0.254945
0.251541
0.247317
-0.081552
-0.0859012
-0.0893978
-0.0922892
-0.0948773
-0.09714
-0.0990539
-0.100619
-0.101835
-0.102701
-0.103216
-0.103377
-0.103185
-0.102642
-0.101751
-0.100518
-0.0989497
-0.0970548
-0.0948416
-0.0923187
-0.0894954
-0.086381
-0.0829844
-0.0793136
-0.0753775
-0.0711868
-0.0667533
-0.0620889
-0.0572049
-0.0521124
-0.0468207
-0.041337
-0.0356678
-0.0298233
-0.0238157
-0.017657
-0.011359
-0.00493436
0.00160575
0.00825328
0.015001
0.0218404
0.0287609
0.0357521
0.0428049
0.0499123
0.0570677
0.064265
0.071498
0.0787604
0.0860433
0.0933363
0.100629
0.107914
0.115184
0.122431
0.129647
0.136824
0.143947
0.151006
0.157987
0.164881
0.171678
0.178367
0.184935
0.191369
0.197655
0.203784
0.209747
0.215536
0.221137
0.226538
0.231725
0.236682
0.241398
0.245861
0.250058
0.253978
0.257606
0.260935
0.263958
0.266665
0.269044
0.27108
0.272761
0.274082
0.275039
0.275629
0.275851
0.275701
0.275183
0.274299
0.273053
0.271447
0.269483
0.267165
0.264519
0.261572
0.25802
0.253613
-0.0881498
-0.0926848
-0.0963301
-0.0993433
-0.10204
-0.104396
-0.106389
-0.108016
-0.109278
-0.110174
-0.1107
-0.110855
-0.11064
-0.110057
-0.10911
-0.107805
-0.10615
-0.104154
-0.101829
-0.0991821
-0.0962252
-0.0929672
-0.0894167
-0.0855821
-0.0814731
-0.0771015
-0.0724803
-0.0676225
-0.0625391
-0.0572406
-0.051737
-0.0460363
-0.0401463
-0.0340779
-0.0278449
-0.0214601
-0.0149346
-0.00827954
-0.00150537
0.00537905
0.0123657
0.0194458
0.0266086
0.0338431
0.0411401
0.0484928
0.0558958
0.0633428
0.0708273
0.0783412
0.0858749
0.0934186
0.100963
0.108501
0.116023
0.123523
0.130992
0.13842
0.145796
0.153107
0.160343
0.167492
0.174546
0.18149
0.188312
0.194998
0.201534
0.207911
0.21412
0.220149
0.225985
0.231616
0.237028
0.242205
0.247136
0.251806
0.2562
0.260304
0.264106
0.267599
0.270776
0.273626
0.276131
0.278276
0.280053
0.281455
0.28248
0.28312
0.283373
0.283234
0.282708
0.281797
0.280506
0.278836
0.276791
0.274373
0.271612
0.268534
0.264822
0.260219
-0.0950691
-0.0998023
-0.103606
-0.106751
-0.109563
-0.11202
-0.114095
-0.115788
-0.117098
-0.118023
-0.11856
-0.118709
-0.118469
-0.117842
-0.116833
-0.11545
-0.113701
-0.111598
-0.109152
-0.106374
-0.103274
-0.0998619
-0.096146
-0.0921365
-0.0878446
-0.0832829
-0.0784653
-0.0734045
-0.0681114
-0.0625958
-0.0568685
-0.0509397
-0.0448187
-0.038517
-0.0320489
-0.0254276
-0.0186636
-0.0117671
-0.00474786
0.00238418
0.0096197
0.0169493
0.0243627
0.0318495
0.0394007
0.0470094
0.0546697
0.0623756
0.0701201
0.0778947
0.085689
0.093493
0.101298
0.109098
0.116883
0.124645
0.132375
0.140063
0.147699
0.155272
0.162772
0.170187
0.177506
0.184716
0.191803
0.198752
0.205552
0.21219
0.218656
0.224938
0.231022
0.236896
0.242547
0.247959
0.253119
0.258007
0.262609
0.266909
0.270899
0.274571
0.277914
0.280915
0.283554
0.285818
0.2877
0.289194
0.290293
0.290988
0.291274
0.291149
0.290616
0.289679
0.28834
0.286603
0.28447
0.281947
0.279061
0.275843
0.271962
0.267147
-0.102324
-0.10727
-0.111245
-0.114529
-0.117466
-0.120028
-0.122191
-0.123952
-0.125311
-0.126266
-0.126815
-0.126954
-0.126685
-0.126009
-0.124934
-0.123466
-0.121618
-0.119401
-0.116827
-0.113908
-0.110653
-0.107074
-0.103181
-0.0989849
-0.0944999
-0.0897385
-0.0847137
-0.0794385
-0.0739238
-0.0681796
-0.0622175
-0.0560501
-0.0496884
-0.0431439
-0.0364303
-0.0295607
-0.022546
-0.0153962
-0.00812119
-0.000731341
0.00676293
0.0143516
0.0220249
0.0297736
0.037589
0.0454639
0.0533912
0.0613643
0.0693767
0.0774203
0.0854846
0.0935593
0.101636
0.109707
0.117763
0.125797
0.133798
0.141756
0.149662
0.157506
0.165278
0.172968
0.180562
0.188048
0.195411
0.202635
0.20971
0.216621
0.223357
0.229904
0.23625
0.242382
0.248287
0.253948
0.259347
0.264466
0.269289
0.273802
0.277996
0.28186
0.285381
0.288541
0.291324
0.293719
0.295718
0.297313
0.298491
0.299245
0.299568
0.299461
0.298924
0.29796
0.296572
0.294763
0.292537
0.2899
0.286882
0.283514
0.279451
0.27441
-0.109932
-0.115106
-0.119264
-0.122697
-0.125765
-0.12844
-0.130695
-0.132528
-0.133939
-0.134924
-0.135481
-0.135608
-0.135305
-0.134576
-0.133429
-0.131873
-0.129918
-0.127579
-0.124867
-0.121794
-0.118372
-0.114613
-0.110531
-0.106137
-0.101448
-0.0964749
-0.0912304
-0.0857275
-0.0799783
-0.0739939
-0.067787
-0.061371
-0.0547583
-0.0479604
-0.04099
-0.0338598
-0.0265818
-0.019167
-0.0116258
-0.00396851
0.00379443
0.0116527
0.0195965
0.0276169
0.035706
0.0438561
0.0520591
0.0603078
0.0685958
0.076916
0.0852589
0.093614
0.101972
0.110323
0.118661
0.126975
0.135256
0.143495
0.151681
0.159806
0.16786
0.175833
0.183713
0.191485
0.199135
0.206648
0.214008
0.221204
0.228222
0.235049
0.241672
0.248078
0.254251
0.260173
0.265825
0.27119
0.276251
0.280995
0.285408
0.289477
0.293186
0.296518
0.29946
0.301999
0.304126
0.305828
0.307092
0.30791
0.308277
0.308192
0.307653
0.306661
0.305221
0.303337
0.301013
0.298255
0.295095
0.291566
0.287306
0.282024
-0.117908
-0.123327
-0.127682
-0.131275
-0.134484
-0.137279
-0.139631
-0.14154
-0.143003
-0.144017
-0.14458
-0.14469
-0.14435
-0.143564
-0.14234
-0.140688
-0.13862
-0.136148
-0.133286
-0.130046
-0.126444
-0.122493
-0.118209
-0.113606
-0.108698
-0.103499
-0.0980209
-0.0922762
-0.0862795
-0.0800436
-0.0735814
-0.0669065
-0.0600314
-0.052968
-0.0457284
-0.0383256
-0.0307725
-0.0230815
-0.0152637
-0.00732907
0.000712768
0.00885154
0.0170769
0.0253794
0.0337511
0.0421841
0.0506704
0.0592024
0.067774
0.0763785
0.0850075
0.093651
0.102298
0.11094
0.119567
0.12817
0.136742
0.145272
0.15375
0.162167
0.170513
0.17878
0.186956
0.195026
0.202975
0.210787
0.218446
0.225939
0.233253
0.240375
0.247291
0.253985
0.26044
0.266637
0.272558
0.278186
0.283504
0.288495
0.293143
0.297429
0.30134
0.30486
0.307976
0.310674
0.312938
0.314754
0.316112
0.317003
0.317421
0.317361
0.316821
0.315802
0.314308
0.312345
0.309917
0.30703
0.303718
0.300015
0.295544
0.289999
-0.126269
-0.131953
-0.136519
-0.140285
-0.143645
-0.146569
-0.149026
-0.151012
-0.152528
-0.15357
-0.154136
-0.154227
-0.153845
-0.152996
-0.151689
-0.149933
-0.14774
-0.145124
-0.142099
-0.13868
-0.134884
-0.130729
-0.126231
-0.121404
-0.116262
-0.110821
-0.105093
-0.0990925
-0.0928354
-0.0863357
-0.0796067
-0.0726609
-0.0655106
-0.0581682
-0.0506469
-0.0429599
-0.0351207
-0.0271428
-0.0190377
-0.010815
-0.00248347
0.0059468
0.0144645
0.0230591
0.0317217
0.0404451
0.0492216
0.0580446
0.0669078
0.0758047
0.0847272
0.0936657
0.10261
0.111549
0.120475
0.129378
0.13825
0.147081
0.155862
0.164582
0.173234
0.181806
0.190289
0.198669
0.206928
0.215052
0.223023
0.230829
0.238455
0.245887
0.25311
0.260106
0.266857
0.273345
0.279554
0.285464
0.291057
0.296311
0.301206
0.305726
0.309857
0.313583
0.316889
0.319756
0.322167
0.324109
0.325572
0.326545
0.327019
0.326988
0.326449
0.325403
0.323855
0.321809
0.319271
0.316245
0.312769
0.308878
0.304179
0.298351
-0.135033
-0.141003
-0.145797
-0.149751
-0.153274
-0.156336
-0.158903
-0.160971
-0.162541
-0.163609
-0.164177
-0.164245
-0.163817
-0.162899
-0.161499
-0.159628
-0.157298
-0.154524
-0.151323
-0.147713
-0.143711
-0.139338
-0.13461
-0.129542
-0.12415
-0.118449
-0.112457
-0.106187
-0.0996557
-0.0928787
-0.0858689
-0.0786383
-0.0711988
-0.063564
-0.0557483
-0.0477658
-0.0396302
-0.0313546
-0.0229508
-0.0144284
-0.00579609
0.00293615
0.0117561
0.020652
0.0296143
0.038636
0.0477106
0.0568324
0.0659955
0.0751931
0.0844164
0.0936564
0.102903
0.112148
0.121381
0.130593
0.139776
0.14892
0.158014
0.16705
0.176017
0.184909
0.193712
0.202413
0.210996
0.219444
0.227742
0.235877
0.243831
0.251588
0.259132
0.266445
0.273509
0.280307
0.286822
0.293034
0.298918
0.30445
0.30961
0.314384
0.318755
0.322707
0.326217
0.329266
0.331837
0.333919
0.335498
0.336561
0.337097
0.337099
0.336563
0.335491
0.333886
0.331753
0.329097
0.325922
0.322269
0.318175
0.313229
0.307095
-0.144217
-0.150497
-0.15554
-0.159695
-0.163395
-0.166605
-0.169288
-0.171443
-0.173069
-0.174166
-0.174734
-0.174775
-0.174294
-0.173297
-0.171793
-0.169793
-0.167312
-0.164368
-0.160978
-0.157162
-0.152941
-0.148334
-0.143359
-0.138033
-0.132373
-0.126398
-0.120124
-0.11357
-0.10675
-0.0996802
-0.0923738
-0.084843
-0.0771001
-0.0691594
-0.0610368
-0.0527475
-0.0443046
-0.0357203
-0.027006
-0.018172
-0.00922773
-0.000183769
0.00894735
0.0181533
0.0274243
0.0367536
0.0461354
0.0555647
0.0650359
0.0745419
0.0840737
0.093622
0.103178
0.112735
0.122283
0.131814
0.141319
0.150786
0.160204
0.169566
0.178862
0.188083
0.197219
0.206256
0.215176
0.223964
0.232604
0.241082
0.249379
0.257478
0.265359
0.273005
0.280401
0.28753
0.294371
0.300901
0.307093
0.312922
0.318369
0.323419
0.328052
0.332245
0.335975
0.339223
0.341973
0.344209
0.345916
0.347076
0.34768
0.34772
0.347192
0.346095
0.344431
0.342205
0.339421
0.336085
0.33224
0.327927
0.322714
0.316249
-0.153843
-0.160457
-0.165769
-0.170142
-0.174032
-0.1774
-0.180209
-0.182457
-0.184144
-0.18527
-0.185835
-0.185844
-0.1853
-0.184213
-0.182592
-0.18045
-0.177805
-0.174675
-0.171081
-0.167045
-0.162588
-0.157729
-0.15249
-0.146888
-0.140944
-0.134677
-0.128107
-0.121252
-0.114127
-0.106747
-0.0991265
-0.0912797
-0.0832189
-0.0749592
-0.0665172
-0.0579086
-0.0491464
-0.0402418
-0.0312054
-0.0220483
-0.0127814
-0.00341651
0.00603395
0.0155583
0.0251474
0.0347944
0.0444937
0.0542399
0.0640273
0.0738488
0.083696
0.0935602
0.103434
0.113309
0.123181
0.13304
0.142875
0.152675
0.162429
0.172127
0.181763
0.191326
0.200808
0.210192
0.219464
0.228608
0.237606
0.246442
0.255096
0.263551
0.271786
0.279787
0.287536
0.295016
0.302202
0.309068
0.315588
0.321737
0.327495
0.332843
0.337757
0.34221
0.346181
0.349649
0.352596
0.355002
0.356846
0.358115
0.358796
0.358881
0.358365
0.357243
0.355517
0.353191
0.35027
0.346761
0.342708
0.338159
0.332657
0.325834
-0.163929
-0.170908
-0.176509
-0.181118
-0.185214
-0.188754
-0.1917
-0.194047
-0.195798
-0.196952
-0.197512
-0.19748
-0.196864
-0.195674
-0.193922
-0.191623
-0.188797
-0.185466
-0.181652
-0.177378
-0.172665
-0.167536
-0.162014
-0.15612
-0.149874
-0.143299
-0.136415
-0.12924
-0.121791
-0.114083
-0.106132
-0.0979521
-0.0895588
-0.0809666
-0.0721919
-0.0632505
-0.0541556
-0.0449182
-0.0355488
-0.0260585
-0.0164594
-0.00676448
0.00301377
0.0128651
0.0227816
0.0327565
0.0427835
0.0528563
0.0629681
0.0731123
0.0832817
0.0934692
0.103668
0.113872
0.124076
0.13427
0.144444
0.154586
0.164685
0.174731
0.184716
0.194634
0.204473
0.21422
0.223858
0.233371
0.242741
0.25195
0.260977
0.269805
0.278416
0.286792
0.294916
0.302766
0.310316
0.31754
0.324412
0.330906
0.337001
0.34267
0.347886
0.352623
0.356858
0.360569
0.363732
0.366322
0.36832
0.369709
0.370479
0.370618
0.370116
0.36897
0.367179
0.364747
0.361679
0.357983
0.353707
0.348901
0.343087
0.335874
-0.174501
-0.181875
-0.187791
-0.192657
-0.196976
-0.200703
-0.203795
-0.206248
-0.208065
-0.209246
-0.209794
-0.209713
-0.209014
-0.207707
-0.205809
-0.203337
-0.200313
-0.196762
-0.192708
-0.188175
-0.183188
-0.177769
-0.171945
-0.165739
-0.159173
-0.15227
-0.145052
-0.137538
-0.129746
-0.121692
-0.113392
-0.104863
-0.096121
-0.0871815
-0.0780599
-0.0687714
-0.0593297
-0.0497468
-0.0400335
-0.0302009
-0.0202611
-0.0102274
-0.00011221
0.0100754
0.0203285
0.0306406
0.0410045
0.0514126
0.0618574
0.0723321
0.0828313
0.09335
0.103883
0.114425
0.124968
0.135505
0.146025
0.156516
0.166969
0.177373
0.187721
0.198004
0.208214
0.218334
0.228352
0.238247
0.248004
0.257601
0.26702
0.276241
0.285248
0.294021
0.30254
0.31078
0.318717
0.326324
0.333575
0.340442
0.346896
0.35291
0.358453
0.363502
0.368029
0.372006
0.375404
0.378198
0.380367
0.381894
0.382766
0.382966
0.382485
0.381315
0.379455
0.37691
0.373685
0.369788
0.365272
0.36019
0.354035
0.346396
-0.185586
-0.193391
-0.199653
-0.204798
-0.209358
-0.213286
-0.216534
-0.219099
-0.220984
-0.222188
-0.222718
-0.222579
-0.221784
-0.220346
-0.218284
-0.21562
-0.212378
-0.208587
-0.204271
-0.199457
-0.194172
-0.188443
-0.182296
-0.175756
-0.168849
-0.161597
-0.154024
-0.14615
-0.137994
-0.129575
-0.120908
-0.112012
-0.102905
-0.0936013
-0.0841173
-0.0744673
-0.0646652
-0.0547241
-0.0446561
-0.0344723
-0.0241838
-0.0138029
-0.00334121
0.00719218
0.0177908
0.0284482
0.0391565
0.0499073
0.0606929
0.0715069
0.0823448
0.0932033
0.104078
0.114965
0.125856
0.136743
0.147616
0.158465
0.169279
0.180051
0.190771
0.201433
0.212024
0.222532
0.23294
0.243232
0.253388
0.26339
0.273219
0.282855
0.292279
0.30147
0.310404
0.319059
0.327408
0.335426
0.343084
0.350349
0.35719
0.363576
0.369478
0.374868
0.379713
0.38398
0.387637
0.390658
0.39302
0.394705
0.395692
0.395965
0.395509
0.394317
0.392388
0.389724
0.386332
0.382219
0.377442
0.37206
0.365533
0.357427
-0.197219
-0.205497
-0.212135
-0.217584
-0.222406
-0.226548
-0.229962
-0.232644
-0.234596
-0.235821
-0.236325
-0.236117
-0.235211
-0.233624
-0.23138
-0.228502
-0.225021
-0.220965
-0.216363
-0.211245
-0.205639
-0.199574
-0.193079
-0.186181
-0.178908
-0.171284
-0.163333
-0.155077
-0.146537
-0.137732
-0.128679
-0.119399
-0.109908
-0.100223
-0.0903609
-0.0803349
-0.0701595
-0.0598486
-0.0494151
-0.0388703
-0.0282246
-0.0174881
-0.00667132
0.0042167
0.0151688
0.026178
0.0372365
0.0483362
0.0594698
0.0706319
0.0818183
0.0930256
0.10425
0.115488
0.126733
0.137978
0.149212
0.160428
0.171614
0.182762
0.193865
0.204915
0.2159
0.226807
0.237619
0.248319
0.258891
0.269315
0.279573
0.289644
0.299506
0.309136
0.31851
0.327605
0.336396
0.344854
0.352946
0.360637
0.367894
0.374685
0.380979
0.386741
0.391932
0.396516
0.40046
0.403736
0.406317
0.408179
0.409298
0.409656
0.409235
0.408026
0.406026
0.403238
0.399667
0.395322
0.390263
0.384552
0.377617
0.368998
-0.209439
-0.218236
-0.225285
-0.231064
-0.236168
-0.24054
-0.244129
-0.246932
-0.248953
-0.250193
-0.250662
-0.25037
-0.249336
-0.247581
-0.245133
-0.242019
-0.238273
-0.233927
-0.229013
-0.223562
-0.217607
-0.211178
-0.204307
-0.197025
-0.189359
-0.181338
-0.172985
-0.164324
-0.155376
-0.146164
-0.136706
-0.127022
-0.11713
-0.107047
-0.0967895
-0.0863731
-0.0758121
-0.0651203
-0.0543109
-0.043395
-0.0323822
-0.0212816
-0.0101022
0.00114745
0.0124592
0.0238259
0.03524
0.0466944
0.0581831
0.0697013
0.0812448
0.0928095
0.104392
0.115987
0.127593
0.139202
0.150807
0.162399
0.173966
0.185502
0.196998
0.208446
0.219835
0.231152
0.242381
0.253506
0.264509
0.275374
0.28608
0.296606
0.306926
0.317018
0.326858
0.336422
0.345684
0.354611
0.363167
0.371316
0.379023
0.386255
0.392975
0.399139
0.404707
0.409641
0.413907
0.417469
0.420295
0.422358
0.423629
0.424087
0.423712
0.422492
0.420422
0.417504
0.413743
0.409148
0.403782
0.397711
0.390327
0.381141
-0.222286
-0.231654
-0.239153
-0.24529
-0.250698
-0.255318
-0.259093
-0.262022
-0.264108
-0.265356
-0.265776
-0.265385
-0.264203
-0.262258
-0.259582
-0.256207
-0.25217
-0.247505
-0.242248
-0.236434
-0.230096
-0.223273
-0.215996
-0.208299
-0.200213
-0.191767
-0.182986
-0.173894
-0.164516
-0.154874
-0.14499
-0.134882
-0.12457
-0.114072
-0.103404
-0.0925831
-0.0816238
-0.0705401
-0.0593442
-0.0480463
-0.0366559
-0.025182
-0.0136328
-0.00201638
0.00965988
0.0213889
0.0331643
0.0449801
0.0568308
0.0687118
0.0806189
0.0925474
0.104494
0.116455
0.128428
0.14041
0.152394
0.16437
0.176329
0.188262
0.20016
0.212017
0.223821
0.235561
0.24722
0.258784
0.270237
0.281561
0.292734
0.303734
0.314535
0.325115
0.335449
0.345512
0.355275
0.3647
0.373753
0.382395
0.390591
0.398301
0.405479
0.41208
0.418063
0.423386
0.428009
0.431891
0.434994
0.437284
0.438732
0.43931
0.438995
0.437772
0.435635
0.432582
0.428619
0.423752
0.41805
0.411585
0.403706
0.393896
-0.235804
-0.245801
-0.253794
-0.260321
-0.266059
-0.270944
-0.274916
-0.277973
-0.280121
-0.281366
-0.281723
-0.281212
-0.279861
-0.277703
-0.274772
-0.271107
-0.266746
-0.261729
-0.256095
-0.249882
-0.243128
-0.235875
-0.22816
-0.220017
-0.21148
-0.202579
-0.193341
-0.183792
-0.173958
-0.163863
-0.15353
-0.14298
-0.13223
-0.121299
-0.110205
-0.098965
-0.0875945
-0.0761067
-0.0645128
-0.0528221
-0.0410435
-0.0291868
-0.0172609
-0.00527263
0.00677232
0.0188687
0.0310114
0.0431952
0.0554145
0.067664
0.0799391
0.092236
0.104552
0.116886
0.129236
0.141599
0.153969
0.166338
0.178695
0.191033
0.203344
0.21562
0.227851
0.240025
0.252129
0.264148
0.276067
0.287867
0.299526
0.311021
0.322328
0.333422
0.344279
0.354871
0.365164
0.375123
0.38471
0.393886
0.402609
0.410832
0.418506
0.425586
0.432028
0.437783
0.442804
0.447042
0.450456
0.453007
0.45466
0.455381
0.455145
0.453931
0.451729
0.448538
0.444357
0.439198
0.43313
0.426231
0.417808
0.407308
-0.250041
-0.260732
-0.269267
-0.276221
-0.282317
-0.287487
-0.291665
-0.294852
-0.297055
-0.298285
-0.29856
-0.297909
-0.296364
-0.293964
-0.290748
-0.286758
-0.282038
-0.27663
-0.27058
-0.263929
-0.256722
-0.249003
-0.240813
-0.23219
-0.223168
-0.213779
-0.204053
-0.194019
-0.183704
-0.173132
-0.162328
-0.151313
-0.140106
-0.128726
-0.11719
-0.105517
-0.0937209
-0.0818159
-0.0698117
-0.0577171
-0.0455408
-0.0332929
-0.0209828
-0.00861668
0.00380219
0.0162713
0.028787
0.0413444
0.0539373
0.0665595
0.0792064
0.0918754
0.104566
0.117278
0.130012
0.142764
0.155528
0.168295
0.181057
0.193808
0.20654
0.219246
0.231915
0.244537
0.257098
0.269587
0.281987
0.294281
0.306446
0.318459
0.330296
0.341932
0.353341
0.364492
0.37535
0.38588
0.396042
0.405792
0.415082
0.423859
0.432075
0.439682
0.446629
0.452862
0.458324
0.462962
0.466729
0.469579
0.471471
0.472364
0.472228
0.471037
0.468777
0.465443
0.461033
0.455557
0.449091
0.441718
0.432695
0.42143
-0.265052
-0.27651
-0.285643
-0.293064
-0.299547
-0.30502
-0.309415
-0.312731
-0.314981
-0.31618
-0.316354
-0.315538
-0.31377
-0.311093
-0.307554
-0.303199
-0.298077
-0.292236
-0.285726
-0.278597
-0.270896
-0.262672
-0.253969
-0.244827
-0.235283
-0.225371
-0.215124
-0.204575
-0.193751
-0.182679
-0.17138
-0.159879
-0.148195
-0.136347
-0.124353
-0.112232
-0.0999972
-0.0876614
-0.0752343
-0.0627248
-0.0501421
-0.0374955
-0.024794
-0.0120426
0.00075727
0.0136052
0.0264989
0.0394335
0.0524026
0.0654001
0.0784223
0.0914679
0.104538
0.117635
0.130757
0.143902
0.157064
0.170235
0.183409
0.196578
0.209739
0.222883
0.236
0.249081
0.262114
0.275087
0.287985
0.300789
0.31348
0.326033
0.338426
0.350632
0.362623
0.374365
0.385826
0.396967
0.407746
0.418111
0.42801
0.43739
0.4462
0.454387
0.461892
0.468652
0.474606
0.479694
0.483862
0.487057
0.489227
0.490326
0.490317
0.489167
0.486858
0.48338
0.47873
0.472914
0.466016
0.458124
0.448438
0.436326
-0.280904
-0.293209
-0.302999
-0.31093
-0.317832
-0.323629
-0.328248
-0.331692
-0.333979
-0.33513
-0.335179
-0.334166
-0.332138
-0.329144
-0.325237
-0.32047
-0.314898
-0.308575
-0.301559
-0.293906
-0.285668
-0.276894
-0.267633
-0.25793
-0.247824
-0.237353
-0.226552
-0.215457
-0.204096
-0.192496
-0.180679
-0.168668
-0.156486
-0.144152
-0.131685
-0.119101
-0.106414
-0.0936345
-0.0807725
-0.0678376
-0.0548398
-0.0417876
-0.0286875
-0.0155429
-0.00235398
0.0108794
0.0241552
0.0374689
0.050815
0.0641893
0.0775896
0.0910163
0.104471
0.117955
0.131468
0.145007
0.158569
0.172148
0.185738
0.199333
0.212929
0.226518
0.240092
0.253642
0.267159
0.280629
0.29404
0.307373
0.320609
0.333727
0.346701
0.359504
0.372108
0.384479
0.396582
0.408376
0.419813
0.430838
0.441396
0.451434
0.460896
0.46972
0.477838
0.485183
0.491688
0.497286
0.501911
0.505501
0.507996
0.509342
0.509491
0.508407
0.506064
0.502445
0.497544
0.491366
0.483999
0.475539
0.465123
0.452069
-0.297671
-0.310915
-0.321428
-0.329915
-0.33727
-0.34341
-0.348261
-0.35183
-0.35414
-0.355221
-0.355113
-0.353866
-0.351533
-0.348173
-0.343845
-0.338611
-0.332535
-0.325678
-0.318105
-0.309877
-0.30105
-0.291677
-0.281811
-0.2715
-0.26079
-0.249721
-0.238332
-0.226658
-0.214729
-0.202573
-0.190211
-0.177669
-0.164968
-0.15213
-0.139173
-0.126112
-0.112958
-0.0997234
-0.0864162
-0.0730468
-0.0596253
-0.0461594
-0.0326533
-0.019108
-0.00552337
0.00810056
0.0217616
0.0354559
0.0491802
0.0629328
0.0767139
0.0905246
0.104366
0.118238
0.132142
0.146077
0.16004
0.174028
0.188037
0.202062
0.216097
0.230137
0.244176
0.258205
0.272215
0.286196
0.300134
0.314013
0.327815
0.341519
0.3551
0.36853
0.381779
0.394815
0.4076
0.420089
0.432228
0.443964
0.455239
0.465996
0.47617
0.485692
0.494488
0.502487
0.509612
0.515785
0.52093
0.524975
0.52785
0.529491
0.529841
0.528854
0.526495
0.522743
0.517583
0.511021
0.503149
0.494068
0.482846
0.468745
-0.315442
-0.329729
-0.341038
-0.35013
-0.357972
-0.364476
-0.369565
-0.373251
-0.375565
-0.376546
-0.376243
-0.374714
-0.372023
-0.368238
-0.363429
-0.357667
-0.351027
-0.343577
-0.335388
-0.326526
-0.317053
-0.307026
-0.296503
-0.285536
-0.274178
-0.262472
-0.250457
-0.238169
-0.225639
-0.212896
-0.199963
-0.186864
-0.173624
-0.160264
-0.146801
-0.133247
-0.119615
-0.105914
-0.092153
-0.0783415
-0.0644884
-0.0506004
-0.0366805
-0.0227286
-0.008744
0.00527295
0.0193207
0.0333973
0.0475022
0.0616358
0.0757996
0.0899946
0.104222
0.118482
0.132776
0.147106
0.161472
0.17587
0.190299
0.204754
0.219231
0.233727
0.248237
0.262753
0.277268
0.29177
0.306248
0.320689
0.335077
0.349389
0.363602
0.377688
0.391617
0.405355
0.418861
0.432087
0.444979
0.457483
0.469537
0.481075
0.492026
0.502315
0.511865
0.520594
0.528414
0.535237
0.540976
0.545547
0.548868
0.550863
0.551464
0.550614
0.548267
0.544393
0.538973
0.532006
0.52359
0.513832
0.501718
0.486454
-0.334325
-0.349768
-0.361954
-0.371705
-0.38007
-0.386957
-0.392285
-0.396075
-0.398367
-0.399208
-0.39866
-0.396792
-0.393679
-0.389403
-0.384044
-0.377686
-0.370413
-0.362302
-0.35343
-0.343868
-0.333686
-0.322945
-0.311709
-0.300037
-0.287983
-0.275596
-0.262914
-0.249975
-0.236809
-0.223447
-0.209915
-0.196237
-0.182438
-0.168537
-0.15455
-0.14049
-0.126367
-0.11219
-0.0979682
-0.0837083
-0.0694171
-0.0550999
-0.0407597
-0.0263969
-0.0120106
0.00239971
0.0168345
0.031295
0.0457829
0.0602998
0.0748467
0.0894245
0.104034
0.118679
0.133363
0.148088
0.162855
0.177664
0.192512
0.207397
0.222319
0.237274
0.25226
0.26727
0.282296
0.297329
0.312361
0.327381
0.342372
0.357315
0.372186
0.386957
0.401598
0.416073
0.43034
0.44435
0.45805
0.471381
0.484277
0.496663
0.508464
0.5196
0.529987
0.53953
0.548132
0.555691
0.562109
0.567288
0.571134
0.573554
0.574469
0.573805
0.571505
0.56753
0.561851
0.554461
0.545461
0.534966
0.52187
0.50531
-0.354445
-0.371173
-0.384324
-0.394791
-0.403714
-0.410998
-0.416561
-0.420433
-0.422666
-0.423319
-0.422466
-0.42019
-0.416582
-0.411737
-0.40575
-0.398716
-0.390731
-0.381881
-0.372249
-0.361915
-0.350954
-0.339435
-0.327428
-0.314997
-0.302198
-0.289082
-0.27569
-0.262058
-0.248221
-0.234208
-0.220049
-0.205769
-0.191391
-0.17693
-0.162404
-0.147823
-0.133198
-0.118537
-0.103846
-0.0891318
-0.0743973
-0.0596465
-0.0448826
-0.0301069
-0.0153184
-0.000514701
0.0143078
0.0291532
0.0440249
0.0589245
0.0738526
0.08881
0.1038
0.118827
0.133897
0.149015
0.164183
0.179399
0.194665
0.20998
0.225347
0.240765
0.25623
0.271738
0.287281
0.302855
0.318453
0.334066
0.349679
0.365273
0.380825
0.396309
0.411693
0.426942
0.442012
0.456856
0.47142
0.48564
0.499442
0.51275
0.525483
0.537555
0.548869
0.559321
0.5688
0.577194
0.584391
0.590276
0.594738
0.59767
0.598972
0.598556
0.596353
0.592305
0.586375
0.578547
0.568926
0.557629
0.543451
0.525451
-0.37595
-0.394103
-0.408317
-0.419557
-0.429071
-0.436762
-0.442549
-0.446472
-0.448598
-0.449001
-0.44777
-0.445006
-0.440816
-0.435312
-0.428605
-0.420804
-0.412016
-0.402338
-0.391863
-0.380676
-0.368861
-0.356496
-0.343656
-0.330408
-0.31681
-0.302914
-0.288763
-0.274398
-0.259853
-0.245159
-0.230347
-0.21544
-0.200459
-0.185422
-0.17034
-0.155226
-0.140089
-0.124935
-0.10977
-0.0945947
-0.079413
-0.0642272
-0.0490399
-0.0338521
-0.0186618
-0.00346399
0.0117473
0.0269778
0.0422313
0.0575096
0.0728139
0.0881467
0.103513
0.118921
0.134376
0.149883
0.165447
0.181067
0.196748
0.212493
0.228306
0.244186
0.260131
0.276138
0.292204
0.308327
0.324503
0.340723
0.356973
0.373237
0.389493
0.405715
0.421874
0.437932
0.45385
0.46958
0.485064
0.500234
0.515014
0.529324
0.543078
0.55618
0.56852
0.579985
0.590453
0.599797
0.607888
0.614592
0.619779
0.623323
0.625104
0.625016
0.622969
0.61889
0.612725
0.60445
0.59417
0.582008
0.56664
0.54704
-0.399011
-0.418745
-0.434122
-0.446196
-0.456331
-0.464434
-0.470423
-0.474356
-0.476314
-0.476389
-0.474692
-0.471343
-0.466469
-0.4602
-0.452667
-0.443995
-0.434301
-0.423695
-0.412281
-0.400155
-0.387407
-0.374122
-0.36038
-0.346252
-0.331796
-0.317066
-0.30211
-0.286968
-0.27168
-0.256276
-0.240783
-0.225225
-0.20962
-0.193986
-0.178334
-0.162676
-0.147018
-0.131365
-0.115718
-0.100078
-0.0844469
-0.0688266
-0.0532186
-0.0376215
-0.0220307
-0.00643922
0.00916032
0.0247736
0.0404042
0.0560546
0.0717286
0.0874317
0.103171
0.118956
0.134791
0.150683
0.166637
0.182657
0.19875
0.214923
0.231179
0.247519
0.263943
0.280451
0.297045
0.313725
0.330487
0.347324
0.364225
0.381175
0.398155
0.415142
0.432105
0.449011
0.46582
0.482485
0.498946
0.515133
0.530968
0.546367
0.561236
0.575467
0.588944
0.601541
0.613123
0.623547
0.632663
0.640317
0.646358
0.650636
0.653009
0.653346
0.651533
0.647477
0.641107
0.632383
0.621411
0.608316
0.591643
0.570268
-0.423826
-0.44531
-0.461961
-0.474928
-0.485713
-0.494224
-0.500384
-0.504269
-0.50598
-0.505633
-0.503362
-0.499311
-0.493632
-0.486476
-0.477994
-0.468328
-0.457612
-0.445967
-0.433511
-0.420349
-0.406581
-0.392296
-0.377578
-0.3625
-0.347125
-0.331508
-0.315697
-0.299739
-0.283671
-0.267525
-0.251325
-0.235092
-0.218843
-0.202594
-0.186359
-0.170145
-0.153958
-0.137799
-0.121666
-0.10556
-0.0894792
-0.0734264
-0.0574004
-0.0413968
-0.0254081
-0.00942607
0.00655697
0.0225465
0.0385466
0.054562
0.0705992
0.0866668
0.102774
0.118928
0.135136
0.151406
0.167744
0.18416
0.200662
0.217257
0.23395
0.250745
0.267647
0.284658
0.301783
0.319023
0.336377
0.353838
0.3714
0.389052
0.406777
0.424552
0.442349
0.460139
0.477882
0.495533
0.51303
0.530303
0.547274
0.563851
0.579933
0.595403
0.610139
0.624001
0.636838
0.648489
0.658781
0.667539
0.674586
0.679744
0.682843
0.683723
0.682243
0.678285
0.671754
0.662591
0.6509
0.636806
0.618703
0.595361
-0.450626
-0.474047
-0.492089
-0.50601
-0.517468
-0.526373
-0.532656
-0.536416
-0.53778
-0.536893
-0.533916
-0.529025
-0.522398
-0.514211
-0.504638
-0.493842
-0.481971
-0.469164
-0.45555
-0.441248
-0.426363
-0.41099
-0.395215
-0.379115
-0.362757
-0.346197
-0.329486
-0.312671
-0.295789
-0.278868
-0.261933
-0.245002
-0.22809
-0.211213
-0.194381
-0.177602
-0.160878
-0.144207
-0.127587
-0.111014
-0.0944865
-0.0780041
-0.0615628
-0.0451553
-0.0287727
-0.0124063
0.00395137
0.0203068
0.0366668
0.053039
0.0694327
0.0858577
0.102323
0.118837
0.135408
0.152047
0.168764
0.185568
0.202471
0.21948
0.236603
0.253848
0.271224
0.288738
0.306394
0.324194
0.34214
0.360231
0.378465
0.396832
0.415317
0.433902
0.452561
0.471269
0.489989
0.508676
0.52727
0.545701
0.563889
0.581736
0.599136
0.615968
0.632097
0.647369
0.661618
0.674661
0.686303
0.696344
0.704575
0.710786
0.714774
0.716345
0.715324
0.711562
0.704934
0.695356
0.682926
0.667767
0.648104
0.622585
-0.479685
-0.505249
-0.524807
-0.539743
-0.551887
-0.561156
-0.567494
-0.571027
-0.571917
-0.570343
-0.566503
-0.560605
-0.552862
-0.543478
-0.53265
-0.520565
-0.507391
-0.493284
-0.478386
-0.462826
-0.446717
-0.43016
-0.413244
-0.396048
-0.378642
-0.361085
-0.343428
-0.325716
-0.307983
-0.290258
-0.272561
-0.25491
-0.23732
-0.219802
-0.202365
-0.185013
-0.167746
-0.15056
-0.13345
-0.116413
-0.0994426
-0.0825346
-0.0656817
-0.048875
-0.0321051
-0.0153637
0.00135736
0.0180672
0.0347762
0.0514956
0.0682363
0.0850079
0.10182
0.118682
0.135606
0.152605
0.16969
0.186873
0.204166
0.221578
0.239123
0.256812
0.274658
0.292669
0.310849
0.329206
0.347744
0.366469
0.38538
0.404471
0.423731
0.443143
0.462691
0.482351
0.502089
0.521862
0.541613
0.561274
0.580761
0.599976
0.618809
0.637131
0.654797
0.67164
0.687475
0.702098
0.715291
0.726819
0.736441
0.743911
0.748986
0.75143
0.751027
0.747589
0.740953
0.731003
0.717827
0.701542
0.680181
0.652257
-0.511331
-0.539263
-0.560471
-0.576476
-0.589307
-0.59889
-0.605186
-0.608359
-0.608614
-0.606174
-0.601278
-0.594177
-0.585119
-0.574342
-0.562071
-0.548519
-0.533875
-0.518314
-0.50199
-0.485044
-0.467597
-0.449755
-0.431609
-0.413241
-0.394723
-0.376113
-0.357463
-0.338813
-0.320196
-0.301637
-0.283156
-0.264769
-0.246487
-0.22832
-0.21027
-0.19234
-0.174527
-0.156825
-0.139228
-0.121728
-0.104319
-0.0869904
-0.0697322
-0.0525347
-0.0353884
-0.0182841
-0.00121161
0.0158415
0.0328888
0.0499437
0.0670178
0.0841218
0.101267
0.118465
0.13573
0.153076
0.170517
0.188065
0.205734
0.223539
0.241497
0.259623
0.277929
0.296426
0.315122
0.334029
0.353157
0.372515
0.392106
0.411926
0.431969
0.452227
0.472687
0.493329
0.514122
0.535028
0.555995
0.576956
0.597828
0.618514
0.638899
0.658849
0.678207
0.696795
0.71441
0.730826
0.745794
0.759046
0.770303
0.779277
0.785675
0.789216
0.789631
0.786683
0.78016
0.769908
0.755995
0.73853
0.715328
0.684753
-0.545951
-0.5765
-0.599497
-0.616618
-0.630116
-0.639935
-0.646059
-0.648701
-0.64812
-0.644591
-0.638407
-0.629866
-0.619259
-0.606861
-0.592932
-0.577709
-0.561409
-0.544222
-0.526318
-0.507848
-0.48894
-0.469705
-0.450239
-0.430623
-0.410927
-0.391209
-0.371519
-0.351892
-0.332359
-0.312942
-0.293658
-0.274521
-0.255538
-0.236715
-0.21805
-0.19954
-0.181182
-0.162967
-0.144886
-0.12693
-0.109086
-0.091343
-0.0736886
-0.0561122
-0.0386033
-0.0211501
-0.00373889
0.0136458
0.0310194
0.0483958
0.0657879
0.083208
0.10067
0.11819
0.135782
0.153461
0.171242
0.18914
0.207171
0.225357
0.243717
0.262266
0.281018
0.299988
0.319189
0.338637
0.358349
0.378335
0.398601
0.419151
0.439985
0.461102
0.482493
0.504141
0.526024
0.548108
0.570347
0.592678
0.615021
0.637281
0.659342
0.681062
0.70228
0.722803
0.742412
0.760855
0.777852
0.7931
0.806278
0.817044
0.825055
0.829964
0.831446
0.8292
0.822955
0.812501
0.797884
0.779197
0.754009
0.720513
-0.584005
-0.617444
-0.642376
-0.660648
-0.674768
-0.684707
-0.690485
-0.692375
-0.690704
-0.685814
-0.67806
-0.667796
-0.655362
-0.64108
-0.625244
-0.608123
-0.589957
-0.570957
-0.551307
-0.531165
-0.510668
-0.489931
-0.46905
-0.448107
-0.427169
-0.406289
-0.385512
-0.364871
-0.344394
-0.324099
-0.304
-0.284104
-0.264415
-0.244933
-0.225651
-0.206565
-0.187666
-0.168945
-0.150389
-0.131983
-0.113714
-0.0955664
-0.0775282
-0.0595871
-0.0417301
-0.0239421
-0.00620582
0.0114964
0.0291811
0.0468628
0.064556
0.0822762
0.10004
0.117864
0.135766
0.15376
0.171863
0.190095
0.208476
0.227029
0.245774
0.264728
0.28391
0.303337
0.323029
0.343008
0.363291
0.383893
0.404828
0.426105
0.447734
0.469717
0.492049
0.514723
0.537724
0.561027
0.584591
0.608359
0.632258
0.656196
0.680057
0.703699
0.726953
0.749617
0.771451
0.792181
0.811495
0.829052
0.844479
0.857381
0.867345
0.873959
0.876818
0.875543
0.869791
0.859281
0.844025
0.824091
0.796765
0.760057
-0.62604
-0.662671
-0.689687
-0.709126
-0.72379
-0.733687
-0.738886
-0.739742
-0.736665
-0.730076
-0.720408
-0.708081
-0.693496
-0.677023
-0.658998
-0.639722
-0.61946
-0.598443
-0.576868
-0.5549
-0.532682
-0.510329
-0.487939
-0.465591
-0.443346
-0.421252
-0.399348
-0.377663
-0.356218
-0.33503
-0.314107
-0.29345
-0.273055
-0.252915
-0.233022
-0.213366
-0.193936
-0.174719
-0.155697
-0.136855
-0.118173
-0.0996362
-0.0812302
-0.06294
-0.0447497
-0.0266411
-0.00859462
0.00940876
0.0273866
0.0453555
0.0633324
0.0813356
0.0993837
0.117495
0.135686
0.153976
0.172384
0.190934
0.209648
0.22855
0.24766
0.267
0.286592
0.30646
0.326627
0.347118
0.367955
0.389158
0.41075
0.432748
0.455167
0.478015
0.501294
0.525008
0.54915
0.573705
0.59864
0.623908
0.649444
0.675162
0.700951
0.726669
0.752144
0.777164
0.801475
0.824779
0.846734
0.866954
0.885013
0.900452
0.912782
0.921506
0.926125
0.926167
0.92119
0.910827
0.895039
0.873854
0.844241
0.804002
-0.6727
-0.712862
-0.742117
-0.762715
-0.777797
-0.787427
-0.791742
-0.7912
-0.786316
-0.777614
-0.765615
-0.750822
-0.733703
-0.714686
-0.694152
-0.672436
-0.649828
-0.626574
-0.602884
-0.578929
-0.554854
-0.530774
-0.506782
-0.482953
-0.459341
-0.435987
-0.412922
-0.390169
-0.367743
-0.345653
-0.323902
-0.302483
-0.281386
-0.260597
-0.240104
-0.219891
-0.199944
-0.180244
-0.160773
-0.141509
-0.122433
-0.103526
-0.0847704
-0.0661488
-0.0476417
-0.0292285
-0.0108886
0.00739794
0.0256504
0.0438877
0.0621298
0.0803971
0.0987097
0.117087
0.135548
0.154115
0.172811
0.19166
0.210687
0.229916
0.24937
0.269075
0.289057
0.309345
0.329966
0.350946
0.372315
0.394102
0.416336
0.439042
0.462238
0.48594
0.510165
0.534924
0.560223
0.586055
0.612399
0.639223
0.666472
0.694068
0.721909
0.749859
0.777744
0.805349
0.832408
0.858601
0.883555
0.90684
0.927972
0.94642
0.961607
0.972933
0.979789
0.981582
0.97775
0.967811
0.951653
0.929249
0.8972
0.853078
-0.724755
-0.768832
-0.800481
-0.822196
-0.837507
-0.84656
-0.849589
-0.847182
-0.839991
-0.828662
-0.813829
-0.796092
-0.775996
-0.754031
-0.730628
-0.706156
-0.680928
-0.655203
-0.6292
-0.603093
-0.577026
-0.551108
-0.525427
-0.500048
-0.475017
-0.450365
-0.426115
-0.402278
-0.378864
-0.355873
-0.333296
-0.311123
-0.289334
-0.267911
-0.246834
-0.226082
-0.205637
-0.185475
-0.165574
-0.14591
-0.126461
-0.107204
-0.0881203
-0.0691871
-0.0503826
-0.0316845
-0.0130709
0.00547925
0.023987
0.0424736
0.0609613
0.0794722
0.098028
0.11665
0.135362
0.154186
0.17315
0.192278
0.211595
0.231127
0.250901
0.270947
0.291297
0.31198
0.333028
0.354473
0.376351
0.3987
0.421554
0.444943
0.468894
0.493437
0.518597
0.5444
0.570859
0.597983
0.625767
0.654193
0.68322
0.712785
0.742798
0.773132
0.80362
0.834048
0.864141
0.893565
0.921915
0.948717
0.973429
0.995435
1.01406
1.02859
1.03827
1.04236
1.04015
1.03101
1.01472
0.991178
0.95655
0.908153
-0.783124
-0.831557
-0.865759
-0.888494
-0.903759
-0.911814
-0.913025
-0.908157
-0.89803
-0.883446
-0.865175
-0.843927
-0.820339
-0.794968
-0.768293
-0.740718
-0.712575
-0.684135
-0.655616
-0.627192
-0.599
-0.571142
-0.543694
-0.516708
-0.490217
-0.464241
-0.43879
-0.413867
-0.389467
-0.365581
-0.342192
-0.319279
-0.296817
-0.27478
-0.253141
-0.231875
-0.210957
-0.19036
-0.170055
-0.150017
-0.130219
-0.110638
-0.0912476
-0.072025
-0.0529454
-0.0339849
-0.0151201
0.00367163
0.0224134
0.0411284
0.0598404
0.0785733
0.0973506
0.116197
0.135137
0.154199
0.173407
0.192789
0.21237
0.23218
0.25225
0.272614
0.293304
0.314353
0.335799
0.35768
0.380041
0.402922
0.426365
0.450408
0.475088
0.500447
0.526525
0.553355
0.580968
0.609389
0.638631
0.668692
0.699551
0.731164
0.763458
0.796324
0.829607
0.8631
0.896529
0.929548
0.961728
0.992555
1.02142
1.04763
1.07038
1.08883
1.10206
1.10915
1.10919
1.10135
1.08526
1.06072
1.02338
0.970262
-0.848913
-0.902223
-0.939131
-0.962718
-0.977539
-0.98402
-0.982716
-0.974621
-0.960773
-0.942165
-0.91973
-0.894308
-0.866634
-0.837338
-0.806947
-0.775893
-0.744525
-0.713115
-0.681879
-0.650979
-0.620541
-0.590651
-0.561371
-0.532736
-0.504761
-0.47745
-0.450799
-0.424795
-0.399422
-0.37466
-0.350482
-0.326856
-0.303748
-0.281125
-0.258955
-0.237205
-0.215844
-0.194841
-0.174163
-0.153781
-0.133665
-0.113786
-0.0941168
-0.0746305
-0.055301
-0.0361029
-0.0170117
0.00199742
0.0209494
0.0398696
0.058783
0.077715
0.0966916
0.11574
0.134887
0.15416
0.173588
0.193196
0.213015
0.233077
0.253416
0.274067
0.295066
0.316451
0.338264
0.360551
0.383361
0.406739
0.430734
0.455393
0.480769
0.506913
0.533876
0.561708
0.590456
0.620165
0.650867
0.682581
0.71531
0.749035
0.783707
0.819242
0.855505
0.892305
0.929379
0.966379
1.00286
1.03827
1.07194
1.10308
1.13078
1.15402
1.17171
1.18267
1.18576
1.17989
1.16449
1.13916
1.09899
1.04065
-0.923474
-0.982283
-1.02204
-1.0462
-1.06001
-1.06413
-1.0594
-1.04709
-1.02854
-1.00497
-0.977503
-0.947131
-0.914694
-0.880895
-0.846303
-0.811372
-0.776458
-0.741826
-0.707677
-0.674157
-0.641368
-0.609377
-0.578221
-0.547913
-0.518448
-0.489809
-0.461973
-0.434912
-0.408596
-0.382991
-0.358057
-0.333753
-0.310037
-0.286867
-0.264203
-0.242007
-0.220239
-0.198865
-0.177849
-0.157156
-0.136753
-0.116609
-0.0966917
-0.0769714
-0.0574208
-0.0380133
-0.0187227
0.000477824
0.019615
0.0387154
0.0578055
0.0769123
0.096064
0.11529
0.134618
0.154077
0.173695
0.193502
0.213531
0.233815
0.254392
0.275299
0.296575
0.318262
0.340408
0.363065
0.386284
0.410118
0.434622
0.459856
0.485884
0.512769
0.540576
0.569372
0.599225
0.630197
0.662343
0.695709
0.730326
0.766207
0.803335
0.841657
0.881071
0.921414
0.962444
1.00382
1.04511
1.08571
1.12492
1.16184
1.19545
1.22453
1.24777
1.26372
1.27091
1.2679
1.25386
1.22811
1.18501
1.12083
-1.00848
-1.07355
-1.11627
-1.14056
-1.15254
-1.15325
-1.14386
-1.12609
-1.10161
-1.07193
-1.0384
-1.00218
-0.964215
-0.925276
-0.885967
-0.84675
-0.807969
-0.769874
-0.732637
-0.696375
-0.661157
-0.627021
-0.593971
-0.561993
-0.531055
-0.501116
-0.472133
-0.444059
-0.416846
-0.390444
-0.364804
-0.339871
-0.315595
-0.291925
-0.268814
-0.246214
-0.224083
-0.202378
-0.181063
-0.160097
-0.139445
-0.119069
-0.0989365
-0.0790152
-0.059276
-0.0396906
-0.0202302
-0.000866241
0.0184292
0.0376833
0.0569236
0.0761792
0.0954802
0.114857
0.134338
0.153953
0.173732
0.193708
0.213916
0.234392
0.255174
0.276301
0.297818
0.319771
0.342214
0.365199
0.388782
0.413024
0.437989
0.46375
0.490378
0.517951
0.54655
0.57626
0.607168
0.639359
0.672914
0.707909
0.744411
0.782467
0.822102
0.863306
0.906019
0.950123
0.995411
1.04157
1.08818
1.13463
1.18018
1.22386
1.26449
1.30067
1.33082
1.35317
1.36582
1.3669
1.35514
1.32951
1.28343
1.21268
-1.10605
-1.17832
-1.22406
-1.24779
-1.25678
-1.2526
-1.23697
-1.21211
-1.18016
-1.14298
-1.10218
-1.05908
-1.01474
-0.96998
-0.925419
-0.881506
-0.838558
-0.796784
-0.756316
-0.717225
-0.679538
-0.643247
-0.608319
-0.574703
-0.542337
-0.511154
-0.481085
-0.452062
-0.424019
-0.396888
-0.370605
-0.345107
-0.320332
-0.296219
-0.272713
-0.249761
-0.227313
-0.205326
-0.183756
-0.162561
-0.141699
-0.12113
-0.100818
-0.0807316
-0.060839
-0.0411089
-0.0215101
-0.00201279
0.0174113
0.0367899
0.0561521
0.0755287
0.0949511
0.114449
0.134053
0.153793
0.173702
0.193816
0.214171
0.234803
0.255753
0.277065
0.298786
0.320967
0.343662
0.366928
0.390826
0.415425
0.440799
0.467027
0.494195
0.522394
0.551721
0.582279
0.614176
0.647522
0.682428
0.719004
0.757355
0.797574
0.839735
0.883881
0.930011
0.97806
1.02788
1.07922
1.13168
1.18468
1.23744
1.28895
1.33791
1.3827
1.42144
1.45196
1.47185
1.47864
1.47049
1.4458
1.39676
1.31855
-1.21891
-1.29956
-1.34827
-1.37036
-1.37468
-1.3636
-1.33958
-1.30556
-1.26424
-1.21789
-1.1684
-1.11727
-1.06563
-1.01434
-0.963989
-0.914997
-0.867617
-0.821996
-0.778204
-0.736248
-0.696095
-0.657685
-0.620935
-0.585752
-0.55204
-0.5197
-0.488635
-0.458753
-0.429966
-0.402191
-0.375348
-0.349362
-0.32416
-0.299673
-0.275834
-0.252587
-0.22988
-0.207662
-0.185888
-0.164509
-0.14348
-0.122759
-0.102309
-0.0820968
-0.062087
-0.0422462
-0.0225418
-0.00294377
0.0165766
0.0360484
0.0555027
0.0749707
0.0944835
0.114071
0.133765
0.153599
0.173607
0.193826
0.214292
0.235044
0.256125
0.277583
0.299468
0.321832
0.344731
0.368228
0.392389
0.417289
0.44301
0.469642
0.49728
0.526031
0.556008
0.587333
0.620135
0.65455
0.690723
0.728802
0.768935
0.811267
0.85593
0.903032
0.952644
1.00478
1.05937
1.11625
1.17506
1.23532
1.29624
1.35679
1.41555
1.47073
1.52011
1.56106
1.59052
1.60524
1.60258
1.58007
1.52825
1.44145
-1.35066
-1.44122
-1.49259
-1.51134
-1.50855
-1.48777
-1.45252
-1.40668
-1.35363
-1.29613
-1.23634
-1.1759
-1.116
-1.05747
-1.00084
-0.946437
-0.894427
-0.844864
-0.797723
-0.752932
-0.71038
-0.669941
-0.631477
-0.594846
-0.55991
-0.526536
-0.494595
-0.463969
-0.434549
-0.406234
-0.37893
-0.352548
-0.327004
-0.302218
-0.278119
-0.254645
-0.231741
-0.209353
-0.187427
-0.165913
-0.144763
-0.123936
-0.103392
-0.083093
-0.0630032
-0.0430872
-0.0233124
-0.00364857
0.0159346
0.0354679
0.0549826
0.0745097
0.0940799
0.113725
0.133477
0.153373
0.173446
0.193735
0.214275
0.23511
0.256285
0.277848
0.299852
0.322351
0.345405
0.369078
0.393444
0.418584
0.444586
0.471549
0.499579
0.528797
0.559333
0.591325
0.624926
0.660301
0.69763
0.7371
0.778907
0.823256
0.870344
0.920359
0.973457
1.02975
1.08928
1.15199
1.21765
1.28584
1.35589
1.42677
1.49702
1.56467
1.62719
1.6814
1.72349
1.74919
1.7547
1.73627
1.68213
1.58531
-1.50623
-1.60857
-1.66188
-1.67459
-1.66107
-1.6267
-1.57645
-1.51541
-1.44777
-1.3768
-1.30491
-1.23382
-1.1647
-1.09827
-1.03494
-0.974897
-0.918161
-0.864656
-0.814238
-0.766726
-0.721919
-0.679611
-0.639599
-0.60169
-0.565698
-0.531451
-0.498786
-0.46756
-0.43764
-0.40891
-0.38126
-0.354586
-0.328794
-0.303797
-0.27952
-0.255897
-0.232867
-0.21037
-0.18835
-0.166755
-0.145535
-0.124648
-0.104053
-0.0837081
-0.0635768
-0.0436238
-0.0238162
-0.00412218
0.0154901
0.0350517
0.0545932
0.0741454
0.0937399
0.11341
0.133189
0.153113
0.173217
0.193539
0.214118
0.234998
0.256225
0.277851
0.299927
0.322511
0.345665
0.369458
0.393969
0.419281
0.44549
0.472702
0.501037
0.530627
0.561614
0.594156
0.62843
0.664631
0.702971
0.743681
0.787011
0.833227
0.882601
0.935409
0.991913
1.05235
1.11689
1.18563
1.25851
1.33528
1.41541
1.49797
1.58155
1.66409
1.74275
1.8138
1.87253
1.91337
1.93094
1.91957
1.86406
1.75547
-1.69251
-1.80898
-1.86255
-1.86489
-1.83532
-1.78192
-1.71169
-1.63119
-1.54554
-1.45847
-1.37255
-1.28947
-1.21024
-1.13538
-1.06508
-0.999303
-0.937886
-0.880573
-0.827066
-0.777053
-0.730225
-0.686288
-0.644966
-0.606006
-0.569172
-0.53425
-0.501047
-0.46939
-0.439129
-0.410128
-0.382261
-0.355413
-0.32948
-0.304371
-0.280007
-0.256317
-0.233235
-0.210697
-0.188645
-0.167025
-0.145789
-0.124891
-0.104288
-0.0839385
-0.0638063
-0.0438559
-0.0240532
-0.00436457
0.015242
0.0347971
0.0543308
0.0738744
0.0934608
0.113123
0.132896
0.152815
0.172915
0.193235
0.213816
0.234702
0.25594
0.277582
0.299681
0.322298
0.345497
0.36935
0.393939
0.41935
0.445687
0.473062
0.501604
0.531454
0.562769
0.595728
0.630527
0.667389
0.706562
0.748321
0.79297
0.840838
0.892283
0.947677
1.0074
1.07184
1.14133
1.21616
1.29651
1.38236
1.47343
1.56902
1.66789
1.76801
1.86637
1.95872
2.03935
2.10108
2.1364
2.13678
2.08185
1.95935
-1.91966
-2.05287
-2.10324
-2.08816
-2.0346
-1.95462
-1.85787
-1.75266
-1.64502
-1.53899
-1.4371
-1.3408
-1.25075
-1.16715
-1.08982
-1.01845
-0.952588
-0.891769
-0.835506
-0.783336
-0.734827
-0.689589
-0.647267
-0.607544
-0.57013
-0.534772
-0.501246
-0.469356
-0.438931
-0.409819
-0.381878
-0.354984
-0.329029
-0.303917
-0.279564
-0.255894
-0.232837
-0.210329
-0.18831
-0.166727
-0.145528
-0.124667
-0.104101
-0.0837904
-0.0636992
-0.0437909
-0.0240301
-0.00438278
0.0151826
0.034696
0.054188
0.0736905
0.0932367
0.11286
0.132594
0.152473
0.172534
0.192817
0.213362
0.234214
0.25542
0.277032
0.299105
0.321701
0.344887
0.368736
0.393332
0.418766
0.445144
0.472585
0.501224
0.531213
0.562721
0.595942
0.631094
0.668425
0.708217
0.750787
0.796492
0.84573
0.898943
0.956609
1.01924
1.08739
1.16159
1.24238
1.33023
1.42545
1.52813
1.63797
1.75408
1.8747
1.99685
2.11596
2.22531
2.31588
2.37733
2.39696
2.3465
2.20773
-2.20324
-2.35541
-2.39556
-2.35151
-2.26212
-2.14512
-2.01345
-1.87723
-1.74318
-1.61528
-1.49566
-1.3852
-1.28399
-1.19166
-1.10759
-1.03102
-0.961205
-0.897387
-0.838873
-0.78503
-0.735296
-0.689178
-0.646239
-0.606095
-0.56841
-0.532893
-0.499292
-0.467391
-0.436998
-0.407946
-0.380085
-0.353285
-0.327434
-0.302432
-0.278191
-0.254632
-0.231681
-0.209277
-0.187358
-0.16587
-0.144761
-0.123987
-0.103505
-0.0832784
-0.0632699
-0.0434425
-0.0237604
-0.0041902
0.0152988
0.0347366
0.0541542
0.073584
0.0930584
0.11261
0.132271
0.152077
0.172066
0.192277
0.212749
0.233526
0.254656
0.276192
0.298188
0.320708
0.34382
0.367599
0.392128
0.417502
0.443828
0.471231
0.49985
0.529843
0.561392
0.594703
0.630012
0.667589
0.707747
0.750842
0.797281
0.847529
0.902109
0.961612
1.02669
1.09807
1.17652
1.26287
1.35794
1.46249
1.57711
1.70211
1.83723
1.98129
2.13177
2.28413
2.43094
2.56122
2.66119
2.71225
2.67387
2.51704
-2.56841
-2.73919
-2.75501
-2.663
-2.52022
-2.35203
-2.17492
-2.00049
-1.83546
-1.68308
-1.54447
-1.41949
-1.30732
-1.2068
-1.11667
-1.03568
-0.96268
-0.896608
-0.836536
-0.781656
-0.731271
-0.684784
-0.641679
-0.601513
-0.563909
-0.528543
-0.49514
-0.463465
-0.433313
-0.404506
-0.376889
-0.35033
-0.324712
-0.299935
-0.275907
-0.252547
-0.229787
-0.20756
-0.185807
-0.164473
-0.143509
-0.122872
-0.102522
-0.0824229
-0.0625376
-0.0428289
-0.0232618
-0.00380406
0.0155747
0.0349046
0.0542168
0.0735427
0.0929134
0.11236
0.131917
0.151618
0.171501
0.191603
0.211964
0.232627
0.253638
0.27505
0.296918
0.319307
0.342283
0.365921
0.390306
0.415533
0.44171
0.468962
0.497432
0.527285
0.55871
0.591921
0.627167
0.664739
0.704972
0.748256
0.795043
0.845857
0.901302
0.962073
1.02897
1.10289
1.18487
1.27604
1.37765
1.49099
1.61736
1.75787
1.91324
2.08339
2.26686
2.45987
2.65499
2.83969
2.99644
3.09873
3.08743
2.91364
-3.05845
-3.23842
-3.2016
-3.03053
-2.80875
-2.57065
-2.33564
-2.11543
-1.91535
-1.73674
-1.57885
-1.43992
-1.31778
-1.21027
-1.11532
-1.03111
-0.956033
-0.888707
-0.827969
-0.772836
-0.722485
-0.676223
-0.633467
-0.593725
-0.556588
-0.521708
-0.488794
-0.457596
-0.427902
-0.39953
-0.372326
-0.346155
-0.3209
-0.29646
-0.272744
-0.249676
-0.227185
-0.205208
-0.183685
-0.162564
-0.141799
-0.121349
-0.101177
-0.0812479
-0.0615248
-0.0419718
-0.0225552
-0.00324368
0.015993
0.0351846
0.0543608
0.0735514
0.0927869
0.112098
0.131519
0.151082
0.170825
0.190784
0.210997
0.231505
0.252353
0.273594
0.295283
0.317483
0.340259
0.363687
0.387847
0.412835
0.438758
0.465742
0.49393
0.523489
0.55461
0.587514
0.622458
0.659744
0.699725
0.742815
0.789502
0.840358
0.896056
0.957386
1.02527
1.10081
1.18527
1.28013
1.38708
1.50806
1.64517
1.80062
1.97654
2.17455
2.39515
2.63657
2.89284
3.15128
3.39131
3.57708
3.62255
3.44258
-3.75184
-3.90509
-3.7588
-3.45829
-3.1214
-2.79018
-2.48388
-2.21125
-1.97373
-1.76896
-1.59314
-1.44218
-1.3122
-1.19974
-1.10187
-1.01611
-0.940417
-0.873101
-0.81278
-0.758318
-0.708783
-0.663411
-0.621569
-0.582735
-0.546477
-0.512435
-0.480308
-0.449843
-0.420828
-0.393084
-0.366458
-0.340819
-0.316051
-0.292058
-0.268753
-0.246062
-0.223917
-0.202257
-0.181026
-0.160175
-0.139661
-0.119447
-0.0994977
-0.079779
-0.0602559
-0.0408943
-0.0216618
-0.00252794
0.0165364
0.0355593
0.054569
0.0735943
0.0926643
0.111809
0.131062
0.150456
0.170026
0.189806
0.209833
0.230146
0.250788
0.271811
0.293269
0.315222
0.337734
0.360877
0.38473
0.409385
0.434948
0.46154
0.489305
0.518408
0.549037
0.581413
0.615796
0.652492
0.69186
0.734329
0.780408
0.830703
0.885939
0.946978
1.01486
1.09082
1.17637
1.27331
1.38378
1.51039
1.65618
1.82467
2.01978
2.24559
2.50578
2.8024
3.13355
3.48967
3.85021
4.17139
4.33258
4.18505
-4.79148
-4.8145
-4.44886
-3.94068
-3.44068
-2.99032
-2.60108
-2.27275
-1.99887
-1.77102
-1.58106
-1.42186
-1.28747
-1.1731
-1.07488
-0.989744
-0.915248
-0.849446
-0.790787
-0.738028
-0.690168
-0.6464
-0.60607
-0.568644
-0.533685
-0.500833
-0.469792
-0.440315
-0.412197
-0.385266
-0.359377
-0.334404
-0.310241
-0.286798
-0.263995
-0.241761
-0.220033
-0.198754
-0.177873
-0.157345
-0.137131
-0.117199
-0.0975134
-0.0780435
-0.0587561
-0.0396192
-0.0206022
-0.00167633
0.0171859
0.0360111
0.0548252
0.0736551
0.0925296
0.111479
0.130533
0.149726
0.16909
0.188656
0.208459
0.228536
0.24893
0.269688
0.290862
0.31251
0.334693
0.357477
0.38094
0.405167
0.43026
0.456338
0.483536
0.512014
0.541954
0.573573
0.607122
0.642903
0.681273
0.72266
0.767578
0.816647
0.870615
0.930389
0.997079
1.07204
1.15694
1.25386
1.36535
1.49463
1.64569
1.82346
2.03401
2.28455
2.58326
2.93849
3.35646
3.83701
4.36749
4.90434
5.29412
5.28751
-6.43541
-6.06577
-5.28379
-4.45734
-3.73601
-3.14146
-2.6633
-2.28233
-1.97857
-1.73484
-1.53744
-1.37577
-1.24178
-1.12939
-1.03397
-0.951971
-0.880692
-0.818029
-0.762343
-0.712347
-0.667025
-0.625568
-0.587329
-0.551789
-0.518524
-0.487191
-0.45751
-0.429251
-0.402224
-0.37627
-0.351256
-0.327069
-0.303614
-0.280809
-0.258585
-0.236876
-0.215625
-0.194782
-0.174301
-0.154141
-0.134271
-0.114658
-0.0952718
-0.0760833
-0.0570624
-0.0381796
-0.019406
-0.0007147
0.0179193
0.0365197
0.0551108
0.0737189
0.0923714
0.111097
0.129926
0.148888
0.168014
0.187334
0.206878
0.226683
0.246787
0.267236
0.288079
0.309367
0.331159
0.353516
0.376509
0.400219
0.42474
0.450184
0.476678
0.50437
0.533433
0.564069
0.596518
0.631065
0.668053
0.707895
0.75109
0.798249
0.850114
0.907594
0.971819
1.04419
1.12647
1.22089
1.33031
1.45841
1.60998
1.79129
2.01058
2.27865
2.6094
3.02023
3.53125
4.16191
4.9221
5.78772
6.60691
7.01161
-9.25994
-7.78166
-6.21532
-4.93489
-3.94098
-3.19219
-2.63493
-2.21703
-1.89876
-1.65216
-1.45767
-1.30156
-1.17412
-1.06839
-0.979338
-0.903239
-0.837314
-0.779456
-0.728053
-0.681858
-0.639902
-0.60142
-0.56581
-0.53259
-0.501373
-0.47185
-0.443769
-0.416926
-0.391153
-0.366313
-0.342289
-0.318986
-0.296323
-0.27423
-0.252646
-0.231517
-0.210792
-0.190428
-0.170387
-0.150634
-0.13114
-0.111878
-0.0928204
-0.0739409
-0.0552126
-0.0366083
-0.0181019
0.00033091
0.0187124
0.0370643
0.055409
0.0737714
0.0921783
0.110657
0.129234
0.147939
0.166799
0.185841
0.205095
0.224593
0.244371
0.26447
0.284936
0.305815
0.327159
0.349025
0.371477
0.394588
0.418443
0.443144
0.468805
0.49556
0.523567
0.553009
0.584102
0.617109
0.652345
0.690192
0.731115
0.775687
0.824609
0.87875
0.93919
1.0073
1.08482
1.17398
1.27773
1.39995
1.54586
1.72264
1.94022
2.21267
2.55993
3.01043
3.60461
4.39574
5.43836
6.77197
8.39553
9.93945
-14.768
-10.033
-6.89758
-5.05405
-3.82982
-2.99435
-2.4212
-2.01626
-1.7199
-1.49628
-1.32302
-1.18553
-1.07407
-0.981957
-0.904474
-0.838219
-0.780687
-0.730007
-0.68476
-0.643861
-0.606471
-0.571937
-0.539748
-0.509498
-0.480866
-0.453597
-0.427487
-0.402372
-0.378117
-0.354613
-0.331772
-0.309518
-0.28779
-0.266534
-0.245702
-0.225251
-0.20514
-0.185337
-0.165811
-0.146533
-0.12748
-0.108628
-0.0899553
-0.0714383
-0.0530539
-0.034778
-0.0165874
0.00153896
0.0196204
0.0376764
0.055728
0.0737984
0.0919125
0.110095
0.128371
0.146766
0.165306
0.184013
0.202915
0.222041
0.241423
0.261098
0.281105
0.301485
0.322283
0.343547
0.365334
0.387705
0.410736
0.434511
0.459128
0.484702
0.511366
0.539275
0.568614
0.599607
0.632524
0.667694
0.705521
0.746501
0.791249
0.840525
0.895279
0.956725
1.02641
1.10634
1.1992
1.30854
1.4393
1.5984
1.79584
2.04659
2.37356
2.81327
3.42643
4.30948
5.59298
7.50933
10.7337
15.5783
-24.0512
-12.2364
-6.62184
-4.34148
-3.13642
-2.40885
-1.94971
-1.64082
-1.41934
-1.25298
-1.12368
-1.02037
-0.935882
-0.865363
-0.805395
-0.753508
-0.707877
-0.667133
-0.630239
-0.596402
-0.565013
-0.535599
-0.507795
-0.481313
-0.45593
-0.431473
-0.407802
-0.384811
-0.362412
-0.340536
-0.319127
-0.298141
-0.27754
-0.257289
-0.237359
-0.217719
-0.198346
-0.179215
-0.160306
-0.141598
-0.123073
-0.104715
-0.0865062
-0.0684274
-0.0504593
-0.0325819
-0.0147759
0.00297617
0.020691
0.0383856
0.0560789
0.0737923
0.0915474
0.109366
0.127271
0.145284
0.163427
0.181721
0.200188
0.218854
0.237746
0.256895
0.276333
0.296094
0.316214
0.336731
0.35769
0.37914
0.401138
0.423751
0.447054
0.471134
0.496092
0.522045
0.549132
0.577525
0.607428
0.639092
0.672826
0.709013
0.748123
0.790737
0.83759
0.889592
0.947923
1.0141
1.09012
1.17864
1.28332
1.40926
1.56395
1.75887
2.01261
2.3581
2.85897
3.63641
4.90894
7.28425
13.0148
24.9515
)
;

boundaryField
{
    movingWall
    {
        type            zeroGradient;
    }
    fixedWalls
    {
        type            zeroGradient;
    }
    frontAndBack
    {
        type            empty;
    }
}


// ************************************************************************* //
