/*--------------------------------*- C++ -*----------------------------------*\
| =========                 |                                                 |
| \\      /  F ield         | OpenFOAM: The Open Source CFD Toolbox           |
|  \\    /   O peration     | Version:  2212                                  |
|   \\  /    A nd           | Website:  www.openfoam.com                      |
|    \\/     M anipulation  |                                                 |
\*---------------------------------------------------------------------------*/
FoamFile
{
    version     2.0;
    format      ascii;
    arch        "LSB;label=32;scalar=64";
    class       volScalarField;
    location    "0.001";
    object      p;
}
// * * * * * * * * * * * * * * * * * * * * * * * * * * * * * * * * * * * * * //

dimensions      [0 2 -2 0 0 0 0];

internalField   nonuniform List<scalar> 
10000
(
-6.45796e-08
9.27577e-06
0.00033885
0.000686329
0.00112505
0.00184471
0.00290627
0.00428452
0.00593267
0.00781432
0.00988585
0.012071
0.0142727
0.0164047
0.0184169
0.0202879
0.0220062
0.0235681
0.0249889
0.0263135
0.0276187
0.0290041
0.030569
0.0323922
0.0345105
0.0369046
0.0395038
0.0422045
0.0448921
0.0474623
0.049834
0.0519501
0.0537774
0.0553066
0.05656
0.0575974
0.0585118
0.0594231
0.0604644
0.0617635
0.0634314
0.0655454
0.0681454
0.0712412
0.0748213
0.0788761
0.0834196
0.0884928
0.0941558
0.100455
0.107376
0.114834
0.122677
0.130709
0.138741
0.146651
0.154395
0.161948
0.169268
0.176346
0.183226
0.189963
0.196626
0.20339
0.210459
0.217839
0.225341
0.232869
0.2405
0.248243
0.255971
0.26364
0.271295
0.278834
0.286023
0.292807
0.299352
0.305688
0.311585
0.3169
0.3218
0.326515
0.331034
0.335221
0.339099
0.342815
0.346393
0.349693
0.352632
0.355253
0.357541
0.359346
0.360617
0.36151
0.362098
0.362267
0.362026
0.361546
0.361175
0.361347
0.000831281
0.000722335
0.000977747
0.00136547
0.00186496
0.00258158
0.00358664
0.00489187
0.00648127
0.00832033
0.0103615
0.0125292
0.0147221
0.0168463
0.0188384
0.0206695
0.0223321
0.0238308
0.0251887
0.0264628
0.027747
0.0291534
0.0307875
0.0327154
0.0349449
0.0374266
0.0400689
0.042761
0.0453963
0.0478872
0.0501711
0.0522071
0.0539696
0.0554513
0.0566705
0.0576804
0.0585713
0.059463
0.0604953
0.0618058
0.0635077
0.0656782
0.0683508
0.0715209
0.0751699
0.0792856
0.0838811
0.0890054
0.094722
0.101065
0.108007
0.115442
0.123208
0.131124
0.139033
0.146837
0.154518
0.162064
0.169398
0.176458
0.18329
0.189972
0.196572
0.203259
0.210253
0.217547
0.22492
0.232291
0.239805
0.247512
0.255267
0.262986
0.270693
0.278273
0.285503
0.292361
0.298998
0.305372
0.311221
0.316471
0.32138
0.326146
0.330656
0.334768
0.338605
0.342365
0.345976
0.349213
0.352047
0.354621
0.356903
0.358676
0.359893
0.360731
0.361314
0.361635
0.361614
0.361432
0.361307
0.361531
0.00162522
0.00131034
0.00139912
0.00172125
0.00217044
0.00280165
0.00368562
0.00487079
0.00636816
0.00814911
0.0101512
0.0122895
0.0144644
0.0165805
0.0185693
0.020399
0.0220646
0.0235771
0.0249688
0.026302
0.0276725
0.0291901
0.0309474
0.0329888
0.0352971
0.0378026
0.0404102
0.0430236
0.045563
0.0479693
0.0501996
0.0522204
0.0540021
0.0555255
0.0567953
0.0578494
0.0587674
0.0596649
0.0606808
0.061961
0.0636283
0.0657694
0.0684321
0.0716211
0.0753221
0.0795294
0.0842505
0.0895136
0.0953594
0.101795
0.108761
0.116139
0.123779
0.131541
0.139315
0.147031
0.15468
0.16226
0.169664
0.176757
0.183576
0.190263
0.196885
0.203525
0.210393
0.217566
0.224819
0.23201
0.23936
0.247072
0.254959
0.262742
0.270409
0.278009
0.285374
0.292331
0.298922
0.305194
0.311003
0.316255
0.321132
0.325848
0.330352
0.3345
0.338368
0.342123
0.345709
0.348918
0.351717
0.354224
0.356419
0.358151
0.359367
0.360166
0.36073
0.361092
0.361208
0.361278
0.361097
0.361079
0.00206689
0.0015752
0.00148507
0.0016572
0.00196241
0.00244781
0.00318308
0.00423728
0.00564652
0.00739118
0.00939084
0.0115371
0.0137212
0.0158468
0.0178471
0.0196858
0.0213571
0.022884
0.0243145
0.025725
0.0272108
0.0288691
0.030766
0.032917
0.0352818
0.03778
0.0403244
0.042845
0.0452967
0.0476538
0.049894
0.0519866
0.0538891
0.0555593
0.0569767
0.0581555
0.0591552
0.0600834
0.0610798
0.0622995
0.063888
0.0659544
0.068569
0.0717599
0.0755198
0.0798383
0.0847121
0.0901367
0.0961069
0.102598
0.109532
0.116782
0.124224
0.131783
0.139411
0.147058
0.154707
0.162351
0.169864
0.17705
0.183907
0.190624
0.197302
0.203945
0.210688
0.217671
0.224776
0.231861
0.239113
0.246786
0.254737
0.262601
0.270263
0.277814
0.285203
0.29224
0.298835
0.304981
0.31065
0.315878
0.320822
0.325568
0.33001
0.334085
0.337951
0.341737
0.345289
0.348382
0.351041
0.353437
0.355594
0.357358
0.358584
0.359361
0.359939
0.360349
0.360642
0.360693
0.360567
0.360312
0.00192427
0.00132938
0.00109057
0.0010951
0.00122944
0.00156948
0.00219968
0.00319008
0.00458608
0.0063619
0.00842027
0.010624
0.0128409
0.014973
0.0169576
0.0187655
0.0203995
0.0218972
0.0233281
0.0247866
0.0263698
0.0281552
0.0301784
0.032422
0.0348256
0.0373102
0.039807
0.0422763
0.0447068
0.0470997
0.0494443
0.0517032
0.0538151
0.0557093
0.0573345
0.0586797
0.0597852
0.060751
0.0617235
0.0628704
0.06436
0.066333
0.0688837
0.0720583
0.0758611
0.0802722
0.0852655
0.0908078
0.0968507
0.103332
0.110171
0.117259
0.124493
0.131852
0.139358
0.146974
0.154641
0.162335
0.169936
0.177216
0.184128
0.190888
0.197634
0.204314
0.210981
0.217807
0.224782
0.231802
0.239018
0.246654
0.254563
0.262376
0.269988
0.277518
0.284909
0.291926
0.298467
0.304577
0.310262
0.315514
0.320444
0.325161
0.329606
0.333688
0.337476
0.341091
0.3445
0.34755
0.350165
0.352421
0.354442
0.356194
0.357506
0.358404
0.358984
0.359299
0.359634
0.359771
0.359599
0.35918
0.00112483
0.000437535
7.94649e-05
-4.2392e-05
-3.70348e-05
0.000202144
0.00079516
0.00181348
0.00327916
0.00514423
0.00728725
0.00954821
0.0117793
0.013879
0.0157958
0.0175202
0.0190763
0.020522
0.0219463
0.0234529
0.0251367
0.0270515
0.0291994
0.0315341
0.033981
0.036469
0.0389541
0.0414287
0.0439088
0.0464093
0.0489194
0.0513871
0.0537297
0.0558532
0.0576811
0.0591854
0.0603992
0.061418
0.0623947
0.0635127
0.0649534
0.0668763
0.0693971
0.0725711
0.076406
0.0808803
0.0859502
0.0915571
0.0976269
0.104074
0.110818
0.117774
0.124862
0.132087
0.139518
0.147125
0.154796
0.162477
0.170086
0.177406
0.184349
0.191145
0.197981
0.20475
0.2114
0.218132
0.225049
0.232057
0.239221
0.246747
0.254535
0.262227
0.269718
0.277181
0.284598
0.291666
0.298211
0.30433
0.310116
0.315515
0.3205
0.325147
0.329507
0.333542
0.337244
0.34069
0.343929
0.346873
0.349388
0.351529
0.353484
0.355213
0.356523
0.357385
0.357875
0.358266
0.358436
0.358521
0.358212
0.357698
-0.000283532
-0.00105064
-0.00148176
-0.00166521
-0.0017234
-0.00153066
-0.000930503
0.000153597
0.00171147
0.00365303
0.00583168
0.00808199
0.0102613
0.0122784
0.0140995
0.0157376
0.0172415
0.0186891
0.0201775
0.0218046
0.0236456
0.0257266
0.0280184
0.0304522
0.03295
0.0354554
0.037951
0.0404568
0.0430071
0.0456192
0.0482727
0.050902
0.0534078
0.055687
0.0576592
0.0592931
0.0606257
0.061755
0.0628306
0.0640372
0.0655572
0.0675443
0.0701173
0.0733408
0.0772223
0.0817389
0.0868506
0.0924947
0.0985802
0.105009
0.11171
0.118621
0.125661
0.132829
0.140217
0.147807
0.155423
0.162977
0.17047
0.177757
0.184705
0.191515
0.198434
0.205348
0.21207
0.218753
0.22562
0.232641
0.239766
0.247107
0.254642
0.262152
0.26957
0.277026
0.284465
0.291583
0.298227
0.304513
0.310491
0.315997
0.320945
0.325495
0.329792
0.333753
0.337259
0.340432
0.343485
0.346367
0.348832
0.350881
0.352703
0.354283
0.355536
0.356412
0.356844
0.357097
0.357165
0.357143
0.356661
0.35599
-0.00214485
-0.00294233
-0.00339848
-0.00360881
-0.00369619
-0.00352372
-0.00291742
-0.00180288
-0.000219052
0.00170838
0.00381835
0.00595952
0.00801852
0.00993255
0.0116887
0.0133161
0.0148758
0.0164507
0.0181289
0.0199873
0.0220655
0.024356
0.0268056
0.0293369
0.0318805
0.034402
0.0369099
0.0394422
0.0420396
0.0447134
0.0474305
0.0501187
0.0526788
0.0550159
0.0570691
0.0588235
0.0603215
0.0616625
0.0629814
0.0644366
0.0661881
0.068369
0.0710797
0.0743875
0.0783164
0.082852
0.0879646
0.0936152
0.099723
0.106171
0.112884
0.119827
0.126912
0.134081
0.141414
0.148929
0.156424
0.163758
0.171012
0.178184
0.185142
0.191986
0.198964
0.206003
0.212848
0.219557
0.226376
0.233348
0.240399
0.247565
0.254849
0.262146
0.269485
0.276997
0.284542
0.291739
0.298449
0.304863
0.311022
0.316625
0.321485
0.325831
0.329947
0.333765
0.337105
0.34009
0.342979
0.345712
0.348064
0.350075
0.351859
0.353361
0.354517
0.355246
0.355641
0.355781
0.355862
0.355713
0.355113
0.354283
-0.00435978
-0.00513205
-0.00558595
-0.00582769
-0.00595065
-0.00579667
-0.00520634
-0.00412688
-0.00262037
-0.000823285
0.00111444
0.0030749
0.00498795
0.00682647
0.00859578
0.0103269
0.0120737
0.0139034
0.015879
0.0180427
0.0203987
0.0229093
0.0255088
0.0281268
0.0307148
0.0332635
0.0358017
0.0383719
0.0410053
0.0437003
0.046413
0.0490726
0.0516014
0.0539333
0.0560402
0.0579373
0.0596743
0.0613339
0.0630229
0.0648552
0.0669407
0.0693787
0.0722538
0.0756339
0.0795666
0.0840693
0.0891367
0.0947578
0.100878
0.107371
0.114136
0.121146
0.128316
0.135517
0.142774
0.150149
0.157472
0.164563
0.171544
0.178564
0.185534
0.192449
0.19948
0.206584
0.213515
0.220273
0.227083
0.233991
0.240923
0.247923
0.255048
0.262245
0.269549
0.277076
0.284677
0.29195
0.29873
0.305195
0.311375
0.316945
0.321712
0.325937
0.329914
0.333566
0.336741
0.339621
0.342431
0.345049
0.347301
0.349251
0.350917
0.352266
0.353302
0.353902
0.354167
0.354206
0.354313
0.354128
0.353527
0.352586
-0.00699532
-0.00772449
-0.00818075
-0.00845988
-0.00860646
-0.00845077
-0.00786983
-0.00685841
-0.00549779
-0.00390755
-0.00219732
-0.00043597
0.00135011
0.00316208
0.00501364
0.0069262
0.00893149
0.011067
0.0133645
0.01583
0.0184408
0.0211458
0.0238816
0.0265968
0.0292691
0.0319085
0.0345487
0.0372209
0.0399308
0.0426558
0.0453476
0.047947
0.050411
0.0527234
0.0548963
0.0569706
0.0590032
0.0610505
0.0631669
0.0654118
0.0678458
0.0705287
0.0735292
0.0769298
0.0808161
0.0852444
0.0902334
0.0957986
0.101921
0.108468
0.115294
0.122364
0.129614
0.136859
0.144039
0.15125
0.158399
0.165299
0.172069
0.178955
0.185932
0.192907
0.199959
0.207057
0.213996
0.220777
0.227601
0.234496
0.241358
0.248259
0.255332
0.262554
0.269896
0.27741
0.284968
0.292229
0.299028
0.305491
0.311617
0.317117
0.321861
0.326101
0.330057
0.333621
0.336723
0.339585
0.342327
0.344773
0.346835
0.348575
0.349977
0.351097
0.351961
0.352417
0.352467
0.352404
0.352476
0.352326
0.351719
0.350744
-0.0102532
-0.0109684
-0.0114332
-0.0117004
-0.0117878
-0.0115494
-0.0109227
-0.00995736
-0.00874689
-0.007376
-0.00589485
-0.00431608
-0.00262932
-0.000817807
0.00113024
0.00322192
0.00546526
0.00786863
0.0104341
0.0131447
0.0159618
0.0188368
0.0217225
0.0245889
0.0274339
0.0302734
0.0331239
0.0359882
0.0388402
0.0416317
0.0443168
0.0468652
0.0492757
0.0515854
0.0538547
0.0561422
0.058494
0.060937
0.0634746
0.066104
0.0688404
0.0717245
0.0748224
0.0782287
0.082066
0.0864355
0.0913719
0.0968922
0.103005
0.109593
0.116462
0.123552
0.13084
0.138123
0.145253
0.152324
0.159343
0.16614
0.172792
0.179579
0.186525
0.193489
0.200476
0.207471
0.214341
0.22112
0.228
0.234961
0.241858
0.248781
0.255931
0.263283
0.270694
0.278135
0.285547
0.292716
0.2995
0.305935
0.311974
0.31742
0.322238
0.32663
0.330666
0.334195
0.33723
0.339999
0.342543
0.344727
0.346553
0.348012
0.349074
0.349942
0.350664
0.351
0.350839
0.350652
0.35056
0.350392
0.349711
0.348754
-0.0143136
-0.0150471
-0.0154875
-0.0156221
-0.0155038
-0.0150672
-0.0143245
-0.0133662
-0.0122794
-0.0111026
-0.00982305
-0.00840189
-0.00680076
-0.00499591
-0.00298043
-0.00075913
0.00165969
0.00426556
0.00703691
0.00994424
0.0129456
0.0159994
0.0190778
0.022168
0.0252726
0.0283979
0.0315302
0.0346317
0.0376488
0.040522
0.0432129
0.0457303
0.0481273
0.0504856
0.0528967
0.0554314
0.0581187
0.0609457
0.0638695
0.0668438
0.0698544
0.0729372
0.0761665
0.0796454
0.0835159
0.0879109
0.0928668
0.0983729
0.104452
0.11103
0.117888
0.124931
0.132183
0.139478
0.146591
0.153574
0.160511
0.167276
0.173884
0.180578
0.187409
0.194239
0.201056
0.207877
0.214633
0.221404
0.228389
0.235522
0.24258
0.24963
0.256924
0.264435
0.271905
0.279212
0.28638
0.293361
0.300065
0.30644
0.312389
0.317789
0.322683
0.327199
0.331278
0.334761
0.337706
0.340291
0.342538
0.344469
0.346153
0.347433
0.348253
0.348933
0.349547
0.349749
0.349402
0.349057
0.348778
0.348511
0.347746
0.346765
-0.0191746
-0.019907
-0.0202378
-0.0201053
-0.0196594
-0.0189593
-0.0180847
-0.0171344
-0.016161
-0.0151486
-0.0140311
-0.0127327
-0.0111967
-0.00939545
-0.0073238
-0.00499207
-0.00241957
0.000369238
0.00333794
0.00644341
0.00964388
0.0129041
0.0162072
0.0195513
0.0229321
0.0263336
0.0297171
0.0330158
0.0361553
0.0390846
0.0417946
0.0443301
0.0467853
0.0492768
0.0519097
0.0547446
0.0577837
0.0609814
0.064265
0.0675657
0.0708574
0.0741841
0.077636
0.0813117
0.0853383
0.089855
0.0948935
0.100398
0.106387
0.112858
0.119622
0.126543
0.133684
0.140949
0.148072
0.155025
0.161917
0.168672
0.175258
0.181848
0.188485
0.195065
0.201631
0.208268
0.214943
0.221742
0.228863
0.23622
0.243517
0.250758
0.258187
0.265782
0.273223
0.280341
0.287225
0.293957
0.300492
0.306732
0.312562
0.317914
0.322833
0.327363
0.33141
0.334883
0.337829
0.340286
0.342288
0.344058
0.345692
0.346868
0.347508
0.348
0.348434
0.348427
0.347945
0.347476
0.347126
0.34672
0.345915
0.344825
-0.0246088
-0.02527
-0.0253966
-0.02494
-0.0241775
-0.0232733
-0.0223422
-0.0214541
-0.0206029
-0.0197185
-0.0187004
-0.0174555
-0.0159206
-0.014065
-0.0118836
-0.00938925
-0.00661108
-0.00359219
-0.000383746
0.00295446
0.00637502
0.00984857
0.0133606
0.0169102
0.0204916
0.0240725
0.0275962
0.0309927
0.0341959
0.0371722
0.0399436
0.0425882
0.0452201
0.0479599
0.0509014
0.054082
0.057475
0.0610124
0.0646148
0.0682175
0.0718001
0.0754185
0.0791777
0.083158
0.0874344
0.0921225
0.0972547
0.102736
0.108565
0.11483
0.121425
0.128191
0.135188
0.142394
0.149541
0.156514
0.163393
0.170128
0.176675
0.183153
0.189579
0.195879
0.202187
0.20869
0.215375
0.222265
0.229518
0.237057
0.244571
0.251993
0.25951
0.267081
0.274393
0.281303
0.287956
0.294475
0.300805
0.306843
0.312539
0.317873
0.322818
0.32731
0.331306
0.334846
0.33792
0.340362
0.342202
0.343825
0.345318
0.346283
0.346689
0.346969
0.347179
0.346935
0.346347
0.345771
0.345413
0.344894
0.344077
0.342877
-0.0302873
-0.0308113
-0.0307091
-0.030012
-0.029094
-0.0281564
-0.0272941
-0.0265212
-0.0257741
-0.0249471
-0.0239292
-0.0226309
-0.0209929
-0.0189835
-0.016597
-0.0138506
-0.0107866
-0.00747082
-0.0039763
-0.000376722
0.00326724
0.00692623
0.010594
0.0142684
0.0179409
0.0215846
0.0251501
0.0285798
0.0318318
0.0349007
0.0378304
0.040708
0.0436397
0.0467218
0.0500174
0.0535361
0.057231
0.0610288
0.064869
0.0687188
0.072576
0.0764993
0.0805995
0.0849334
0.0894987
0.0943565
0.0995538
0.104989
0.110637
0.116662
0.123074
0.129716
0.136603
0.14375
0.150913
0.157921
0.164802
0.171503
0.177985
0.18436
0.190631
0.196729
0.20286
0.209314
0.21609
0.223112
0.230455
0.238068
0.245692
0.253235
0.2608
0.268298
0.275449
0.2822
0.288748
0.295173
0.301337
0.307153
0.312702
0.318032
0.322999
0.327419
0.331332
0.334924
0.338112
0.340557
0.34229
0.343762
0.345018
0.345687
0.345856
0.345966
0.34597
0.345492
0.344742
0.344032
0.343609
0.34306
0.342211
0.340979
-0.0359756
-0.0363682
-0.0361241
-0.035374
-0.0345207
-0.0337193
-0.0329993
-0.0323221
-0.0315976
-0.0307199
-0.0295936
-0.0281449
-0.0263212
-0.0240874
-0.0214337
-0.0183832
-0.0149917
-0.0113442
-0.00754268
-0.00367567
0.0001908
0.00402001
0.00780567
0.0115533
0.0152625
0.0189201
0.0225001
0.0259738
0.0293281
0.0325792
0.0357743
0.0389848
0.0422855
0.0457331
0.0493537
0.0531365
0.0570346
0.0609905
0.0649795
0.069017
0.073125
0.0773491
0.0817865
0.0864744
0.0913323
0.096346
0.101587
0.106994
0.11252
0.118364
0.124649
0.131236
0.138072
0.145158
0.152283
0.159276
0.166135
0.172789
0.179196
0.185496
0.191711
0.197759
0.203854
0.21034
0.217234
0.224373
0.231742
0.239314
0.246924
0.254514
0.262115
0.269562
0.276593
0.283249
0.289777
0.296175
0.302188
0.307744
0.313077
0.318311
0.323205
0.327489
0.331282
0.334864
0.338085
0.340534
0.34228
0.343728
0.344806
0.345205
0.345159
0.345104
0.344907
0.344237
0.34331
0.342509
0.341971
0.34145
0.340541
0.339308
-0.0416596
-0.0420104
-0.0417788
-0.0411539
-0.0404969
-0.0398724
-0.0392439
-0.0385542
-0.0377333
-0.0367115
-0.0354233
-0.0338053
-0.0318
-0.0293593
-0.0264583
-0.0231188
-0.0194119
-0.0154397
-0.0113217
-0.00716883
-0.00306021
0.000961489
0.00488508
0.00871962
0.0124788
0.016172
0.0198033
0.0233773
0.0269059
0.0304126
0.0339322
0.0375059
0.0411697
0.0449403
0.0488156
0.0527814
0.0568114
0.0608771
0.0649879
0.0692042
0.0735719
0.0781053
0.0828638
0.0878764
0.0930129
0.09818
0.103469
0.108898
0.114415
0.120199
0.126432
0.133005
0.139803
0.146784
0.153769
0.160635
0.167412
0.174014
0.180376
0.186658
0.192927
0.199085
0.205293
0.211877
0.218861
0.22605
0.233382
0.240849
0.24837
0.255936
0.263544
0.270954
0.277891
0.284448
0.290898
0.297178
0.302954
0.30819
0.313238
0.318276
0.32302
0.327186
0.330953
0.334578
0.33782
0.340287
0.34212
0.343617
0.344561
0.344706
0.344428
0.344176
0.343799
0.34305
0.34207
0.341297
0.340683
0.34015
0.339198
0.337904
-0.047513
-0.0479357
-0.0478342
-0.0473883
-0.0468817
-0.0463112
-0.045622
-0.0447872
-0.0437913
-0.0426117
-0.0412051
-0.0394975
-0.0373978
-0.0348285
-0.0317479
-0.0281697
-0.0241711
-0.0198774
-0.0154286
-0.0109574
-0.006565
-0.00230918
0.0017914
0.00574799
0.00959026
0.013355
0.0170789
0.020796
0.0245348
0.0283174
0.0321583
0.0360676
0.0400497
0.0440969
0.048194
0.0523337
0.0565188
0.0607491
0.065047
0.0694934
0.0741524
0.0790021
0.0840461
0.0893181
0.0946902
0.100009
0.105369
0.110873
0.116486
0.122327
0.128562
0.135099
0.141802
0.148603
0.155344
0.161981
0.168623
0.175201
0.1816
0.187957
0.194373
0.200753
0.20718
0.213906
0.220936
0.228095
0.235345
0.242705
0.250125
0.257611
0.265142
0.272451
0.279251
0.285635
0.291869
0.297868
0.303318
0.308257
0.313094
0.317994
0.322643
0.326812
0.330704
0.334446
0.337668
0.340051
0.341845
0.343271
0.344029
0.343951
0.343493
0.343084
0.342594
0.34185
0.340934
0.340225
0.339603
0.338975
0.338025
0.336614
-0.0537404
-0.0542918
-0.0543235
-0.0539548
-0.0534159
-0.0527024
-0.0518023
-0.0507525
-0.0495971
-0.0483379
-0.0469147
-0.0452169
-0.0431078
-0.0404688
-0.0372399
-0.0334374
-0.0291516
-0.0245296
-0.01974
-0.0149416
-0.0102593
-0.00576881
-0.00149417
0.00258366
0.00651387
0.0103617
0.014194
0.0180663
0.0220145
0.0260538
0.0301814
0.0343853
0.0386541
0.0429747
0.0473306
0.0517194
0.0561628
0.0606752
0.0652624
0.0699906
0.0749392
0.0800689
0.0853272
0.0907599
0.0962953
0.101762
0.107229
0.112859
0.118642
0.12462
0.130888
0.137345
0.143875
0.150436
0.156904
0.163297
0.169815
0.176431
0.18297
0.189499
0.196115
0.202742
0.209416
0.2163
0.223352
0.230437
0.237594
0.244884
0.252239
0.259614
0.266968
0.274062
0.280647
0.286807
0.292759
0.29842
0.303564
0.308333
0.313131
0.318013
0.32263
0.326829
0.330825
0.334592
0.337664
0.339832
0.341447
0.342694
0.343273
0.3431
0.342614
0.342146
0.341573
0.340779
0.339893
0.339161
0.33856
0.337841
0.336898
0.335406
-0.0604232
-0.0610741
-0.0611342
-0.0606692
-0.0599118
-0.0589159
-0.0577535
-0.0565225
-0.0552861
-0.0540309
-0.0526521
-0.0509834
-0.0488471
-0.0461025
-0.0426879
-0.0386343
-0.0340581
-0.0291294
-0.0240422
-0.0189774
-0.0140745
-0.0094149
-0.00501775
-0.000849062
0.00316212
0.00710444
0.0110625
0.0150986
0.0192453
0.02351
0.0278817
0.0323417
0.0368793
0.0414921
0.04617
0.0509018
0.0557028
0.0605848
0.0655191
0.0705284
0.0757061
0.0810354
0.0864287
0.0919398
0.0975845
0.103217
0.10886
0.114681
0.12068
0.126839
0.133165
0.139524
0.145845
0.152167
0.158423
0.16466
0.17113
0.177838
0.184572
0.191314
0.198122
0.204944
0.211819
0.21885
0.225945
0.232987
0.240089
0.247363
0.254701
0.261967
0.269081
0.275874
0.282191
0.28813
0.293844
0.299227
0.304147
0.308832
0.313634
0.318475
0.322977
0.327073
0.330994
0.334623
0.337485
0.339487
0.341004
0.34215
0.34265
0.342496
0.34207
0.341583
0.340911
0.339981
0.339048
0.338249
0.337667
0.336981
0.336021
0.334527
-0.0674775
-0.0681506
-0.068115
-0.0674255
-0.0663766
-0.0651005
-0.0637326
-0.0623983
-0.0611377
-0.0598855
-0.058487
-0.0567394
-0.054452
-0.0514953
-0.0478301
-0.0435143
-0.038687
-0.0335362
-0.0282642
-0.0230529
-0.0180364
-0.0132843
-0.00880013
-0.00453406
-0.000402651
0.00368733
0.00781552
0.0120325
0.0163592
0.0207996
0.0253501
0.0300058
0.0347728
0.0396705
0.0446987
0.0498214
0.0550172
0.0602824
0.0655588
0.0708145
0.0761518
0.0816156
0.0871193
0.0927089
0.0984759
0.104325
0.110231
0.116304
0.122532
0.128866
0.135259
0.141539
0.147675
0.153814
0.159968
0.166186
0.172697
0.179511
0.186406
0.193316
0.200268
0.207218
0.214233
0.221406
0.228606
0.235703
0.242838
0.250143
0.257476
0.264623
0.271477
0.277937
0.283962
0.289679
0.295191
0.30036
0.305098
0.309666
0.314349
0.318988
0.323239
0.327125
0.330869
0.334303
0.337023
0.339028
0.340618
0.341776
0.342241
0.342081
0.341658
0.341125
0.340383
0.339387
0.33845
0.337692
0.337142
0.336597
0.33565
0.334183
-0.0747244
-0.075351
-0.0751629
-0.0742422
-0.072961
-0.0715104
-0.070039
-0.0686468
-0.0673288
-0.0659713
-0.0643925
-0.062395
-0.0598155
-0.0565626
-0.0526312
-0.0481026
-0.0431227
-0.0378746
-0.0325437
-0.0272883
-0.0222175
-0.0173788
-0.0127621
-0.00831534
-0.00396647
0.000354217
0.00469801
0.00909234
0.0135479
0.0180779
0.0227093
0.027476
0.0324142
0.0375644
0.0429341
0.0484529
0.0540381
0.0596614
0.0652576
0.0707502
0.076236
0.0818382
0.0875057
0.0932564
0.0992081
0.105313
0.111514
0.117848
0.12426
0.130705
0.137136
0.143371
0.149398
0.155451
0.161618
0.167937
0.174563
0.181464
0.188434
0.195436
0.202495
0.209566
0.216722
0.224057
0.231427
0.238679
0.245924
0.253264
0.26053
0.267495
0.274069
0.280213
0.285948
0.291421
0.296712
0.301683
0.306262
0.310674
0.315124
0.319447
0.323408
0.327108
0.330706
0.333974
0.336591
0.338626
0.340284
0.341426
0.341805
0.341559
0.341067
0.340495
0.339778
0.3389
0.338089
0.337499
0.337007
0.336567
0.3357
0.334224
-0.0819786
-0.0825381
-0.0822227
-0.0811614
-0.0797802
-0.0782782
-0.0767715
-0.0753055
-0.0738322
-0.0722244
-0.0703162
-0.0679518
-0.0650196
-0.0614725
-0.0573323
-0.0526836
-0.0476572
-0.0424069
-0.0370812
-0.0318011
-0.0266446
-0.0216427
-0.016787
-0.0120467
-0.00738739
-0.00278463
0.00177445
0.00629862
0.010804
0.0153332
0.0199658
0.0247929
0.0298826
0.03528
0.040989
0.0469054
0.0528747
0.0588347
0.0647424
0.0705053
0.0761958
0.0819967
0.0879089
0.0939117
0.100092
0.106425
0.112854
0.119374
0.125886
0.132355
0.138788
0.145033
0.151079
0.157182
0.16347
0.169968
0.176753
0.183732
0.190727
0.197776
0.204953
0.212205
0.219561
0.227084
0.234628
0.242039
0.249384
0.256698
0.263788
0.270478
0.276765
0.282663
0.288188
0.293444
0.298507
0.30329
0.307751
0.312042
0.316261
0.320266
0.323965
0.327519
0.330988
0.334072
0.336509
0.338428
0.339983
0.341001
0.341283
0.340996
0.340502
0.33997
0.339358
0.338692
0.338061
0.33762
0.33719
0.336728
0.335931
0.334413
-0.0891054
-0.0896059
-0.0892328
-0.088149
-0.0867923
-0.0853228
-0.083798
-0.0822138
-0.0805039
-0.078562
-0.0762715
-0.0735332
-0.0702854
-0.0665113
-0.0622416
-0.0575468
-0.0525291
-0.047302
-0.0419721
-0.0366238
-0.031312
-0.0260644
-0.0208922
-0.015803
-0.0108121
-0.00594312
-0.00121352
0.00338497
0.00789626
0.0124083
0.0170572
0.0219886
0.0272889
0.0329793
0.0390407
0.0453483
0.0516887
0.0579621
0.0641697
0.0702435
0.0762186
0.0822889
0.0884964
0.0947888
0.101192
0.107673
0.114209
0.120807
0.127356
0.133826
0.140282
0.146624
0.152838
0.159142
0.165639
0.172343
0.179293
0.186357
0.193385
0.200496
0.207826
0.215315
0.222915
0.230609
0.238242
0.245697
0.253039
0.260243
0.26709
0.273482
0.279533
0.285314
0.290775
0.295917
0.300792
0.305397
0.309752
0.313945
0.317967
0.321688
0.325126
0.328481
0.33174
0.334565
0.336746
0.338435
0.339776
0.340643
0.340915
0.340751
0.340419
0.340035
0.339552
0.339034
0.338532
0.338128
0.337748
0.337233
0.33642
0.334883
-0.0960338
-0.0964825
-0.0961179
-0.0951083
-0.0938573
-0.0924596
-0.0909127
-0.0891853
-0.0872201
-0.0849504
-0.0823144
-0.079263
-0.075769
-0.0718309
-0.0674771
-0.0627621
-0.0577594
-0.0525458
-0.047191
-0.0417495
-0.0362617
-0.0307608
-0.0252834
-0.019878
-0.0146038
-0.0095181
-0.00465057
2.42005e-05
0.00459108
0.00918154
0.013966
0.0191175
0.0247207
0.0307486
0.0371426
0.0437828
0.0504392
0.0569844
0.0634687
0.0698809
0.0762179
0.0826261
0.0891516
0.0957267
0.102326
0.108895
0.115453
0.122074
0.12867
0.135207
0.141769
0.148299
0.154784
0.161373
0.168108
0.174984
0.182051
0.189196
0.196304
0.203535
0.211051
0.218779
0.226599
0.234404
0.242017
0.249384
0.256619
0.263679
0.270327
0.276513
0.282445
0.288224
0.293725
0.298833
0.303559
0.307973
0.312166
0.316204
0.320016
0.323475
0.326645
0.329719
0.332659
0.335169
0.337104
0.338602
0.339775
0.340552
0.340897
0.340953
0.340879
0.3407
0.340352
0.339905
0.339482
0.339089
0.338769
0.338326
0.337496
0.336
-0.102774
-0.103181
-0.102874
-0.102
-0.100893
-0.0995727
-0.0979937
-0.0961198
-0.0939192
-0.0913656
-0.0884397
-0.085129
-0.0814298
-0.0773539
-0.0729295
-0.068202
-0.0632221
-0.0580361
-0.0526797
-0.0471807
-0.0415662
-0.0358746
-0.030165
-0.0245189
-0.019024
-0.0137519
-0.00872897
-0.00390767
0.000833214
0.00565059
0.010712
0.0161794
0.0221232
0.0284683
0.0351147
0.0419769
0.0488693
0.0556584
0.0624252
0.0692163
0.0759954
0.0828172
0.0896832
0.0965225
0.1033
0.109952
0.116532
0.123191
0.129891
0.13659
0.143343
0.150094
0.156838
0.163687
0.170615
0.177603
0.184735
0.191964
0.199223
0.206666
0.214412
0.222353
0.230336
0.238204
0.245769
0.253028
0.260152
0.267113
0.273667
0.279781
0.285687
0.291479
0.296982
0.302023
0.306604
0.310832
0.314829
0.318656
0.322241
0.32548
0.328425
0.331207
0.333777
0.33595
0.337675
0.339063
0.340158
0.3409
0.341305
0.341517
0.341639
0.341638
0.341446
0.341096
0.340771
0.340478
0.340243
0.339985
0.339259
0.337834
-0.109449
-0.109842
-0.109636
-0.108918
-0.107942
-0.106666
-0.105022
-0.102988
-0.100562
-0.0977507
-0.0945647
-0.0910184
-0.0871319
-0.0829332
-0.0784567
-0.0737402
-0.0688131
-0.0636908
-0.0583755
-0.0528686
-0.0471859
-0.0413712
-0.0355028
-0.0296849
-0.0240182
-0.0185709
-0.0133564
-0.00831068
-0.00329292
0.00185842
0.0072769
0.0130807
0.0193258
0.0259174
0.0327287
0.0397261
0.0468166
0.0538843
0.0610004
0.0682326
0.0755142
0.0827984
0.0900104
0.0970804
0.104013
0.11077
0.117429
0.124183
0.13104
0.137955
0.144931
0.151877
0.158802
0.165824
0.172899
0.179996
0.187224
0.194595
0.202099
0.20986
0.217901
0.226048
0.234153
0.24208
0.249662
0.256917
0.264022
0.270944
0.277457
0.283543
0.289416
0.295129
0.300493
0.305372
0.30982
0.313952
0.317841
0.321504
0.324896
0.327969
0.33075
0.333278
0.335491
0.337319
0.338821
0.3401
0.34114
0.341859
0.342279
0.342544
0.342756
0.34288
0.342865
0.342703
0.342524
0.342391
0.342241
0.342093
0.341509
0.340122
-0.116261
-0.116688
-0.116605
-0.116008
-0.115088
-0.113776
-0.112009
-0.109786
-0.107133
-0.104081
-0.100662
-0.09691
-0.0928666
-0.088574
-0.084071
-0.0793817
-0.0745122
-0.0694473
-0.0641627
-0.0586443
-0.0529079
-0.0470089
-0.0410412
-0.0351185
-0.0293378
-0.0237466
-0.0183346
-0.0130284
-0.0076881
-0.00216269
0.00363431
0.00975754
0.0162521
0.023043
0.030001
0.0371355
0.044456
0.0518786
0.0594245
0.067127
0.0748889
0.0825943
0.0901022
0.097348
0.104406
0.1113
0.118124
0.12506
0.132123
0.13927
0.146467
0.153588
0.160654
0.167817
0.175061
0.182357
0.1898
0.197416
0.205234
0.213356
0.221707
0.230047
0.238247
0.246241
0.253918
0.261291
0.26847
0.27537
0.281788
0.287766
0.293518
0.299054
0.304188
0.30887
0.313248
0.317427
0.321364
0.324974
0.328225
0.331137
0.333746
0.336032
0.337926
0.339438
0.340698
0.341818
0.342769
0.343468
0.343927
0.344262
0.344569
0.344833
0.345013
0.345094
0.34509
0.345079
0.344982
0.344782
0.344194
0.342779
-0.123382
-0.12387
-0.123878
-0.123309
-0.122331
-0.120897
-0.118968
-0.116564
-0.113722
-0.110483
-0.10689
-0.102989
-0.0988306
-0.0944627
-0.0899202
-0.0852135
-0.080329
-0.0752354
-0.0699019
-0.064321
-0.0585236
-0.0525796
-0.0465856
-0.0406428
-0.0348229
-0.0291361
-0.0235384
-0.017953
-0.0122635
-0.00634395
-0.000152025
0.00629789
0.0130355
0.0200363
0.0271934
0.034532
0.0421333
0.0499475
0.0579329
0.0660491
0.0741715
0.0821716
0.0898931
0.0972858
0.104487
0.111589
0.118694
0.125929
0.13326
0.140646
0.148059
0.155373
0.162625
0.169984
0.177467
0.185061
0.192819
0.200726
0.208824
0.217214
0.225778
0.234248
0.242519
0.250588
0.258398
0.265948
0.273246
0.280112
0.286366
0.292146
0.297721
0.303078
0.30803
0.312595
0.316991
0.321294
0.325342
0.328943
0.332061
0.334776
0.337154
0.339178
0.340804
0.342082
0.343149
0.344102
0.344937
0.34562
0.34618
0.346693
0.347205
0.347686
0.348074
0.348367
0.348526
0.348571
0.348506
0.34823
0.347517
0.346063
-0.130827
-0.131346
-0.131352
-0.130702
-0.129595
-0.128027
-0.125982
-0.12348
-0.120548
-0.117218
-0.113528
-0.109526
-0.105264
-0.100791
-0.0961367
-0.091308
-0.0862891
-0.0810559
-0.0755957
-0.069923
-0.0640872
-0.0581608
-0.0522192
-0.0463242
-0.0405036
-0.0347265
-0.0289171
-0.0230047
-0.016921
-0.0105822
-0.00397579
0.002828
0.00983401
0.017077
0.0244954
0.0321048
0.0400052
0.0481733
0.0565249
0.0649475
0.0732949
0.0814744
0.0893729
0.0969666
0.104414
0.111836
0.11933
0.126947
0.134585
0.142198
0.149803
0.15733
0.164836
0.172471
0.180245
0.188151
0.196203
0.204338
0.212593
0.221087
0.229719
0.238255
0.246619
0.254819
0.262807
0.270559
0.277994
0.284853
0.290977
0.296599
0.302052
0.307324
0.312224
0.31679
0.321246
0.325623
0.329684
0.333206
0.336173
0.338696
0.340848
0.342629
0.34405
0.345192
0.346157
0.347
0.347735
0.348399
0.349067
0.349795
0.350564
0.35129
0.351865
0.352272
0.352521
0.352591
0.352547
0.352314
0.351574
0.350146
-0.138446
-0.138923
-0.138833
-0.138062
-0.136865
-0.135261
-0.133225
-0.130749
-0.127831
-0.124481
-0.120731
-0.11663
-0.112237
-0.107604
-0.102764
-0.0977325
-0.0925088
-0.0870932
-0.0814992
-0.0757609
-0.0699308
-0.0640641
-0.0581956
-0.0523334
-0.046461
-0.0405241
-0.0344364
-0.0281435
-0.0216377
-0.0148873
-0.00788577
-0.000723746
0.006575
0.0140895
0.0218137
0.0297433
0.0379482
0.0464113
0.0550418
0.063692
0.0722064
0.0805406
0.088653
0.0965527
0.104372
0.112196
0.120093
0.128065
0.135961
0.143749
0.151507
0.159248
0.167062
0.175039
0.183125
0.191295
0.199548
0.207814
0.216141
0.224666
0.233324
0.241949
0.250498
0.258947
0.267194
0.275171
0.282757
0.289676
0.295808
0.301436
0.306902
0.312184
0.317098
0.321698
0.326176
0.330504
0.334428
0.337782
0.340619
0.343052
0.345097
0.346733
0.348015
0.34907
0.349988
0.350788
0.351483
0.352146
0.352883
0.353752
0.354698
0.355594
0.356295
0.356737
0.356988
0.357065
0.35702
0.356877
0.356251
0.354907
-0.146075
-0.146464
-0.146263
-0.14544
-0.144283
-0.14278
-0.14086
-0.138472
-0.135589
-0.132215
-0.128388
-0.124172
-0.119637
-0.11484
-0.109822
-0.104605
-0.0992084
-0.0936527
-0.0879694
-0.0821972
-0.0763747
-0.0705293
-0.0646586
-0.0587283
-0.0526961
-0.0465147
-0.0401141
-0.0334537
-0.0265685
-0.0194702
-0.0121332
-0.00462406
0.00300875
0.01085
0.0189333
0.0272353
0.0357682
0.0444979
0.0533532
0.0622023
0.0709005
0.0794355
0.0878202
0.0960912
0.104331
0.112544
0.120756
0.128956
0.137015
0.144943
0.152866
0.160867
0.169053
0.177432
0.185857
0.194269
0.202675
0.211047
0.21948
0.228117
0.236899
0.245706
0.254526
0.263292
0.271831
0.280024
0.287746
0.294769
0.301037
0.306837
0.312434
0.317749
0.322629
0.327183
0.331602
0.33581
0.339556
0.342758
0.345549
0.348024
0.350109
0.351717
0.352914
0.353878
0.354735
0.355522
0.35625
0.356978
0.357789
0.358727
0.359748
0.360721
0.361505
0.362001
0.362253
0.362344
0.362289
0.362136
0.361566
0.360265
-0.15373
-0.154067
-0.153841
-0.153089
-0.152074
-0.150717
-0.148891
-0.146527
-0.143606
-0.140157
-0.136243
-0.131943
-0.127329
-0.122453
-0.117349
-0.112039
-0.106548
-0.100908
-0.0951575
-0.0893311
-0.0834508
-0.0775238
-0.0715325
-0.0654286
-0.0591654
-0.0527203
-0.0460519
-0.0391138
-0.0319375
-0.0245547
-0.016914
-0.0090337
-0.000984499
0.00727355
0.0157723
0.0244749
0.0333442
0.0423213
0.0513666
0.0604039
0.0693247
0.0781245
0.0868254
0.0954716
0.104099
0.112636
0.121071
0.129411
0.1376
0.145719
0.153915
0.162281
0.170906
0.179718
0.188496
0.197161
0.20574
0.214275
0.22292
0.231803
0.240824
0.249866
0.25893
0.267935
0.276678
0.285021
0.292845
0.299983
0.306451
0.312509
0.318292
0.323629
0.328407
0.332841
0.337171
0.341304
0.344984
0.34817
0.351024
0.353609
0.355782
0.357409
0.358561
0.359445
0.360232
0.361004
0.361796
0.362641
0.363568
0.364585
0.365659
0.366687
0.367553
0.36817
0.368515
0.368662
0.368628
0.368393
0.367716
0.366366
-0.16166
-0.162041
-0.161903
-0.161279
-0.160371
-0.159048
-0.157172
-0.1547
-0.15166
-0.148123
-0.144169
-0.139873
-0.135284
-0.130431
-0.125327
-0.119989
-0.114444
-0.10873
-0.10289
-0.0969574
-0.0909441
-0.0848483
-0.0786585
-0.0723384
-0.0658467
-0.0591783
-0.0523143
-0.0451818
-0.037764
-0.0300911
-0.0221093
-0.0138033
-0.00526721
0.00346023
0.0123689
0.0214202
0.0305717
0.039763
0.0489872
0.058231
0.0674342
0.0765808
0.0856549
0.0946797
0.10366
0.112489
0.121139
0.129642
0.138026
0.146439
0.15502
0.163818
0.172871
0.182047
0.191118
0.200027
0.20883
0.217617
0.226573
0.235776
0.245066
0.254306
0.263507
0.2726
0.281419
0.289855
0.297796
0.3051
0.311811
0.318148
0.324132
0.329514
0.334228
0.338592
0.342904
0.347076
0.350844
0.354159
0.357149
0.359828
0.362036
0.363669
0.364826
0.365716
0.366505
0.36729
0.368133
0.369071
0.370111
0.371233
0.372394
0.373501
0.37444
0.375151
0.375601
0.375801
0.375791
0.375513
0.374712
0.373296
-0.170185
-0.170692
-0.170678
-0.17011
-0.169151
-0.167678
-0.165604
-0.162948
-0.159787
-0.156208
-0.152284
-0.148054
-0.143529
-0.13871
-0.133602
-0.128225
-0.122618
-0.116823
-0.110882
-0.104823
-0.0986495
-0.0923528
-0.0859365
-0.0793936
-0.0726916
-0.0658231
-0.0587783
-0.0514584
-0.0437809
-0.035764
-0.0273888
-0.0186463
-0.00965097
-0.000511028
0.00871583
0.0180075
0.0273678
0.0367737
0.0462417
0.0557875
0.0653778
0.0749711
0.0844895
0.0939154
0.103239
0.112366
0.121281
0.130029
0.138687
0.147441
0.156401
0.165566
0.174917
0.184304
0.19356
0.202699
0.211801
0.220951
0.230296
0.239835
0.249354
0.258729
0.267998
0.277122
0.285991
0.294547
0.302685
0.310244
0.317244
0.323851
0.33002
0.335498
0.340276
0.344727
0.349146
0.353433
0.357338
0.360814
0.363944
0.366691
0.368908
0.370563
0.371813
0.37285
0.373787
0.374677
0.375585
0.376575
0.377683
0.3789
0.380164
0.381356
0.382324
0.383002
0.383409
0.38355
0.383471
0.383166
0.382342
0.380925
-0.179462
-0.180102
-0.180146
-0.179496
-0.178337
-0.176615
-0.174317
-0.171512
-0.168287
-0.164708
-0.160807
-0.156586
-0.152037
-0.147162
-0.141981
-0.136536
-0.130874
-0.12503
-0.11902
-0.11285
-0.106511
-0.0999925
-0.0933164
-0.0865182
-0.0795845
-0.0724891
-0.0652177
-0.0576634
-0.0496922
-0.0413053
-0.0325397
-0.0234283
-0.0140948
-0.00467063
0.00477139
0.0142417
0.0238119
0.0335128
0.0433627
0.0533497
0.063423
0.0735094
0.0834842
0.0933009
0.102951
0.112384
0.121614
0.130673
0.139641
0.148697
0.157923
0.167298
0.176788
0.18626
0.195646
0.20505
0.214551
0.224172
0.233962
0.243822
0.253521
0.263007
0.272375
0.28161
0.290626
0.299385
0.307779
0.315628
0.322917
0.329756
0.336074
0.341675
0.34663
0.351309
0.355924
0.360323
0.364295
0.367857
0.3711
0.373956
0.376278
0.378076
0.379535
0.380831
0.382022
0.383121
0.38417
0.385247
0.386418
0.387709
0.389054
0.390299
0.391253
0.391821
0.39206
0.392041
0.39181
0.391415
0.390586
0.389198
-0.189379
-0.190099
-0.190109
-0.1893
-0.187931
-0.186022
-0.183599
-0.180733
-0.177477
-0.173852
-0.169856
-0.165488
-0.160766
-0.15573
-0.150435
-0.144937
-0.139269
-0.133426
-0.127374
-0.121083
-0.114541
-0.107751
-0.100764
-0.0936615
-0.0864603
-0.0791053
-0.0715573
-0.0637179
-0.0554347
-0.0466934
-0.0375818
-0.0281888
-0.0186379
-0.00903153
0.000587481
0.0102673
0.0201261
0.0302277
0.0405651
0.0510574
0.0616067
0.0721206
0.0824772
0.0926401
0.102615
0.112389
0.121994
0.131423
0.140714
0.150004
0.159365
0.168816
0.17835
0.187879
0.197421
0.207143
0.217101
0.227233
0.237464
0.247605
0.257461
0.267091
0.276661
0.286152
0.295445
0.304468
0.313096
0.321171
0.328688
0.335724
0.342185
0.347933
0.353115
0.358071
0.362901
0.367383
0.371364
0.374968
0.378345
0.381425
0.384035
0.386154
0.387932
0.389517
0.390963
0.392293
0.39355
0.394791
0.39607
0.397416
0.398779
0.400003
0.400905
0.40139
0.401514
0.40139
0.401067
0.40057
0.399673
0.398268
-0.199644
-0.200396
-0.200349
-0.199434
-0.197986
-0.19605
-0.193634
-0.190761
-0.187434
-0.183646
-0.179402
-0.174744
-0.169751
-0.164518
-0.159126
-0.153613
-0.147966
-0.142123
-0.135994
-0.129525
-0.122722
-0.115628
-0.10832
-0.100909
-0.0934326
-0.0858018
-0.0779328
-0.0697445
-0.0611109
-0.052022
-0.0426011
-0.0329835
-0.023284
-0.013545
-0.00374292
0.00620576
0.0164245
0.0269679
0.0377861
0.0487275
0.0596545
0.0704857
0.0811548
0.0916702
0.102042
0.112256
0.122316
0.132159
0.141766
0.151229
0.160632
0.17008
0.179637
0.189259
0.199008
0.209057
0.219428
0.230009
0.240634
0.251048
0.261113
0.270997
0.280906
0.290776
0.300421
0.309709
0.318506
0.326716
0.334406
0.341648
0.34831
0.354262
0.359685
0.364891
0.369902
0.374477
0.378529
0.382266
0.385885
0.389312
0.392345
0.394907
0.397074
0.398952
0.400618
0.40215
0.403615
0.405047
0.406452
0.407833
0.409148
0.410267
0.411056
0.411475
0.411586
0.411474
0.411175
0.41066
0.409691
0.408232
-0.20997
-0.210746
-0.210702
-0.209818
-0.208463
-0.206653
-0.204329
-0.201451
-0.197988
-0.193939
-0.189358
-0.184356
-0.179079
-0.173662
-0.168185
-0.162647
-0.156978
-0.151065
-0.144794
-0.138106
-0.131039
-0.123682
-0.116115
-0.108434
-0.100673
-0.0927207
-0.084453
-0.0758196
-0.0667681
-0.0573291
-0.0476451
-0.0378627
-0.0280673
-0.0182255
-0.00823281
0.00202337
0.0126327
0.0236007
0.0348303
0.0461298
0.0573552
0.0684613
0.079461
0.0904106
0.101297
0.112047
0.12259
0.132812
0.142675
0.152256
0.16167
0.171114
0.180728
0.190501
0.2005
0.210846
0.221533
0.232463
0.243453
0.254218
0.264643
0.274943
0.285299
0.29558
0.305547
0.31504
0.323947
0.332258
0.34012
0.347607
0.354535
0.360748
0.366415
0.371822
0.37698
0.381696
0.385959
0.390008
0.394004
0.397839
0.4013
0.404298
0.406872
0.409091
0.411032
0.412796
0.414466
0.416061
0.417572
0.418986
0.420262
0.421286
0.421952
0.422278
0.422361
0.422257
0.421974
0.421471
0.420472
0.418967
-0.220184
-0.221004
-0.221045
-0.220324
-0.219193
-0.217599
-0.215406
-0.212515
-0.208881
-0.20454
-0.19961
-0.194273
-0.188724
-0.183118
-0.177521
-0.171893
-0.16612
-0.160069
-0.153629
-0.14675
-0.139488
-0.131949
-0.124191
-0.116252
-0.108148
-0.0997765
-0.0910181
-0.0818726
-0.0723865
-0.0626498
-0.0527995
-0.0429391
-0.033088
-0.023135
-0.0129097
-0.00229127
0.00874399
0.0201243
0.0317102
0.0433129
0.0548228
0.0662383
0.0776333
0.0890846
0.10053
0.111811
0.122768
0.133263
0.143303
0.153
0.162503
0.172056
0.181818
0.191797
0.202052
0.21265
0.223566
0.234763
0.246112
0.257323
0.26826
0.279088
0.289898
0.300503
0.310669
0.320279
0.329283
0.337743
0.345837
0.353599
0.360802
0.36728
0.373196
0.378813
0.384147
0.38908
0.393676
0.398159
0.402601
0.406829
0.410642
0.413999
0.416961
0.419586
0.421921
0.424023
0.425939
0.427685
0.429283
0.430762
0.432091
0.433142
0.433787
0.434044
0.434048
0.433868
0.433503
0.432933
0.431888
0.430342
-0.230254
-0.231133
-0.231318
-0.230846
-0.230011
-0.228671
-0.226611
-0.223691
-0.219873
-0.215237
-0.209968
-0.20431
-0.198495
-0.19268
-0.186915
-0.181135
-0.175203
-0.168986
-0.162389
-0.155372
-0.147974
-0.140288
-0.132342
-0.124108
-0.115586
-0.106724
-0.0974574
-0.0878446
-0.0780126
-0.0680901
-0.0581731
-0.0482753
-0.0383276
-0.0281652
-0.0175996
-0.0065395
0.00495568
0.0167327
0.0286256
0.0404927
0.0522943
0.0640691
0.0759063
0.0878548
0.0997948
0.111502
0.122762
0.133455
0.143666
0.153561
0.163311
0.173135
0.183135
0.193314
0.203748
0.214505
0.22558
0.236999
0.248682
0.260352
0.271838
0.28319
0.294382
0.305198
0.315476
0.325192
0.334369
0.343103
0.351527
0.359588
0.367033
0.37375
0.379951
0.385875
0.39151
0.396764
0.401744
0.406655
0.411505
0.416085
0.420218
0.423912
0.427258
0.430315
0.433095
0.435595
0.437805
0.439728
0.44143
0.443001
0.444433
0.445581
0.446286
0.446544
0.446494
0.446238
0.44578
0.445109
0.443977
0.442371
-0.240274
-0.241237
-0.241611
-0.241428
-0.2409
-0.239782
-0.237793
-0.234781
-0.230735
-0.225795
-0.220211
-0.214273
-0.208228
-0.202219
-0.196271
-0.190303
-0.184172
-0.177752
-0.170975
-0.163812
-0.156272
-0.148414
-0.140243
-0.131692
-0.122748
-0.113425
-0.103735
-0.0937842
-0.0837309
-0.0736998
-0.0637243
-0.0537205
-0.0435463
-0.0330317
-0.0220307
-0.0105105
0.00140405
0.0135152
0.0256616
0.0377736
0.0498914
0.0620786
0.0743885
0.0867922
0.0991094
0.111101
0.122562
0.133441
0.143889
0.154087
0.164191
0.174348
0.184578
0.194881
0.205383
0.216207
0.227418
0.239083
0.251101
0.263184
0.275143
0.286948
0.298471
0.3095
0.319956
0.329897
0.339388
0.348514
0.35733
0.365692
0.373349
0.380297
0.386836
0.393182
0.399253
0.404916
0.410275
0.415531
0.420702
0.425613
0.430125
0.434247
0.43804
0.441529
0.444715
0.447584
0.450101
0.452257
0.454124
0.455811
0.457317
0.45849
0.459186
0.459427
0.459365
0.459105
0.458643
0.457943
0.456751
0.455087
-0.250463
-0.251564
-0.252166
-0.25225
-0.251937
-0.250899
-0.248832
-0.245612
-0.241295
-0.236088
-0.230284
-0.22418
-0.218
-0.211843
-0.205698
-0.199478
-0.193058
-0.186343
-0.179305
-0.171937
-0.164221
-0.156165
-0.147756
-0.138913
-0.129613
-0.11992
-0.109918
-0.0997382
-0.0895286
-0.07938
-0.0692701
-0.0590502
-0.0485426
-0.0376105
-0.0261832
-0.0142855
-0.00205771
0.0103225
0.0227289
0.035151
0.0476649
0.0603211
0.0731004
0.0858804
0.0984353
0.110559
0.122121
0.133175
0.143917
0.154478
0.164944
0.175378
0.185756
0.196136
0.206715
0.217663
0.229108
0.241118
0.253518
0.265968
0.278291
0.290453
0.302302
0.313642
0.324436
0.334749
0.34463
0.35414
0.363291
0.371899
0.379761
0.386979
0.393908
0.400723
0.407262
0.413345
0.41906
0.424616
0.430074
0.435337
0.44031
0.444966
0.449279
0.453216
0.456778
0.45998
0.462809
0.465253
0.467367
0.469228
0.47081
0.471957
0.472566
0.472731
0.472651
0.472418
0.472001
0.471335
0.470136
0.468441
-0.261078
-0.262381
-0.2632
-0.263421
-0.263108
-0.261924
-0.259607
-0.256115
-0.25158
-0.24625
-0.240409
-0.234299
-0.228072
-0.221768
-0.215351
-0.208757
-0.201926
-0.194818
-0.187446
-0.179828
-0.171914
-0.163652
-0.155004
-0.145888
-0.136286
-0.126299
-0.116061
-0.105714
-0.095369
-0.0850691
-0.0747582
-0.0642693
-0.0534219
-0.0421156
-0.030341
-0.0181567
-0.00567721
0.00698246
0.0197403
0.0326012
0.0456026
0.0587309
0.0718859
0.0848924
0.0975362
0.109681
0.121294
0.132525
0.143587
0.154534
0.165346
0.176003
0.186498
0.19701
0.207827
0.219113
0.230964
0.243402
0.256178
0.268927
0.281518
0.293959
0.306131
0.317861
0.329093
0.339822
0.350046
0.359825
0.369186
0.37799
0.386105
0.393692
0.401079
0.408355
0.415304
0.421763
0.427844
0.43376
0.439584
0.445256
0.450707
0.45588
0.460692
0.465076
0.469033
0.472593
0.475745
0.478478
0.480847
0.482918
0.48464
0.485848
0.486459
0.48661
0.486539
0.486333
0.48594
0.485296
0.484099
0.482382
-0.272245
-0.273753
-0.274673
-0.274805
-0.274241
-0.27273
-0.270111
-0.26643
-0.261856
-0.256615
-0.250911
-0.244887
-0.23861
-0.232085
-0.225289
-0.218224
-0.210917
-0.20339
-0.19567
-0.187773
-0.179621
-0.171104
-0.162167
-0.152761
-0.14289
-0.132676
-0.122276
-0.111822
-0.101372
-0.0909112
-0.0803664
-0.0695958
-0.0584462
-0.0468389
-0.0347827
-0.0223373
-0.00958042
0.00342653
0.0166248
0.0299961
0.0434961
0.0570265
0.0704237
0.0835195
0.0961813
0.108363
0.120104
0.131583
0.142982
0.154294
0.165426
0.176304
0.18697
0.197733
0.208952
0.220752
0.233123
0.245978
0.259037
0.272005
0.284836
0.297573
0.310101
0.322246
0.333902
0.344983
0.355459
0.365425
0.374963
0.383997
0.392464
0.400533
0.408441
0.416165
0.423477
0.430294
0.436797
0.443193
0.449509
0.45565
0.461535
0.467108
0.472303
0.477085
0.481467
0.485438
0.488932
0.491915
0.494471
0.49671
0.498598
0.499965
0.500717
0.500987
0.501006
0.500864
0.500502
0.49987
0.498666
0.496907
-0.283826
-0.285447
-0.28628
-0.286116
-0.285173
-0.28333
-0.280528
-0.276846
-0.272429
-0.267414
-0.261901
-0.255935
-0.249537
-0.24272
-0.235514
-0.22799
-0.220243
-0.212329
-0.204256
-0.196018
-0.187528
-0.178664
-0.169384
-0.159691
-0.149623
-0.139285
-0.128808
-0.118285
-0.107726
-0.0970705
-0.0862488
-0.0751733
-0.0637446
-0.0518953
-0.0396081
-0.0269046
-0.0138233
-0.000408209
0.0132655
0.0271305
0.0410719
0.0549362
0.068535
0.0817308
0.094488
0.10683
0.118829
0.130629
0.142334
0.153918
0.165301
0.176413
0.187355
0.198506
0.210218
0.222561
0.235432
0.248642
0.261915
0.275095
0.288246
0.301389
0.314345
0.326888
0.338868
0.350185
0.360855
0.371038
0.380846
0.390213
0.3991
0.40767
0.416085
0.424248
0.431946
0.439177
0.44617
0.453106
0.459946
0.466551
0.472822
0.478715
0.48422
0.489366
0.494177
0.498588
0.502452
0.505703
0.508453
0.510861
0.512914
0.514443
0.515352
0.515769
0.515917
0.515879
0.515596
0.515012
0.51381
0.511992
-0.295484
-0.297095
-0.2977
-0.297189
-0.295931
-0.293908
-0.2911
-0.287565
-0.283376
-0.278579
-0.273189
-0.267205
-0.260644
-0.253556
-0.246018
-0.238135
-0.230024
-0.221743
-0.213278
-0.204613
-0.195698
-0.186443
-0.176837
-0.166928
-0.156759
-0.146381
-0.135842
-0.12519
-0.114425
-0.103497
-0.0923658
-0.0809972
-0.0693329
-0.0572974
-0.044818
-0.0318559
-0.0184106
-0.00454184
0.00962532
0.0239521
0.038284
0.0524593
0.0663147
0.0797399
0.0927475
0.105369
0.117666
0.129756
0.141685
0.153456
0.165061
0.176473
0.187832
0.199503
0.211744
0.224552
0.237801
0.251286
0.264775
0.278241
0.291812
0.30544
0.318832
0.331702
0.343893
0.355368
0.366251
0.376766
0.386988
0.396785
0.406099
0.4151
0.423948
0.432547
0.440714
0.448466
0.455997
0.463423
0.47068
0.47765
0.484263
0.490491
0.496342
0.501864
0.507083
0.511899
0.516135
0.519722
0.522786
0.52548
0.527771
0.529469
0.530494
0.531011
0.531265
0.531335
0.531151
0.530638
0.529445
0.527561
-0.306941
-0.308484
-0.308864
-0.308113
-0.306709
-0.304663
-0.301942
-0.298562
-0.294536
-0.289857
-0.284502
-0.278463
-0.271769
-0.264497
-0.256742
-0.248605
-0.240189
-0.231549
-0.222672
-0.213556
-0.204216
-0.19462
-0.184768
-0.174704
-0.16445
-0.153993
-0.143304
-0.132398
-0.121311
-0.110063
-0.0986582
-0.0870766
-0.0752437
-0.0630372
-0.0503273
-0.0370421
-0.0231788
-0.00884193
0.00579379
0.0205291
0.0352089
0.0496912
0.0638646
0.0776413
0.0910238
0.103998
0.116578
0.128876
0.140972
0.152944
0.164857
0.176701
0.188598
0.200835
0.213548
0.226688
0.240173
0.253862
0.267605
0.28144
0.295475
0.309556
0.323313
0.336448
0.348846
0.360556
0.371794
0.382792
0.393536
0.403806
0.413531
0.422924
0.432182
0.441248
0.449961
0.458303
0.466367
0.474188
0.481725
0.48895
0.495868
0.502465
0.508718
0.514643
0.52024
0.525399
0.52996
0.533888
0.537322
0.540385
0.542985
0.544904
0.546078
0.546715
0.547085
0.54726
0.547155
0.546691
0.545499
0.543552
-0.318182
-0.319698
-0.319965
-0.319123
-0.317696
-0.315682
-0.31303
-0.309726
-0.305757
-0.301096
-0.295719
-0.289619
-0.282839
-0.275462
-0.267584
-0.259281
-0.250629
-0.241685
-0.232449
-0.222939
-0.213231
-0.203351
-0.193296
-0.183063
-0.172636
-0.161974
-0.151022
-0.139791
-0.128363
-0.116822
-0.105202
-0.0934584
-0.0814551
-0.0690069
-0.0559538
-0.0422493
-0.0279465
-0.0132161
0.00175409
0.0167742
0.0317517
0.0465765
0.0611496
0.075374
0.0891961
0.102557
0.115428
0.127915
0.140189
0.152441
0.164768
0.177126
0.189576
0.202301
0.215364
0.228739
0.242423
0.256353
0.27044
0.284724
0.299216
0.313672
0.327727
0.34115
0.353891
0.366043
0.377826
0.389401
0.400655
0.411346
0.421468
0.431292
0.441027
0.450606
0.459862
0.468736
0.477252
0.485408
0.493202
0.500689
0.507921
0.514881
0.521523
0.527844
0.533822
0.539333
0.544214
0.54845
0.552193
0.555558
0.558428
0.56058
0.561962
0.56279
0.563322
0.563614
0.563577
0.563155
0.561975
0.559987
-0.329422
-0.330995
-0.331263
-0.330422
-0.329011
-0.327021
-0.324388
-0.321086
-0.317085
-0.31236
-0.306901
-0.300724
-0.293885
-0.286472
-0.278566
-0.2702
-0.261404
-0.252234
-0.24271
-0.232871
-0.222829
-0.212673
-0.202401
-0.19196
-0.18128
-0.170312
-0.15903
-0.147472
-0.135746
-0.123956
-0.112125
-0.100164
-0.0878889
-0.0750892
-0.0616219
-0.0474958
-0.032832
-0.0178459
-0.00270031
0.0124963
0.0277579
0.0430174
0.0581095
0.0728603
0.0871232
0.10083
0.113998
0.126734
0.139273
0.151897
0.164691
0.177553
0.190484
0.203603
0.216971
0.230635
0.244649
0.258962
0.273497
0.288253
0.30315
0.31791
0.332249
0.346045
0.359287
0.372042
0.384454
0.396573
0.408231
0.419258
0.42978
0.440121
0.450426
0.460543
0.470264
0.479534
0.488392
0.496871
0.505013
0.512877
0.52048
0.527769
0.534717
0.541374
0.547743
0.553667
0.558936
0.563504
0.567529
0.571134
0.574221
0.576584
0.578183
0.579222
0.579931
0.580348
0.580403
0.580062
0.578934
0.576942
-0.340915
-0.342609
-0.342947
-0.342152
-0.340786
-0.338824
-0.336184
-0.332823
-0.328708
-0.323833
-0.318236
-0.311982
-0.305137
-0.297773
-0.28993
-0.281579
-0.272686
-0.263303
-0.253509
-0.243382
-0.233055
-0.222641
-0.21215
-0.201486
-0.190525
-0.179207
-0.167553
-0.155656
-0.143651
-0.131626
-0.119555
-0.107291
-0.094629
-0.0813914
-0.0675087
-0.0530484
-0.0381551
-0.0230136
-0.00774097
0.00764768
0.023232
0.0389823
0.0546351
0.0699036
0.0845636
0.0985663
0.112055
0.12519
0.138191
0.151321
0.164618
0.177945
0.19129
0.204767
0.218496
0.2326
0.247114
0.261915
0.276893
0.292039
0.307252
0.322298
0.336996
0.351281
0.365115
0.378498
0.391491
0.404077
0.416094
0.427481
0.438483
0.449422
0.460333
0.470964
0.481087
0.490684
0.499855
0.508692
0.517258
0.525571
0.533563
0.54114
0.548324
0.555249
0.561959
0.568269
0.573918
0.578838
0.583185
0.587083
0.590434
0.593034
0.594852
0.596089
0.596964
0.597518
0.597702
0.597491
0.596449
0.594464
-0.352826
-0.354686
-0.355146
-0.354456
-0.353183
-0.351264
-0.348584
-0.345101
-0.340808
-0.335753
-0.33004
-0.323776
-0.317011
-0.309748
-0.301969
-0.293601
-0.284569
-0.274939
-0.264879
-0.254541
-0.244046
-0.233462
-0.222765
-0.211838
-0.200543
-0.188837
-0.176794
-0.164561
-0.152287
-0.140024
-0.127679
-0.115048
-0.101915
-0.0881688
-0.0738584
-0.0591212
-0.0440912
-0.0288373
-0.013406
0.00226143
0.0182203
0.0344285
0.0505648
0.0662632
0.0813024
0.0956851
0.10964
0.123387
0.137087
0.150861
0.16466
0.178391
0.192117
0.205992
0.220185
0.234845
0.249928
0.265203
0.28054
0.295972
0.311468
0.326884
0.342089
0.356974
0.371405
0.385329
0.398802
0.411824
0.424281
0.436183
0.44779
0.459345
0.470791
0.48186
0.492379
0.502376
0.511961
0.521222
0.53021
0.538911
0.547224
0.555062
0.562497
0.569702
0.576713
0.583313
0.589237
0.594448
0.599121
0.603365
0.607042
0.609929
0.611996
0.613451
0.614519
0.615242
0.615578
0.615504
0.61454
0.612545
-0.365239
-0.367317
-0.367955
-0.367415
-0.366255
-0.364368
-0.361616
-0.357993
-0.353561
-0.348419
-0.342701
-0.336516
-0.329863
-0.32265
-0.314807
-0.306292
-0.297067
-0.287219
-0.276975
-0.266535
-0.255985
-0.245295
-0.23437
-0.223094
-0.211387
-0.199278
-0.186896
-0.174398
-0.161888
-0.149346
-0.136628
-0.123519
-0.109839
-0.0955477
-0.0808026
-0.0658009
-0.0506548
-0.0352851
-0.0196441
-0.00362338
0.0127629
0.0293844
0.0459173
0.061983
0.0774302
0.0923637
0.107001
0.121515
0.136011
0.150463
0.164736
0.178837
0.192983
0.207384
0.222193
0.23748
0.253088
0.268743
0.284363
0.300065
0.315904
0.331798
0.347597
0.363078
0.378014
0.392364
0.406261
0.419765
0.432798
0.445365
0.457644
0.469767
0.481644
0.493093
0.504056
0.514581
0.524706
0.534439
0.543797
0.552777
0.56132
0.569401
0.577137
0.584689
0.592034
0.598914
0.605086
0.610564
0.615549
0.620122
0.624113
0.627292
0.62964
0.631366
0.63267
0.63358
0.634057
0.63409
0.633177
0.631154
-0.378195
-0.380524
-0.381351
-0.380945
-0.379867
-0.378004
-0.375225
-0.371569
-0.367158
-0.362101
-0.356489
-0.35039
-0.343768
-0.336478
-0.328429
-0.319658
-0.310237
-0.300274
-0.289965
-0.279485
-0.268879
-0.258049
-0.246852
-0.235193
-0.223073
-0.210602
-0.19795
-0.18524
-0.172482
-0.159559
-0.146307
-0.132582
-0.118307
-0.103513
-0.0883902
-0.0731307
-0.0577961
-0.0422081
-0.026241
-0.00980364
0.0070369
0.024039
0.0409047
0.0573268
0.0732288
0.0888184
0.104267
0.119599
0.134824
0.149877
0.164638
0.179211
0.193911
0.208985
0.224517
0.240428
0.256458
0.272385
0.28827
0.304318
0.320604
0.337033
0.353381
0.369341
0.384681
0.399453
0.413867
0.427989
0.441709
0.454979
0.467901
0.480546
0.49285
0.504741
0.51623
0.527332
0.537992
0.548153
0.557831
0.567058
0.575817
0.584133
0.592154
0.600034
0.607717
0.614926
0.62143
0.627257
0.632592
0.637487
0.641766
0.645228
0.647873
0.649888
0.651428
0.652494
0.653076
0.653194
0.652324
0.650274
-0.391676
-0.394226
-0.395188
-0.394862
-0.393856
-0.392089
-0.389438
-0.385938
-0.38172
-0.376873
-0.371403
-0.365317
-0.3586
-0.351134
-0.342828
-0.333774
-0.324156
-0.314125
-0.303807
-0.293288
-0.282563
-0.271522
-0.260033
-0.248036
-0.235581
-0.222809
-0.209883
-0.196893
-0.183783
-0.170375
-0.156503
-0.142117
-0.127263
-0.112028
-0.0965636
-0.080998
-0.0653145
-0.049335
-0.0329049
-0.0160243
0.00121608
0.0185491
0.03571
0.052519
0.0689653
0.0852572
0.101509
0.11762
0.133479
0.149026
0.164284
0.179471
0.194878
0.210681
0.226894
0.243332
0.259704
0.275913
0.292172
0.308717
0.32556
0.342523
0.359322
0.375655
0.391401
0.40673
0.421856
0.436737
0.45116
0.465048
0.478519
0.491679
0.504519
0.516998
0.529085
0.540705
0.55176
0.562237
0.572226
0.581781
0.590858
0.599457
0.607736
0.615876
0.623843
0.631382
0.638264
0.644496
0.650219
0.655454
0.660036
0.663796
0.66674
0.669018
0.670744
0.671922
0.672584
0.67279
0.671971
0.669901
-0.405635
-0.408339
-0.409374
-0.409133
-0.408272
-0.406729
-0.404371
-0.401169
-0.397218
-0.392604
-0.387278
-0.381161
-0.374257
-0.366547
-0.357979
-0.348652
-0.338809
-0.328664
-0.318314
-0.307748
-0.296884
-0.285601
-0.273803
-0.261487
-0.248739
-0.235687
-0.222446
-0.209065
-0.195483
-0.181526
-0.167049
-0.15206
-0.136675
-0.121009
-0.105147
-0.0891625
-0.0729731
-0.0564812
-0.039554
-0.0222641
-0.00471053
0.012941
0.0304702
0.0477637
0.0648586
0.0818683
0.0987997
0.115533
0.131932
0.147942
0.16372
0.179579
0.195732
0.212232
0.229021
0.245904
0.262654
0.279304
0.296129
0.313302
0.330729
0.348169
0.365345
0.382045
0.398298
0.414341
0.430291
0.445937
0.460982
0.475386
0.489358
0.503078
0.516559
0.52971
0.542388
0.554432
0.565772
0.576521
0.586864
0.596842
0.606338
0.615302
0.6239
0.632346
0.640632
0.648512
0.655759
0.662368
0.668455
0.674023
0.678915
0.682972
0.686195
0.6887
0.690577
0.691852
0.692599
0.692893
0.692126
0.690045
-0.420153
-0.422978
-0.424099
-0.424022
-0.423401
-0.422144
-0.420126
-0.417264
-0.413582
-0.409172
-0.403981
-0.397839
-0.390701
-0.382654
-0.373777
-0.364197
-0.35415
-0.343866
-0.333432
-0.322776
-0.311746
-0.300196
-0.28806
-0.275395
-0.262334
-0.248992
-0.235408
-0.221575
-0.207442
-0.192897
-0.177845
-0.162327
-0.146463
-0.130357
-0.114032
-0.0975302
-0.0807573
-0.0636976
-0.046306
-0.0286423
-0.0107899
0.0072215
0.0252539
0.0431498
0.0609105
0.0785631
0.0960253
0.113219
0.130092
0.146635
0.163035
0.179587
0.19642
0.21351
0.230792
0.248125
0.265385
0.282671
0.300196
0.318002
0.335935
0.353785
0.371361
0.388557
0.405478
0.422317
0.439042
0.455331
0.470912
0.48585
0.500416
0.514781
0.528915
0.542663
0.555827
0.568245
0.57992
0.591051
0.601836
0.612259
0.622153
0.631489
0.64048
0.649357
0.658079
0.666365
0.673985
0.680947
0.687364
0.693233
0.6984
0.702722
0.706197
0.708917
0.710951
0.71233
0.713163
0.713544
0.712826
0.710744
-0.435558
-0.438538
-0.4398
-0.439937
-0.439566
-0.438541
-0.436792
-0.434258
-0.430847
-0.42658
-0.421441
-0.415235
-0.407845
-0.399417
-0.3902
-0.380413
-0.370249
-0.359854
-0.349262
-0.338382
-0.327066
-0.315195
-0.302725
-0.289726
-0.276335
-0.262648
-0.248657
-0.234311
-0.219587
-0.204456
-0.188888
-0.172923
-0.156633
-0.140069
-0.123229
-0.106139
-0.0887712
-0.0711273
-0.0532788
-0.0352448
-0.0170306
0.00140382
0.0199956
0.03854
0.0569215
0.0750974
0.0930056
0.110648
0.128045
0.14522
0.162315
0.17952
0.196907
0.214487
0.232253
0.250126
0.268047
0.286091
0.304329
0.322692
0.341056
0.359336
0.377442
0.395313
0.413013
0.430614
0.447963
0.464755
0.480862
0.496455
0.511762
0.526832
0.541546
0.555747
0.569298
0.582123
0.594289
0.605985
0.617324
0.628206
0.638471
0.648172
0.657596
0.666956
0.676149
0.684856
0.692863
0.700189
0.706936
0.713085
0.718496
0.72306
0.726785
0.729734
0.731936
0.733419
0.734331
0.734802
0.734147
0.732073
-0.452304
-0.455489
-0.456901
-0.457191
-0.456995
-0.456115
-0.454523
-0.452238
-0.449067
-0.444853
-0.439595
-0.433218
-0.42562
-0.41693
-0.407466
-0.397519
-0.387252
-0.376708
-0.365854
-0.354604
-0.342878
-0.330633
-0.317848
-0.304545
-0.290791
-0.276657
-0.262141
-0.247217
-0.231913
-0.216267
-0.200276
-0.183932
-0.167226
-0.150137
-0.13271
-0.114984
-0.0970487
-0.0788753
-0.0605517
-0.0420949
-0.0234097
-0.00444017
0.0147207
0.0338573
0.0527939
0.0714396
0.0897993
0.107962
0.125974
0.143838
0.161605
0.179353
0.197179
0.215225
0.233565
0.252117
0.270791
0.289572
0.30842
0.327251
0.346057
0.364873
0.383636
0.402246
0.420679
0.438911
0.456766
0.474048
0.490772
0.507128
0.523216
0.538944
0.554163
0.56879
0.58278
0.596121
0.608891
0.621229
0.633169
0.644572
0.655314
0.665508
0.675445
0.68529
0.694897
0.703974
0.71235
0.720052
0.727141
0.73357
0.739228
0.744052
0.748053
0.751243
0.753607
0.755189
0.756188
0.756764
0.756172
0.754094
-0.470684
-0.474103
-0.475619
-0.475927
-0.475812
-0.475033
-0.473479
-0.471246
-0.468168
-0.46393
-0.458464
-0.451858
-0.444137
-0.435383
-0.425829
-0.415733
-0.405253
-0.39442
-0.383194
-0.371512
-0.359339
-0.346681
-0.333533
-0.319859
-0.305655
-0.290971
-0.275856
-0.260352
-0.24453
-0.228437
-0.212049
-0.195297
-0.178115
-0.160442
-0.142392
-0.124064
-0.105593
-0.0869434
-0.0680892
-0.0490517
-0.0297508
-0.0101487
0.00958495
0.0292103
0.0485886
0.0676974
0.0866176
0.105426
0.124097
0.142594
0.160925
0.17913
0.19738
0.215951
0.234951
0.25423
0.273603
0.292976
0.312294
0.331573
0.35093
0.370414
0.389878
0.409141
0.428155
0.446913
0.46531
0.483237
0.500728
0.517868
0.534626
0.550891
0.566614
0.581808
0.596436
0.61043
0.623819
0.636733
0.649229
0.661205
0.672566
0.683406
0.693944
0.704279
0.714276
0.723713
0.732474
0.740568
0.748006
0.754728
0.76066
0.765777
0.770073
0.773506
0.776034
0.777725
0.778823
0.779492
0.77892
0.77678
-0.49068
-0.494361
-0.495963
-0.496176
-0.496018
-0.495287
-0.493679
-0.491266
-0.488064
-0.483775
-0.4782
-0.471439
-0.463643
-0.4549
-0.445323
-0.435069
-0.424275
-0.413016
-0.401315
-0.389158
-0.376518
-0.363395
-0.34978
-0.335613
-0.320855
-0.30556
-0.289832
-0.273776
-0.257477
-0.240942
-0.224096
-0.206835
-0.189082
-0.170814
-0.152168
-0.133327
-0.114342
-0.0951713
-0.0757045
-0.0559217
-0.0358706
-0.015636
0.00459964
0.0246479
0.0444289
0.0640234
0.0836003
0.103164
0.122523
0.141561
0.160314
0.17892
0.197665
0.216861
0.236541
0.256459
0.27637
0.296178
0.315912
0.335722
0.355767
0.375983
0.396082
0.415853
0.435334
0.454625
0.473697
0.492439
0.510775
0.528632
0.545931
0.56268
0.578998
0.594939
0.610366
0.625087
0.639098
0.652581
0.665662
0.678273
0.690306
0.701802
0.712921
0.72374
0.734168
0.744039
0.753254
0.761783
0.769593
0.776629
0.782861
0.78829
0.792888
0.796572
0.799276
0.801078
0.802244
0.802946
0.80233
0.800069
-0.512087
-0.516048
-0.517773
-0.517857
-0.517489
-0.516679
-0.515007
-0.512361
-0.508901
-0.504524
-0.498959
-0.492169
-0.484306
-0.475508
-0.465852
-0.455408
-0.444257
-0.432493
-0.420216
-0.407493
-0.394323
-0.380674
-0.366505
-0.351745
-0.336356
-0.320412
-0.304063
-0.287458
-0.270672
-0.253649
-0.236249
-0.218371
-0.199955
-0.181086
-0.161885
-0.14258
-0.123111
-0.103339
-0.08318
-0.0626218
-0.0417958
-0.0209574
-0.000313643
0.0201035
0.0403496
0.0605412
0.08081
0.101072
0.121048
0.140573
0.159728
0.178787
0.198131
0.218003
0.238288
0.258683
0.278985
0.299182
0.319404
0.33986
0.360633
0.381496
0.402086
0.422285
0.44227
0.462216
0.482071
0.501643
0.520738
0.539218
0.557061
0.574419
0.591483
0.608241
0.62443
0.639821
0.654483
0.668672
0.682509
0.695868
0.708582
0.720678
0.73233
0.743652
0.754584
0.764979
0.774718
0.783725
0.791939
0.799318
0.805872
0.811629
0.816541
0.820476
0.823336
0.825201
0.826368
0.827049
0.826361
0.823954
-0.53473
-0.538887
-0.540743
-0.540773
-0.54013
-0.539105
-0.537415
-0.534696
-0.531001
-0.526429
-0.520824
-0.514046
-0.506142
-0.497226
-0.487369
-0.476614
-0.465019
-0.452686
-0.439775
-0.426428
-0.412671
-0.398433
-0.383624
-0.368176
-0.352091
-0.335488
-0.318539
-0.301386
-0.284059
-0.26644
-0.248353
-0.229739
-0.210604
-0.191116
-0.171416
-0.151635
-0.131662
-0.111248
-0.0903329
-0.0690496
-0.0475933
-0.0262363
-0.00518393
0.015612
0.0363489
0.0571917
0.0781419
0.0989811
0.119439
0.139417
0.159054
0.178701
0.198736
0.219258
0.240026
0.260772
0.281431
0.302097
0.322941
0.34411
0.365534
0.386884
0.407871
0.428558
0.449221
0.469966
0.490611
0.510877
0.530571
0.549633
0.568152
0.586325
0.604258
0.621791
0.638611
0.654596
0.669956
0.684977
0.699678
0.71382
0.727215
0.739935
0.752197
0.764122
0.775644
0.786615
0.796907
0.80642
0.81507
0.822824
0.829728
0.835825
0.84104
0.845187
0.848138
0.850005
0.851148
0.851813
0.851057
0.848491
-0.558559
-0.562715
-0.564609
-0.564755
-0.564048
-0.562811
-0.561069
-0.558393
-0.554565
-0.549725
-0.543928
-0.537081
-0.529111
-0.52001
-0.509801
-0.498549
-0.486371
-0.473423
-0.459889
-0.44592
-0.431534
-0.416625
-0.401084
-0.384874
-0.36807
-0.350834
-0.333317
-0.315597
-0.297631
-0.279266
-0.260358
-0.240908
-0.221041
-0.200905
-0.180696
-0.16039
-0.139813
-0.118734
-0.0971001
-0.0751591
-0.0532274
-0.0315079
-0.010054
0.0112195
0.0324984
0.0539291
0.0754179
0.0966896
0.117563
0.138047
0.15831
0.178664
0.199386
0.22045
0.241602
0.262706
0.283832
0.305119
0.32668
0.348533
0.370487
0.392225
0.413643
0.434963
0.456432
0.477986
0.499313
0.520138
0.540374
0.560079
0.579395
0.598459
0.617241
0.635492
0.652953
0.669636
0.685817
0.701702
0.717197
0.732043
0.746127
0.759587
0.772615
0.785261
0.797429
0.808997
0.819865
0.829917
0.839037
0.847194
0.854457
0.860875
0.866338
0.870627
0.873628
0.875505
0.876659
0.877326
0.876485
0.873715
-0.58364
-0.587673
-0.589484
-0.589873
-0.589472
-0.588202
-0.58628
-0.583534
-0.579628
-0.574575
-0.568509
-0.561421
-0.553196
-0.543732
-0.533005
-0.521122
-0.508288
-0.494719
-0.480586
-0.465989
-0.450912
-0.435252
-0.418927
-0.401954
-0.384463
-0.366624
-0.348528
-0.330163
-0.311429
-0.292182
-0.272376
-0.252067
-0.23146
-0.210652
-0.189812
-0.168876
-0.147605
-0.125831
-0.103587
-0.0811268
-0.058787
-0.0367332
-0.0148948
0.00686569
0.0286876
0.0506384
0.0725582
0.0941987
0.115496
0.136552
0.157524
0.178621
0.199973
0.221493
0.243041
0.264636
0.286397
0.308393
0.330639
0.353067
0.375475
0.397658
0.419662
0.44173
0.463967
0.486166
0.50803
0.52941
0.550313
0.570796
0.590925
0.61076
0.630244
0.649188
0.667434
0.68503
0.702159
0.718893
0.735105
0.750643
0.765517
0.77986
0.793752
0.807148
0.819966
0.83216
0.843654
0.854293
0.863909
0.872466
0.880058
0.886742
0.892396
0.896808
0.899894
0.901836
0.903021
0.903656
0.902666
0.89963
-0.610092
-0.614186
-0.615927
-0.616479
-0.616536
-0.615466
-0.613338
-0.610341
-0.606295
-0.601074
-0.594704
-0.587179
-0.57842
-0.568347
-0.556962
-0.544397
-0.530902
-0.516717
-0.50198
-0.486728
-0.470913
-0.454457
-0.43734
-0.419633
-0.401491
-0.383054
-0.364337
-0.345238
-0.325618
-0.30539
-0.284631
-0.263493
-0.242132
-0.220633
-0.199033
-0.177301
-0.155276
-0.132831
-0.110054
-0.0871814
-0.0644706
-0.0420067
-0.01969
0.00258036
0.0248695
0.047196
0.0694506
0.0915062
0.113362
0.135089
0.15678
0.178553
0.20045
0.222423
0.244485
0.266744
0.289242
0.311923
0.334743
0.35766
0.380559
0.403348
0.426099
0.448927
0.471773
0.49443
0.516775
0.538821
0.560561
0.581904
0.602795
0.623288
0.643424
0.663128
0.68228
0.700853
0.7189
0.736437
0.753415
0.769807
0.785649
0.800967
0.815712
0.829824
0.843309
0.856191
0.868374
0.879621
0.889717
0.898638
0.906518
0.913442
0.9193
0.923884
0.927104
0.929113
0.930279
0.930819
0.929628
0.926281
-0.638007
-0.642606
-0.644511
-0.645025
-0.645313
-0.644542
-0.642374
-0.639096
-0.634768
-0.629257
-0.622473
-0.614356
-0.604862
-0.593999
-0.581844
-0.568564
-0.554409
-0.539601
-0.524238
-0.508302
-0.491723
-0.474464
-0.456569
-0.438156
-0.419369
-0.40029
-0.380865
-0.360945
-0.340376
-0.319142
-0.297392
-0.275411
-0.253246
-0.23096
-0.208529
-0.185914
-0.163074
-0.139996
-0.11674
-0.0934337
-0.0702453
-0.0472607
-0.0244379
-0.00170222
0.0209962
0.0436596
0.0662667
0.0888287
0.111344
0.133764
0.156103
0.178449
0.200861
0.223382
0.246119
0.26914
0.292345
0.3156
0.33891
0.362332
0.385834
0.409347
0.432858
0.45633
0.479648
0.502739
0.525672
0.548506
0.571102
0.593227
0.614821
0.636038
0.657011
0.677654
0.697764
0.717226
0.736083
0.754431
0.772322
0.789751
0.806657
0.822936
0.838496
0.853342
0.867569
0.881209
0.894096
0.905919
0.916453
0.925722
0.933911
0.941125
0.947244
0.952026
0.955352
0.957367
0.958457
0.958869
0.957447
0.953759
-0.667458
-0.672915
-0.675336
-0.675801
-0.675996
-0.675386
-0.673307
-0.669829
-0.665117
-0.659136
-0.651783
-0.642962
-0.632635
-0.62088
-0.607875
-0.593849
-0.579033
-0.563592
-0.547562
-0.530885
-0.513504
-0.495436
-0.476784
-0.457679
-0.438221
-0.418414
-0.39816
-0.377318
-0.355766
-0.333534
-0.310802
-0.287871
-0.264817
-0.241611
-0.218255
-0.194772
-0.171134
-0.147373
-0.123577
-0.0998005
-0.076066
-0.0524511
-0.0290554
-0.00587259
0.0171936
0.0402136
0.0632618
0.0864136
0.109599
0.132652
0.155542
0.1784
0.201363
0.224549
0.248045
0.271779
0.295548
0.319274
0.343095
0.36714
0.39135
0.415575
0.439706
0.463671
0.487454
0.511146
0.534871
0.558556
0.581897
0.604664
0.626954
0.649058
0.671071
0.692759
0.713805
0.734112
0.753827
0.773134
0.792086
0.810597
0.828516
0.845705
0.86211
0.87779
0.892844
0.907259
0.920809
0.933169
0.944153
0.953835
0.962422
0.969992
0.976373
0.981297
0.984661
0.986644
0.987646
0.987903
0.986205
0.982118
-0.698665
-0.704934
-0.708072
-0.708741
-0.708757
-0.70804
-0.705947
-0.702309
-0.697225
-0.690704
-0.682675
-0.673052
-0.661826
-0.64914
-0.635262
-0.620469
-0.604964
-0.588838
-0.572065
-0.55458
-0.536355
-0.517458
-0.498022
-0.478172
-0.45796
-0.437329
-0.416153
-0.394312
-0.37175
-0.348502
-0.324805
-0.300834
-0.276744
-0.252517
-0.228155
-0.203777
-0.179418
-0.155021
-0.130575
-0.106141
-0.0817602
-0.0575249
-0.0335888
-0.00995642
0.0135322
0.0370308
0.0606538
0.0844272
0.108188
0.131744
0.155118
0.178507
0.2021
0.226014
0.250221
0.274515
0.298706
0.322883
0.347314
0.37209
0.397022
0.421855
0.446463
0.470875
0.495232
0.519715
0.54435
0.56887
0.592905
0.616357
0.639498
0.662626
0.685685
0.708313
0.730231
0.751472
0.772249
0.792688
0.812736
0.832258
0.85113
0.869268
0.886627
0.903228
0.919126
0.93428
0.948475
0.961418
0.972956
0.983168
0.992224
1.00014
1.00672
1.01172
1.0151
1.01705
1.01795
1.018
1.01596
1.0114
-0.732022
-0.738717
-0.742411
-0.743477
-0.743443
-0.742464
-0.740178
-0.73635
-0.730946
-0.723903
-0.715146
-0.704652
-0.692499
-0.6789
-0.664168
-0.64858
-0.632302
-0.61537
-0.597738
-0.579354
-0.560237
-0.540483
-0.52021
-0.499502
-0.478373
-0.456767
-0.434596
-0.41176
-0.388223
-0.363984
-0.339261
-0.314194
-0.288926
-0.263583
-0.238267
-0.213042
-0.187923
-0.162821
-0.137648
-0.112455
-0.0873673
-0.0625366
-0.0380895
-0.0139702
0.0100367
0.034138
0.0584246
0.0827957
0.10702
0.130991
0.154853
0.178843
0.203123
0.227727
0.252506
0.277212
0.301785
0.32649
0.351609
0.377097
0.402641
0.427978
0.45307
0.478056
0.503142
0.528467
0.553931
0.579202
0.603998
0.628369
0.652596
0.676808
0.700798
0.724254
0.747085
0.769433
0.791418
0.812999
0.834061
0.854552
0.874452
0.89367
0.91207
0.929597
0.946311
0.962222
0.977151
0.990812
1.00303
1.01385
1.02337
1.03158
1.03831
1.04339
1.0468
1.0487
1.04943
1.04924
1.04684
1.04176
-0.76775
-0.774489
-0.778325
-0.779665
-0.779702
-0.77853
-0.776013
-0.771949
-0.766209
-0.758644
-0.749156
-0.737791
-0.724725
-0.710237
-0.694648
-0.678206
-0.661036
-0.643152
-0.624516
-0.605117
-0.58502
-0.564338
-0.543141
-0.521439
-0.49922
-0.476486
-0.453243
-0.429445
-0.40495
-0.379745
-0.353924
-0.32772
-0.3013
-0.274841
-0.248545
-0.222476
-0.196579
-0.170709
-0.144743
-0.118748
-0.0929505
-0.0675573
-0.0425979
-0.0179158
0.00671756
0.0314922
0.0564308
0.0813247
0.105949
0.130344
0.15476
0.179407
0.204354
0.229535
0.254748
0.279822
0.304867
0.330211
0.356014
0.382079
0.408089
0.433912
0.459628
0.485389
0.511318
0.537441
0.563618
0.589608
0.615286
0.64074
0.666102
0.691312
0.716161
0.740528
0.764474
0.788068
0.811231
0.833828
0.855855
0.877414
0.8985
0.918887
0.938321
0.95676
0.974352
0.991159
1.00698
1.02148
1.03445
1.04589
1.05587
1.06438
1.07128
1.07645
1.07987
1.08169
1.08225
1.08183
1.07907
1.07342
-0.805546
-0.812275
-0.815964
-0.81731
-0.817426
-0.816208
-0.813524
-0.809188
-0.803037
-0.794909
-0.784709
-0.772519
-0.758575
-0.743196
-0.726691
-0.709277
-0.691057
-0.672072
-0.652321
-0.631813
-0.610616
-0.588839
-0.566541
-0.543703
-0.520288
-0.496335
-0.471922
-0.447085
-0.421611
-0.395414
-0.368526
-0.341172
-0.313608
-0.286127
-0.258939
-0.232034
-0.205286
-0.178568
-0.151807
-0.125081
-0.0986394
-0.0726842
-0.0471487
-0.02181
0.00352547
0.0289727
0.0544789
0.0798179
0.104864
0.129781
0.154828
0.180127
0.205658
0.231303
0.256897
0.282403
0.30804
0.334067
0.360469
0.38698
0.413414
0.439806
0.466278
0.492885
0.519636
0.546516
0.57345
0.600308
0.627003
0.653524
0.679852
0.705914
0.731665
0.757143
0.782364
0.807188
0.831403
0.85497
0.878076
0.900878
0.923232
0.944766
0.965224
0.984678
1.00334
1.02123
1.03806
1.05346
1.06721
1.0793
1.0898
1.09866
1.10577
1.11103
1.11447
1.11625
1.11669
1.11603
1.11285
1.10657
-0.84487
-0.851898
-0.855512
-0.856745
-0.85689
-0.855668
-0.852848
-0.848208
-0.841576
-0.832818
-0.821884
-0.808887
-0.794083
-0.777783
-0.76027
-0.741735
-0.722296
-0.702051
-0.681062
-0.659341
-0.636921
-0.613885
-0.590301
-0.566159
-0.54143
-0.516173
-0.490538
-0.464552
-0.438053
-0.410777
-0.382774
-0.354342
-0.325783
-0.29739
-0.269352
-0.241625
-0.214021
-0.186437
-0.158907
-0.131545
-0.104542
-0.0780062
-0.0518098
-0.0257434
0.000319525
0.0264047
0.0524085
0.0781785
0.103736
0.129288
0.155
0.180897
0.206929
0.233009
0.259045
0.285093
0.311368
0.338002
0.36488
0.391817
0.418796
0.445909
0.47317
0.500515
0.527951
0.555569
0.583391
0.611282
0.63904
0.666517
0.693682
0.720606
0.747405
0.774112
0.800567
0.826484
0.851712
0.876387
0.900768
0.924899
0.948488
0.971155
0.992767
1.01347
1.0334
1.05249
1.07038
1.08673
1.10135
1.11421
1.12531
1.13457
1.14191
1.14733
1.15087
1.15268
1.15298
1.15205
1.14837
1.14131
-0.885605
-0.89334
-0.897173
-0.898378
-0.898528
-0.897254
-0.894246
-0.889244
-0.882056
-0.872587
-0.86085
-0.846995
-0.831272
-0.813964
-0.795332
-0.775555
-0.754759
-0.733098
-0.710711
-0.68764
-0.66387
-0.639423
-0.614374
-0.58877
-0.562653
-0.536084
-0.509208
-0.481958
-0.454229
-0.425825
-0.396756
-0.367293
-0.337823
-0.308616
-0.279762
-0.2512
-0.222759
-0.194365
-0.166121
-0.138179
-0.110639
-0.0834822
-0.0565715
-0.0297737
-0.00302129
0.0236611
0.0501631
0.0764374
0.102613
0.128852
0.155195
0.181622
0.208137
0.234715
0.26131
0.287976
0.314844
0.341949
0.369222
0.396657
0.424345
0.452282
0.480299
0.508278
0.536351
0.564752
0.593519
0.622407
0.651091
0.679417
0.707464
0.73542
0.763392
0.791283
0.818826
0.845787
0.87216
0.898141
0.923886
0.949311
0.974125
0.99807
1.02108
1.04324
1.06457
1.08491
1.10394
1.12136
1.13699
1.15073
1.16251
1.17227
1.17997
1.18567
1.1894
1.1912
1.1913
1.19003
1.18578
1.17784
-0.928197
-0.936894
-0.941209
-0.942555
-0.942765
-0.941399
-0.938093
-0.932594
-0.924725
-0.914438
-0.9018
-0.886987
-0.870226
-0.851767
-0.831854
-0.810678
-0.788397
-0.765219
-0.741335
-0.716776
-0.691468
-0.665412
-0.63875
-0.611625
-0.584085
-0.556185
-0.527972
-0.499427
-0.470365
-0.440708
-0.410551
-0.380128
-0.349802
-0.319788
-0.290104
-0.26069
-0.231449
-0.202337
-0.173445
-0.14492
-0.116792
-0.088959
-0.0613286
-0.0338517
-0.00648091
0.0207698
0.0478284
0.0747219
0.101586
0.128483
0.15538
0.182304
0.209346
0.23651
0.263732
0.291007
0.318383
0.345886
0.373576
0.4016
0.430038
0.458726
0.487395
0.51601
0.544842
0.574141
0.603824
0.633536
0.662986
0.692158
0.721223
0.750325
0.779438
0.80839
0.836988
0.865129
0.892835
0.920198
0.947269
0.973986
1.00018
1.02565
1.05027
1.074
1.09679
1.11848
1.1388
1.15745
1.17422
1.18897
1.2016
1.21203
1.22027
1.22634
1.23025
1.232
1.23186
1.23018
1.22525
1.21635
-0.97319
-0.98299
-0.98797
-0.989606
-0.989957
-0.988487
-0.98477
-0.978598
-0.969862
-0.958585
-0.944893
-0.928979
-0.911033
-0.891242
-0.869845
-0.847097
-0.823216
-0.798431
-0.772921
-0.746708
-0.719699
-0.691908
-0.663518
-0.634757
-0.605693
-0.576412
-0.546849
-0.516914
-0.486451
-0.455513
-0.424255
-0.392897
-0.361716
-0.330865
-0.300328
-0.270059
-0.24005
-0.210285
-0.180792
-0.151652
-0.122853
-0.094306
-0.0659859
-0.0378846
-0.00993694
0.017887
0.0455728
0.0731651
0.100717
0.128195
0.155592
0.183043
0.21068
0.238465
0.266274
0.294065
0.321882
0.34982
0.378053
0.406747
0.435864
0.465132
0.494343
0.523632
0.553322
0.583531
0.614019
0.644446
0.674684
0.704832
0.735005
0.765192
0.79531
0.825293
0.855085
0.884586
0.913692
0.942395
0.970798
0.998967
1.02678
1.05396
1.08028
1.10566
1.13005
1.15327
1.17503
1.19506
1.21314
1.22912
1.24284
1.25416
1.26304
1.26951
1.27359
1.27528
1.27484
1.27266
1.26697
1.25693
-1.02091
-1.03202
-1.03785
-1.03987
-1.04039
-1.03878
-1.03454
-1.02753
-1.01774
-1.00528
-0.990332
-0.973084
-0.953696
-0.932341
-0.909291
-0.884849
-0.859244
-0.832693
-0.805383
-0.777355
-0.748503
-0.718837
-0.688607
-0.658118
-0.627501
-0.596679
-0.565643
-0.534276
-0.50245
-0.470253
-0.437896
-0.405601
-0.373532
-0.341796
-0.310397
-0.279303
-0.248541
-0.218117
-0.188005
-0.1582
-0.128681
-0.0994325
-0.0704751
-0.0417742
-0.0132329
0.0152059
0.0435624
0.0718497
0.100017
0.128001
0.155899
0.183937
0.212206
0.24057
0.268861
0.29706
0.32528
0.353712
0.382571
0.411946
0.441667
0.471453
0.501235
0.531255
0.561762
0.592719
0.623865
0.655022
0.686203
0.717448
0.748685
0.779824
0.810907
0.842046
0.873194
0.904099
0.934547
0.964599
0.994503
1.02435
1.05393
1.08288
1.11099
1.13819
1.16436
1.18926
1.21262
1.23423
1.25391
1.27142
1.28645
1.2988
1.30842
1.31537
1.31967
1.32128
1.32045
1.31771
1.31112
1.29973
-1.07153
-1.08423
-1.0911
-1.09362
-1.0943
-1.09246
-1.08758
-1.07958
-1.06857
-1.05474
-1.03828
-1.01939
-0.998259
-0.975086
-0.950165
-0.923825
-0.896328
-0.867881
-0.838626
-0.808579
-0.777694
-0.746068
-0.713996
-0.681711
-0.649391
-0.616963
-0.58435
-0.551465
-0.518301
-0.484905
-0.451469
-0.4182
-0.385192
-0.352532
-0.320272
-0.288394
-0.256888
-0.225748
-0.194936
-0.164409
-0.134166
-0.104269
-0.0747251
-0.0454217
-0.0162394
0.012865
0.0418975
0.0708132
0.0995031
0.127957
0.156388
0.18504
0.2139
0.242753
0.271452
0.300038
0.328686
0.357626
0.387056
0.416994
0.447238
0.477584
0.508057
0.538851
0.570069
0.601615
0.63338
0.665372
0.697595
0.729894
0.762061
0.794106
0.826276
0.858724
0.89125
0.923475
0.955256
0.986823
1.01845
1.05011
1.08149
1.11229
1.14236
1.17155
1.19965
1.22638
1.25158
1.2751
1.29672
1.316
1.33253
1.34608
1.35662
1.3642
1.36876
1.37024
1.36899
1.36561
1.35796
1.34506
-1.12516
-1.13971
-1.14784
-1.15098
-1.15185
-1.14972
-1.14409
-1.13497
-1.12255
-1.10708
-1.08881
-1.06797
-1.04478
-1.01948
-0.992404
-0.963934
-0.93434
-0.903775
-0.872354
-0.840133
-0.807138
-0.773505
-0.739503
-0.705428
-0.67133
-0.637205
-0.602941
-0.568513
-0.534001
-0.499433
-0.464934
-0.430655
-0.396678
-0.36309
-0.329981
-0.297342
-0.265087
-0.23317
-0.201572
-0.170274
-0.139329
-0.108826
-0.0787035
-0.0487736
-0.0189172
0.0108722
0.040553
0.0700241
0.0991852
0.128126
0.157123
0.186342
0.215673
0.244911
0.273998
0.303035
0.332188
0.361649
0.391568
0.421952
0.452665
0.483599
0.51478
0.546278
0.57809
0.610201
0.642688
0.675616
0.708839
0.742034
0.775046
0.808085
0.84148
0.875251
0.90905
0.942555
0.975813
1.00911
1.04257
1.07604
1.10927
1.14208
1.17429
1.20561
1.23578
1.2646
1.292
1.3178
1.34161
1.36289
1.38116
1.39619
1.4079
1.41626
1.42115
1.42256
1.42088
1.41675
1.4079
1.39323
-1.18184
-1.19858
-1.2082
-1.21208
-1.21318
-1.21077
-1.20434
-1.19395
-1.17989
-1.16249
-1.14206
-1.11888
-1.09323
-1.06545
-1.03596
-1.00511
-0.973111
-0.940131
-0.906335
-0.871787
-0.836536
-0.80083
-0.764921
-0.728984
-0.693071
-0.657217
-0.621326
-0.585412
-0.549563
-0.513832
-0.47827
-0.442971
-0.408039
-0.373564
-0.339627
-0.306206
-0.273169
-0.240436
-0.20801
-0.175938
-0.14432
-0.113206
-0.0824527
-0.0518532
-0.0213163
0.00913659
0.0394216
0.0694092
0.0990564
0.128541
0.158113
0.187822
0.217512
0.247073
0.276554
0.306071
0.33574
0.365701
0.396086
0.426926
0.45815
0.489677
0.521474
0.553524
0.585851
0.618588
0.651898
0.685747
0.719823
0.753801
0.787697
0.82184
0.856465
0.891435
0.926429
0.96132
0.996246
1.03136
1.06664
1.10195
1.13718
1.17215
1.2066
1.24018
1.27268
1.30397
1.33394
1.36229
1.38854
1.41213
1.43251
1.44937
1.46255
1.47192
1.47735
1.47879
1.47662
1.47168
1.46143
1.44446
-1.24162
-1.26104
-1.27243
-1.27723
-1.27866
-1.27595
-1.2686
-1.25676
-1.24081
-1.22116
-1.19816
-1.17218
-1.14364
-1.113
-1.08072
-1.04714
-1.01246
-0.976796
-0.940332
-0.903243
-0.865683
-0.827802
-0.789906
-0.752079
-0.714365
-0.67679
-0.639366
-0.602087
-0.564977
-0.528107
-0.491489
-0.455193
-0.419358
-0.384063
-0.349326
-0.315081
-0.281209
-0.247636
-0.214389
-0.181579
-0.149312
-0.117545
-0.0860851
-0.0547703
-0.0235544
0.00753379
0.0383942
0.0689036
0.0990859
0.129152
0.159273
0.189411
0.219452
0.249394
0.279326
0.309315
0.339426
0.369809
0.400637
0.431975
0.463754
0.49585
0.528165
0.560684
0.593537
0.626953
0.661058
0.695684
0.730474
0.765229
0.80009
0.835338
0.871064
0.907123
0.943366
0.979797
1.01647
1.05338
1.09047
1.12773
1.16507
1.20229
1.23909
1.27518
1.31037
1.34447
1.37728
1.40846
1.43753
1.46383
1.48676
1.50588
1.52093
1.5317
1.53794
1.53952
1.53692
1.53107
1.51898
1.49917
-1.30469
-1.32742
-1.341
-1.34696
-1.34884
-1.34579
-1.33737
-1.32383
-1.30562
-1.28323
-1.25716
-1.22794
-1.19608
-1.16212
-1.12663
-1.08996
-1.05222
-1.01356
-0.974234
-0.934466
-0.89445
-0.854363
-0.814379
-0.774618
-0.735116
-0.695887
-0.657023
-0.618483
-0.580218
-0.54226
-0.504627
-0.467399
-0.430727
-0.394674
-0.359162
-0.324072
-0.289328
-0.254905
-0.220866
-0.187351
-0.154424
-0.121949
-0.0897317
-0.0576806
-0.0257793
0.00595045
0.0374072
0.0684901
0.0992613
0.129901
0.1605
0.191022
0.221462
0.251898
0.282369
0.312846
0.343376
0.374159
0.40542
0.437237
0.469513
0.502087
0.534856
0.567856
0.601284
0.635362
0.670129
0.705372
0.740819
0.776384
0.812202
0.848435
0.885137
0.922293
0.9599
0.99793
1.03631
1.07497
1.11395
1.15324
1.19275
1.2323
1.27168
1.31061
1.34878
1.38595
1.42189
1.4563
1.48863
1.51814
1.54412
1.56605
1.58354
1.59622
1.60362
1.60555
1.60255
1.5955
1.58112
1.55784
-1.3714
-1.39832
-1.41468
-1.42208
-1.42447
-1.421
-1.41129
-1.39564
-1.37462
-1.34891
-1.3192
-1.28616
-1.25044
-1.21273
-1.1736
-1.1334
-1.09228
-1.05042
-1.00804
-0.965466
-0.922913
-0.880548
-0.838424
-0.796696
-0.755413
-0.714618
-0.674377
-0.634632
-0.595283
-0.5563
-0.517726
-0.479655
-0.44221
-0.405415
-0.36913
-0.333203
-0.2976
-0.262352
-0.227554
-0.193335
-0.159692
-0.126453
-0.0934724
-0.0606973
-0.0280996
0.004307
0.0364167
0.0681479
0.0995625
0.130773
0.16182
0.192734
0.223627
0.2546
0.285611
0.316574
0.347558
0.378801
0.410525
0.442776
0.47545
0.508412
0.541606
0.575109
0.6091
0.643737
0.679022
0.7148
0.750897
0.78725
0.823913
0.861002
0.898658
0.936992
0.976001
1.01557
1.0556
1.09606
1.13697
1.17831
1.22004
1.26212
1.30435
1.34635
1.38772
1.42822
1.46769
1.50578
1.54186
1.57513
1.60483
1.6303
1.65096
1.66614
1.67518
1.67777
1.67429
1.66581
1.64864
1.62076
-1.4423
-1.47468
-1.49454
-1.5037
-1.50667
-1.50256
-1.49106
-1.47265
-1.44815
-1.41841
-1.38432
-1.34681
-1.3067
-1.2647
-1.22145
-1.17734
-1.13253
-1.08721
-1.0417
-0.996223
-0.951057
-0.906313
-0.862037
-0.818342
-0.775336
-0.733072
-0.691509
-0.650582
-0.610168
-0.570205
-0.530764
-0.491933
-0.453759
-0.416203
-0.379116
-0.342376
-0.305965
-0.269946
-0.234425
-0.199483
-0.16506
-0.131026
-0.0972988
-0.0638146
-0.0305057
0.00260595
0.0353988
0.0678047
0.0998705
0.131654
0.163195
0.194603
0.226042
0.257564
0.289069
0.320484
0.351933
0.38366
0.415831
0.448462
0.481478
0.514812
0.548441
0.582421
0.61688
0.651945
0.687659
0.723946
0.760665
0.797707
0.835095
0.873006
0.911672
0.951208
0.991557
1.0326
1.07426
1.11653
1.15936
1.20277
1.24688
1.29171
1.33697
1.38218
1.42696
1.47115
1.51457
1.55683
1.59723
1.63495
1.66917
1.69908
1.72376
1.74223
1.75353
1.75706
1.7532
1.74307
1.7222
1.68845
-1.51825
-1.5577
-1.58203
-1.59335
-1.59683
-1.59159
-1.57753
-1.55547
-1.52649
-1.49174
-1.45247
-1.4098
-1.36465
-1.31783
-1.26998
-1.22152
-1.1727
-1.12376
-1.07498
-1.02658
-0.978724
-0.931545
-0.885119
-0.839501
-0.794849
-0.751178
-0.708351
-0.666261
-0.624791
-0.583888
-0.543628
-0.504073
-0.46518
-0.426837
-0.388935
-0.351407
-0.314243
-0.277504
-0.241287
-0.205608
-0.170394
-0.135586
-0.101135
-0.0669307
-0.0328824
0.000950249
0.0344238
0.0674783
0.100145
0.132467
0.164531
0.196514
0.228566
0.260663
0.292667
0.32455
0.356466
0.388627
0.421162
0.454105
0.487454
0.521182
0.555243
0.589635
0.624454
0.659862
0.695969
0.732731
0.769986
0.807614
0.845693
0.884471
0.924172
0.964851
1.00645
1.04892
1.09222
1.13625
1.18097
1.22656
1.27324
1.32095
1.3693
1.41784
1.46631
1.51456
1.56237
1.60931
1.65468
1.69768
1.73741
1.77278
1.80251
1.82525
1.83962
1.84469
1.84066
1.82843
1.80287
1.76172
-1.60037
-1.64904
-1.67907
-1.69283
-1.69648
-1.68934
-1.67165
-1.64463
-1.60987
-1.56899
-1.52351
-1.4748
-1.42394
-1.37173
-1.31881
-1.26566
-1.21257
-1.15985
-1.10772
-1.05636
-1.00579
-0.956164
-0.90758
-0.860104
-0.813854
-0.768785
-0.724715
-0.681477
-0.638968
-0.597159
-0.556092
-0.515786
-0.476138
-0.437003
-0.398313
-0.360039
-0.322165
-0.284743
-0.247836
-0.211431
-0.175484
-0.139982
-0.104849
-0.0699299
-0.0351534
-0.000626218
0.0335058
0.0671891
0.10043
0.133271
0.165854
0.198402
0.231036
0.263678
0.296193
0.328574
0.360953
0.393493
0.42632
0.459544
0.493232
0.527353
0.561801
0.596525
0.631638
0.667361
0.703837
0.741008
0.778711
0.81689
0.855702
0.895386
0.936076
0.977797
1.02058
1.06445
1.10932
1.15505
1.20173
1.24963
1.29895
1.34954
1.40102
1.45306
1.50549
1.55815
1.61079
1.66299
1.71412
1.76337
1.80966
1.85166
1.88773
1.91602
1.93463
1.94214
1.93821
1.92363
1.89234
1.84144
-1.6902
-1.75101
-1.78814
-1.80446
-1.80763
-1.7973
-1.77429
-1.74059
-1.69846
-1.65
-1.59714
-1.54145
-1.48408
-1.4259
-1.3675
-1.30937
-1.25189
-1.19527
-1.13972
-1.08532
-1.03206
-0.980019
-0.929315
-0.880043
-0.832206
-0.785711
-0.740367
-0.695972
-0.65244
-0.609739
-0.567845
-0.526721
-0.486257
-0.446338
-0.406916
-0.367954
-0.329423
-0.291351
-0.25377
-0.216679
-0.180086
-0.143975
-0.10821
-0.0726314
-0.0372256
-0.00211811
0.0325851
0.0668438
0.100636
0.134003
0.167121
0.200216
0.23337
0.266494
0.299479
0.332324
0.365117
0.397983
0.431085
0.464605
0.498644
0.533128
0.567895
0.60289
0.638275
0.674306
0.711111
0.748621
0.786736
0.825506
0.865107
0.905671
0.947247
0.989925
1.03385
1.07906
1.1254
1.17282
1.22152
1.27179
1.32371
1.37711
1.43176
1.48747
1.54409
1.60148
1.65943
1.71757
1.77532
1.83182
1.88587
1.93592
1.97994
2.01547
2.03997
2.0512
2.04814
2.03123
1.99263
1.92915
-1.78992
-1.86664
-1.9125
-1.93125
-1.93264
-1.91707
-1.88646
-1.84381
-1.79222
-1.73449
-1.6729
-1.60914
-1.54444
-1.47967
-1.41541
-1.35211
-1.29011
-1.22957
-1.17056
-1.11309
-1.05716
-1.00277
-0.950032
-0.899015
-0.849608
-0.801677
-0.75503
-0.70947
-0.664911
-0.621297
-0.578536
-0.536536
-0.495221
-0.454539
-0.414436
-0.374841
-0.335716
-0.297061
-0.258879
-0.221199
-0.18406
-0.147403
-0.111054
-0.0749008
-0.0389936
-0.00343616
0.0317204
0.0664421
0.100693
0.134536
0.168169
0.201788
0.235425
0.268986
0.302388
0.335629
0.368762
0.40191
0.435289
0.469131
0.50352
0.538324
0.573354
0.608593
0.64425
0.680573
0.717655
0.755465
0.794024
0.833452
0.873839
0.915182
0.957537
1.00112
1.04613
1.09255
1.1403
1.18943
1.24017
1.29271
1.34708
1.40325
1.46111
1.52057
1.58156
1.644
1.70776
1.77253
1.83775
1.90256
1.96577
2.0256
2.07954
2.12457
2.15725
2.17426
2.17357
2.15446
2.10699
2.02719
-1.90283
-2.00035
-2.05665
-2.07693
-2.07423
-2.05047
-2.0091
-1.95454
-1.891
-1.82196
-1.75004
-1.67703
-1.60415
-1.53219
-1.46172
-1.39308
-1.3265
-1.26207
-1.19963
-1.13916
-1.08063
-1.02399
-0.969321
-0.916597
-0.865659
-0.81632
-0.768385
-0.721679
-0.676088
-0.631518
-0.587844
-0.544953
-0.502812
-0.46141
-0.420669
-0.380493
-0.340839
-0.301681
-0.263013
-0.224883
-0.187317
-0.150205
-0.11338
-0.0767977
-0.040523
-0.00460744
0.0309259
0.0660189
0.100632
0.134868
0.168942
0.203007
0.237057
0.271003
0.30478
0.338365
0.37179
0.405202
0.438871
0.473043
0.507756
0.542829
0.578086
0.613567
0.649496
0.686076
0.723391
0.761515
0.800582
0.840684
0.881766
0.923762
0.966814
1.01123
1.0572
1.10475
1.15387
1.20468
1.25734
1.31195
1.36862
1.42747
1.48849
1.55172
1.61721
1.68501
1.75504
1.82705
1.90055
1.97487
2.0488
2.12036
2.18673
2.24424
2.28833
2.31434
2.31835
2.29808
2.24018
2.13897
-2.03413
-2.15872
-2.22682
-2.24644
-2.23584
-2.19939
-2.14292
-2.07273
-1.99422
-1.91152
-1.82752
-1.74404
-1.66213
-1.58248
-1.50555
-1.43148
-1.36036
-1.29207
-1.22636
-1.16304
-1.10204
-1.04331
-0.986805
-0.932429
-0.88001
-0.829316
-0.780155
-0.732351
-0.685736
-0.64018
-0.595566
-0.551813
-0.508923
-0.466876
-0.425566
-0.384889
-0.344784
-0.305209
-0.266163
-0.227699
-0.189798
-0.152332
-0.115192
-0.0783739
-0.0418935
-0.00573095
0.0300926
0.0654854
0.100415
0.135008
0.169462
0.203881
0.238247
0.272503
0.3066
0.340492
0.374194
0.407883
0.441861
0.476356
0.511345
0.546632
0.582093
0.617818
0.654001
0.690795
0.728332
0.766811
0.806412
0.847118
0.888749
0.931271
0.974942
1.0201
1.06692
1.1155
1.16592
1.21827
1.27259
1.32905
1.38785
1.4492
1.51323
1.58018
1.65026
1.7236
1.80021
1.87993
1.96256
2.04759
2.13389
2.21948
2.30138
2.37518
2.43521
2.47486
2.48766
2.46868
2.39893
2.27
-2.19224
-2.35147
-2.43162
-2.44608
-2.42125
-2.36559
-2.28822
-2.19766
-2.10062
-2.00171
-1.90384
-1.80869
-1.71708
-1.62943
-1.54592
-1.4665
-1.39094
-1.31893
-1.25013
-1.18419
-1.12095
-1.06032
-1.00212
-0.946218
-0.892407
-0.840451
-0.790153
-0.741312
-0.693714
-0.647193
-0.601663
-0.557113
-0.51356
-0.470952
-0.429174
-0.388114
-0.347678
-0.307805
-0.268504
-0.229799
-0.191632
-0.153905
-0.116586
-0.0796708
-0.0430991
-0.00679834
0.0292004
0.0648028
0.100007
0.134939
0.169732
0.204434
0.239045
0.273557
0.307934
0.342104
0.37608
0.410065
0.444368
0.479159
0.514362
0.549809
0.585458
0.621417
0.657815
0.694781
0.732548
0.771414
0.811499
0.852642
0.894652
0.937604
0.981807
1.02757
1.07512
1.12464
1.17621
1.22981
1.28552
1.34357
1.40424
1.46781
1.53466
1.6052
1.67978
1.75863
1.84188
1.92967
2.0221
2.11892
2.2193
2.32156
2.42256
2.51754
2.59958
2.65964
2.68799
2.67512
2.59353
2.42919
-2.3914
-2.59354
-2.68297
-2.68345
-2.63429
-2.55009
-2.44415
-2.32749
-2.20791
-2.09013
-1.97675
-1.86899
-1.76728
-1.67157
-1.58163
-1.49711
-1.41741
-1.342
-1.27039
-1.20212
-1.13693
-1.07463
-1.01495
-0.957703
-0.902659
-0.849592
-0.798278
-0.748486
-0.699978
-0.652578
-0.606237
-0.561004
-0.516885
-0.473806
-0.43166
-0.390325
-0.34967
-0.309623
-0.270184
-0.231333
-0.193001
-0.155148
-0.117778
-0.0808438
-0.0442191
-0.00782867
0.0282807
0.0640451
0.0994978
0.134729
0.169794
0.204713
0.239533
0.274291
0.308936
0.343371
0.377628
0.411936
0.446557
0.481579
0.516917
0.552488
0.588319
0.624474
0.661022
0.698136
0.736154
0.775369
0.815778
0.857159
0.899411
0.942697
0.987307
1.03355
1.08173
1.13203
1.18445
1.23898
1.29578
1.35511
1.41729
1.48276
1.55213
1.62595
1.7047
1.78873
1.87845
1.97435
2.0769
2.18635
2.30247
2.42395
2.54816
2.67028
2.78217
2.87251
2.92704
2.92965
2.8394
2.63144
-2.65635
-2.90778
-2.99683
-2.96722
-2.87792
-2.75206
-2.60783
-2.45843
-2.3121
-2.17307
-2.043
-1.92223
-1.81049
-1.70709
-1.61126
-1.52216
-1.43888
-1.3606
-1.28663
-1.21646
-1.14969
-1.08598
-1.02509
-0.966725
-0.91067
-0.85669
-0.804517
-0.753888
-0.704572
-0.65642
-0.609433
-0.563672
-0.519123
-0.475707
-0.433317
-0.391806
-0.351022
-0.310884
-0.271363
-0.232416
-0.194014
-0.156169
-0.118866
-0.0819771
-0.0453376
-0.00888798
0.0273276
0.0632797
0.0989932
0.134484
0.169749
0.204837
0.239858
0.274862
0.30977
0.34448
0.379048
0.413685
0.448571
0.483738
0.519148
0.55482
0.590801
0.627089
0.663733
0.700989
0.739236
0.778665
0.81918
0.860626
0.903013
0.946515
0.991394
1.038
1.08666
1.13747
1.19041
1.24556
1.30313
1.36335
1.42664
1.49364
1.56508
1.64163
1.7239
1.81248
1.90807
2.01161
2.12412
2.24655
2.37942
2.5225
2.67415
2.83001
2.98186
3.1161
3.21329
3.24852
3.16015
2.90267
-3.03127
-3.32899
-3.39346
-3.30539
-3.15205
-2.96694
-2.77278
-2.58371
-2.40698
-2.24516
-2.09819
-1.96499
-1.84411
-1.73405
-1.63332
-1.54055
-1.45452
-1.37409
-1.29843
-1.2269
-1.15896
-1.09424
-1.03243
-0.973239
-0.916436
-0.86177
-0.808932
-0.757627
-0.707644
-0.658899
-0.611432
-0.565288
-0.520449
-0.476843
-0.434346
-0.392775
-0.351963
-0.311807
-0.272244
-0.233241
-0.19483
-0.157059
-0.119859
-0.0830374
-0.0464166
-0.00993421
0.0264004
0.0625755
0.098557
0.134271
0.169696
0.204941
0.240171
0.275425
0.310595
0.345595
0.380491
0.415432
0.4505
0.48572
0.521161
0.556917
0.592993
0.62934
0.66605
0.703435
0.741805
0.781244
0.821673
0.863063
0.905479
0.949065
0.994101
1.04096
1.08986
1.14085
1.194
1.24946
1.30741
1.36811
1.43213
1.50018
1.57304
1.65153
1.7364
1.82845
1.92881
2.0389
2.16039
2.29511
2.44484
2.61091
2.79338
2.99001
3.19366
3.38971
3.55459
3.65219
3.59156
3.28919
-3.59783
-3.90984
-3.89564
-3.70137
-3.44969
-3.18338
-2.92695
-2.69238
-2.48344
-2.29921
-2.13689
-1.99321
-1.86523
-1.75038
-1.64637
-1.55133
-1.46366
-1.38202
-1.30545
-1.23318
-1.16461
-1.09932
-1.03696
-0.977271
-0.920005
-0.864887
-0.811592
-0.759812
-0.709367
-0.660235
-0.612463
-0.566081
-0.521081
-0.477401
-0.434886
-0.39333
-0.352556
-0.312434
-0.27288
-0.233894
-0.195555
-0.157892
-0.120779
-0.084001
-0.0473895
-0.0108584
0.0256275
0.0620399
0.0982559
0.13414
0.169703
0.205126
0.240583
0.27608
0.31151
0.346814
0.382026
0.417191
0.452337
0.487553
0.52301
0.558814
0.594917
0.631273
0.668034
0.705482
0.743807
0.783063
0.823285
0.864532
0.906862
0.950428
0.99553
1.04245
1.09131
1.1422
1.19529
1.25073
1.30869
1.36952
1.4338
1.50226
1.57579
1.65523
1.74142
1.83552
1.93899
2.05368
2.18205
2.32706
2.49197
2.68027
2.89526
3.13833
3.40589
3.68634
3.95414
4.16373
4.18793
3.87574
-4.50736
-4.72707
-4.52349
-4.14741
-3.75178
-3.37996
-3.05098
-2.76882
-2.52965
-2.3267
-2.15307
-2.00279
-1.87112
-1.75428
-1.6493
-1.5538
-1.46591
-1.38422
-1.30763
-1.23532
-1.1667
-1.1013
-1.03881
-0.978978
-0.921536
-0.866195
-0.812636
-0.760576
-0.709884
-0.66057
-0.612672
-0.566215
-0.521201
-0.477554
-0.435092
-0.393593
-0.352869
-0.312776
-0.273252
-0.234345
-0.196137
-0.158601
-0.121567
-0.0848236
-0.0481972
-0.0115654
0.025114
0.0617452
0.0981282
0.134131
0.16983
0.205445
0.241124
0.276851
0.312539
0.348134
0.383595
0.418877
0.454017
0.48921
0.524676
0.560478
0.596552
0.632901
0.669679
0.707066
0.745182
0.78415
0.82411
0.86514
0.907304
0.950788
0.995837
1.04259
1.09116
1.14174
1.19453
1.24965
1.30733
1.36792
1.43194
1.50018
1.5735
1.65268
1.7388
1.83319
1.93745
2.05395
2.18592
2.33726
2.51309
2.71994
2.96527
3.25647
3.59834
3.98743
4.4048
4.80436
5.02778
4.81864
-6.0334
-5.87895
-5.28023
-4.61317
-4.01983
-3.52147
-3.1172
-2.79309
-2.53217
-2.31906
-2.14161
-1.99088
-1.8603
-1.74517
-1.642
-1.54813
-1.46163
-1.38109
-1.3054
-1.23377
-1.16565
-1.1006
-1.03838
-0.978727
-0.921385
-0.866048
-0.812415
-0.76026
-0.709503
-0.660159
-0.612263
-0.565854
-0.520931
-0.477391
-0.435031
-0.393621
-0.352956
-0.312896
-0.273421
-0.234613
-0.196529
-0.159096
-0.122129
-0.0854088
-0.048738
-0.0119719
0.0248946
0.0616854
0.0981662
0.134255
0.170094
0.205895
0.24177
0.277702
0.313629
0.349456
0.385055
0.420354
0.455462
0.490641
0.526098
0.561862
0.597891
0.634223
0.670947
0.708154
0.745984
0.784653
0.824338
0.865118
0.907098
0.950451
0.995299
1.04171
1.08985
1.13998
1.19228
1.2469
1.30406
1.36403
1.42737
1.49478
1.56695
1.64478
1.72942
1.82201
1.9244
2.03931
2.17013
2.32183
2.50144
2.71842
2.98565
3.31956
3.73823
4.25721
4.8787
5.57979
6.21314
6.39757
-8.78466
-7.49366
-6.11261
-5.01597
-4.17914
-3.55186
-3.08844
-2.74275
-2.47857
-2.27013
-2.10012
-1.9571
-1.83349
-1.72421
-1.62573
-1.53557
-1.45197
-1.37364
-1.29965
-1.22931
-1.16214
-1.09784
-1.03619
-0.976961
-0.919917
-0.864763
-0.811234
-0.759168
-0.70851
-0.659268
-0.611483
-0.565203
-0.52041
-0.47698
-0.43471
-0.393373
-0.352763
-0.31276
-0.273373
-0.23468
-0.196698
-0.159329
-0.122388
-0.0856548
-0.0489071
-0.0120116
0.0249728
0.0618231
0.0983361
0.134498
0.170468
0.206427
0.242459
0.278558
0.314655
0.350601
0.386225
0.42149
0.45658
0.491761
0.527195
0.562907
0.598892
0.635172
0.671767
0.70875
0.746321
0.784737
0.824171
0.864726
0.906527
0.949678
0.994212
1.04021
1.08788
1.1375
1.18924
1.24326
1.29967
1.35881
1.42114
1.48713
1.55751
1.63317
1.71486
1.80378
1.90177
2.01105
2.13522
2.2797
2.45232
2.66524
2.93669
3.2935
3.77347
4.42534
5.2979
6.44174
7.87854
9.23038
-14.2913
-9.6484
-6.67655
-5.03561
-4.0038
-3.32609
-2.8762
-2.56491
-2.33704
-2.1603
-2.01585
-1.89266
-1.78415
-1.68622
-1.59624
-1.51248
-1.43368
-1.359
-1.2878
-1.21962
-1.15414
-1.09117
-1.03057
-0.972151
-0.915719
-0.861023
-0.807864
-0.756137
-0.705803
-0.65687
-0.609384
-0.563381
-0.518816
-0.475555
-0.433406
-0.392156
-0.351627
-0.311738
-0.27251
-0.233981
-0.196129
-0.158843
-0.121941
-0.0852002
-0.0484087
-0.0114807
0.0254761
0.0622481
0.0986999
0.134869
0.170901
0.206928
0.243019
0.279171
0.315286
0.351182
0.386708
0.421893
0.456945
0.492091
0.52745
0.563059
0.598935
0.635064
0.671442
0.708175
0.745504
0.783673
0.822836
0.863117
0.904629
0.947413
0.991466
1.03691
1.08399
1.13295
1.18392
1.23699
1.29235
1.35021
1.41084
1.47471
1.54246
1.61452
1.6915
1.77441
1.86422
1.96267
2.0726
2.19818
2.34656
2.52952
2.76684
3.09213
3.56266
4.27076
5.34853
7.05458
10.1116
14.856
-23.5652
-11.7261
-6.23735
-4.19383
-3.23672
-2.71951
-2.42358
-2.23489
-2.09753
-1.98567
-1.88729
-1.79683
-1.71167
-1.63055
-1.5528
-1.47803
-1.40595
-1.33636
-1.26908
-1.20395
-1.14092
-1.07991
-1.02087
-0.963702
-0.908253
-0.854342
-0.80185
-0.750713
-0.700905
-0.652449
-0.605402
-0.559786
-0.515538
-0.472526
-0.43057
-0.389473
-0.34909
-0.309371
-0.270337
-0.232001
-0.194316
-0.157168
-0.120381
-0.0837286
-0.047022
-0.010219
0.0265546
0.0631255
0.0994173
0.135484
0.171439
0.207383
0.243379
0.279418
0.315384
0.351088
0.386422
0.421463
0.456405
0.491425
0.52662
0.562048
0.59773
0.633627
0.669732
0.706192
0.743259
0.781131
0.819939
0.859829
0.900906
0.943138
0.986507
1.0312
1.0775
1.1255
1.17531
1.22711
1.28096
1.33689
1.39517
1.45619
1.52008
1.58713
1.65768
1.73179
1.80975
1.8921
1.97953
2.07374
2.17795
2.29858
2.44885
2.65622
2.97852
3.53396
4.55085
6.68483
12.2838
24.2306
)
;

boundaryField
{
    movingWall
    {
        type            zeroGradient;
    }
    fixedWalls
    {
        type            zeroGradient;
    }
    frontAndBack
    {
        type            empty;
    }
}


// ************************************************************************* //
